0.033185    0.310937    -0.022884
-0.028561    0.310937    -0.026773
0.02024    0.310937    -0.009709
0.015723    0.310937    0.027954
0.033622    0.310937    0.01887
0.061063    0.26709    -0.021842
0.063427    0.218286    0.01455
0.043985    0.214406    0.047922
0.057318    0.278291    -0.030884
0.063101    0.249799    0.016962
0.043515    0.19992    0.048283
0.051426    0.268734    -0.039375
0.049878    0.204735    -0.041392
0.000235    0.219216    -0.06529
0.036036    0.205834    -0.053984
0.014044    0.23694    -0.063472
-0.004459    0.209767    0.064772
-0.020669    0.253    0.061575
-0.033311    0.239056    -0.056075
-0.042032    0.264371    -0.049383
-0.061231    0.308055    0.018091
-0.059313    0.189093    0.026106
-0.051884    0.221281    -0.038778
-0.064661    0.275518    0.005177
-0.064013    0.19653    -0.01006
-0.013398    0.310937    -0.020315
-0.004295    0.310937    -0.023403
0.030081    0.310937    -0.000195
0.011061    0.310937    0.037041
0.00446    0.310937    0.017102
0.059207    0.281146    -0.026323
0.05782    0.298648    0.02971
0.039743    0.248014    0.051177
0.059541    0.202793    -0.025517
0.059699    0.191271    0.025173
0.032868    0.274309    0.056453
0.051646    0.282031    -0.039089
0.047278    0.197167    -0.044781
0.017328    0.25572    -0.062922
0.04413    0.238435    -0.047773
0.012407    0.228518    -0.063688
-0.005645    0.301751    -0.064578
-0.016951    0.284735    -0.063078
-0.020212    0.279483    -0.061727
-0.034261    0.245081    -0.055346
-0.053914    0.304483    -0.036073
-0.050299    0.261433    -0.040844
-0.058713    0.186193    0.027555
-0.049921    0.210279    -0.041336
-0.042092    0.180125    0.045829
-0.0648    0.30392    -0.004015
-0.020131    0.178528    -0.061301
-0.039496    0.174683    0.056318
0.047774    0.16529    0.054643
-0.052824    0.164066    0.050866
-0.053863    0.159406    -0.052232
0.062842    0.149339    -0.046475
0.079852    0.146326    -0.000523
0.077379    0.139864    0.026308
0.031428    0.137335    0.076246
0.007418    0.134718    0.083145
-0.039485    0.137251    0.072941
-0.052385    0.126109    0.068783
-0.061897    0.126703    0.061006
-0.074642    0.120098    0.048241
-0.069362    0.115774    0.057631
-0.064296    0.112743    0.065602
-0.046382    0.107948    0.081315
-0.012173    0.102257    0.094091
0.010985    0.092802    0.097584
0.060731    0.091683    0.077644
0.100378    0.08039    0.022745
0.034679    0.082305    -0.095825
0.068915    0.082403    -0.075399
-0.041048    0.082221    -0.093219
-0.093048    0.075272    -0.047785
-0.089944    0.073648    -0.054952
-0.106175    0.067355    0.014654
-0.106222    0.063919    -0.024071
-0.099753    0.060632    -0.04545
-0.11014    0.058298    -0.00819
-0.11075    0.054049    -0.012442
-0.109081    0.052131    0.028744
-0.085297    0.046362    0.074602
-0.079603    0.043432    0.082058
-0.020254    0.039372    0.11241
0.032068    0.031809    0.11083
0.083443    0.029025    0.079727
0.108181    0.016589    -0.038671
0.069382    -0.167373    0.091422
0.081128    -0.008969    0.082409
0.074816    -0.264586    0.087252
0.070945    -0.117658    0.090224
0.037817    -0.030961    0.108562
0.048777    -0.184982    0.104022
0.051024    -0.360279    0.103092
0.015582    -0.195822    0.11371
0.028023    -0.53884    0.112072
0.017401    -0.177282    0.11347
0.026932    -0.503264    0.112215
0.101315    0.01516    -0.055246
0.004162    -0.069363    0.115214
-0.027997    0.025911    0.112075
-0.005552    -0.153185    0.115031
-0.016006    -0.025965    0.113654
-0.041078    -0.322758    0.107211
-0.036962    -0.186827    0.108915
-0.034919    -0.311332    0.109761
-0.046334    -0.000564    0.105034
-0.072044    -0.074474    0.08938
-0.060441    -0.027427    0.098284
-0.062897    -0.430995    0.096399
-0.070854    0.02385    0.090293
-0.028285    0.021901    -0.112
0.084786    -0.024696    -0.077988
0.093729    -0.154597    -0.066333
0.087743    -0.139415    -0.074133
0.111161    -0.357343    -0.031479
0.110543    -0.206573    -0.032971
0.111506    -0.230148    -0.030645
0.111195    -0.449201    -0.031396
0.061217    -0.064727    -0.097649
0.065965    -0.224784    -0.094007
0.076486    -0.022456    -0.085933
0.1151    -0.232263    -0.004866
0.114052    -0.024097    -0.012828
0.115165    -0.290352    -0.004368
0.113228    0.002851    -0.019087
0.033217    -0.400475    -0.110429
0.049843    -0.131376    -0.103542
0.048509    -0.124251    -0.104095
0.113789    -0.190333    0.014861
0.112587    -0.145803    0.02399
0.113455    -0.245448    0.017397
0.112451    -0.04956    0.02502
0.009876    -0.044376    -0.114424
0.007431    -0.372194    -0.114746
0.007931    -0.177533    -0.11468
0.013722    0.001582    -0.113917
0.106242    -0.123777    0.04339
0.107375    -0.043284    0.040655
0.101155    -0.366631    0.055672
0.087713    0.002812    0.074209
0.090652    -0.29039    0.07038
0.095335    -0.087377    0.064276
0.088782    -0.318271    0.072817
0.071408    -0.476402    0.089868
0.066647    -0.5224    0.093522
0.076299    -0.547383    0.086115
0.03425    -0.280035    0.110039
0.036582    -0.168673    0.109073
0.034374    -0.108784    0.109987
0.037283    -0.574066    0.108782
0.013698    -0.540008    0.113958
0.001308    -0.572257    0.11559
0.008178    -0.405989    0.114685
-0.023934    -0.098652    0.11261
-0.070993    -0.110056    -0.090149
-0.070529    -0.016295    -0.090505
-0.077187    -0.01466    -0.085396
-0.075367    -0.053996    -0.086792
-0.045159    -0.298041    -0.105483
-0.046911    -0.179567    -0.104757
-0.051636    -0.359389    -0.1028
-0.011201    -0.10367    -0.114249
-0.011067    -0.012555    -0.114267
-0.028914    -0.000727    -0.111917
-0.008274    -0.061018    -0.114635
0.084863    -0.255019    -0.077887
0.08197    -0.429087    -0.081657
0.090086    -0.285312    -0.07108
0.083157    -0.483211    -0.08011
0.103868    -0.298519    -0.049083
0.102808    -0.182852    -0.051642
0.101298    -0.276081    -0.055288
0.066191    -0.422796    -0.093833
0.072512    -0.226057    -0.088983
0.073647    -0.46194    -0.088112
0.070312    -0.527214    -0.090671
0.114178    -0.420544    -0.011867
0.111946    -0.139279    -0.02882
0.113124    -0.234479    -0.019872
0.043223    -0.484458    -0.106285
0.043772    -0.49752    -0.106057
0.049531    -0.319564    -0.103671
0.055204    -0.572603    -0.101322
0.113594    -0.42455    0.016341
0.114821    -0.188809    0.007021
0.114595    -0.473013    0.008737
0.111997    -0.577613    0.028472
0.028632    -0.290016    -0.111954
0.014638    -0.340115    -0.113797
0.026315    -0.526176    -0.112259
0.103676    -0.564761    0.049586
0.102668    -0.484895    0.052018
0.108586    -0.539409    0.037732
0.110976    -0.508419    0.031961
-0.012685    -0.49212    -0.114054
-0.000822    -0.588126    -0.115616
-0.005562    -0.183925    -0.114992
-0.001863    -0.227833    -0.115479
0.088013    -0.564462    0.073818
0.0947    -0.56499    0.065105
0.099862    -0.256728    0.058378
-0.01472    -0.357722    0.113823
-0.021209    -0.246459    0.112969
-0.026488    -0.495761    0.112274
-0.024501    -0.374812    0.112535
-0.052449    -0.297053    0.102502
-0.034625    -0.592891    0.109883
-0.043618    -0.369566    0.106159
-0.073114    -0.464528    0.088559
-0.072685    -0.509092    0.088888
-0.067776    -0.350062    0.092655
-0.072409    -0.564813    0.089099
-0.09331    0.001332    0.066916
-0.0853    0.008835    0.077355
-0.086667    -0.090891    0.075573
-0.093352    -0.316579    0.066861
-0.104734    -0.123634    0.047032
-0.107117    -0.198394    0.041278
-0.104952    -0.213168    0.046504
-0.113443    -0.102672    0.017491
-0.115028    -0.148122    0.005448
-0.114758    -0.064851    0.007497
-0.114747    -0.311021    0.007582
-0.113802    -0.123861    -0.014727
-0.112757    -0.159219    -0.022665
-0.113587    -0.05033    -0.016359
-0.107423    -0.209502    -0.040503
-0.10104    -0.491195    -0.055911
-0.103594    -0.23274    -0.049745
-0.104141    -0.113484    -0.048426
-0.084682    -0.178879    -0.078123
-0.085497    -0.239993    -0.077061
-0.093727    -0.197062    -0.066335
-0.066739    -0.312034    -0.093412
-0.066125    -0.557283    -0.093884
-0.068308    -0.480125    -0.092208
-0.065939    -0.281655    -0.094026
-0.040994    -0.561374    -0.107208
-0.038355    -0.417259    -0.108301
-0.034069    -0.246624    -0.110076
-0.039175    -0.430532    -0.107961
-0.087482    -0.182204    0.074511
-0.087483    -0.539501    0.07451
-0.093046    -0.478364    0.06726
-0.084897    -0.377463    0.07788
-0.100853    -0.102429    0.0564
-0.102072    -0.182422    0.053458
-0.105004    -0.502401    0.046378
-0.112308    -0.476977    0.026107
-0.112472    -0.427046    0.024866
-0.113911    -0.537188    0.013935
-0.112584    -0.296867    0.02401
-0.114579    -0.179119    -0.008825
-0.113741    -0.409774    -0.01519
-0.1154    -0.501152    -0.002589
-0.115656    -0.104472    -0.000639
-0.110747    -0.370753    -0.032478
-0.106513    -0.498907    -0.042698
-0.110579    -0.084413    -0.032884
-0.099682    -0.376503    -0.058574
-0.097592    -0.566904    -0.061297
-0.096434    -0.477853    -0.062808
-0.091255    -0.424072    -0.069556
-0.102819    -0.59642    0.051467
0.082969    -0.601746    -0.079431
0.055322    -0.609728    -0.098214
0.065201    -0.612352    0.089677
-0.094209    -0.612212    0.059415
0.106241    -0.619686    -0.006095
-0.066625    -0.619955    -0.082374
-0.08281    -0.622314    0.062609
0.088485    -0.625399    0.048998
-0.039415    -0.626656    0.090604
0.093265    -0.629822    -0.008536
-0.080689    -0.630872    0.044367
-0.048232    -0.632694    -0.071658
0.080657    -0.633753    7.7e-05
0.00825    -0.633709    -0.072566
-0.040258    -0.633446    0.057888
-0.001435    -0.633406    -0.018763
0.04766    -0.633406    0.02609
-0.01177    -0.633406    0.054512
-0.069066    -0.633406    0.003676
-0.000796    -0.633406    -0.042789
0.064352    0.184552    -0.00011
-0.064333    0.184552    0.002583
0.020607    -0.633406    -0.028115
0.060521    -0.633406    0.000348
-0.00184    -0.633406    -0.05354
0.007358    -0.633406    0.034617
-0.03841    -0.633406    -0.023922
0.052626    -0.633406    0.01669
-0.066122    0.177559    -0.003223
0.069352    0.170523    -0.013522
-0.036129    0.170293    -0.061261
0.032403    0.163724    -0.065558
0.056967    0.153634    0.051636
-0.001145    0.155291    0.076548
-0.057067    0.152485    0.052184
-0.079038    0.144006    -0.013058
-0.057087    0.142879    -0.057609
-0.009004    0.137174    -0.082017
0.062668    0.126866    -0.059868
0.057382    0.12594    -0.064985
0.083158    0.114166    -0.036148
0.054012    0.115709    -0.072134
0.081809    0.107407    -0.045621
0.074166    0.103032    -0.058698
-0.023174    0.110189    -0.089794
-0.025608    0.10259    -0.091919
-0.075539    0.098754    -0.059371
-0.0972    0.08878    -0.024497
-0.09017    0.091697    0.039852
-0.032991    0.087207    0.094719
0.04812    0.078302    0.091802
0.098907    0.07571    0.033281
0.025346    0.071982    -0.102952
-0.043139    0.069235    0.09733
-0.055758    0.065386    0.093263
-0.093548    0.061373    0.057675
-0.085811    0.058749    0.069108
-0.078428    0.056348    0.079547
-0.067796    0.052597    0.088909
-0.034214    0.047779    0.107951
0.006596    0.043077    0.113729
0.057281    0.04189    0.099444
0.09758    0.035736    0.060796
0.001436    0.03386    -0.115326
0.049992    0.030377    -0.103425
0.079518    -0.100622    0.083645
0.074211    -0.391351    0.087717
0.061073    -0.021697    0.097799
0.0651    -0.150885    0.094709
0.054275    -0.285386    0.101745
0.055227    -0.382357    0.101351
0.047606    -0.127221    0.104507
0.026109    -0.475653    0.112324
0.022228    0.0005    0.112835
0.019708    -0.234122    0.113167
0.015102    -0.100006    0.113773
0.001816    -0.022489    0.115523
-0.012181    -0.21424    0.114158
-0.00288    -0.269485    0.115383
-0.015306    -0.052945    0.113746
0.060859    -0.363684    0.097963
0.075738    -0.578157    0.086545
0.076562    -0.53831    0.085913
0.0602    -0.391921    0.098469
0.051923    -0.559269    0.102719
0.041879    -0.261081    0.106879
0.041551    -0.415695    0.107015
0.003457    -0.192877    0.115307
0.021086    -0.566804    0.112985
0.008412    -0.566347    0.114654
0.004482    -0.296478    0.115172
-0.010749    -0.442468    0.114346
-0.007824    -0.551013    0.114732
-0.027562    -0.181703    0.112132
-0.015794    -0.581499    0.113682
0.114948    -0.598966    0.004104
0.084996    -0.601076    0.077068
0.017665    -0.608472    0.111061
-0.114327    -0.604993    -0.000959
0.10685    -0.612047    0.032093
-0.058453    -0.612959    -0.094394
-0.082342    -0.617048    0.070336
0.103008    -0.622461    -0.01166
-0.086849    -0.621596    -0.058508
-0.09076    -0.625978    -0.041395
-0.03366    -0.629116    -0.088783
0.073155    -0.631095    -0.053937
-0.022534    -0.632604    0.084407
0.073315    -0.633031    0.043282
0.074173    -0.633905    -0.021312
0.018252    -0.633788    -0.072043
0.082231    0.013863    -0.081317
-0.050392    -0.110534    0.103353
-0.040092    -0.307028    0.107619
-0.032753    -0.448152    0.110658
-0.042295    -0.259516    0.106707
-0.062169    -0.371566    0.096958
-0.073077    -0.06975    0.088587
-0.074288    -0.05082    0.087658
-0.071074    -0.142629    0.090124
-0.051339    0.026632    -0.102923
0.09344    -0.012747    -0.066709
0.096665    -0.454647    -0.062506
0.085693    -0.066929    -0.076805
0.111026    -0.157004    -0.031805
0.111738    -0.033965    -0.030084
0.106669    -0.326374    -0.042323
0.109457    -0.025933    -0.035591
0.073561    -0.16215    -0.088178
0.061006    -0.207658    -0.097812
0.071264    -0.201945    -0.089941
0.115026    -0.317886    -0.005426
0.11539    -0.383699    -0.002664
0.115519    -0.446916    -0.001685
0.114859    -0.100881    -0.006697
0.037396    -0.22583    -0.108698
0.047982    -0.136606    -0.104313
0.03886    -0.276356    -0.108092
0.03635    -0.209487    -0.109132
0.112969    -0.153027    0.021086
0.113751    -0.268464    0.015149
0.112503    -0.354679    0.024625
0.022589    0.011604    -0.11275
0.013066    -0.236624    -0.114004
0.012168    -0.29922    -0.114122
0.019514    -0.056134    -0.113155
0.100961    -0.184016    0.05614
0.103045    -0.409289    0.05111
0.108315    -0.15673    0.038385
0.086075    -0.02941    0.076344
0.094745    -0.064034    0.065046
0.094141    -0.035666    0.065832
0.084255    -0.252879    0.078717
-0.111469    0.009766    -0.030734
-0.070945    -0.115397    -0.090185
-0.06281    -0.012385    -0.096427
-0.058885    0.013998    -0.099439
-0.056976    -0.569041    -0.100588
-0.057451    -0.559815    -0.100391
-0.045187    -0.237914    -0.105471
-0.03577    -0.076691    -0.109372
-0.005751    -0.007927    -0.114967
-0.01737    -0.002273    -0.113437
-0.029284    0.008646    -0.111868
0.083597    -0.139345    -0.079536
0.088656    -0.330207    -0.072944
0.082166    -0.061376    -0.081401
0.083971    -0.238008    -0.079049
0.105445    -0.353756    -0.045278
0.101427    -0.271361    -0.054976
0.102566    -0.400786    -0.052227
0.101847    -0.589637    -0.053963
0.069456    -0.475578    -0.091328
0.078427    -0.267658    -0.084444
0.073131    -0.288043    -0.088508
0.112895    -0.167665    -0.021615
0.113323    -0.463465    -0.018365
0.113018    -0.336481    -0.02068
0.11362    -0.512074    -0.016105
0.045114    -0.260921    -0.105501
0.054891    -0.187616    -0.101451
0.048277    -0.291066    -0.104191
0.115588    -0.471374    0.001196
0.114958    -0.403997    0.005978
0.11442    -0.590132    0.010068
0.114235    -0.355588    0.011474
0.021792    -0.5232    -0.112855
0.025669    -0.119301    -0.112344
0.016938    -0.301979    -0.113494
0.019649    -0.360006    -0.113137
0.10951    -0.32352    0.0355
0.111509    -0.193779    0.030675
0.111306    -0.259237    0.031165
-0.008443    -0.264975    -0.114612
-0.006703    -0.281415    -0.114841
-0.002282    -0.214623    -0.115424
-0.008011    -0.569193    -0.114669
0.091625    -0.538144    0.069112
0.099784    -0.146443    0.058478
0.094637    -0.4487    0.065186
0.093411    -0.226423    0.066785
-0.049919    -0.523075    0.103549
-0.044923    -0.409499    0.105618
-0.057693    -0.179412    0.10033
-0.079987    -0.330666    0.083285
-0.080963    -0.423543    0.082535
-0.067572    -0.58503    0.092811
-0.078524    -0.259705    0.084408
-0.09574    -0.295814    0.063749
-0.100073    -0.014901    0.058102
-0.094825    -0.115661    0.064942
-0.101817    0.00021    0.054073
-0.108168    -0.237597    0.03874
-0.109276    -0.089703    0.036067
-0.107845    -0.024493    0.039521
-0.114212    -0.228815    0.01165
-0.114717    -0.259262    0.007811
-0.112965    -0.079882    0.02112
-0.111976    -0.430118    -0.028597
-0.113497    -0.087033    -0.017043
-0.113098    -0.066754    -0.020073
-0.115187    -1.2e-05    -0.004206
-0.102187    -0.303905    -0.053141
-0.107082    -0.221763    -0.041326
-0.104176    -0.069943    -0.048341
-0.103713    -0.051751    -0.049459
-0.081939    -0.191769    -0.081697
-0.095553    0.005621    -0.063955
-0.082342    -0.554726    -0.081172
-0.059252    -0.433021    -0.099157
-0.060547    -0.507415    -0.098164
-0.062137    -0.487775    -0.096944
-0.066704    -0.550493    -0.09344
-0.030927    -0.536249    -0.111378
-0.036579    -0.160822    -0.109037
-0.037866    -0.216332    -0.108503
-0.088848    -0.229662    0.072731
-0.095409    -0.440121    0.064181
-0.09074    -0.293257    0.070265
-0.082598    -0.218095    0.080876
-0.103096    -0.150656    0.050985
-0.109722    -0.589768    0.034988
-0.100396    -0.552292    0.057503
-0.105991    -0.443241    0.043997
-0.113175    -0.569454    0.019525
-0.115136    -0.510428    0.004631
-0.113513    -0.498473    0.016955
-0.113772    -0.29947    -0.014949
-0.112839    -0.478551    -0.02204
-0.113237    -0.414494    -0.019018
-0.113356    -0.574975    -0.018111
-0.104383    -0.576379    -0.04784
-0.111772    -0.023752    -0.030003
-0.108805    -0.220097    -0.037165
-0.095925    -0.251182    -0.06347
-0.093065    -0.335897    -0.067198
-0.083695    -0.568063    -0.079409
-0.093185    -0.237767    -0.067041
-0.00804    0.302371    -0.059891
-0.011335    0.246098    -0.059457
0.028621    0.214679    -0.053553
-0.022274    0.191023    -0.056182
-0.059796    0.300471    -0.008881
-0.045241    0.293088    0.040354
-0.018562    0.289574    0.057757
-0.014923    0.287414    0.059022
-0.057602    0.186617    -0.01887
-0.053622    0.192764    0.028518
-0.021453    0.218325    0.05656
-0.011279    0.208049    0.059502
-0.043728    0.18174    -0.038793
0.050907    0.269354    -0.032932
0.05459    0.248131    -0.026144
0.058224    0.280837    -0.01737
0.058921    0.217    -0.015528
0.044013    0.304582    0.041764
0.051088    0.272308    0.032735
0.059786    0.207018    0.008996
0.057692    0.215685    0.018691
-0.05154    0.170683    -0.04099
0.068097    0.163607    -0.006875
-0.062525    0.155354    -0.035579
-0.050325    0.15358    0.052192
0.034469    0.148825    -0.065513
0.075577    0.144646    0.002334
0.038665    0.150207    0.062665
-0.055027    0.131931    -0.058306
-0.081182    0.125612    -0.011685
-0.079787    0.121451    0.025571
-0.048217    0.118693    0.069489
-0.033679    0.112107    0.080013
-0.002275    0.108421    0.088571
0.021734    0.10968    0.085562
0.006962    0.102843    0.089933
-0.018283    0.095415    0.091068
-0.0016    0.092954    0.094132
-0.046871    0.091473    0.082384
-0.06926    0.08337    0.068862
-0.096969    0.078179    0.019344
-0.095531    0.074779    -0.030241
-0.071626    0.07226    -0.071964
-0.005612    0.066953    -0.102784
0.102288    0.066152    -0.011994
0.103234    0.06367    -0.012055
0.000217    0.055471    -0.10745
-0.101085    0.053397    -0.035856
-0.099321    0.051728    0.041266
-0.038862    0.047342    0.10134
0.003358    0.043576    0.109656
0.036764    0.040765    -0.103322
0.078964    0.034668    -0.07802
0.110634    0.034194    -0.003814
0.111056    0.027587    0.002371
-0.0143    -0.069329    -0.109469
-0.02687    -0.426553    -0.107814
-0.02409    -0.388748    -0.10818
-0.02009    -0.246182    -0.108707
0.014766    -0.029221    -0.109408
0.001767    0.005484    -0.111119
0.027818    -0.079956    -0.10769
-0.041977    -0.032922    -0.102109
-0.038285    -0.004684    -0.103639
-0.051641    -0.442543    -0.098106
-0.042349    -0.257214    -0.101955
-0.060925    -0.101716    -0.09241
-0.074189    -0.005853    -0.082233
-0.067994    -0.080799    -0.086986
-0.107985    0.022597    0.025735
0.054693    -0.455341    -0.096842
0.04418    -0.306537    -0.101197
0.044852    -0.234003    -0.100918
0.049959    -0.126619    -0.098803
0.072548    -0.093973    -0.083492
0.074773    -0.341515    -0.081785
0.072153    -0.276219    -0.083795
0.108182    0.013592    -0.024206
-0.004129    -0.332473    -0.110808
-0.021642    -0.570398    -0.108503
-0.007665    -0.318194    -0.110343
-0.059421    -0.078831    -0.093565
-0.073169    -0.323136    0.083053
-0.071234    -0.248987    0.084538
-0.074725    -0.088797    0.081859
-0.076596    -0.396392    0.080423
-0.047109    -0.113072    0.10002
-0.049473    -0.127469    0.099041
-0.043913    -0.028323    0.101344
-0.003853    -0.000964    0.110883
-0.021118    -0.253473    0.108609
-0.006912    -0.050014    0.11048
-0.016233    -0.303964    0.109252
0.008626    -0.114288    0.110254
0.005768    -0.449182    0.11063
0.000517    -0.285453    0.111322
0.056356    0.003574    -0.095916
-0.045681    -0.390714    -0.100575
-0.035088    -0.485946    -0.104963
-0.029316    -0.240565    -0.107354
-0.022352    -0.596423    -0.108326
0.005075    -0.427159    -0.110684
0.000269    -0.301056    -0.111317
0.000994    -0.306897    -0.111221
0.032858    -0.354428    -0.105887
0.034965    -0.156708    -0.105014
0.038756    -0.286703    -0.103444
-0.066771    -0.515481    -0.087925
-0.067333    -0.501171    -0.087493
-0.059606    -0.1724    -0.093422
-0.062521    -0.262243    -0.091186
-0.078797    -0.159705    -0.078672
-0.088755    -0.536207    -0.065695
-0.090648    -0.481867    -0.063228
-0.091255    -0.295457    -0.062437
-0.090948    -0.028132    -0.062836
-0.0887    -0.018308    -0.065767
-0.085405    -0.162649    -0.070061
-0.102342    -0.097198    -0.041443
-0.098669    -0.05778    -0.050309
-0.106247    -0.463379    -0.032014
-0.110644    -0.402926    -0.005503
-0.109656    -0.226939    -0.013006
-0.110403    -0.122747    -0.007332
-0.108815    -0.084194    -0.019395
-0.108119    -0.383397    0.024718
-0.109015    -0.091629    0.017913
-0.110115    -0.187028    0.009562
-0.096562    -0.148085    0.055434
-0.101215    -0.302624    0.044201
-0.096565    -0.419823    0.055426
-0.088045    -0.138503    0.066658
-0.07993    -0.085502    0.077234
-0.082155    -0.160854    0.074334
-0.084282    -0.221792    0.071561
-0.064694    -0.423291    0.089556
-0.07658    -0.579102    0.080436
-0.057655    -0.118467    0.094957
-0.041213    -0.467941    0.102462
-0.043368    -0.554207    0.10157
-0.0382    -0.418199    0.103711
-0.041589    -0.387443    0.102307
0.022147    -0.409045    0.108473
0.025572    -0.414641    0.108022
0.022492    -0.389061    0.108428
-0.005689    -0.124903    0.110641
-0.0002    -0.458379    0.111364
-0.006834    -0.311866    0.11049
-0.001543    -0.421902    0.111187
0.050826    -0.018962    0.098481
0.055508    -0.12297    0.096541
0.041148    -0.162759    0.102489
0.057753    -0.489283    -0.094844
0.074167    -0.478389    -0.082249
0.067627    -0.349261    -0.087267
0.055995    -0.236886    -0.096193
0.085371    -0.32618    -0.070105
0.08406    -0.358633    -0.071813
0.089469    -0.045353    -0.064764
0.099779    -0.300498    -0.047631
0.097666    -0.044227    -0.052731
0.100582    -0.188546    -0.045692
0.105234    -0.040589    -0.034461
0.109037    -0.089215    -0.017712
0.108878    -0.293572    -0.018914
0.10883    -0.050134    -0.019284
0.110077    -0.356251    0.009849
0.111359    -0.308681    0.00011
0.110978    -0.439783    0.003
0.097954    0.010261    0.052073
-0.106309    -0.593354    -0.031865
-0.096657    -0.44528    -0.055168
-0.101628    -0.341371    -0.043166
-0.108721    -0.417673    -0.020111
-0.10948    -0.469635    -0.014342
-0.109907    -0.491404    -0.0111
-0.107713    -0.115536    -0.027766
-0.108902    -0.567874    0.018774
-0.10938    -0.532217    0.015141
-0.110383    -0.381181    0.007522
-0.105589    -0.478833    0.033641
-0.106329    -0.15972    0.031854
-0.103582    -0.372391    0.038485
-0.105291    -0.347211    0.03436
-0.086669    -0.375943    0.06845
-0.092044    -0.552562    0.061446
-0.085987    -0.520776    0.06934
0.035849    -0.486749    0.104685
0.040346    -0.358304    0.102822
0.032716    -0.137046    0.105982
0.030969    -0.129828    0.106706
0.089775    -0.545064    -0.064366
0.095645    -0.567852    -0.056716
0.089973    -0.300369    -0.064108
0.099949    -0.464824    -0.04722
0.103783    -0.52614    -0.037964
0.106133    -0.57678    -0.032289
0.107402    -0.444171    -0.029227
0.110943    -0.354188    -0.003231
0.110201    -0.216087    -0.008864
0.11112    -0.364662    -0.001884
0.109341    -0.543914    0.015439
0.108413    -0.440432    0.022484
0.108858    -0.570582    0.019105
0.104806    -0.066896    0.03553
0.106422    -0.309769    0.03163
0.107286    -0.350376    0.029544
0.101858    -0.267208    0.042647
0.059483    -0.085632    0.093554
0.058248    -0.011591    0.094502
0.065276    -0.171193    0.089109
0.075076    -0.299321    0.08159
0.058553    -0.435541    0.094267
0.069904    -0.461742    0.085558
0.073929    -0.473289    0.08247
0.100274    -0.598478    -0.04583
0.105587    -0.555645    0.033645
0.097604    -0.112255    0.052917
0.101388    -0.496533    0.043782
-0.042911    -0.60107    0.101197
0.094352    -0.368407    0.058439
0.09526    -0.421894    0.057255
0.084821    -0.136859    0.07086
-0.107119    -0.601619    -0.02737
0.088309    -0.502442    0.066314
0.092532    -0.532629    0.06081
0.084919    -0.322389    0.070731
0.010636    -0.606519    -0.108014
-0.099051    -0.607033    0.0439
0.096766    -0.608291    0.048178
-0.101288    -0.616489    -0.020484
0.078272    -0.617917    0.065588
0.084714    -0.618426    -0.056386
0.020462    -0.623652    -0.093606
0.02606    -0.625956    0.088327
0.093514    -0.625324    0.000364
-0.027982    -0.628688    0.079284
-0.017173    -0.62936    0.078774
0.075241    -0.629542    0.013754
-0.022695    -0.629034    -0.024469
0.02581    -0.629184    0.066969
-0.049676    -0.629034    0.031979
0.04098    -0.629034    -0.046786
0.007477    -0.629034    -0.016657
-0.011951    -0.629034    0.04617
-0.055545    0.304002    0.023829
-0.016428    0.217153    -0.058604
0.023711    0.221116    -0.055587
-0.020785    0.217495    -0.056799
-0.055528    0.274973    -0.023877
-0.055678    0.247072    0.023555
-0.017521    0.299339    0.058188
-0.042096    0.185878    -0.04387
-0.053679    0.204035    -0.028342
-0.059814    0.23662    0.008782
-0.031923    0.206899    0.051716
0.032745    0.184182    -0.050032
0.043652    0.274204    -0.042387
0.02315    0.175395    -0.055188
-0.020806    0.175946    0.053932
-0.016615    0.176277    0.054307
0.059074    0.294797    -0.014364
0.060106    0.207145    -0.00653
0.060152    0.264288    0.006217
0.062135    0.174818    0.002544
0.058791    0.26758    0.016038
0.062981    0.171701    0.018923
-0.045054    0.163248    0.051845
0.068991    0.161018    0.007276
-0.019399    0.150782    -0.070995
-0.071052    0.14747    0.022431
0.019026    0.151497    0.070909
0.042046    0.138055    -0.065516
0.080928    0.130241    0.00106
0.062181    0.142138    0.044039
-0.035466    0.121301    -0.075719
-0.070977    0.11985    -0.045564
-0.079688    0.111936    -0.034557
-0.088031    0.108683    -0.005507
-0.089924    0.103757    0.004444
-0.088201    0.102296    0.021457
-0.092202    0.095876    0.00831
-0.094695    0.089094    -0.007479
-0.084058    0.091235    -0.042985
-0.078671    0.085292    -0.055462
-0.044737    0.082778    -0.08651
-0.008934    0.073884    -0.099818
0.093951    0.07901    0.030262
0.096182    0.06925    -0.033671
-0.085526    0.065701    0.058025
-0.102807    0.061997    0.020047
-0.016534    0.059275    0.104191
0.051037    0.058084    -0.093372
0.095526    0.052156    -0.05011
0.101689    0.051265    0.035818
0.003593    0.044758    -0.109407
-0.056316    0.038407    -0.095196
-0.100777    0.036892    -0.044041
-0.107627    0.0338    0.026847
-0.086784    0.029717    0.068233
-0.019982    -0.352742    -0.108721
-0.023457    -0.303483    -0.108264
-0.025869    -0.169751    -0.107946
-0.025622    -0.424575    -0.107979
0.013046    -0.001044    -0.109634
0.011157    -0.0848    -0.109883
0.020399    0.014541    -0.108666
-0.046359    -0.315256    -0.100294
-0.043006    -0.251956    -0.101683
-0.052466    -0.36    -0.097765
-0.046609    0.011554    -0.10019
-0.068133    -0.259978    -0.086879
-0.073006    -0.152215    -0.08314
-0.070178    -0.119521    -0.08531
-0.094327    0.024988    -0.058434
0.050591    -0.010592    -0.098541
0.033759    -0.024353    -0.105513
0.054191    -0.40158    -0.09705
0.047727    -0.337198    -0.099727
0.078028    -0.566176    -0.079287
0.076332    -0.126448    -0.080588
0.07825    -0.523325    -0.079116
0.072534    -0.067219    -0.083502
-0.016232    -0.418293    -0.109215
-0.018989    -0.514065    -0.108852
-0.005706    -0.350671    -0.110601
-0.014331    -0.557708    -0.109465
-0.07429    -0.155407    0.082193
-0.073426    -0.243731    0.082856
-0.071861    -0.089985    0.084057
-0.061306    -0.029207    0.092155
-0.054317    -0.55851    0.097035
-0.045876    -0.008514    0.100531
-0.053852    -0.375214    0.097227
-0.021538    -0.244559    0.108554
-0.026712    -0.314263    0.107872
-0.0228    -0.413325    0.108387
-0.016319    -0.276338    0.109241
0.006763    -0.114996    0.110499
0.008981    -0.067037    0.110207
0.000812    -0.411375    0.111283
0.033812    0.025346    0.105528
-0.035169    -0.220598    -0.104929
-0.035024    -0.389999    -0.104989
-0.033993    -0.28449    -0.105416
-0.038794    -0.435529    -0.103428
0.000821    -0.069997    -0.111244
0.007141    -0.42399    -0.110412
0.021813    -0.491024    -0.10848
0.039678    -0.518866    -0.103062
0.034377    -0.386093    -0.105257
0.033337    -0.573085    -0.105688
0.035565    -0.56517    -0.104765
-0.059809    -0.111618    -0.093267
-0.0617    -0.236222    -0.091815
-0.072101    -0.452311    -0.083835
-0.089667    -0.554702    -0.064507
-0.080561    -0.08162    -0.076373
-0.089393    -0.36575    -0.064863
-0.084032    -0.469929    -0.07185
-0.092712    -0.071564    -0.060539
-0.090339    -0.365519    -0.063631
-0.096328    -0.436654    -0.055825
-0.105278    -0.373792    -0.034353
-0.107029    -0.313949    -0.030127
-0.106283    -0.204832    -0.031927
-0.111362    -0.138811    -4.6e-05
-0.108655    0.004094    -0.020612
-0.108926    -0.014923    -0.01855
-0.110677    -0.09579    -0.005249
-0.110339    -0.001451    0.007858
-0.107601    -0.196327    0.028654
-0.107692    -0.192269    0.027963
-0.100983    -0.291485    0.044759
-0.096809    -0.246003    0.054837
-0.100234    -0.282972    0.046569
-0.103974    -0.094184    0.037539
-0.086596    -0.018471    0.068546
-0.089028    -0.017001    0.065377
-0.090267    -0.05234    0.063762
-0.076528    -0.591678    0.080476
-0.059892    -0.187223    0.09324
-0.062508    -0.387768    0.091233
-0.062023    -0.26526    0.091605
-0.028877    -0.528512    0.107572
-0.038249    -0.551577    0.10369
-0.03367    -0.533435    0.105587
0.023936    -0.501771    0.108238
0.024252    -0.253885    0.108196
0.0171    -0.459724    0.109138
0.028763    -0.48601    0.107602
-0.013903    -0.479526    0.109559
-0.019771    -0.41434    0.108786
-0.002573    -0.440691    0.111051
0.037956    -0.105144    0.103812
0.039768    -0.116462    0.103061
0.051942    -0.367364    0.098018
0.045299    0.005911    0.10077
0.066968    -0.326408    -0.087774
0.062328    -0.239274    -0.091333
0.065659    -0.304238    -0.088778
0.082749    -0.221013    -0.073522
0.080153    -0.090824    -0.076905
0.092225    -0.049123    -0.061172
0.101661    -0.287422    -0.043085
0.102555    -0.172184    -0.040929
0.101575    -0.044638    -0.043295
0.105949    0.007321    -0.032734
0.107849    -0.338657    -0.026734
0.10994    -0.058724    -0.010847
0.110013    -0.100507    -0.010298
0.110663    -0.035138    0.005399
0.109866    -0.094792    0.011446
0.110535    -0.085266    0.006367
0.111333    -0.564942    0.000307
-0.097432    -0.204334    -0.053295
-0.098655    -0.457911    -0.050344
-0.097479    -0.247002    -0.053183
-0.108528    -0.396104    -0.021571
-0.107814    -0.570389    -0.026999
-0.109574    -0.363407    -0.013632
-0.107807    -0.403637    -0.027055
-0.110972    -0.070331    0.003053
-0.10928    -0.546477    0.015898
-0.111355    -0.378486    0.000142
-0.099737    -0.529392    0.047769
-0.105103    -0.156946    0.034814
-0.102472    -0.460822    0.041166
-0.101372    -0.368877    0.04382
-0.091504    -0.477378    0.06215
-0.086566    -0.553963    0.068585
-0.094781    -0.208511    0.057879
0.039684    -0.557453    0.103096
0.029869    -0.431427    0.107161
0.043378    -0.552641    0.101566
0.042328    -0.319193    0.102001
0.083821    -0.593233    -0.072125
0.083961    -0.422075    -0.071942
0.091643    -0.421035    -0.061931
0.1028    -0.569904    -0.040337
0.103305    -0.355413    -0.039118
0.100126    -0.516784    -0.046791
0.10602    -0.592224    -0.032562
0.108893    -0.54731    -0.018802
0.110383    -0.530661    -0.007483
0.109169    -0.567527    -0.016703
0.108262    -0.308416    0.023631
0.110902    -0.571329    0.003581
0.10767    -0.109907    0.028126
0.109756    -0.520646    0.012287
0.102308    -0.205275    0.041561
0.10616    -0.207512    0.032261
0.104167    -0.383736    0.037074
-0.107457    -0.598332    0.028057
0.069362    -0.135585    0.085974
0.073375    -0.203887    0.082895
0.070673    0.005522    0.084968
0.062349    -0.4024    0.091355
0.068679    -0.534015    0.086498
0.062195    -0.418454    0.091473
0.059497    -0.310944    0.093543
0.100747    -0.466607    0.045331
0.096746    -0.581869    0.054989
0.096646    -0.215227    0.05523
0.04386    -0.603072    -0.100291
0.087247    -0.020342    0.067698
0.085847    -0.039636    0.069522
0.09267    -0.050741    0.060631
-0.08255    -0.601884    -0.072635
0.090797    -0.53207    0.063071
0.093201    -0.50306    0.059939
0.090208    -0.472271    0.063839
0.079504    -0.597047    0.077579
0.010001    -0.60876    -0.107247
-0.09297    -0.609159    0.055451
0.103711    -0.612812    -0.021299
-0.094437    -0.617023    0.040376
-0.098939    -0.62019    0.012716
0.098859    -0.61993    0.015358
0.075196    -0.623839    -0.058431
-0.060653    -0.62786    -0.063012
-0.072696    -0.628486    0.044868
-0.061438    -0.629381    0.05113
-0.030386    -0.629524    0.068746
-0.056291    -0.629034    -0.038773
-0.000332    -0.629034    -0.007727
-0.052887    -0.629034    0.025946
-0.005642    -0.629034    -0.061768
-0.013543    -0.629034    -0.013797
0.066795    -0.629168    -0.025753
-0.018952    0.306573    -0.03138
0.007405    0.306576    -0.050853
-0.043575    0.306577    0.029938
0.046336    0.306575    -0.002996
0.021659    0.306571    0.005889
-0.0026    0.306576    -0.049131
0.032214    0.306577    -0.043053
-0.002486    0.30657    0.017574
0.008273    0.306569    0.010983
