0.012149    -0.116784    -0.186703
0.006763    -0.108074    -0.173096
-0.011787    -0.127622    -0.209199
0.019776    -0.110871    -0.174252
-0.001774    -0.13354    -0.225956
0.015102    -0.096923    -0.155325
-0.034586    -0.104803    -0.1527
0.007301    -0.134865    -0.228931
0.007885    -0.08232    -0.138831
-0.003724    -0.066308    -0.122896
-0.041705    -0.075171    -0.099958
0.052184    -0.1323    -0.193133
0.028042    -0.094451    -0.143576
-0.059257    -0.113749    -0.135666
-0.04041    -0.06253    -0.085777
0.031123    -0.143626    -0.253827
0.092689    -0.146533    -0.19785
0.056586    -0.117351    -0.149264
-0.063501    -0.121622    -0.146752
-0.031636    -0.143117    -0.25069
-0.01151    -0.197701    -0.275772
-0.025759    -0.498015    -0.272655
-0.015786    -0.308798    -0.274837
-0.024252    -0.473852    -0.272985
0.017548    -0.261413    -0.274499
0.007675    -0.31327    -0.276659
0.01122    -0.304471    -0.275883
0.019032    -0.2443    -0.274175
0.002109    -0.533999    -0.277876
0.035657    -0.270862    -0.267055
0.033346    -0.201236    -0.268617
0.02947    -0.279954    -0.271238
0.028534    -0.56415    -0.27187
0.032653    -0.409698    -0.269085
0.060342    -0.180525    -0.247427
0.054968    -0.376671    -0.253882
0.060309    -0.464884    -0.247467
0.073586    -0.160838    -0.231517
0.056144    -0.274506    -0.252469
0.060849    -0.361235    -0.246818
0.088119    -0.141068    -0.170147
0.088391    -0.161346    -0.207464
0.087974    -0.201009    -0.208247
0.087773    -0.189375    -0.208622
0.097836    -0.178171    -0.18977
0.09331    -0.246975    -0.198249
0.094166    -0.249657    -0.196645
0.089243    -0.198806    -0.205868
0.041633    -0.087688    -0.118291
-0.074756    -0.114206    -0.099366
-0.057752    -0.140266    -0.214729
-0.017888    -0.531045    -0.274377
-0.004833    -0.345911    -0.277232
-0.002089    -0.38207    -0.277832
-0.014163    -0.45357    -0.275192
-0.011649    -0.516201    -0.275741
-0.047935    -0.479195    -0.258605
-0.036785    -0.431687    -0.266143
-0.029034    -0.520668    -0.271383
-0.030285    -0.515736    -0.270537
-0.038806    -0.468886    -0.264777
0.021343    -0.341288    -0.273669
0.025201    -0.387252    -0.272826
0.024237    -0.33663    -0.273037
0.01434    -0.364665    -0.275201
0.004373    -0.515191    -0.277381
0.049327    -0.324624    -0.257813
0.034011    -0.527933    -0.268168
0.036421    -0.475225    -0.266538
0.047201    -0.556399    -0.25925
0.049491    -0.30106    -0.257702
0.07709    -0.489389    -0.227308
0.077012    -0.381932    -0.227402
0.074921    -0.268555    -0.229913
0.075766    -0.221475    -0.228899
0.068267    -0.503928    -0.237907
0.070859    -0.402973    -0.234793
0.096629    -0.143139    -0.16486
0.08502    -0.550804    -0.213781
0.088886    -0.472893    -0.206538
0.0978    -0.199519    -0.189837
0.083116    -0.500965    -0.217347
0.085593    -0.559241    -0.212707
0.095146    -0.365536    -0.19481
0.098429    -0.297854    -0.188658
0.040777    -0.087286    -0.118771
-0.034283    -0.019566    -0.052262
-0.066999    -0.097193    -0.076787
-0.051319    -0.302505    -0.256317
-0.032939    -0.196623    -0.268744
-0.041946    -0.274967    -0.262654
-0.049551    -0.203133    -0.257512
-0.038532    -0.240256    -0.264962
-0.052485    -0.502553    -0.255529
0.102729    -0.486792    -0.177836
0.102621    -0.337091    -0.178146
0.109332    -0.282692    -0.158926
0.102557    -0.505704    -0.178328
0.101806    -0.369612    -0.18048
0.111971    -0.217231    -0.151368
0.103707    -0.176094    -0.175037
0.106164    -0.386885    -0.167997
0.083554    -0.126569    -0.116236
0.073583    -0.113216    -0.100512
-0.085801    -0.117871    -0.067691
-0.074953    -0.138311    -0.182638
-0.055791    -0.490177    -0.25263
-0.063693    -0.38685    -0.243138
-0.066987    -0.439858    -0.23918
-0.062851    -0.485187    -0.244149
-0.068416    -0.572241    -0.237464
-0.067879    -0.550726    -0.238108
-0.040939    -0.01966    -0.026674
0.115097    -0.464139    -0.142413
0.116085    -0.183027    -0.139585
0.114341    -0.298927    -0.14458
0.113706    -0.396199    -0.146398
0.110897    -0.365567    -0.154442
0.116317    -0.392228    -0.13892
0.105725    -0.552344    -0.169257
0.111076    -0.537499    -0.153931
0.091505    -0.127932    -0.094168
0.083758    -0.11845    -0.080667
-0.079917    -0.107594    -0.05218
-0.058191    -0.067688    -0.031588
-0.076139    -0.371018    -0.228186
-0.077704    -0.414805    -0.226307
-0.074479    -0.392073    -0.23018
-0.074915    -0.161794    -0.229656
-0.072713    -0.416736    -0.232302
-0.07859    -0.412801    -0.225242
-0.036967    -0.001606    -0.020407
0.122289    -0.289372    -0.111238
0.116503    -0.332032    -0.138277
0.124694    -0.195212    -0.100003
0.117987    -0.441253    -0.131342
0.119877    -0.378685    -0.122512
0.119843    -0.413988    -0.122671
0.118357    -0.185215    -0.129613
0.120405    -0.346277    -0.120045
0.11867    -0.165288    -0.128151
0.01777    -0.032631    -0.089819
-0.027381    0.024319    -0.037439
-0.076769    -0.101221    -0.038027
-0.056679    -0.061996    -0.022923
-0.080673    -0.41618    -0.221512
-0.082    -0.221701    -0.219026
-0.079613    -0.187177    -0.223499
-0.084462    -0.359927    -0.214414
-0.08807    -0.461322    -0.207655
-0.090147    -0.536991    -0.203763
-0.081453    -0.326069    -0.220052
-0.033659    0.016869    -0.013927
0.117403    -0.567979    -0.134074
0.121167    -0.458327    -0.116482
0.125412    -0.349137    -0.096644
0.118691    -0.561922    -0.128054
0.123336    -0.347559    -0.106348
0.124491    -0.339668    -0.100949
0.12616    -0.571829    -0.093148
0.126644    -0.522752    -0.090889
0.121889    -0.479886    -0.113106
0.033565    -0.054971    -0.090403
0.089172    -0.118782    -0.054575
-0.086409    -0.111177    -0.011559
-0.098586    -0.13335    -0.092528
-0.098561    -0.197317    -0.188001
-0.099155    -0.451742    -0.186887
-0.094339    -0.22113    -0.195909
-0.092467    -0.254572    -0.199418
-0.094493    -0.343516    -0.195622
-0.09608    -0.160481    -0.192649
-0.09735    -0.291646    -0.19027
-0.046134    -0.030109    -0.000532
0.129025    -0.177507    -0.073831
0.128049    -0.364986    -0.08339
0.12877    -0.471747    -0.076328
0.131383    -0.250879    -0.050754
0.129325    -0.229822    -0.070891
0.128379    -0.283195    -0.080159
0.130795    -0.161174    -0.056511
0.12947    -0.417112    -0.069479
0.130801    -0.32772    -0.056449
0.13035    -0.269865    -0.060863
0.052918    -0.07201    -0.068814
-0.028248    0.050292    -0.014991
-0.096022    -0.122761    -0.024708
-0.059177    -0.065262    0.012395
-0.100559    -0.182244    -0.183425
-0.103055    -0.536322    -0.176275
-0.101402    -0.575305    -0.181011
-0.099963    -0.237778    -0.185132
-0.106849    -0.545561    -0.165409
-0.106689    -0.345505    -0.165867
-0.100878    -0.469692    -0.182511
-0.103205    -0.242784    -0.175846
-0.030942    0.036985    0.005999
0.133549    -0.3416    -0.02955
0.131373    -0.320704    -0.050849
0.132004    -0.349733    -0.044675
0.133017    -0.398703    -0.034753
0.133292    -0.507981    -0.032063
0.129069    -0.500614    -0.073406
0.132892    -0.471734    -0.035975
0.132425    -0.521764    -0.040551
0.131828    -0.324077    -0.046393
0.133442    -0.546976    -0.030599
0.004716    0.038272    -0.06242
-0.018271    0.07619    -0.039686
-0.091857    -0.11837    0.025188
-0.11466    -0.143834    -0.110292
-0.113904    -0.33443    -0.145204
-0.110649    -0.229569    -0.154525
-0.109043    -0.193141    -0.159127
-0.115737    -0.348843    -0.139952
-0.106836    -0.257365    -0.165448
-0.110048    -0.247561    -0.156248
-0.113904    -0.421433    -0.145205
-0.111956    -0.232437    -0.150782
-0.028664    0.0506    0.012921
0.133705    -0.22467    -0.026941
0.133705    -0.163586    -0.025905
0.133705    -0.383728    -0.01731
0.133705    -0.336922    -0.022513
0.133705    -0.430451    -0.021369
0.133705    -0.36394    -0.003679
0.133705    -0.391872    -0.017862
0.133705    -0.317945    -0.011828
0.133705    -0.258198    -0.006168
0.133705    -0.337978    0.003746
0.056556    -0.070881    -0.051801
-0.025597    0.077224    -0.015631
-0.085794    -0.114231    0.050921
-0.055998    -0.063557    0.038338
-0.120123    -0.347633    -0.120338
-0.122737    -0.554039    -0.10812
-0.11812    -0.261912    -0.129699
-0.125438    -0.507574    -0.0955
-0.117875    -0.213839    -0.130846
-0.116488    -0.523317    -0.137323
-0.119392    -0.439407    -0.123757
-0.120645    -0.377207    -0.117899
-0.123237    -0.569496    -0.105787
-0.025505    0.081681    0.015707
0.133705    -0.279687    0.023389
0.133705    -0.434722    -0.000879
0.133705    -0.516632    -0.009163
0.133705    -0.384444    0.023508
0.133705    -0.514133    -0.015356
0.133705    -0.566958    -0.023723
0.133705    -0.477142    0.021933
0.133705    -0.2892    0.015625
0.133705    -0.461895    0.009647
0.133705    -0.279224    0.01548
0.014096    0.023512    -0.06202
0.087033    -0.112543    0.027241
-0.066591    -0.092131    0.064583
-0.126351    -0.329066    -0.091234
-0.124366    -0.451143    -0.100509
-0.125505    -0.344162    -0.095187
-0.12354    -0.369473    -0.104372
-0.127639    -0.451387    -0.085212
-0.117328    -0.169857    -0.133401
-0.124848    -0.461756    -0.098258
-0.125163    -0.262196    -0.096786
-0.121003    -0.154609    -0.116225
-0.033193    0.014775    0.024258
0.13343    -0.347352    0.033104
0.133592    -0.31272    0.03152
0.133502    -0.296072    0.032396
0.131132    -0.294406    0.055594
0.132962    -0.491441    0.037686
0.131933    -0.433562    0.047756
0.131058    -0.327165    0.056323
0.132756    -0.176616    0.0397
0.130881    -0.207824    0.058056
0.132859    -0.377428    0.03869
0.003915    0.0725    -0.054808
-0.119467    -0.140787    -0.00605
-0.066694    -0.087497    0.048995
-0.130013    -0.546073    -0.06201
-0.127859    -0.555267    -0.083106
-0.128483    -0.475548    -0.076991
-0.128734    -0.421842    -0.07454
-0.129512    -0.524357    -0.066921
-0.128119    -0.205893    -0.080558
-0.129216    -0.467725    -0.069815
-0.131308    -0.472816    -0.049334
-0.128927    -0.518407    -0.072646
-0.131101    -0.458713    -0.051364
0.104642    -0.140021    0.118543
0.130628    -0.413765    0.060529
0.132561    -0.522882    0.04161
0.130933    -0.520213    0.057542
0.129881    -0.548932    0.067847
0.132763    -0.5302    0.039629
0.130086    -0.470736    0.06584
0.129957    -0.484823    0.067099
0.129837    -0.325752    0.068278
0.129455    -0.571931    0.072013
0.046313    -0.044057    -0.042471
0.065535    -0.077765    -0.011313
-0.109167    -0.134934    0.040805
-0.049372    -0.069533    0.076274
-0.133279    -0.425755    -0.030034
-0.129254    -0.206787    -0.069443
-0.130982    -0.27497    -0.052524
-0.132391    -0.17314    -0.038729
-0.132766    -0.184507    -0.035056
-0.129943    -0.190022    -0.0627
-0.133465    -0.311531    -0.028214
-0.132674    -0.220876    -0.035959
-0.132221    -0.410313    -0.040391
-0.023377    0.05385    0.036247
0.117539    -0.151731    0.135828
0.123477    -0.152022    0.108081
0.127604    -0.386621    0.088791
0.127295    -0.539683    0.090236
0.121356    -0.270329    0.11799
0.121217    -0.246403    0.118641
0.122226    -0.157851    0.113927
0.122245    -0.173241    0.113838
0.126366    -0.205889    0.094576
0.035149    -0.013973    -0.04545
0.07464    -0.098186    0.04404
-0.098379    -0.130867    0.079426
-0.04447    -0.058796    0.074087
-0.133485    -0.490748    0.017439
-0.133485    -0.483135    -0.002682
-0.133485    -0.517222    0.011665
-0.133485    -0.505838    -0.011424
-0.133485    -0.435616    0.005928
-0.133485    -0.295238    -0.019514
-0.133485    -0.568768    0.008136
-0.133485    -0.445065    0.000185
-0.133485    -0.15222    -0.027408
-0.026932    0.017433    0.045655
0.117403    -0.302839    0.136464
0.117901    -0.246746    0.134135
0.121313    -0.457565    0.118193
0.119132    -0.256593    0.128382
0.119295    -0.381624    0.127622
0.117349    -0.544956    0.136716
0.119754    -0.371236    0.125475
0.124799    -0.578138    0.101899
0.121224    -0.509967    0.118608
0.046471    -0.033787    -0.019644
0.064198    -0.077151    0.025471
-0.133485    -0.331392    0.005275
-0.133485    -0.367972    0.008841
-0.133485    -0.203453    0.027301
-0.133485    -0.453812    0.018495
-0.133485    -0.222387    0.026117
-0.133485    -0.313082    0.002039
-0.133485    -0.245244    0.018625
-0.133485    -0.277867    -0.007694
-0.133485    -0.344969    0.002738
-0.133485    -0.30764    0.025121
-0.063987    -0.110605    0.122051
-0.025665    0.01554    0.050314
0.106328    -0.189162    0.16992
0.115505    -0.532667    0.143636
0.11387    -0.277498    0.14832
0.113995    -0.398513    0.147961
0.110706    -0.393146    0.157382
0.116171    -0.480069    0.14173
0.108521    -0.361956    0.163639
0.104893    -0.234702    0.174029
0.072358    -0.120086    0.126213
0.066007    -0.083566    0.040397
-0.130204    -0.43986    0.062534
-0.131136    -0.423537    0.053413
-0.131238    -0.399407    0.052413
-0.129273    -0.5741    0.071654
-0.132939    -0.330489    0.035754
-0.132519    -0.497281    0.039867
-0.129821    -0.435388    0.066288
-0.132929    -0.429425    0.035852
-0.130267    -0.494732    0.061919
-0.115988    -0.141487    0.07644
-0.06106    -0.116924    0.141891
-0.027987    -0.019941    0.069006
0.101759    -0.418523    0.183005
0.104272    -0.392428    0.175808
0.10003    -0.543692    0.187957
0.102565    -0.35757    0.180696
0.110865    -0.507801    0.156925
0.106471    -0.393017    0.169509
0.103023    -0.301219    0.179385
0.101323    -0.461793    0.184253
0.109089    -0.535263    0.162012
0.016219    0.081608    -0.04285
0.066749    -0.115407    0.128199
-0.129138    -0.330028    0.072974
-0.13019    -0.261085    0.062676
-0.131719    -0.1743    0.047705
-0.128239    -0.305927    0.081776
-0.128079    -0.181478    0.08334
-0.128667    -0.163273    0.077583
-0.129944    -0.216379    0.065076
-0.128303    -0.187116    0.081146
-0.130591    -0.200361    0.058748
-0.06881    -0.122931    0.143106
-0.021978    -0.006886    0.070161
0.089915    -0.364336    0.207001
0.085034    -0.208234    0.216145
0.091523    -0.39815    0.203987
0.08635    -0.257784    0.213679
0.09351    -0.347636    0.200265
0.096067    -0.196438    0.195474
0.09125    -0.315799    0.204498
0.067834    -0.122641    0.144481
0.053539    -0.055098    0.030126
-0.11976    -0.523121    0.124425
-0.125808    -0.449975    0.096162
-0.120779    -0.43301    0.119664
-0.125226    -0.412756    0.098884
-0.126058    -0.366713    0.094993
-0.123832    -0.557819    0.105394
-0.12758    -0.206178    0.087881
-0.1247    -0.520019    0.101338
-0.126998    -0.409076    0.090602
-0.094612    -0.139821    0.148121
-0.033754    -0.085237    0.126832
0.058121    -0.136361    0.202944
0.080982    -0.531212    0.223736
0.083832    -0.469706    0.218397
0.081783    -0.252149    0.222236
0.090257    -0.419738    0.206359
0.08047    -0.188087    0.224697
0.088011    -0.332887    0.210567
0.082523    -0.239251    0.22085
0.048431    -0.042247    0.03017
0.055992    -0.085726    0.087083
-0.120474    -0.18639    0.121087
-0.121248    -0.174639    0.117472
-0.124505    -0.159847    0.10225
-0.120696    -0.322404    0.120051
-0.117866    -0.338614    0.133277
-0.119139    -0.183149    0.127326
-0.117653    -0.302805    0.134273
-0.118829    -0.32348    0.128774
-0.12187    -0.338773    0.114565
-0.057253    -0.127792    0.17732
-0.012606    0.028402    0.06347
0.056436    -0.175623    0.25451
0.07158    -0.207329    0.236318
0.074458    -0.212323    0.232861
0.074951    -0.281414    0.232269
0.072121    -0.271976    0.235669
0.0788    -0.230841    0.227645
0.049462    -0.123669    0.176377
0.050596    -0.068112    0.070842
-0.112681    -0.557552    0.151098
-0.115953    -0.279688    0.141725
-0.108474    -0.397476    0.163146
-0.107465    -0.393721    0.166035
-0.109499    -0.529941    0.160211
-0.109687    -0.436309    0.159671
-0.106944    -0.415616    0.167528
-0.111705    -0.271788    0.153893
-0.073762    -0.136396    0.179264
-0.026886    -0.116669    0.181978
0.038965    -0.145225    0.259209
0.057699    -0.287294    0.252993
0.058457    -0.43762    0.252083
0.063235    -0.431156    0.246343
0.057987    -0.29076    0.252647
0.058582    -0.344174    0.251932
0.069274    -0.578027    0.239089
0.039589    -0.009886    0.020035
0.041721    -0.10004    0.139489
-0.108696    -0.234291    0.162509
-0.100249    -0.213876    0.186702
-0.10682    -0.275822    0.167883
-0.101987    -0.205081    0.181724
-0.099974    -0.290913    0.18749
-0.105165    -0.322254    0.172623
-0.106046    -0.40346    0.170099
-0.103999    -0.20618    0.175961
-0.033639    -0.12175    0.187405
-0.003462    0.028881    0.068002
0.051408    -0.303799    0.258797
0.044603    -0.393014    0.263397
0.053532    -0.423443    0.257361
0.053162    -0.333377    0.257611
0.054074    -0.152256    0.256994
0.024934    -0.125958    0.203259
0.042593    -0.080197    0.108248
-0.082233    -0.530445    0.220981
-0.095546    -0.369758    0.196039
-0.096074    -0.32539    0.19505
-0.092289    -0.536117    0.202141
-0.085342    -0.54876    0.215156
-0.096507    -0.502377    0.194238
-0.095167    -0.576725    0.19675
-0.05722    -0.140069    0.217052
-0.00673    -0.100567    0.164358
0.01985    -0.146724    0.276168
0.038655    -0.448457    0.267419
0.038134    -0.381747    0.267771
0.045376    -0.501596    0.262875
0.032718    -0.578839    0.271432
0.038025    -0.353101    0.267845
0.039037    -0.020006    0.039426
0.02291    -0.098222    0.154694
-0.086195    -0.256399    0.213559
-0.084749    -0.182276    0.216268
-0.093944    -0.220788    0.19904
-0.081216    -0.413691    0.222886
-0.087634    -0.340383    0.210862
-0.086072    -0.168613    0.213789
-0.095595    -0.203439    0.195948
-0.019291    -0.125958    0.206234
0.001269    0.01316    0.074656
0.020412    -0.331352    0.276264
0.027837    -0.430051    0.27464
0.015594    -0.268013    0.277318
0.027474    -0.434337    0.27472
0.002696    -0.156992    0.280138
0.029039    0.053639    -0.00012
-0.074873    -0.497551    0.232098
-0.0769    -0.579409    0.229663
-0.066758    -0.44468    0.241846
-0.074092    -0.284309    0.233037
-0.073006    -0.554646    0.23434
-0.070956    -0.377747    0.236804
-0.075024    -0.146735    0.23173
0.012871    -0.070477    0.127537
-0.023709    -0.146672    0.275018
0.002272    -0.479125    0.280231
0.01493    -0.458099    0.277463
0.020115    -0.46631    0.276329
0.011194    -0.563178    0.27828
0.035347    -0.010771    0.044432
-0.065733    -0.155816    0.243078
-0.062037    -0.317785    0.247518
-0.059075    -0.259286    0.251075
-0.055812    -0.154562    0.254995
-0.062608    -0.354871    0.246832
-0.060125    -0.342331    0.249814
-0.051408    -0.145848    0.253877
0.008562    0.010196    0.073772
-0.014544    -0.344986    0.277499
-0.005153    -0.331281    0.279553
-0.000115    -0.337776    0.280655
-0.00881    -0.288957    0.278753
-0.01098    -0.164362    0.278279
-0.039602    -0.52257    0.26663
-0.054089    -0.215371    0.256835
-0.049213    -0.525736    0.260132
-0.046347    -0.417404    0.26207
-0.048496    -0.292308    0.260617
-0.051853    -0.576462    0.258347
0.007135    0.067695    0.056635
-0.02531    -0.440525    0.275145
-0.023476    -0.263626    0.275546
-0.002317    -0.555173    0.280173
-0.026849    -0.298475    0.274808
0.03089    0.005764    0.042642
-0.042227    -0.170465    0.264855
-0.029942    -0.496226    0.273161
-0.045725    -0.166646    0.26249
-0.046364    -0.276825    0.262058
-0.036161    -0.167843    0.268956
0.010885    0.086756    0.051056
0.025236    0.010711    0.054047
0.018499    0.074967    0.042307
-0.015392    -0.130276    -0.166253
-0.000593    -0.356117    -0.218477
-0.011187    -0.218657    -0.21616
-0.005756    -0.4022    -0.217348
0.008292    -0.290383    -0.216842
0.020857    -0.531892    -0.214093
0.021762    -0.511385    -0.213895
0.011186    -0.248427    -0.216209
-0.005148    -0.132611    -0.17427
-0.01503    -0.325655    -0.21532
-0.019982    -0.538897    -0.214237
-0.01464    -0.531263    -0.215405
-0.017857    -0.252525    -0.214702
0.000989    -0.549806    -0.218439
0.003651    -0.543388    -0.217857
0.006772    -0.38766    -0.217174
0.027562    -0.288718    -0.210117
0.034913    -0.453136    -0.205148
0.026041    -0.233694    -0.211146
0.034434    -0.552251    -0.205472
0.007736    -0.137812    -0.186622
-0.031106    -0.209334    -0.207573
-0.028713    -0.250607    -0.209191
-0.02894    -0.343686    -0.209038
-0.02743    -0.463316    -0.210059
-0.037501    -0.1319    -0.154423
0.034093    -0.271173    -0.205702
0.038551    -0.287737    -0.202688
0.042186    -0.225287    -0.200231
0.027706    -0.243764    -0.21002
-0.009611    -0.117238    -0.142687
-0.026243    -0.531375    -0.210861
-0.040476    -0.505164    -0.201238
-0.038803    -0.477426    -0.20237
-0.036278    -0.528392    -0.204077
0.058943    -0.54818    -0.180571
0.049459    -0.493255    -0.191964
0.0559    -0.524124    -0.184227
0.058119    -0.537615    -0.18156
0.052195    -0.538575    -0.188677
0.04852    -0.145434    -0.187604
-0.061535    -0.147353    -0.177193
-0.043138    -0.383067    -0.199293
-0.053449    -0.322307    -0.186907
-0.045769    -0.358428    -0.196133
-0.052759    -0.184373    -0.187736
0.059769    -0.36309    -0.179579
0.062027    -0.417711    -0.176865
0.053542    -0.347819    -0.187059
0.054328    -0.292288    -0.186115
0.055977    -0.283314    -0.184133
0.035302    -0.136899    -0.170796
-0.073678    -0.143392    -0.13856
-0.060428    -0.40334    -0.178524
-0.054746    -0.399626    -0.185349
-0.061187    -0.463971    -0.177612
-0.05643    -0.546349    -0.183326
-0.058419    -0.345778    -0.180937
0.062974    -0.313227    -0.175212
0.071381    -0.439834    -0.159462
0.067342    -0.43762    -0.167029
0.070371    -0.450536    -0.161355
0.070467    -0.36874    -0.161174
0.067385    -0.550866    -0.166948
-0.035842    -0.094471    -0.084743
-0.063973    -0.358073    -0.17293
-0.066714    -0.265648    -0.167796
-0.063571    -0.244342    -0.173685
-0.064278    -0.413398    -0.17236
-0.06386    -0.430474    -0.173143
-0.068865    -0.280337    -0.163765
0.075453    -0.230752    -0.151833
0.074355    -0.405078    -0.15389
0.075527    -0.424286    -0.151693
0.066774    -0.238655    -0.168093
0.075172    -0.383598    -0.152359
0.075698    -0.398971    -0.151373
0.06035    -0.140205    -0.148658
-0.073227    -0.137663    -0.108758
-0.073775    -0.447013    -0.154566
-0.074061    -0.281807    -0.15403
-0.073011    -0.389214    -0.155998
-0.069372    -0.550205    -0.162816
-0.073625    -0.403953    -0.154848
-0.062292    -0.124734    -0.090579
0.084816    -0.542176    -0.128154
0.082622    -0.351151    -0.134437
0.079622    -0.524889    -0.143032
0.080956    -0.455617    -0.139211
0.083457    -0.341564    -0.132046
0.085216    -0.387412    -0.12701
0.015325    -0.106523    -0.124583
-0.023967    -0.072578    -0.075299
-0.084626    -0.292368    -0.128072
-0.081304    -0.249884    -0.137586
-0.078879    -0.388248    -0.144531
-0.080452    -0.305594    -0.140026
-0.080668    -0.159918    -0.139408
-0.083456    -0.175954    -0.131422
-0.077727    -0.136697    -0.091615
0.089981    -0.414375    -0.113364
0.090314    -0.179573    -0.11241
0.08478    -0.161591    -0.128258
0.089223    -0.459497    -0.115534
0.083895    -0.161812    -0.130792
0.088304    -0.202542    -0.118166
0.006919    -0.088893    -0.1055
-0.02864    -0.064922    -0.058451
-0.081824    -0.4945    -0.136097
-0.085457    -0.396045    -0.125692
-0.090581    -0.381497    -0.111018
-0.082169    -0.567464    -0.13511
-0.084257    -0.558204    -0.129128
-0.088752    -0.260144    -0.116257
-0.08535    -0.454874    -0.125998
0.095453    -0.371747    -0.090727
0.093939    -0.453358    -0.0978
0.0919    -0.289288    -0.107332
0.095802    -0.37458    -0.089097
0.096297    -0.556199    -0.08678
0.093889    -0.534264    -0.098035
0.094532    -0.56126    -0.095031
0.016231    -0.091622    -0.10429
-0.031319    -0.04353    -0.020074
-0.095144    -0.355018    -0.091147
-0.098681    -0.195061    -0.074619
-0.092582    -0.338328    -0.103119
-0.092398    -0.523776    -0.103979
-0.09749    -0.247037    -0.080186
-0.091593    -0.203388    -0.10774
-0.095158    -0.308913    -0.091084
-0.069313    -0.119658    -0.039026
0.097707    -0.349339    -0.080195
0.100059    -0.455453    -0.069201
0.093021    -0.186528    -0.102089
0.092619    -0.151408    -0.103972
0.09809    -0.308011    -0.078406
0.096764    -0.279619    -0.084599
0.097331    -0.225505    -0.081953
0.049332    -0.117333    -0.102219
-0.007829    -0.048586    -0.06918
-0.099351    -0.360134    -0.071488
-0.095171    -0.467827    -0.091022
-0.095857    -0.450116    -0.087817
-0.09645    -0.551379    -0.085044
-0.098425    -0.425644    -0.075813
-0.09884    -0.270193    -0.073875
-0.095843    -0.56522    -0.087882
-0.054658    -0.097203    -0.025505
0.101339    -0.376771    -0.059376
0.102897    -0.548294    -0.044122
0.101869    -0.462304    -0.054185
0.101775    -0.39628    -0.055104
0.101215    -0.52677    -0.060584
0.101942    -0.317434    -0.053471
0.101937    -0.386512    -0.053518
0.022233    -0.089214    -0.096883
-0.028281    -0.028907    -0.007363
-0.100461    -0.219568    -0.065827
-0.100611    -0.504262    -0.064359
-0.101305    -0.335705    -0.057561
-0.100956    -0.288402    -0.06098
-0.102026    -0.29708    -0.050504
-0.103641    -0.178619    -0.034697
-0.102126    -0.307383    -0.049529
-0.102724    -0.185333    -0.043669
-0.04562    -0.076831    -0.005212
0.102401    -0.268787    -0.048981
0.10207    -0.176544    -0.052214
0.104292    -0.415707    -0.030463
0.103448    -0.149226    -0.038727
0.103864    -0.3686    -0.034655
0.102941    -0.162983    -0.043695
0.10353    -0.155484    -0.037927
0.061699    -0.120243    -0.07886
-0.007059    -0.018215    -0.050254
-0.104632    -0.51433    -0.024996
-0.104058    -0.277026    -0.030613
-0.102243    -0.438803    -0.048381
-0.104709    -0.389826    -0.024242
-0.10175    -0.450049    -0.053202
-0.101577    -0.526306    -0.054901
-0.104522    -0.210051    -0.02607
-0.080107    -0.129044    0.00791
0.105179    -0.152684    -0.021721
0.105179    -0.457542    -0.013892
0.105179    -0.300574    -0.009576
0.105179    -0.518423    0.002529
0.105179    -0.368808    -0.009171
0.105179    -0.23853    -0.018131
0.105179    -0.570605    0.006061
0.105179    -0.470392    0.004759
0.066219    -0.120943    -0.063602
-0.022357    -0.008254    -0.014257
-0.10496    -0.252844    -0.00796
-0.10496    -0.399314    -0.006307
-0.10496    -0.182306    -0.010255
-0.10496    -0.543942    -0.018631
-0.10496    -0.160475    0.020042
-0.10496    -0.30549    -0.011671
-0.10496    -0.204889    -0.000762
-0.0874    -0.13549    0.023451
-0.026744    -0.024401    0.01259
0.105179    -0.223111    -0.001815
0.105179    -0.32054    0.019786
0.105179    -0.434148    0.011613
0.105179    -0.152297    0.013601
0.105179    -0.419333    0.020099
0.105179    -0.26481    0.016393
0.105179    -0.201708    0.022954
0.050549    -0.106282    -0.073922
-0.015482    0.006459    -0.026874
-0.10496    -0.342509    0.008451
-0.10496    -0.492142    0.01806
-0.10496    -0.326716    0.017958
-0.10496    -0.564341    -0.015402
-0.10496    -0.547878    0.000585
-0.10496    -0.50613    0.00971
-0.10496    -0.493286    0.016593
-0.082174    -0.133632    0.052622
-0.032989    -0.04783    0.021036
0.103474    -0.51615    0.04086
0.103121    -0.53878    0.044315
0.103429    -0.412186    0.041303
0.104676    -0.325218    0.029099
0.102713    -0.425312    0.04831
0.103859    -0.540423    0.037091
0.104679    -0.443616    0.02907
0.044068    -0.09924    -0.075928
0.10322    -0.146417    0.037332
-0.102484    -0.32884    0.048414
-0.101531    -0.244038    0.057745
-0.103307    -0.161863    0.040353
-0.103723    -0.317007    0.036287
-0.103018    -0.39642    0.043182
-0.103063    -0.221721    0.042748
-0.101204    -0.205953    0.060939
-0.088776    -0.141581    0.077852
-0.038117    -0.065764    0.031817
0.103058    -0.328496    0.044934
0.103809    -0.148099    0.037588
0.102491    -0.255404    0.050487
0.102046    -0.439286    0.054845
0.100772    -0.432991    0.067317
0.10138    -0.463009    0.061358
0.100609    -0.48881    0.068913
0.047113    -0.095555    -0.060096
-0.017592    0.025048    -0.001586
-0.103847    -0.532345    0.035066
-0.101392    -0.278107    0.059097
-0.101525    -0.311423    0.057801
-0.101186    -0.493874    0.061121
-0.101867    -0.311231    0.054447
-0.10183    -0.335635    0.054813
-0.104331    -0.566346    0.030333
-0.079257    -0.13582    0.081546
-0.029525    -0.046244    0.035652
0.098555    -0.287331    0.078619
0.097444    -0.536132    0.083813
0.098894    -0.255509    0.077035
0.096938    -0.549343    0.086178
0.096757    -0.469091    0.087021
0.099287    -0.329835    0.075202
0.097481    -0.539763    0.083639
0.063881    -0.111227    -0.029291
-0.015553    0.041641    0.001733
-0.100194    -0.385452    0.069936
-0.094231    -0.250058    0.097804
-0.100056    -0.509626    0.070582
-0.093186    -0.193645    0.102685
-0.096764    -0.316703    0.085968
-0.098927    -0.441252    0.075861
-0.09205    -0.154115    0.107994
-0.052103    -0.107972    0.075347
0.093467    -0.244954    0.102399
0.097323    -0.293322    0.084378
0.093935    -0.368203    0.10021
0.091647    -0.293793    0.110901
0.093537    -0.234464    0.102072
0.096598    -0.316078    0.087767
0.09328    -0.221775    0.103273
0.045791    -0.086718    -0.043776
-0.012888    0.056192    0.014117
-0.095066    -0.44823    0.093904
-0.093156    -0.329461    0.102826
-0.091657    -0.53471    0.109833
-0.092228    -0.379073    0.107163
-0.094982    -0.483333    0.094294
-0.096128    -0.503636    0.088941
-0.098495    -0.563843    0.077879
-0.062565    -0.124109    0.090234
-0.011338    0.051446    0.020842
0.085636    -0.555965    0.128196
0.091438    -0.505448    0.11158
0.07952    -0.551826    0.145712
0.084374    -0.408311    0.131811
0.089851    -0.248505    0.116126
0.083786    -0.466204    0.133496
0.052478    -0.094249    -0.032876
0.089623    -0.146243    0.113594
-0.089696    -0.515904    0.115943
-0.085597    -0.368162    0.127681
-0.088814    -0.2028    0.118468
-0.090297    -0.399165    0.11422
-0.088064    -0.458655    0.120617
-0.084744    -0.258828    0.130124
-0.060372    -0.139461    0.147029
-0.022281    -0.036239    0.044953
0.082448    -0.183325    0.137327
0.081422    -0.351898    0.140266
0.082807    -0.434091    0.1363
0.087909    -0.167806    0.121687
0.081265    -0.151409    0.140715
0.079597    -0.184305    0.145494
0.003365    0.040836    -0.031009
-0.009191    0.087914    0.020228
-0.088636    -0.536218    0.118978
-0.081157    -0.314252    0.140398
-0.082699    -0.347102    0.135982
-0.083949    -0.44774    0.132401
-0.083789    -0.46419    0.13286
-0.086881    -0.507531    0.124005
-0.060686    -0.14288    0.162834
-0.028559    -0.072488    0.070225
0.06889    -0.433426    0.16652
0.066438    -0.578393    0.171114
0.069281    -0.467901    0.165788
0.066727    -0.534151    0.170573
0.074565    -0.436138    0.155888
0.076883    -0.380779    0.151543
0.063123    -0.110245    0.032343
-0.077701    -0.455019    0.149602
-0.077815    -0.530865    0.149388
-0.071411    -0.343683    0.161387
-0.072521    -0.283089    0.159307
-0.07423    -0.336155    0.156105
-0.0742    -0.195088    0.156161
-0.03269    -0.101843    0.103493
0.066547    -0.353436    0.17091
0.063017    -0.430625    0.177524
0.068377    -0.371223    0.16748
0.064777    -0.284684    0.174226
0.069702    -0.337662    0.164998
0.068495    -0.273508    0.16726
0.060468    -0.10724    0.037672
-0.065975    -0.273286    0.171571
-0.071445    -0.408713    0.161323
-0.074569    -0.488104    0.155469
-0.062983    -0.575015    0.177176
-0.076656    -0.556627    0.15156
-0.065683    -0.469706    0.172119
-0.032174    -0.110968    0.119175
0.05188    -0.503958    0.191446
0.049014    -0.527267    0.194889
0.058667    -0.334685    0.183292
0.053543    -0.513942    0.189448
0.062121    -0.17041    0.179143
0.01043    0.027958    -0.027866
0.058326    -0.138917    0.149366
-0.049088    -0.225394    0.194537
-0.059545    -0.442306    0.181975
-0.056146    -0.405789    0.186057
-0.057706    -0.401098    0.184185
-0.057757    -0.200776    0.184122
-0.014047    -0.063315    0.078787
0.045971    -0.426293    0.198545
0.053569    -0.315809    0.189417
0.045537    -0.28084    0.199066
0.053055    -0.181496    0.190035
0.045736    -0.422613    0.198827
0.051666    -0.101062    0.059211
-0.051427    -0.403498    0.191727
-0.050623    -0.362459    0.192693
-0.05502    -0.563365    0.187411
-0.043448    -0.383031    0.201312
-0.045216    -0.265204    0.199188
-0.016987    -0.112185    0.134213
0.038342    -0.393064    0.205221
0.034234    -0.489572    0.207998
0.039425    -0.552007    0.204488
0.035179    -0.578537    0.207359
0.029409    -0.033002    -0.009562
0.054058    -0.124392    0.113216
-0.036946    -0.420266    0.206016
-0.041846    -0.242221    0.202703
-0.038065    -0.335166    0.205259
-0.035592    -0.162026    0.206932
-0.008994    -0.140719    0.197356
0.023945    -0.508169    0.214954
0.029693    -0.204669    0.211068
0.025214    -0.345555    0.214096
0.034024    -0.286908    0.20814
0.025521    -0.019672    -0.011508
0.045466    -0.130413    0.143285
-0.02644    -0.557966    0.213119
-0.02745    -0.328134    0.212436
-0.028726    -0.323824    0.211573
-0.03747    -0.5133    0.205661
2.1e-05    -0.143868    0.210611
0.010712    -0.47502    0.218703
0.020106    -0.222614    0.216649
0.013118    -0.377375    0.218177
0.016921    -0.297306    0.217345
0.045646    -0.09218    0.060174
-0.014744    -0.272142    0.217774
-0.020663    -0.376496    0.216479
-0.016818    -0.149822    0.21732
-0.006343    -0.263717    0.219611
0.001456    -0.136383    0.186851
0.0017    -0.354018    0.220674
0.013623    -0.224171    0.218067
0.002649    -0.154236    0.220467
0.002446    -0.46085    0.220511
0.040895    -0.086033    0.061918
-0.013114    -0.540585    0.21813
-0.007716    -0.436583    0.21931
-0.003508    -0.542796    0.220231
-0.006078    -0.40467    0.219669
0.001517    -0.038255    0.066074
0.035683    -0.087673    0.077465
0.007089    -0.029258    0.059313
0.026731    -0.109617    0.123747
0.026848    -0.033309    0.028774
0.012446    -0.033064    0.057856
0.023305    -0.072092    0.07824
0.018152    -0.027689    0.046621
0.020058    -0.005716    0.02558
0.013302    0.079059    0.005241
0.009342    0.199336    -0.017052
0.012808    0.191893    -0.027919
-0.023195    0.152973    -0.042085
-0.027349    0.147802    -0.03239
-0.020405    0.144825    -0.047639
0.015091    0.156717    -0.052054
-0.023469    0.180039    0.025141
-0.031989    0.147431    0.003731
0.011672    0.139676    -0.056113
-0.015603    0.187665    0.035067
-0.025294    0.114468    -0.010894
0.008936    0.196503    0.02823
-0.025793    0.138927    0.036795
0.011508    0.120099    -0.048615
0.029604    0.157327    0.010699
-0.014685    0.134939    0.055725
-0.019661    0.106432    0.02334
0.019428    0.115117    -0.030845
0.022657    0.116019    -0.021823
0.006763    0.100684    -0.033461
0.008693    0.126243    0.056102
-0.020462    0.096276    0.010565
0.01232    0.10145    0.027281
0.015462    0.092302    -0.032592
-0.019706    0.090003    -0.031728
0.02592    0.09004    0.01252
-0.003594    0.090003    -0.019516
0.021559    0.090003    -0.013449
