0.046719    0.12509    0.041812
-0.058685    0.121203    0.025423
0.061471    0.124952    -0.002104
-0.065431    0.113412    0.019687
-0.058665    0.125488    -0.024894
0.05064    0.12603    -0.0389
0.06554    0.129483    0.014838
-0.042149    0.126458    -0.049426
-0.045386    0.113195    -0.04984
-0.064476    0.107299    -0.02691
0.002025    0.103288    0.071958
-0.052287    0.107479    -0.046195
-0.054297    0.105772    -0.044498
-0.050992    0.099172    0.052597
0.025777    0.098999    0.067801
0.064988    0.101589    -0.028158
0.029106    0.134177    -0.059905
-0.066993    0.134593    -0.007972
0.004023    0.098639    -0.071492
-0.046505    0.097259    -0.055081
0.063663    0.093713    0.034608
0.044758    0.139383    -0.046748
-0.065327    0.13869    -0.00811
-0.065787    0.088182    -0.023708
0.070365    0.088952    0.001812
-0.002214    0.14376    0.061788
-0.031987    0.08528    0.059677
0.054208    0.08497    0.038112
0.031945    0.14509    0.049542
0.001842    0.14548    0.019911
0.027852    0.14548    -0.027293
-0.013175    0.14548    0.008543
-0.02404    0.14548    -0.000192
0.046816    0.14548    0.030021
-0.008375    0.14548    -0.04009
0.007465    0.14548    -0.029427
0.015875    0.14548    -0.025227
-0.027333    0.14548    -0.035736
-0.041559    0.14548    -0.038463
-0.041878    0.083369    0.046655
-0.059082    0.083213    -0.011016
0.008187    0.07698    0.057482
-0.051267    0.075347    0.027906
-0.043857    0.06942    -0.036864
-0.018442    0.074804    0.055337
-0.057316    0.064008    0.006858
-0.027817    0.063801    -0.049927
-0.039747    0.057045    0.042792
-0.057668    0.050193    -0.005347
0.056409    0.065965    -0.006648
0.036049    0.052473    0.045185
0.056105    0.050846    0.012419
-0.013132    0.080634    -0.055658
0.056586    0.05225    -0.007128
0.035431    0.033142    0.04683
0.059053    0.025148    0.001227
0.003845    0.043088    -0.057041
0.012226    0.037035    0.05766
-0.04563    0.029836    0.038096
0.055483    0.031386    -0.017456
0.013298    0.056684    -0.05541
0.04262    0.052718    -0.037724
-0.047623    0.019997    0.036745
0.054661    0.022954    -0.021037
0.015753    0.04683    -0.055057
-0.001161    0.010847    0.061593
-0.055098    0.00635    0.028079
-0.060506    0.002152    -0.014069
0.021535    0.037367    -0.053162
0.000276    -0.014219    0.065227
-0.061194    -0.007531    0.018536
0.054626    0.010727    -0.024637
0.040296    0.021445    -0.042828
-0.007251    -0.010637    0.063827
0.036603    -0.015055    0.05324
0.056007    -0.00146    -0.025245
-0.013611    -0.015246    -0.062407
0.044097    0.013772    -0.040171
-0.063922    -0.022723    0.01869
0.063428    -0.021548    0.016509
-0.033575    -0.02036    -0.055925
0.05278    -0.004256    -0.032667
-0.049109    -0.033771    0.048696
0.059684    -0.029382    0.030633
-0.051968    -0.028482    -0.041827
0.029973    -0.035626    -0.060649
-0.034325    -0.04564    0.063018
0.036583    -0.054917    0.064245
0.063927    -0.037978    -0.023728
-0.004025    -0.046132    -0.070178
-0.005579    -0.048554    0.071931
-0.074195    -0.057465    0.003967
0.06965    -0.05698    0.023567
-0.050662    -0.054596    -0.05261
0.03718    -0.050143    -0.06092
-0.037142    -0.070503    0.069205
-0.07894    -0.073573    -0.002686
0.07446    -0.068454    -0.018863
-0.008679    -0.067118    -0.075261
0.071651    -0.066321    -0.024307
-0.061161    -0.073639    0.050148
0.055008    -0.074514    0.057223
-0.074461    -0.074663    -0.026018
0.007719    -0.080404    -0.079332
0.008193    -0.090874    0.084303
-0.074639    -0.083186    0.033977
0.058861    -0.081897    0.056316
-0.0837    -0.096449    -0.022942
0.008957    -0.087299    -0.081599
0.014268    -0.088286    0.082586
-0.076254    -0.097766    0.043463
0.05709    -0.08563    0.060166
-0.08191    -0.098825    -0.029445
-0.019049    -0.08417    -0.079266
0.07684    -0.097375    -0.038445
-0.055794    -0.103523    0.069754
0.0324    -0.105876    0.083851
0.090079    -0.108085    -0.003253
-0.000841    -0.117605    -0.093792
0.073895    -0.107061    -0.050086
-0.053186    -0.118618    0.078746
-0.086545    -0.102917    -0.02155
0.089145    -0.110189    0.01761
-0.056462    -0.109979    -0.070896
0.056243    -0.112816    -0.071772
-0.010212    -0.124241    0.096257
-0.092527    -0.129234    0.033799
0.07502    -0.119373    0.05737
-0.095771    -0.133881    -0.028878
0.0101    -0.125456    -0.095261
0.084269    -0.121143    -0.043098
-0.061228    -0.1358    0.080156
-0.098205    -0.131322    -0.011245
0.090667    -0.13452    0.041215
-0.086081    -0.13732    -0.052958
0.031393    -0.125274    -0.09052
0.001295    -0.149648    0.106074
-0.084112    -0.143123    0.060031
0.027654    -0.147058    0.101471
0.099994    -0.141531    0.019801
-0.068205    -0.140741    -0.075571
0.039666    -0.14301    -0.093704
0.022588    -0.149665    0.103276
-0.080154    -0.154592    0.071451
0.049254    -0.139145    0.089678
0.101491    -0.148501    0.02617
-0.063544    -0.150941    -0.08342
0.030123    -0.148067    -0.099476
-0.00018    -0.162008    0.110307
-0.089297    -0.166372    0.065673
-0.108579    -0.163763    -0.014826
0.102061    -0.15654    0.032941
-0.089616    -0.158134    -0.059659
0.025453    -0.169692    -0.108038
0.099692    -0.157844    -0.038397
-0.071057    -0.171642    0.08732
-0.111956    -0.171235    0.008542
0.084194    -0.17013    0.073238
-0.10311    -0.174809    -0.046011
-0.054921    -0.171026    -0.097508
0.068631    -0.167741    -0.085692
-0.021904    -0.18239    0.113849
-0.087232    -0.175771    0.073202
0.049008    -0.179652    0.103819
0.11724    -0.189773    0.005189
-0.098872    -0.178254    -0.057912
0.025547    -0.180665    -0.111412
0.110361    -0.179693    -0.030405
-0.031832    -0.185889    0.113271
-0.112962    -0.18037    0.022222
0.074921    -0.183855    0.088405
0.116913    -0.186816    0.000411
-0.081469    -0.17862    -0.080685
0.031973    -0.192819    -0.113784
0.104432    -0.185491    -0.049234
-0.0725    -0.200131    0.096844
-0.119912    -0.201114    0.015814
0.086779    -0.195394    0.082319
0.116774    -0.197854    -0.025307
-0.035761    -0.209256    -0.117555
0.059846    -0.201587    -0.10492
0.026514    -0.212513    0.121865
-0.067982    -0.20549    0.102208
-0.12327    -0.207549    -0.002813
0.095008    -0.20471    0.075892
0.121273    -0.208367    -0.013751
-0.034633    -0.211524    -0.118712
0.035341    -0.200056    -0.114607
0.117897    -0.212259    -0.036735
-0.073334    -0.213025    0.100763
-0.126814    -0.223433    0.010042
0.079505    -0.217563    0.096931
0.126682    -0.221848    -0.000506
-0.063766    -0.218406    -0.108561
0.013958    -0.220935    -0.12443
0.118791    -0.218585    -0.038968
-0.04234    -0.218519    0.118878
-0.117955    -0.229809    0.051975
0.067322    -0.231431    0.110896
0.126817    -0.227049    0.011342
-0.09868    -0.23155    -0.082664
-0.012034    -0.226996    -0.126401
0.088205    -0.2317    -0.093626
-0.025847    -0.232088    0.127273
-0.11372    -0.237002    0.066626
-0.127785    -0.23457    -0.023517
0.11539    -0.248758    0.068194
0.128977    -0.234949    -0.009188
-0.051914    -0.234029    -0.117972
0.058422    -0.232589    -0.114564
0.120019    -0.234446    -0.046834
-0.044774    -0.249553    0.126419
-0.116252    -0.244491    0.065666
0.063493    -0.244805    0.117067
0.12954    -0.244034    0.023464
-0.095547    -0.239225    -0.089876
-0.016105    -0.243076    -0.129959
0.07553    -0.241026    -0.106263
0.016291    -0.253284    0.133677
-0.095983    -0.253772    0.096427
-0.137174    -0.261193    0.002696
0.072578    -0.260355    0.115695
0.134157    -0.257988    0.013957
-0.072678    -0.258128    -0.11424
0.01738    -0.251558    -0.131794
0.114178    -0.255718    -0.071139
-0.011462    -0.263926    0.136893
-0.097054    -0.255282    0.095656
-0.133727    -0.2598    -0.025081
0.098821    -0.265064    0.096034
0.13557    -0.269699    -0.022587
-0.087345    -0.269053    -0.106166
0.0066    -0.265793    -0.136527
0.097019    -0.259257    -0.094844
-0.021997    -0.273404    0.13766
-0.106375    -0.271574    0.089652
-0.136945    -0.273499    -0.024456
0.117194    -0.279698    0.077384
0.136521    -0.280666    -0.033448
-0.087396    -0.272742    -0.107149
0.032354    -0.283103    -0.136955
0.107299    -0.272158    -0.086288
-0.026603    -0.285548    0.13968
-0.108428    -0.284901    0.091666
-0.137263    -0.278423    -0.030123
0.113636    -0.288595    0.085152
0.138824    -0.279139    -0.013443
-0.112539    -0.282969    -0.084295
-0.01574    -0.289452    -0.14062
0.073209    -0.279039    -0.119128
0.032776    -0.29147    0.140013
-0.080044    -0.29063    0.118933
-0.142947    -0.290952    0.008688
0.073876    -0.302728    0.126083
0.139868    -0.292287    0.028095
-0.119822    -0.295992    -0.079215
-0.011049    -0.290557    -0.14146
0.095554    -0.302359    -0.10802
0.024892    -0.298159    0.142387
-0.049213    -0.300485    0.136602
-0.128654    -0.307788    0.071788
0.056414    -0.306691    0.134622
0.126848    -0.306342    0.073495
-0.12707    -0.296832    -0.06861
-0.044434    -0.306895    -0.138619
0.012304    -0.303888    -0.143853
0.119306    -0.307509    -0.082604
-0.030097    -0.310255    0.1442
-0.126183    -0.314567    0.078153
-0.146412    -0.317402    -0.020101
0.126174    -0.317981    0.078155
0.148751    -0.320012    2e-05
-0.121359    -0.314397    -0.083052
-0.009485    -0.312058    -0.145908
0.086984    -0.309045    -0.116264
0.032499    -0.312951    0.144275
-0.096148    -0.32761    0.115426
-0.137433    -0.319246    0.056086
0.059474    -0.318855    0.135787
0.141206    -0.325051    0.04783
-0.13869    -0.32567    -0.054768
-0.063505    -0.326218    -0.134556
0.002537    -0.323344    -0.148786
0.118584    -0.324619    -0.088691
0.016879    -0.338558    0.149151
-0.035174    -0.336308    0.146845
-0.07372    -0.358606    0.132074
-0.103957    -0.367664    0.109598
-0.134675    -0.344397    0.067062
-0.150651    -0.329822    0.004464
-0.150591    -0.35621    -0.003578
0.048385    -0.335093    0.142243
0.0954    -0.331959    0.115558
0.128904    -0.340159    0.077689
0.142628    -0.342547    0.045953
0.145743    -0.341209    -0.03441
-0.14421    -0.337866    -0.042704
-0.065681    -0.337887    -0.134069
-0.010595    -0.332227    -0.148743
0.022966    -0.333714    -0.147011
0.055283    -0.344114    -0.13805
0.099085    -0.338002    -0.111394
0.141504    -0.329315    -0.047331
0.013191    -0.373081    0.149637
-0.011773    -0.375474    0.149927
-0.044167    -0.365892    0.144317
-0.079179    -0.369801    0.12861
-0.125977    -0.369732    0.082532
-0.136241    -0.373126    0.06328
-0.146336    -0.366842    -0.035899
0.057616    -0.374797    0.138419
0.090283    -0.357074    0.119484
0.125941    -0.371215    0.08155
0.130189    -0.348984    0.075985
0.148885    -0.374822    0.011882
0.149217    -0.375051    -0.008022
-0.134767    -0.372861    -0.0655
-0.04449    -0.374075    -0.142848
-0.030065    -0.343015    -0.146181
0.013617    -0.349776    -0.148241
0.041757    -0.345399    -0.143653
0.098659    -0.373614    -0.111721
0.126619    -0.37466    -0.079327
0.006195    -0.44721    0.150558
0.000717    -0.541093    0.15128
0.03192    -0.376963    0.14717
0.03129    -0.384632    0.147253
0.016696    -0.511103    0.149175
0.007974    -0.457251    0.150324
0.002964    -0.445759    0.150984
-0.032483    -0.556595    0.1472
-0.034628    -0.43492    0.146917
-0.018972    -0.45864    0.148979
-0.037168    -0.429294    0.146583
-0.011249    -0.387245    0.149996
0.039662    -0.661964    0.145857
0.038942    -0.38866    0.146155
0.040155    -0.547939    0.145653
0.050359    -0.384723    0.141425
0.04614    -0.424972    0.143173
0.05079    -0.618374    0.141247
0.040607    -0.589061    0.145465
0.079451    -0.581644    0.127796
0.082662    -0.639099    0.125332
0.105388    -0.380757    0.107894
0.08972    -0.518459    0.119916
0.076745    -0.524454    0.129872
0.083317    -0.646561    0.124829
0.088434    -0.377529    0.120903
0.110805    -0.406547    0.101273
0.112987    -0.567833    0.09843
0.107113    -0.498477    0.106084
0.120692    -0.491942    0.08839
0.121984    -0.384339    0.086706
0.108385    -0.433201    0.104426
0.108313    -0.489525    0.10452
0.145035    -0.420556    0.040142
0.149219    -0.40368    0.009347
0.147619    -0.382846    -0.020157
0.133142    -0.382943    -0.067517
-0.085066    -0.328508    -0.120595
-0.065997    -0.515069    -0.133938
-0.051458    -0.467694    -0.139961
-0.068802    -0.531843    -0.132776
-0.045707    -0.393919    -0.142344
-0.065796    -0.573023    -0.134022
-0.064361    -0.435863    -0.134616
-0.079964    -0.35961    -0.125697
-0.11509    -0.371013    -0.090571
-0.003351    -0.413154    -0.149696
0.063628    -0.384952    -0.134593
0.095623    -0.387006    -0.114051
0.108068    -0.406416    -0.103502
0.031938    -0.600986    0.147168
0.021141    -0.673034    0.14859
0.021008    -0.663758    0.148607
0.013357    -0.639787    0.149615
0.012617    -0.700643    0.149712
0.034735    -0.64197    0.146799
0.003897    -0.743205    0.150861
-0.001459    -0.519105    0.151286
-0.012218    -0.709916    0.149869
-0.012608    -0.675065    0.149817
-0.010063    -0.748027    0.150153
-0.003151    -0.546363    0.151063
-0.007923    -0.604384    0.150434
-0.018947    -0.709939    0.148983
-0.039032    -0.736102    0.146337
0.068632    -0.587661    0.133855
0.059178    -0.576857    0.137772
0.047438    -0.674104    0.142636
0.069674    -0.583689    0.133424
0.063577    -0.744882    0.135949
0.069528    -0.565324    0.133484
0.066241    -0.492921    0.134846
0.104899    -0.648036    0.108269
0.086692    -0.621088    0.12224
0.101195    -0.52341    0.111111
0.089221    -0.634847    0.120299
0.105963    -0.586622    0.107453
0.098193    -0.647645    0.113415
0.085035    -0.643325    0.123511
0.13005    -0.422093    0.076196
0.138812    -0.422069    0.055166
0.147437    -0.42078    0.022878
0.148951    -0.396751    -0.010037
0.142624    -0.390262    -0.044627
0.111966    -0.419013    -0.098423
-0.06132    -0.687984    -0.135876
-0.052153    -0.536258    -0.139673
-0.058303    -0.573798    -0.137126
-0.044318    -0.522558    -0.142919
-0.060693    -0.595001    -0.136135
-0.044887    -0.654833    -0.142683
-0.044276    -0.673017    -0.142937
-0.031124    -0.386975    -0.146042
-0.027265    -0.407211    -0.146549
-0.016077    -0.425795    -0.148022
0.001281    -0.416989    -0.149865
0.048116    -0.416981    -0.141019
0.075232    -0.398956    -0.129698
-0.044347    -0.695932    0.144243
-0.073083    -0.738859    0.132338
-0.075482    -0.741556    0.131344
-0.103117    -0.702799    0.110242
-0.108979    -0.724206    0.104681
-0.131045    -0.756612    0.075826
-0.131856    -0.721974    0.073867
-0.146464    -0.744815    0.03626
-0.149925    -0.69222    -0.008635
-0.14984    -0.73602    -0.009278
0.110396    -0.704464    0.101806
0.128405    -0.61862    0.078338
0.129462    -0.597714    0.076962
-0.144309    -0.723293    -0.042464
-0.142091    -0.687491    -0.047818
-0.125984    -0.690481    -0.081184
-0.046229    -0.749294    -0.142127
-0.03006    -0.600868    -0.146182
-0.024773    -0.623375    -0.146877
-0.036229    -0.754925    -0.14537
-0.033818    -0.467495    -0.145687
-0.012409    -0.688924    -0.148504
-0.025842    -0.680454    -0.146737
-0.032061    -0.534935    -0.145918
-0.088184    -0.685836    -0.120365
-0.080252    -0.734172    -0.126451
-0.0126    -0.568656    -0.148479
-0.017451    -0.566149    -0.147841
-0.077588    -0.736268    0.12983
-0.087521    -0.757339    0.122209
-0.125199    -0.737934    0.083546
-0.143122    -0.706243    0.046667
-0.139162    -0.757257    0.056227
-0.15098    -0.685588    0.001963
-0.148883    -0.751152    -0.016551
0.12275    -0.677467    0.085708
0.121269    -0.735095    0.087637
0.129238    -0.71875    0.077253
-0.142548    -0.749975    -0.046715
-0.11319    -0.757748    -0.097857
-0.116472    -0.750378    -0.09358
-0.093259    -0.738642    -0.116471
0.00652    -0.70247    -0.149175
0.012425    -0.667037    -0.148398
0.010829    -0.664553    -0.148608
0.038258    -0.657138    -0.144999
0.00675    -0.63487    -0.149145
0.138247    -0.641571    0.056532
0.135491    -0.635241    0.063184
0.138775    -0.660069    0.055255
0.148879    -0.705791    0.011923
0.149763    -0.688241    0.005211
0.149381    -0.715674    0.008115
0.14793    -0.644901    -0.017795
0.147951    -0.646069    -0.017633
0.130368    -0.625862    -0.074214
0.131332    -0.63808    -0.071885
0.136811    -0.688671    -0.058659
0.11582    -0.639567    -0.0934
0.121994    -0.625904    -0.085354
0.041582    -0.657636    -0.143726
0.05342    -0.740239    -0.138822
0.042065    -0.699419    -0.143526
0.06298    -0.712115    -0.134861
0.057061    -0.684548    -0.137313
0.090961    -0.67829    -0.117628
0.085886    -0.662804    -0.121523
0.097584    -0.713377    -0.112546
0.143945    -0.713642    0.042773
0.137897    -0.742467    0.057375
0.145896    -0.72025    0.034579
0.146119    -0.651922    0.032888
0.145997    -0.704834    0.033813
0.148052    -0.703278    -0.016873
0.149107    -0.747196    -0.008855
0.145085    -0.670232    -0.038686
0.136719    -0.73412    -0.058882
0.137566    -0.691088    -0.056838
0.125393    -0.684464    -0.080924
0.123215    -0.666558    -0.083762
0.119271    -0.727909    -0.088903
0.096055    -0.721834    -0.11372
0.090817    -0.730839    -0.117739
-0.056957    -0.471492    0.139019
-0.072495    -0.507327    0.132581
-0.069587    -0.492521    0.133786
-0.102108    -0.555241    0.111017
-0.099714    -0.519064    0.112853
-0.099461    -0.524599    0.113048
-0.114541    -0.380165    0.097434
-0.122247    -0.467943    0.087393
-0.1174    -0.490712    0.093709
-0.136106    -0.418552    0.063606
-0.135446    -0.414354    0.065199
-0.147505    -0.393798    0.028354
-0.147386    -0.384129    0.029258
-0.147508    -0.491503    0.028332
-0.149347    -0.400921    -0.013023
-0.149871    -0.47523    -0.009043
-0.150017    -0.382675    -0.007935
-0.137289    -0.53868    -0.059411
-0.134039    -0.518923    -0.067259
-0.1326    -0.506025    -0.070733
-0.054091    -0.616953    0.140206
-0.064851    -0.647702    0.135749
-0.091784    -0.666525    0.118938
-0.081794    -0.549937    0.126604
-0.08444    -0.483937    0.124573
-0.129666    -0.519222    0.077725
-0.125167    -0.56249    0.083587
-0.12257    -0.677918    0.086972
-0.140907    -0.652844    0.052015
-0.137642    -0.557209    0.059899
-0.14065    -0.536131    0.052634
-0.146212    -0.678666    0.038176
-0.15014    -0.510167    0.008343
-0.14999    -0.565346    0.009482
-0.146672    -0.418317    -0.033343
-0.149864    -0.642886    -0.009099
-0.139141    -0.616593    -0.05494
-0.136645    -0.572829    -0.060965
-0.13712    -0.639324    -0.059819
-0.123498    -0.557815    -0.084423
-0.111624    -0.673185    -0.099898
-0.123103    -0.639255    -0.084939
-0.088239    -0.566716    -0.120323
-0.086027    -0.554011    -0.12202
-0.077608    -0.522375    -0.12848
-0.121886    -0.479421    -0.086524
-0.118026    -0.486696    -0.091555
-0.111933    -0.406525    -0.099495
-0.084181    -0.41026    -0.123437
-0.091303    -0.389701    -0.117972
-0.052386    -0.421054    0.140912
-0.062344    -0.391507    0.136787
-0.074679    -0.466144    0.131677
-0.097013    -0.405003    0.114926
-0.0959    -0.52945    0.11578
-0.094054    -0.520559    0.117196
-0.120814    -0.495608    0.08926
-0.117287    -0.385981    0.093855
-0.118028    -0.381264    0.09289
-0.13159    -0.537461    0.07451
-0.138034    -0.532888    0.05895
-0.131871    -0.645796    0.073831
-0.14661    -0.516376    0.035152
-0.149522    -0.395578    0.013035
-0.148043    -0.4396    -0.022929
-0.146308    -0.385576    -0.036108
-0.15034    -0.524331    -0.005486
-0.132702    -0.451599    -0.070487
-0.137331    -0.485515    -0.05931
-0.133524    -0.627031    -0.068501
-0.058738    -0.574617    0.138281
-0.041733    -0.521244    0.145326
-0.041675    -0.604611    0.14535
-0.082635    -0.472869    0.125958
-0.076055    -0.412413    0.131007
-0.120017    -0.553866    0.090299
-0.130926    -0.491552    0.076084
-0.119562    -0.664148    0.090892
-0.142464    -0.473877    0.048255
-0.143971    -0.633658    0.044617
-0.14185    -0.673579    0.049737
-0.148863    -0.651251    0.018042
-0.150939    -0.482741    0.002276
-0.150634    -0.675901    0.004587
-0.146529    -0.592044    -0.034429
-0.148264    -0.583039    -0.021251
-0.147644    -0.514591    -0.025962
-0.14399    -0.623454    -0.043235
-0.13872    -0.563688    -0.055956
-0.12257    -0.563614    -0.085633
-0.12086    -0.665534    -0.087861
-0.121297    -0.499388    -0.087292
-0.100645    -0.666534    -0.110804
-0.097704    -0.62708    -0.11306
-0.08097    -0.488924    -0.1259
0.136489    -0.520876    0.060776
0.132357    -0.482982    0.070752
0.145613    -0.596704    0.036735
0.146501    -0.494963    0.029985
0.147507    -0.448732    -0.021005
0.148596    -0.484909    -0.012737
0.137218    -0.447976    -0.057676
0.133845    -0.525877    -0.065818
0.109059    -0.502261    -0.102212
-0.116491    -0.518216    -0.093555
-0.108884    -0.409007    -0.103469
-0.110238    -0.580512    -0.101704
-0.106975    -0.553917    -0.105947
-0.104632    -0.404942    -0.107744
-0.106542    -0.417264    -0.106279
0.001351    -0.491873    -0.149855
0.01802    -0.606677    -0.147662
0.033315    -0.581042    -0.14565
0.036063    -0.510247    -0.145288
0.069393    -0.441557    -0.132205
0.072027    -0.489069    -0.131114
0.10345    -0.526807    -0.108045
0.100892    -0.521433    -0.110008
0.143092    -0.520709    0.044833
0.131773    -0.611563    0.072161
0.149056    -0.555193    0.010578
0.148158    -0.571604    0.017399
0.148556    -0.508162    -0.01304
0.149079    -0.513502    -0.00907
0.137622    -0.536988    -0.056702
0.120155    -0.521675    -0.087751
0.12338    -0.54503    -0.083548
-0.005988    -0.59782    -0.150085
0.054038    -0.59955    -0.138566
0.057719    -0.537151    -0.137041
0.100402    -0.592241    -0.110384
0.085736    -0.521814    -0.121638
-0.124857    -0.759055    -0.08015
0.128496    -0.759055    0.07461
0.145541    -0.759055    0.019628
0.114384    -0.759055    -0.088335
0.138388    -0.483362    0.056191
0.148226    -0.471347    0.016889
0.14562    -0.504005    0.036676
0.145267    -0.557886    -0.03802
0.145855    -0.592242    -0.03356
0.133147    -0.534631    -0.067505
0.131304    -0.481976    -0.071954
0.115955    -0.509596    -0.093225
0.015741    -0.51474    -0.147962
0.006932    -0.570519    -0.149121
-0.005758    -0.433507    -0.150085
0.03819    -0.474993    -0.145008
0.065682    -0.443147    -0.133742
0.074261    -0.474084    -0.130188
0.100687    -0.444197    -0.110165
0.096126    -0.521574    -0.113665
0.136557    -0.601978    0.06061
0.138594    -0.510525    0.055692
0.148507    -0.552845    0.014752
0.147989    -0.583105    0.018684
0.146269    -0.584496    -0.030416
0.13513    -0.612658    -0.062716
0.144857    -0.607049    -0.039237
0.125118    -0.606649    -0.081283
0.121996    -0.589545    -0.085352
0.064875    -0.618061    -0.134076
0.056747    -0.610487    -0.137443
0.092171    -0.568186    -0.1167
0.076805    -0.557572    -0.128491
-0.037189    -0.740971    0.140119
-0.02142    -0.620628    0.142196
-0.014302    -0.678884    0.143133
-0.030803    -0.651973    0.14096
-0.029211    -0.64322    0.14117
-0.033744    -0.509322    0.140572
0.003028    -0.550458    0.144514
0.010867    -0.740606    0.143482
0.035461    -0.746951    0.140242
0.013902    -0.630955    0.143082
0.016022    -0.750427    0.142803
0.03512    -0.754393    0.140287
-0.057007    -0.701775    0.132065
-0.069893    -0.501695    0.126726
-0.066479    -0.629535    0.128141
-0.046956    -0.747743    0.136229
-0.072311    -0.543713    0.125725
-0.055217    -0.725992    0.132806
0.037588    -0.65937    0.139782
0.063483    -0.6962    0.129055
0.048398    -0.570829    0.135304
0.038507    -0.513384    0.139401
0.038243    -0.441679    0.139511
0.058358    -0.730929    0.131178
0.05004    -0.74398    0.134624
0.087207    -0.641222    0.113772
0.100841    -0.750309    0.103312
0.080775    -0.68157    0.118707
0.079712    -0.676084    0.119523
0.08991    -0.637639    0.111698
0.084172    -0.594208    0.116101
0.114183    -0.707804    0.08635
0.117893    -0.620599    0.081516
0.120241    -0.684662    0.078456
0.109991    -0.646258    0.091814
0.124411    -0.593934    0.073022
0.123015    -0.438179    0.074841
-0.022225    -0.54696    0.14209
-0.015759    -0.60559    0.142941
-0.010257    -0.621758    0.143666
-0.008736    -0.5826    0.143866
-0.001164    -0.586776    0.144864
-0.025838    -0.417523    0.141614
-0.050817    -0.565706    0.134629
-0.038418    -0.544273    0.139766
-0.04909    -0.434744    0.135344
-0.043507    -0.631837    0.137657
-0.071572    -0.408326    0.126031
-0.053138    -0.544896    0.133668
0.009929    -0.413698    0.143605
0.018507    -0.473186    0.142475
0.001553    -0.419797    0.144708
0.018439    -0.516897    0.142484
0.019386    -0.527828    0.14236
0.020685    -0.502984    0.142188
-0.073162    -0.662516    0.125153
-0.090685    -0.540751    0.111709
-0.098712    -0.43084    0.105551
-0.073293    -0.445879    0.125053
-0.094296    -0.432885    0.108938
-0.08929    -0.509444    0.112779
-0.09349    -0.689288    0.109557
-0.097333    -0.669105    0.106608
-0.094913    -0.68296    0.108465
-0.08395    -0.684865    0.116877
-0.091526    -0.744926    0.111064
-0.100739    -0.455093    0.103995
-0.090387    -0.713812    0.111938
0.048026    -0.453155    0.135458
0.060352    -0.572942    0.130352
0.058591    -0.464635    0.131082
0.06142    -0.426271    0.12991
0.057704    -0.479423    0.131449
0.063709    -0.527931    0.128961
0.081332    -0.465679    0.11828
0.09596    -0.422273    0.107057
0.093084    -0.578329    0.109263
0.093998    -0.443474    0.108562
0.082371    -0.455818    0.117483
0.093109    -0.646057    0.109244
0.107442    -0.452766    0.095135
0.101947    -0.505944    0.102298
0.111527    -0.48192    0.089812
0.110891    -0.416972    0.090641
0.110964    -0.539588    0.090546
0.115231    -0.45173    0.084985
0.127433    -0.460346    0.0659
0.126092    -0.67731    0.069137
0.138085    -0.412985    0.040183
0.129897    -0.411061    0.05995
0.12887    -0.462103    0.06243
0.129337    -0.572875    0.061303
-0.080663    -0.651838    -0.118062
-0.089388    -0.719404    -0.111369
-0.077958    -0.521058    -0.120138
-0.076895    -0.559852    -0.120953
-0.09648    -0.751299    -0.105928
-0.076085    -0.612886    -0.121575
-0.042869    -0.531994    -0.136585
-0.054024    -0.594942    -0.131964
-0.04952    -0.755085    -0.13383
-0.048715    -0.670699    -0.134164
-0.051035    -0.605198    -0.133203
-0.041434    -0.73954    -0.13718
-0.006815    -0.629163    -0.14278
-0.01048    -0.58052    -0.142298
-0.01004    -0.622529    -0.142356
-0.030438    -0.743434    -0.139671
-0.007954    -0.559046    -0.14263
-0.020793    -0.692292    -0.14094
-0.013542    -0.740341    -0.141895
-0.027928    -0.407579    -0.054997
-0.031321    -0.407579    -0.02982
-0.023962    -0.407579    0.081582
-0.006946    -0.407579    0.107729
-0.058733    -0.407579    0.076621
-0.062798    -0.407579    0.047297
-0.067277    -0.407579    0.024576
-0.056417    -0.407579    0.036702
0.010318    -0.407579    0.047263
0.030095    -0.407579    0.102325
0.025118    -0.407579    0.071087
0.013322    -0.407579    0.029644
0.001302    -0.407579    0.021795
-0.096776    -0.407579    0.047912
-0.101171    -0.407579    0.015256
-0.080115    -0.407579    0.079452
-0.104879    -0.734924    0.099505
-0.104049    -0.623074    0.100587
-0.120461    -0.713331    0.079198
-0.102969    -0.416913    0.101994
-0.10386    -0.484346    0.100833
-0.104639    -0.647146    0.099817
-0.138619    -0.743361    0.040798
-0.126465    -0.555647    0.070143
-0.132571    -0.690834    0.0554
-0.135988    -0.716413    0.04715
-0.128085    -0.557847    0.066232
-0.12836    -0.553121    0.065569
-0.13426    -0.68426    0.051322
-0.140086    -0.678078    0.03563
-0.142913    -0.715051    0.014159
-0.142511    -0.711854    0.01721
-0.140478    -0.572683    0.032653
-0.140697    -0.700109    0.030991
-0.140278    -0.559786    0.034174
0.038835    -0.407579    -0.121666
0.053134    -0.407579    0.086707
0.042861    -0.407579    0.113016
0.050467    -0.407579    -0.003821
0.081478    -0.407579    0.094741
0.100623    -0.407579    0.100683
0.072545    -0.407579    -0.086283
0.074957    -0.407579    0.056173
0.105878    -0.407579    0.000244
0.104903    -0.407579    -0.003456
0.135326    -0.623832    0.046843
0.131407    -0.74126    0.056306
0.137914    -0.607784    0.040594
0.136424    -0.508165    0.044193
0.134809    -0.549741    0.048091
0.132596    -0.745846    0.053435
0.129076    -0.407579    0.029932
-0.142503    -0.564611    -0.015937
-0.142304    -0.664535    -0.017446
-0.14189    -0.74614    -0.020591
-0.143798    -0.544976    -0.0061
-0.143238    -0.732988    -0.010348
-0.143603    -0.713289    -0.007576
-0.137228    -0.475269    -0.04282
-0.137143    -0.687164    -0.043026
-0.13383    -0.715171    -0.051023
-0.133024    -0.683476    -0.052969
-0.129307    -0.71511    -0.061942
-0.139673    -0.418708    -0.036917
-0.116492    -0.60815    -0.083033
-0.121799    -0.748049    -0.076116
-0.122284    -0.542791    -0.075483
-0.120461    -0.701809    -0.07786
-0.122565    -0.464095    -0.075117
-0.124978    -0.454639    -0.071972
-0.102139    -0.602877    -0.101586
-0.082667    -0.456006    -0.116525
-0.100253    -0.614214    -0.103033
-0.099414    -0.440283    -0.103677
-0.085895    -0.544708    -0.114048
-0.101918    -0.740862    -0.101756
-0.101622    -0.609257    -0.101983
-0.066695    -0.62465    -0.126715
-0.063963    -0.635634    -0.127847
-0.061054    -0.477869    -0.129052
-0.049323    -0.449423    -0.133912
-0.070417    -0.429806    -0.125173
-0.06696    -0.49616    -0.126606
-0.032035    -0.562509    -0.139461
-0.0121    -0.417031    -0.142085
-0.004226    -0.424681    -0.143121
-0.014301    -0.51517    -0.141795
-0.032466    -0.521719    -0.139404
-0.024189    -0.415508    -0.140494
0.015234    -0.751844    -0.141568
0.03448    -0.57592    -0.139035
0.030499    -0.561311    -0.139559
0.025543    -0.721125    -0.140211
0.036391    -0.446229    -0.138784
0.031019    -0.712157    -0.139491
0.013816    -0.43504    -0.141755
0.004901    -0.598956    -0.142928
0.02015    -0.463197    -0.140921
0.008153    -0.668291    -0.1425
0.033305    -0.433477    -0.13919
0.011838    -0.55838    -0.142015
0.0569    -0.600849    -0.130446
0.062659    -0.571663    -0.12806
0.053359    -0.738339    -0.131913
0.059942    -0.544584    -0.129186
0.048555    -0.719536    -0.133903
0.052741    -0.730789    -0.132169
-0.050893    -0.407579    -0.06793
-0.052847    -0.407579    0.008894
-0.040548    -0.407579    -0.135142
-0.053704    -0.407579    -0.094992
-0.046889    -0.407579    -0.133387
-0.002899    -0.407579    -0.107238
-0.008551    -0.407579    -0.130927
-0.005166    -0.407579    0.027606
-0.019062    -0.407579    -0.043873
-0.001551    -0.407579    0.102882
-0.0869    -0.407579    -0.062669
-0.075291    -0.407579    0.085323
-0.078888    -0.407579    0.035965
0.024928    -0.407579    0.017537
0.012633    -0.407579    -0.088884
0.009817    -0.407579    -0.123999
0.026074    -0.407579    -0.015849
0.031671    -0.407579    0.024539
-0.107717    -0.407579    0.040909
-0.116666    -0.407579    -0.01613
-0.110721    -0.500355    0.091891
-0.120391    -0.679571    0.079289
-0.106308    -0.437033    0.097642
-0.122614    -0.45466    0.076393
-0.112577    -0.428513    0.089472
-0.109418    -0.420516    0.093589
-0.128886    -0.436222    0.064299
-0.13911    -0.510188    0.039613
-0.132091    -0.450029    0.056561
-0.132589    -0.4166    0.055359
-0.132138    -0.559918    0.056447
-0.137558    -0.449531    0.043359
-0.136343    -0.52974    0.046293
-0.141661    -0.532921    0.023668
-0.144471    -0.509979    0.002322
-0.143999    -0.680433    0.005913
-0.144339    -0.670049    0.003329
-0.144243    -0.6641    0.004059
-0.144478    -0.62782    0.002275
0.051777    -0.407579    -0.034998
0.057001    -0.407579    -0.004347
0.054752    -0.407579    -0.043609
0.070606    -0.407579    0.100368
0.099214    -0.407579    -0.021243
0.084181    -0.407579    -0.032108
0.083835    -0.407579    -0.079587
0.111096    -0.407579    -0.086949
0.142779    -0.483766    0.009186
0.140221    -0.486726    0.028615
0.140441    -0.511192    0.026942
0.142821    -0.477041    0.008864
0.139983    -0.470874    0.030422
0.139188    -0.720854    0.036454
0.138175    -0.407579    0.00288
-0.143299    -0.487248    -0.009885
-0.142834    -0.462237    -0.013417
-0.140089    -0.68502    -0.034273
-0.141575    -0.581372    -0.022987
-0.140366    -0.654671    -0.032163
-0.140932    -0.470496    -0.027866
-0.128555    -0.606702    -0.063759
-0.129639    -0.422936    -0.061142
-0.131477    -0.581702    -0.056705
-0.131362    -0.477284    -0.056981
-0.131264    -0.559032    -0.057218
-0.133456    -0.427289    -0.051928
-0.107852    -0.653586    -0.094294
-0.102675    -0.500134    -0.101041
-0.104736    -0.565033    -0.098355
-0.11607    -0.514846    -0.083583
-0.123993    -0.426166    -0.073256
-0.11462    -0.475603    -0.085473
0.066022    -0.415089    -0.126667
0.057001    -0.456993    -0.130404
0.043046    -0.58291    -0.136185
0.053868    -0.551326    -0.131702
0.04127    -0.630719    -0.136921
0.039845    -0.636661    -0.137511
0.073401    -0.413323    -0.123029
0.074741    -0.44996    -0.122001
0.083233    -0.613643    -0.115486
0.076759    -0.460721    -0.120452
0.074206    -0.41692    -0.122411
0.082563    -0.511237    -0.116
0.091096    -0.54039    -0.109453
0.0984    -0.483505    -0.103849
0.093374    -0.506178    -0.107705
0.098563    -0.714414    -0.103724
0.10069    -0.453149    -0.102092
0.088905    -0.724092    -0.111134
0.09616    -0.690813    -0.105568
-0.107659    -0.407579    0.093765
-0.130055    -0.407579    0.055993
0.123532    -0.572232    -0.072827
0.12101    -0.660274    -0.076115
0.124147    -0.679029    -0.072026
0.116312    -0.572807    -0.082239
0.120155    -0.677178    -0.077229
0.112836    -0.578928    -0.086769
0.143331    -0.728282    0.004991
0.143795    -0.707915    0.001466
0.14374    -0.634259    0.001888
0.141783    -0.617343    0.01675
0.142412    -0.584307    0.011969
0.142303    -0.719207    0.012802
0.134811    -0.549954    -0.04675
0.131121    -0.486428    -0.055659
0.13104    -0.505882    -0.055852
0.136651    -0.626595    -0.042309
0.137609    -0.640961    -0.039997
0.136151    -0.618472    -0.043515
0.127105    -0.502372    -0.065352
0.126774    -0.559578    -0.066152
0.133479    -0.64372    -0.049966
0.126991    -0.625246    -0.065627
0.125593    -0.53219    -0.069004
0.126551    -0.597568    -0.066691
0.128486    -0.627136    -0.062019
0.139561    -0.758331    -0.032289
0.139637    -0.7526    -0.031708
0.140467    -0.523221    -0.025404
0.140486    -0.588197    -0.025261
0.139592    -0.755319    -0.032051
0.140785    -0.758321    -0.022994
0.122024    -0.756992    -0.074793
0.120269    -0.753878    -0.07708
0.10884    -0.686965    -0.091977
0.109744    -0.664356    -0.090799
0.105239    -0.497296    -0.096671
0.105747    -0.750565    -0.096009
-0.125999    -0.407579    0.037048
0.142251    -0.521284    -0.011854
0.143092    -0.472859    -0.005465
0.142809    -0.54062    -0.007617
0.143364    -0.453364    -0.003405
0.14342    -0.461889    -0.002976
0.142784    -0.62787    -0.00781
