-0.018561    -0.001854    0.034573
0.016607    0.011873    0.0148
0.024787    0.005104    0.011946
-0.02742    -0.027639    0.042045
-0.013203    -0.04184    0.031561
0.01065    -0.025937    0.018149
0.02498    -0.042171    0.010092
0.054292    -0.027012    -0.003898
-0.21913    -0.349683    -0.088169
-0.224288    -0.183435    -0.107143
-0.221213    -0.229141    -0.095119
-0.219082    -0.238918    -0.086789
-0.223506    -0.215274    -0.104083
-0.218499    -0.259749    -0.084511
-0.215841    -0.26974    -0.074118
-0.224019    -0.258979    -0.133207
-0.223885    -0.06482    -0.144918
-0.223853    0.067649    -0.147687
-0.223988    -0.196553    -0.135869
-0.223931    -0.169364    -0.140857
-0.224174    -0.208572    -0.119562
-0.213631    -0.01533    -0.186279
-0.217715    -0.124315    -0.171702
-0.216399    -0.229237    -0.1764
-0.212555    -0.02221    -0.190116
-0.214276    -0.334587    -0.183976
-0.208373    -0.349683    -0.10527
-0.213879    -0.238926    -0.066447
-0.214648    0.136831    -0.069452
-0.214934    -0.106017    -0.07057
-0.214636    0.02769    -0.069406
-0.213866    -0.296151    -0.066396
-0.215965    0.083718    -0.074603
-0.224195    0.046391    -0.117715
-0.224216    0.056242    -0.115929
-0.224264    -0.249401    -0.111726
-0.224312    -0.292511    -0.107538
-0.224027    0.008023    -0.132447
-0.22427    -0.281582    -0.111194
-0.222692    -0.218695    -0.153939
-0.220916    -0.006893    -0.16028
-0.223668    -0.016803    -0.150457
-0.220632    0.031894    -0.161292
-0.220486    0.126926    -0.161812
-0.210649    -0.092119    -0.19377
-0.209252    0.077076    -0.196127
-0.211779    -0.007135    -0.191865
-0.200763    -0.036517    -0.210451
-0.212147    -0.249538    -0.191242
-0.20814    -0.150566    -0.198004
-0.203039    -0.349683    -0.13548
-0.209984    -0.042275    -0.059239
-0.210028    0.021802    -0.059318
-0.208345    -0.105007    -0.056323
-0.204643    -0.219767    -0.04974
-0.197996    -0.253263    -0.037917
-0.210812    -0.079002    -0.060713
-0.214308    0.147952    -0.121293
-0.1978    -0.131782    -0.215451
-0.193883    -0.135096    -0.22206
-0.208553    -0.269205    -0.197307
-0.191458    0.041389    -0.226152
-0.193005    -0.31814    -0.223541
-0.197224    -0.314672    -0.216423
-0.201544    0.147952    -0.162604
-0.185478    -0.349683    -0.15237
-0.193214    -0.268541    -0.029413
-0.193083    -0.058689    -0.02918
-0.195028    0.034684    -0.032638
-0.201579    0.100213    -0.04429
-0.193346    -0.233297    -0.029647
-0.199991    0.095137    -0.041467
-0.204529    0.147952    -0.069378
-0.186517    -0.13789    -0.231602
-0.168796    -0.295634    -0.248924
-0.186105    0.005525    -0.232006
-0.16937    -0.296698    -0.248363
-0.182443    -0.310974    -0.235585
-0.186064    -0.060962    -0.232045
-0.184441    0.147952    -0.141867
-0.18498    -0.349683    -0.206944
-0.179061    -0.349683    -0.18938
-0.176994    -0.141362    -0.012543
-0.191394    -0.344703    -0.027276
-0.180547    -0.278118    -0.016178
-0.188912    0.052575    -0.024736
-0.184901    -0.217611    -0.020632
-0.190861    -0.131099    -0.02673
-0.176023    -0.000966    -0.24186
-0.177543    0.013082    -0.240374
-0.171017    0.144178    -0.246753
-0.177859    -0.021089    -0.240066
-0.162775    -0.097226    -0.25481
-0.171162    0.082778    -0.246611
-0.183608    0.120414    -0.019309
-0.168084    0.113266    -0.003428
-0.163094    -0.056012    0.001678
-0.168793    -0.094359    -0.004153
-0.169923    -0.107911    -0.005309
-0.179474    -0.023299    -0.015081
-0.183875    0.147952    -0.198568
-0.173128    0.147952    -0.090306
-0.156694    -0.349683    -0.109063
-0.135924    -0.349683    -0.039138
-0.153768    -0.349683    -0.087241
-0.14976    -0.218807    -0.263243
-0.157844    0.09112    -0.258698
-0.141659    -0.3463    -0.267798
-0.133162    -0.278843    -0.272576
-0.144585    -0.317721    -0.266153
-0.139963    -0.094648    0.015408
-0.148223    -0.177    0.010513
-0.151905    -0.140543    0.008331
-0.141801    -0.131887    0.014319
-0.154347    0.069085    0.006884
-0.155324    -0.106032    0.006304
-0.151327    0.147952    -0.075583
-0.137089    -0.349683    -0.147471
-0.128901    -0.349683    -0.249141
-0.133491    -0.349683    -0.082987
-0.150901    -0.286785    0.008926
-0.149407    -0.332831    0.009812
-0.129709    -0.345298    0.021485
-0.126802    -0.206926    -0.276152
-0.126652    -0.157055    -0.276236
-0.1347    -0.092313    -0.271711
-0.127174    -0.122777    -0.275943
-0.133029    -0.028689    -0.272651
-0.132215    0.12251    -0.273108
-0.134754    -0.057098    0.018495
-0.143271    0.081813    0.013448
-0.147661    0.147952    -0.063246
-0.09283    -0.349683    0.029361
-0.113509    -0.349683    -0.077557
-0.111386    -0.349683    -0.004875
-0.11301    -0.084161    0.027211
-0.118214    -0.175843    0.025753
-0.102984    -0.124502    0.030021
-0.150128    0.147952    -0.191779
-0.13129    0.147952    -0.236924
-0.113054    0.011698    -0.280858
-0.11026    -0.040711    -0.281572
-0.090347    -0.259138    -0.286665
-0.10951    -0.175264    -0.281764
-0.099979    -0.208494    -0.284201
-0.109361    -0.013809    0.028234
-0.121845    -0.018794    0.024735
-0.150958    0.1451    0.008892
-0.13665    0.147952    -0.089166
-0.094438    -0.349683    -0.230031
-0.095389    -0.349683    -0.204271
-0.11717    -0.349683    -0.24403
-0.116376    -0.342426    0.026268
-0.104855    -0.246262    0.029496
-0.113406    -0.332775    0.0271
-0.109551    -0.275892    0.02818
-0.09957    -0.138563    0.030977
-0.110575    0.053116    -0.281492
-0.083661    -0.176993    -0.288374
-0.114725    0.122204    -0.28043
-0.103001    0.114582    -0.283429
-0.113757    0.128938    -0.280678
-0.085355    -0.115141    -0.287941
-0.125206    0.119467    0.023793
-0.044667    -0.349683    0.033354
-0.061257    -0.349683    -0.049739
-0.071267    -0.349683    -0.109119
-0.083795    -0.349683    0.015463
-0.084277    -0.183713    0.034988
-0.073776    -0.1738    0.035107
-0.076481    -0.212958    0.035077
-0.082439    -0.221226    0.035009
-0.126564    0.147952    -0.253184
-0.117554    0.147952    -0.235984
-0.071723    -0.174595    -0.288787
-0.064101    -0.209114    -0.2887
-0.07395    -0.345485    -0.288813
-0.055533    -0.343436    -0.288603
-0.068071    -0.174027    -0.288746
-0.051459    -0.30059    -0.288556
-0.08744    0.08763    0.034376
0.099563    -0.067125    -0.103761
0.099618    -0.097058    -0.108549
-0.101638    0.147952    -0.00163
-0.061358    -0.349683    -0.235272
-0.054994    -0.349683    -0.150735
-0.056132    -0.349683    -0.257317
-0.05711    -0.349683    -0.127174
-0.071836    -0.243735    0.035129
-0.066718    -0.308907    0.035188
-0.049858    -0.097847    0.03538
-0.054855    -0.328503    0.035323
-0.053546    0.01109    0.035338
-0.130013    0.147952    -0.20112
-0.042541    0.100865    -0.288455
-0.070712    0.055816    -0.288776
-0.04141    0.073464    -0.288442
-0.039518    -0.010033    -0.28842
-0.063742    -0.000533    -0.288696
-0.049479    -0.149596    -0.288534
-0.068076    0.133271    0.035172
0.099631    -0.238045    -0.109687
0.09981    -0.239864    -0.125381
0.099889    -0.280973    -0.132307
0.099804    -0.149254    -0.124912
-0.010934    -0.349683    -0.047289
-0.028428    -0.349683    -0.009195
-0.024913    -0.349683    -0.059179
-0.026419    -0.349683    -0.175381
-0.028177    -0.097023    0.031757
-0.039461    8.9e-05    0.034644
-0.042199    0.045036    0.035344
-0.006571    0.104157    0.026231
-0.034816    -0.146741    0.033455
-0.04152    -0.09502    0.035171
-0.058218    0.147952    -0.23116
-0.014056    -0.212457    -0.281434
-0.036065    -0.10327    -0.287601
-0.033845    -0.173723    -0.286979
-0.022748    -0.064851    -0.283869
-0.037338    -0.211687    -0.287958
-0.032266    -0.112434    -0.286536
-0.070256    0.147952    -0.019678
0.096895    0.012211    -0.094039
0.093666    -0.037367    -0.082514
0.09831    -0.247585    -0.099088
0.096405    -0.187799    -0.092288
0.095088    -0.119808    -0.087588
0.093214    -0.057737    -0.080902
0.100015    0.123452    -0.143399
0.099977    -0.122657    -0.140053
0.09981    -0.001359    -0.125421
0.099901    0.144223    -0.133367
0.100009    0.092094    -0.142892
0.099701    0.131265    -0.115798
0.000242    -0.349683    -0.166661
-0.012201    -0.349683    -0.122941
-0.001397    -0.349683    -0.096622
-0.004625    -0.349683    -0.045804
-0.002151    0.039012    0.0251
-0.007692    -0.140754    0.026517
-0.006084    -0.012757    0.026106
-0.033546    -0.241505    0.033131
-0.01705    -0.092902    0.028911
-0.033129    0.147952    0.031824
-0.080934    0.147952    -0.25801
-0.024918    0.077082    -0.284478
-0.033886    0.099273    -0.28699
-0.001075    0.083869    -0.277797
-0.015718    -0.010599    -0.2819
-0.021819    -0.023587    -0.283609
0.001364    -0.265374    -0.277113
-0.085747    0.147952    -0.052823
0.093388    -0.153513    -0.081524
0.089454    -0.034662    -0.067483
0.092155    -0.078949    -0.07712
0.094003    -0.349683    -0.091394
0.097725    -0.155288    -0.15527
0.099396    -0.040714    -0.148739
0.096198    -0.205723    -0.161241
0.099182    -0.158022    -0.149574
0.098233    -0.206405    -0.153286
0.099658    -0.297805    -0.147714
0.017667    -0.349683    -0.098743
0.008411    -0.349683    -0.132368
0.013703    -0.349683    -0.098243
0.023279    0.024735    0.011049
0.012628    -0.061502    0.017037
-0.000541    -0.29621    0.024441
0.022678    0.079629    0.011386
0.030586    0.13719    0.00694
0.003142    -0.219204    0.02237
-0.022173    0.147952    -0.038699
-0.013569    0.147952    -0.24558
0.005344    -0.331442    -0.274982
0.010316    -0.17201    -0.272036
0.009365    -0.119046    -0.272599
0.003147    -0.210771    -0.276284
0.003615    -0.207379    -0.276007
0.00366    -0.197799    -0.27598
0.084004    0.147952    -0.147335
0.094009    -0.263599    -0.083737
0.092248    -0.334366    -0.077456
0.09094    -0.280518    -0.072785
0.095811    -0.025037    -0.162755
0.096223    0.133545    -0.161146
0.097929    0.058263    -0.154474
0.093357    -0.017523    -0.17235
0.092291    -0.167324    -0.176519
0.097972    0.093819    -0.154306
0.037388    -0.349683    -0.191799
0.028071    -0.349683    -0.205102
0.033518    -0.349683    -0.221511
0.009494    -0.330878    0.018799
0.008191    -0.251107    0.019532
0.024338    -0.092446    0.010453
0.032864    -0.09363    0.00566
0.028075    -0.287065    0.008352
0.010127    0.147952    -0.049669
0.023211    0.147952    -0.022213
-0.007666    0.147952    -0.238379
0.026924    -0.014171    -0.262192
0.032318    0.015562    -0.258996
0.014832    0.095265    -0.269359
0.017949    -0.009676    -0.267511
0.02633    -0.125751    -0.262544
0.073658    0.147952    -0.056435
0.071782    0.147952    -0.119355
0.071437    -0.062386    -0.219598
0.081754    0.075306    -0.201248
0.076458    0.053323    -0.210668
0.074307    -0.035733    -0.214493
0.070112    -0.266973    -0.221954
0.070819    -0.349683    -0.189349
0.070308    -0.349683    -0.103776
0.079739    -0.11079    -0.204832
0.08486    -0.213054    -0.195725
0.08804    0.042043    -0.190069
0.082124    -0.225203    -0.20059
0.080297    -0.281203    -0.20384
0.04118    -0.349683    -0.124737
0.041795    -0.349683    -0.122013
0.037152    -0.042465    0.002696
0.039216    -0.152453    0.000679
0.048193    -0.020358    -0.008096
0.064927    0.12892    -0.024452
0.039566    -0.006723    0.000336
0.052636    0.097492    -0.012439
-0.002451    0.147952    -0.029402
0.004637    0.147952    -0.263393
0.00741    0.147952    -0.21032
0.039678    -0.067424    -0.254245
0.040772    0.102021    -0.253126
0.059826    0.113735    -0.233632
0.059047    0.100335    -0.23443
0.062954    0.100711    -0.230433
0.085926    -0.267814    -0.0589
0.071255    0.121888    -0.034144
0.083987    0.08895    -0.055627
0.079109    0.009445    -0.047396
0.081061    -0.038088    -0.050689
0.084136    -0.181296    -0.055879
0.05505    0.147952    -0.214794
0.060166    0.147952    -0.088391
0.05221    -0.253713    -0.241424
0.055848    -0.214557    -0.237702
0.048466    -0.220831    -0.245255
0.060811    -0.173553    -0.232626
0.065777    -0.152756    -0.227545
0.058272    -0.058197    -0.235222
0.066584    -0.349683    -0.118662
0.070952    -0.248317    -0.033633
0.069427    -0.248744    -0.031059
0.074877    -0.150445    -0.040256
0.070007    -0.063381    -0.032039
0.071784    -0.093978    -0.035037
0.078404    -0.346918    -0.046207
0.059766    -0.286061    -0.019408
0.055245    -0.341084    -0.014989
0.053854    -0.203117    -0.013629
0.05937    -0.311026    -0.019021
0.043557    -0.243503    -0.003564
0.053334    -0.0754    -0.013121
0.03696    0.147952    -0.08832
0.048446    0.147952    -0.033604
0.021066    0.147952    -0.10833
0.016996    0.147952    -0.109392
0.016203    0.147952    -0.173616
-0.214579    -0.339028    -0.069183
-0.221277    -0.206822    -0.095371
-0.224045    -0.237881    -0.106192
-0.220761    -0.100232    -0.093351
-0.222821    -0.348985    -0.101407
-0.223675    0.022308    -0.104746
-0.223932    -0.033948    -0.140811
-0.223843    -0.093556    -0.14856
-0.22383    -0.1835    -0.149751
-0.223833    -0.333992    -0.149489
-0.223885    -0.072806    -0.144918
-0.224004    -0.056495    -0.134451
-0.215559    -0.004946    -0.179396
-0.216382    -0.066879    -0.176461
-0.217028    -0.292974    -0.174156
-0.218367    -0.236395    -0.169375
-0.221166    -0.243326    -0.159385
-0.218116    -0.165022    -0.170272
-0.21635    0.009956    -0.076106
-0.218517    -0.011605    -0.08458
-0.222036    0.125881    -0.098338
-0.215495    -0.126547    -0.072765
-0.218514    0.099368    -0.084566
-0.219988    0.110969    -0.090332
-0.224175    -0.133273    -0.119504
-0.224089    0.060328    -0.127062
-0.224047    0.094744    -0.130716
-0.224213    -0.110222    -0.116169
-0.224135    0.093756    -0.122976
-0.224154    0.013033    -0.121318
-0.219802    0.09625    -0.164256
-0.222586    -0.218309    -0.154319
-0.21812    0.042352    -0.170256
-0.214423    0.13218    -0.18345
-0.219045    -0.079093    -0.166955
-0.220849    -0.21815    -0.160518
-0.201555    -0.034607    -0.209115
-0.209628    -0.043964    -0.195493
-0.205117    -0.005632    -0.203104
-0.197381    0.013875    -0.216157
-0.210954    0.088554    -0.193255
-0.191346    -0.349683    -0.175034
-0.204106    -0.349683    -0.173289
-0.205238    -0.211104    -0.050798
-0.209406    -0.268214    -0.058212
-0.202357    -0.257441    -0.045673
-0.209105    -0.290316    -0.057676
-0.205742    -0.343751    -0.051694
-0.216741    0.147952    -0.089435
-0.19562    -0.120738    -0.219128
-0.206889    -0.298087    -0.200115
-0.191751    -0.058528    -0.225656
-0.1972    -0.150977    -0.216463
-0.199068    -0.315964    -0.21331
-0.191961    -0.196903    -0.225302
-0.193356    0.147952    -0.195669
-0.183428    -0.349683    -0.118284
-0.182434    -0.349683    -0.15331
-0.193356    -0.280636    -0.029666
-0.202335    0.100555    -0.045635
-0.206122    0.089759    -0.05237
-0.201522    -0.057944    -0.044189
-0.210918    0.097758    -0.0609
-0.203963    0.147952    -0.060387
-0.182015    -0.173268    -0.236003
-0.1888    -0.067106    -0.229371
-0.187986    -0.314039    -0.230167
-0.189348    -0.017097    -0.228835
-0.170828    -0.299666    -0.246938
-0.161691    -0.32837    -0.255869
-0.173468    0.147952    -0.071499
-0.179429    -0.349683    -0.14586
-0.167196    -0.349683    -0.186331
-0.168023    -0.349683    -0.043861
-0.174632    -0.171999    -0.010126
-0.186852    -0.263883    -0.022628
-0.187141    -0.153355    -0.022925
-0.179811    -0.194461    -0.015425
-0.178088    -0.13448    -0.013662
-0.173588    0.010852    -0.24424
-0.160153    -0.039811    -0.257372
-0.169076    -0.114014    -0.248651
-0.182119    0.063835    -0.235902
-0.16901    -0.137628    -0.248715
-0.16791    -0.047924    -0.24979
-0.176204    -0.087567    -0.011734
-0.170335    -0.223295    -0.005731
-0.169207    -0.210761    -0.004576
-0.168663    0.050402    -0.00402
-0.174357    0.069088    -0.009845
-0.181811    0.121486    -0.017471
-0.181372    0.147952    -0.154547
-0.162649    0.147952    -0.219096
-0.143978    -0.349683    -0.10803
-0.157254    -0.349683    -0.069785
-0.142234    -0.349683    -0.029281
-0.153602    -0.035068    -0.261083
-0.157858    0.080964    -0.25869
-0.12737    -0.331373    -0.275832
-0.151167    -0.011004    -0.262452
-0.143961    -0.097385    -0.266504
-0.144788    -0.226559    -0.266039
-0.161167    0.109841    0.002842
-0.160658    -0.144737    0.003143
-0.160891    -0.294243    0.003006
-0.157029    -0.069922    0.005294
-0.15368    0.003362    0.007279
-0.160338    0.147952    -0.135144
-0.160482    0.147952    -0.150784
-0.128863    -0.349683    -0.233029
-0.13724    -0.349683    -0.251864
-0.124382    -0.349683    -0.158516
-0.127296    -0.182789    0.022916
-0.13975    -0.331166    0.015534
-0.143361    0.036718    -0.266841
-0.135623    -0.035329    -0.271192
-0.134714    -0.153251    -0.271703
-0.146966    0.075615    -0.264814
-0.128709    0.080186    -0.27508
-0.125785    -0.079486    -0.276723
-0.141666    0.032015    0.014399
-0.141047    0.035845    0.014766
-0.143426    0.147952    -0.033599
-0.102135    -0.349683    -0.006774
-0.10772    -0.349683    0.026298
-0.107357    -0.349683    -0.004184
-0.122727    -0.349683    -0.218786
-0.1255    -0.297252    0.023711
-0.119183    -0.175796    0.025481
-0.145463    0.147952    -0.213281
-0.141166    0.147952    -0.223517
-0.106945    -0.058291    -0.28242
-0.106833    -0.226778    -0.282449
-0.099082    -0.273049    -0.284431
-0.102771    -0.173807    -0.283488
-0.100066    -0.195116    -0.284179
-0.101319    -0.279809    -0.283859
-0.122788    -0.055352    0.024471
-0.092882    0.015623    0.004647
-0.072152    -0.023465    -0.007008
0.046696    -0.100896    -0.07383
-0.101742    0.001368    0.009629
-0.01992    -0.06452    -0.036375
-0.083839    -0.01268    -0.000437
0.053305    -0.090198    -0.077546
0.001997    -0.067144    -0.048698
-0.081632    -0.045089    -0.001678
-0.111298    -0.102444    0.015002
-0.115669    -0.092738    0.017459
-0.068662    -0.012739    -0.008971
0.031045    -0.090029    -0.06503
-0.120555    0.030433    0.020206
0.001977    -0.074128    -0.048687
0.009254    -0.107843    -0.052778
-0.060791    -0.111133    -0.013396
-0.0309    -0.045047    -0.030202
-0.027915    -0.06123    -0.03188
-0.090505    -0.024539    0.003311
-0.083742    -0.056281    -0.000492
0.062312    -0.095979    -0.08261
-0.105133    -0.097311    0.011535
-0.143089    0.127103    0.013556
-0.129527    0.147952    -0.007282
-0.144394    0.175131    -0.118478
-0.144649    0.31543    -0.121265
-0.092711    -0.349683    -0.147316
-0.094739    -0.349683    -0.194079
-0.083183    -0.349683    -0.153363
-0.097497    -0.149421    0.031558
-0.110319    -0.265112    0.027965
-0.114089    -0.320942    0.026909
-0.08809    -0.307074    0.034194
-0.095625    -0.176453    0.032083
-0.089544    0.106517    -0.28687
-0.097464    0.010785    -0.284845
-0.113225    0.117859    -0.280814
-0.105515    0.070847    -0.282786
-0.104569    0.014372    -0.283028
-0.09457    0.106459    -0.285585
-0.092798    -0.117971    0.0046
0.060929    -0.104806    -0.081833
0.010643    -0.024381    -0.053559
0.049491    0.007428    -0.075401
0.029477    0.006943    -0.064149
0.041329    -0.011292    -0.070812
0.085818    0.03899    -0.095826
0.054539    -0.020865    -0.07824
0.014135    -0.015664    -0.055522
-0.006146    0.01743    -0.04412
0.076215    0.022277    -0.090427
0.04264    0.016919    -0.071549
0.082589    0.014321    -0.094011
0.095089    0.019835    -0.101039
0.027071    -0.050748    -0.062796
-0.003201    -0.01557    -0.045776
0.005358    -0.000136    -0.050588
-0.057302    0.016603    -0.015357
0.046194    -0.002078    -0.073548
0.090212    -0.082335    -0.098297
0.059367    0.020954    -0.080954
0.028132    -0.000845    -0.063393
-0.118157    0.097556    0.025769
-0.09721    0.128859    0.031638
-0.140641    0.293292    -0.101983
-0.137557    0.16027    -0.093606
-0.144156    0.45681    -0.115874
-0.14467    0.376697    -0.121492
-0.143213    0.491945    -0.142501
-0.14462    0.460886    -0.134344
-0.059101    -0.349683    -0.042836
-0.049536    -0.349683    -0.013861
-0.061907    -0.349683    0.022263
-0.077228    -0.349683    -0.151022
-0.057184    0.002958    0.035296
-0.063296    0.001303    0.035227
-0.071608    0.043317    0.035132
-0.066484    -0.108383    0.03519
-0.142697    0.230401    -0.145492
-0.142653    0.415084    -0.145748
-0.128967    0.147952    -0.229497
-0.101556    0.147952    -0.282506
-0.059936    -0.136884    -0.288653
-0.073601    -0.152355    -0.288809
-0.074847    0.018261    -0.288823
-0.061923    -0.216279    -0.288676
-0.062589    -0.309468    -0.288683
-0.05611    -0.159828    -0.288609
-0.096431    0.093688    0.031857
0.099665    -0.0777    -0.112698
0.099585    -0.057171    -0.105692
-0.112035    0.147952    -0.001879
-0.129659    0.255544    -0.081464
-0.131844    0.25249    -0.084561
-0.13806    0.419922    -0.094973
-0.140788    0.474671    -0.102382
-0.064156    -0.349683    -0.229765
-0.076536    -0.349683    -0.265976
-0.057784    -0.349683    -0.25063
-0.041264    -0.349683    -0.109716
-0.047035    -0.238528    0.035412
-0.053211    -0.178221    0.035342
-0.053677    -0.034859    0.035336
-0.07183    -0.200911    0.03513
-0.052689    -0.254953    0.035348
-0.073872    -0.241629    0.035106
-0.139558    0.361116    -0.154556
-0.141019    0.347891    -0.151392
-0.14109    0.170189    -0.151238
-0.136308    0.318886    -0.161596
-0.101255    0.147952    -0.214457
-0.048684    0.07417    -0.288525
-0.042861    0.147758    -0.288458
-0.062923    0.141642    -0.288687
-0.05364    -0.073061    -0.288581
-0.069281    0.045615    -0.28876
-0.084897    0.058295    0.034981
-0.068491    0.085135    0.035168
0.099692    -0.297652    -0.115068
0.099729    -0.268653    -0.118264
0.099631    -0.214057    -0.109713
0.099703    0.000521    -0.116048
-0.128814    0.286936    -0.080268
-0.1291    0.329731    -0.080674
-0.015509    -0.349683    -0.057788
-0.032508    -0.349683    -0.167652
-0.034475    -0.349683    -0.020664
-0.037932    -0.349683    -0.169429
-0.034263    -0.04453    0.033314
-0.041905    -0.09897    0.035269
-0.036138    -0.141619    0.033794
-0.040492    0.081754    0.034907
-0.034668    0.080135    0.033418
-0.025371    -0.125647    0.03104
-0.130668    0.274542    -0.170772
-0.124987    0.525474    -0.177595
-0.123427    0.203014    -0.179468
-0.1255    0.345173    -0.176979
-0.116058    0.324834    -0.185763
-0.116655    0.260444    -0.185342
-0.0899    0.147952    -0.206484
-0.046455    0.147952    -0.277443
-0.015774    -0.180925    -0.281915
-0.031306    -0.322367    -0.286267
-0.014515    -0.320183    -0.281563
-0.022902    -0.065221    -0.283913
-0.008689    -0.241908    -0.27993
-0.053589    0.147952    0.030145
0.008615    0.040806    -0.023294
0.094849    -0.113904    -0.086735
0.08938    0.13473    -0.067218
0.098764    -0.270222    -0.10071
0.099238    -0.18274    -0.1024
0.098475    -0.096898    -0.099677
0.098328    -0.349683    -0.144691
0.099862    0.063853    -0.129952
0.099907    0.125391    -0.133916
0.099986    -0.087689    -0.140816
0.099584    0.124531    -0.105611
0.099701    0.131557    -0.115833
-0.092034    0.147952    -0.032352
-0.112951    0.367401    -0.065106
-0.121506    0.166    -0.07223
-0.123001    0.444235    -0.073474
-0.121016    0.483975    -0.071821
-0.002782    -0.349683    -0.196029
-0.015609    -0.349683    -0.189185
-0.000328    -0.349683    -0.208844
-0.014418    -0.349683    -0.220285
-0.00735    -0.214698    0.02643
-0.015881    -0.226163    0.028612
-0.02639    -0.341671    0.0313
-0.03094    -0.319692    0.032464
-0.020863    -0.326122    0.029887
-0.025167    0.147952    0.00744
-0.128159    0.533248    -0.142154
-0.114636    0.411618    -0.186767
-0.105541    0.28493    -0.193186
-0.101417    0.19333    -0.194844
-0.09998    0.187877    -0.195373
-0.041486    0.147952    -0.271996
0.000482    -0.152098    -0.277361
-0.002218    -0.171292    -0.278117
-0.01478    0.018889    -0.281637
-0.020451    0.074347    -0.283226
-0.005517    -0.014933    -0.279041
-0.01994    0.018227    -0.283083
-0.060312    0.147952    -0.030113
0.094794    -0.202198    -0.086542
0.092459    -0.084302    -0.078208
0.09001    0.059203    -0.069467
-0.046703    -0.019507    0.004002
-0.060187    -0.046053    0.010655
-0.075353    -0.046786    0.018139
-0.08907    -0.055061    0.024907
-0.082533    -0.021885    0.021682
-0.066453    -0.072354    0.013748
-0.007938    0.003003    -0.015126
-0.050906    0.037808    0.006076
-0.086881    0.008301    0.023827
-0.094253    0.01942    0.027465
-0.043037    -0.036891    0.002193
-0.070804    -0.013497    0.015895
-0.059205    -0.030811    0.010171
-0.031709    -0.036668    -0.003397
-0.035574    0.017286    -0.001489
-0.084858    -0.058444    0.022829
0.090041    -0.349683    -0.134662
0.093049    -0.335283    -0.173554
0.091743    -0.251959    -0.178665
0.099859    -0.253269    -0.146925
0.097847    -0.32181    -0.154793
0.099716    -0.044802    -0.147484
0.0999    0.147952    -0.141386
-0.094844    0.207628    -0.055775
-0.093557    0.363294    -0.055181
-0.10783    0.483956    -0.061771
-0.107018    0.27676    -0.061396
0.001463    -0.349683    -0.063314
0.025019    -0.349683    -0.054063
0.022573    -0.349683    -0.041309
0.024898    0.101908    0.010138
0.010623    -0.097381    0.018164
0.001517    -0.251181    0.023283
-8e-06    -0.21818    0.024141
-0.001287    0.057137    0.02486
0.020484    -0.02548    0.01262
-0.011586    0.147952    -0.017225
-0.112758    0.533248    -0.104404
-0.095161    0.329699    -0.197147
-0.095302    0.465659    -0.197096
-0.076539    0.206526    -0.201205
-0.073346    0.185825    -0.201496
-0.060491    0.283329    -0.200942
-0.06246    0.363016    -0.201282
-0.036813    0.147952    -0.286087
0.032571    -0.327749    -0.258845
0.021885    -0.26808    -0.265179
0.007244    -0.275777    -0.273856
0.003977    -0.151877    -0.275792
0.022015    -0.168111    -0.265102
0.013005    -0.211498    -0.270442
-0.07829    0.327496    -0.05223
-0.07771    0.31204    -0.05213
-0.05732    0.372581    -0.052764
-0.059193    0.295166    -0.052593
0.043698    -0.019695    -0.040605
-0.021693    -0.086467    -0.008339
-0.052885    -0.090697    0.007052
0.001762    -0.062467    -0.019912
-0.04536    -0.099117    0.00334
0.075815    0.020808    -0.056453
0.053422    -0.060086    -0.045403
0.07988    -0.070777    -0.058458
0.045416    0.005358    -0.041453
0.036037    -0.019405    -0.036825
0.019599    -0.068817    -0.028714
0.055342    -0.026919    -0.046351
0.082458    -0.012587    -0.059731
0.021533    -0.047243    -0.029668
0.08004    -0.099998    -0.058537
0.080303    0.029731    -0.058667
0.088031    0.147952    -0.114351
0.085076    -0.349683    -0.091395
0.092201    -0.34694    -0.077286
0.090313    -0.16896    -0.070549
0.099306    0.14468    -0.149091
0.099048    0.145724    -0.150097
0.097774    0.136469    -0.155081
0.089709    -0.075702    -0.186616
0.094756    -0.054125    -0.166882
0.091017    0.047962    -0.181502
-0.079899    0.53289    -0.052508
-0.091853    0.225304    -0.054569
-0.106609    0.533248    -0.081594
0.028341    -0.349683    -0.134862
0.019937    -0.349683    -0.154742
0.014698    -0.349683    -0.258552
0.00495    -0.293844    0.021354
0.028009    -0.088794    0.008389
0.021355    -0.267758    0.01213
0.026661    -0.058354    0.009147
0.021718    -0.090242    0.011926
0.019341    0.147952    -0.037947
0.027456    0.147952    -0.000322
-0.039877    0.237168    -0.058113
-0.049228    0.227532    -0.054669
-0.023492    0.150911    -0.06802
-0.024669    0.368926    -0.067189
-0.093314    0.533248    -0.110081
-0.070769    0.227067    -0.201732
-0.077942    0.393251    -0.201076
-0.049147    0.283538    -0.198986
-0.050795    0.293971    -0.199271
-0.041741    0.370435    -0.196004
-0.046991    0.24491    -0.198428
-0.006652    0.147952    -0.236245
0.038529    -0.331148    -0.255314
0.037274    0.081088    -0.256058
0.021608    -0.060319    -0.265343
0.028623    -0.026779    -0.261185
0.021931    -0.01148    -0.265152
-0.07208    0.206521    -0.051416
-0.067065    0.459493    -0.051874
-0.058856    0.434459    -0.052623
-0.051428    0.238021    -0.053859
0.058565    -0.100926    -0.047941
0.072363    0.147952    -0.191544
0.08261    0.068293    -0.199725
0.08413    0.064378    -0.197023
0.082239    -0.001421    -0.200386
0.075873    -0.109223    -0.211708
0.075234    0.131755    -0.212845
0.073688    -0.349683    -0.166455
0.075901    -0.349683    -0.11513
0.072371    -0.272987    -0.217937
0.086724    -0.089787    -0.192409
0.08346    -0.293395    -0.198215
0.08493    -0.22145    -0.1956
0.087524    -0.024983    -0.190987
-0.087679    0.533248    -0.134635
0.047898    -0.349683    -0.074301
0.045243    -0.349683    -0.190944
0.039067    -0.078559    0.000824
0.059067    0.113931    -0.018725
0.052486    -0.004275    -0.012292
0.044533    0.053112    -0.004518
0.037781    -0.214333    0.002081
0.038651    0.008816    0.00123
0.009155    0.147952    -0.085072
-0.032832    0.402964    -0.061427
-0.02952    0.392233    -0.063765
-0.011635    0.176248    -0.079974
-0.014712    0.20828    -0.076279
-0.031269    0.43276    -0.191169
-0.033184    0.285055    -0.192053
-0.027473    0.288309    -0.188568
-0.020763    0.24102    -0.182981
-0.020211    0.278086    -0.182521
0.009448    0.147952    -0.215924
0.056538    0.13531    -0.236997
0.042998    -0.085266    -0.250849
0.040954    -0.023542    -0.25294
0.057959    0.11717    -0.235543
0.039553    0.055709    -0.254373
0.05482    0.011797    -0.238754
-0.045269    0.518502    -0.056128
0.084039    0.000173    -0.055715
0.085789    -0.044485    -0.058667
0.084809    0.034948    -0.057015
0.086355    -0.097034    -0.059623
0.079261    0.057173    -0.047653
0.065179    0.147952    -0.071078
0.057709    0.147952    -0.224304
0.06679    -0.088897    -0.226509
0.065562    0.087297    -0.227764
0.068135    0.129783    -0.225133
0.049937    -0.291641    -0.243749
0.06671    -0.297416    -0.226591
0.06301    0.002027    -0.230376
0.047311    -0.349683    -0.227689
0.071241    -0.264993    -0.034121
0.072396    -0.182709    -0.036069
0.075876    -0.134204    -0.041941
0.068622    -0.153504    -0.029702
0.074149    -0.277972    -0.039028
0.083031    -0.28306    -0.054014
0.062392    -0.308392    -0.021975
0.044619    -0.263273    -0.004603
0.064931    -0.296116    -0.024456
0.039532    -0.296098    0.00037
0.064715    -0.086131    -0.024245
0.049468    -0.233015    -0.009342
0.040592    0.147952    -0.11606
0.041231    0.147952    -0.120657
-0.001905    0.314333    -0.095877
-0.001142    0.158641    -0.097529
0.034815    0.147952    -0.123795
0.029128    0.147952    -0.08861
0.031055    0.147952    -0.032612
0.003735    0.243302    -0.114476
0.004268    0.212176    -0.117567
-0.009362    0.509986    -0.082704
-0.012259    0.380484    -0.079224
-0.065326    0.533248    -0.156626
-0.046682    0.533248    -0.194493
-0.018111    0.239224    -0.180773
-0.019331    0.421484    -0.181789
-0.008547    0.28092    -0.169258
-0.005677    0.424191    -0.165192
-0.066774    0.533248    -0.059849
-0.073972    0.533248    -0.093231
-0.003115    0.492633    -0.093256
-0.002826    0.414861    -0.093882
0.005067    0.347868    -0.122197
0.004433    0.378167    -0.118521
-0.070157    0.533248    -0.122693
-0.010899    0.296261    -0.172591
-0.007143    0.414232    -0.167268
-0.000408    0.370496    -0.15401
0.00131    0.502239    -0.149345
0.00216    0.331974    -0.147039
-0.000403    0.2191    -0.153997
0.004486    0.219977    -0.132885
0.00494    0.416154    -0.12791
0.001766    0.416014    -0.148106
0.003769    0.497157    -0.140743
0.004451    0.413756    -0.133269
-0.145107    0.300842    -0.126277
-0.14542    0.468645    -0.129703
-0.142489    0.387471    -0.107
-0.140663    0.207127    -0.102041
-0.144028    0.426166    -0.114472
-0.143976    0.256031    -0.113907
-0.145332    0.231005    -0.130216
-0.143289    0.449655    -0.142057
-0.142627    0.201229    -0.145896
-0.142203    0.460481    -0.148354
-0.135936    0.462203    -0.090357
-0.136468    0.372089    -0.091111
-0.139743    0.388576    -0.099542
-0.137076    0.233076    -0.092299
-0.141837    0.480726    -0.14962
-0.141737    0.182822    -0.149837
-0.136963    0.154387    -0.160178
-0.136168    0.343183    -0.1619
-0.135572    0.248001    -0.163192
-0.133917    0.464391    -0.087497
-0.128569    0.37407    -0.07992
-0.131237    0.324115    -0.170089
-0.129353    0.352753    -0.172351
-0.126447    0.361884    -0.175842
-0.12377    0.288047    -0.179057
-0.117309    0.191955    -0.18488
-0.110256    0.150788    -0.189859
-0.114914    0.260671    -0.06674
-0.115866    0.2047    -0.067534
-0.118944    0.384201    -0.070096
-0.120878    0.404218    -0.071706
-0.125901    0.533248    -0.109969
-0.118751    0.518165    -0.183862
-0.116847    0.512043    -0.185206
-0.100612    0.356778    -0.19514
-0.095952    0.297831    -0.196856
-0.096209    0.270774    -0.056405
-0.0994    0.310879    -0.057879
-0.104372    0.417111    -0.060175
-0.104369    0.331444    -0.060173
-0.12072    0.533248    -0.072626
-0.087026    0.244836    -0.200143
-0.095713    0.415705    -0.196944
-0.081683    0.176176    -0.200735
-0.083848    0.24192    -0.200537
-0.06242    0.279772    -0.201275
-0.055899    0.275033    -0.200151
-0.075086    0.309528    -0.051678
-0.075002    0.202706    -0.051663
-0.05493    0.232546    -0.052982
-0.055151    0.412094    -0.052962
-0.081703    0.369247    -0.052819
-0.092253    0.190283    -0.054638
-0.102557    0.533248    -0.141883
-0.051327    0.173493    -0.053896
-0.0409    0.178116    -0.057736
-0.024806    0.167483    -0.067092
-0.034876    0.148774    -0.059984
-0.091921    0.533248    -0.077221
-0.072043    0.48504    -0.201615
-0.06992    0.495573    -0.201809
-0.056011    0.497533    -0.20017
-0.050432    0.515869    -0.199208
-0.046597    0.151788    -0.198246
-0.037151    0.268608    -0.193885
-0.071005    0.492374    -0.051514
-0.064178    0.316139    -0.052137
-0.05197    0.199666    -0.05366
-0.040705    0.475728    -0.057808
-0.082538    0.533248    -0.145139
-0.02937    0.344095    -0.063871
-0.0323    0.278881    -0.061802
-0.018153    0.363228    -0.072146
-0.015341    0.156644    -0.075524
-0.030825    0.41483    -0.190963
-0.031891    0.385373    -0.191456
-0.043518    0.478756    -0.196824
-0.018578    0.155207    -0.181162
-0.023042    0.25144    -0.184879
-0.005737    0.242772    -0.087576
-0.00196    0.31739    -0.095757
0.002624    0.414857    -0.108027
0.003741    0.167694    -0.114507
-0.029091    0.533248    -0.141844
-0.006927    0.510335    -0.085628
-0.012952    0.462036    -0.078392
-0.047657    0.533248    -0.16871
-0.015793    0.308606    -0.178843
-0.020979    0.407656    -0.183161
-0.005347    0.241026    -0.164724
-0.004038    0.378249    -0.162869
-0.052182    0.533248    -0.105913
-0.071726    0.533248    -0.095392
-0.003258    0.452537    -0.092947
-0.000577    0.372124    -0.098754
0.004785    0.405754    -0.120561
0.004704    0.415615    -0.120094
-0.013187    0.533248    -0.101032
-0.007774    0.439117    -0.168163
-0.013602    0.363962    -0.17642
-0.002356    0.383928    -0.1593
0.00275    0.495757    -0.145436
0.001009    0.213032    -0.150163
-0.000674    0.167244    -0.154732
0.005029    0.159209    -0.126933
0.00523    0.260875    -0.124734
-0.002285    0.533248    -0.151228
0.003711    0.194396    -0.141373
0.003663    0.347938    -0.141905
