-0.062043    -0.507748    0.143727
-0.070083    -0.509801    0.133486
-0.110766    -0.509973    0.075922
-0.146645    -0.509973    -0.023295
-0.087479    -0.509973    0.074761
-0.103282    -0.509973    -0.046629
-0.133562    -0.509973    0.038165
-0.121679    -0.509973    -0.055925
-0.146134    -0.508261    -0.053305
-0.08384    -0.509973    0.028158
-0.08168    -0.509973    -0.040089
-0.086156    -0.509973    -0.01627
-0.066207    -0.509974    0.066613
-0.074264    -0.509973    -0.028873
-0.03417    -0.509973    0.12143
0.131583    -0.508078    0.084461
-0.038379    -0.509973    0.10379
-0.071665    -0.509973    -0.123318
-0.06602    -0.509973    -0.131302
0.01143    -0.509974    0.10683
-0.001656    -0.509973    0.142254
-0.152198    -0.503723    0.053865
0.046237    -0.509973    0.132518
0.084911    -0.509973    0.026586
0.100333    -0.509973    0.109432
0.075135    -0.509973    0.092188
0.111127    -0.509973    0.005612
0.131499    -0.509973    -0.036494
-0.066673    -0.509957    -0.025887
0.102471    -0.502673    0.125502
0.066634    -0.509974    0.085108
0.103322    -0.509973    -0.022484
0.102136    -0.509973    0.026783
0.128259    -0.509973    -0.069344
0.035539    -0.509974    0.078109
-0.024099    -0.508856    -0.152004
0.073729    -0.509973    0.116529
-0.006362    -0.509973    -0.148981
-0.007114    -0.508563    -0.155043
0.039943    -0.509799    0.055668
-0.01079    -0.509973    -0.119595
-0.090855    -0.368932    0.137209
-0.11182    -0.14226    0.121124
-0.096364    -0.322896    0.132982
-0.108248    -0.087041    0.123866
-0.111046    -0.213096    0.121717
-0.092343    -0.489235    0.136066
-0.109159    -0.314589    0.123164
-0.116942    -0.311784    0.117192
-0.129414    -0.471814    0.101012
-0.131516    -0.336738    0.098274
-0.133577    -0.491353    0.095586
-0.139502    -0.101309    0.087869
-0.138005    -0.441335    0.089816
-0.132658    -0.455752    0.096784
-0.135375    -0.493967    0.093244
-0.139963    -0.202516    0.087267
-0.158877    -0.175205    0.045421
-0.156466    -0.241409    0.051241
-0.157198    -0.089611    0.049479
-0.14764    -0.45923    0.072544
-0.153558    -0.248281    0.058262
-0.149242    -0.482457    0.068678
-0.154999    -0.487152    0.05478
-0.163576    -0.380098    0.015223
-0.163158    -0.264366    0.018409
-0.162708    -0.452374    0.021811
-0.163219    -0.354273    0.017941
-0.163542    -0.181653    0.0155
-0.163181    -0.439346    0.018223
-0.164158    -0.412467    0.010801
-0.164897    -0.173774    0.0052
-0.082079    -0.098113    0.143694
-0.060594    -0.395998    0.152591
-0.069492    -0.165201    0.148907
-0.068651    -0.232153    0.149255
-0.080786    -0.274509    0.144228
-0.078999    -0.337237    0.144968
-0.074337    -0.291222    0.146899
-0.06726    -0.233441    0.149831
-0.03655    -0.292179    0.160769
-0.029292    -0.269911    0.161725
-0.031148    -0.137901    0.161482
-0.035565    -0.186582    0.1609
-0.023751    -0.49013    0.162453
-0.035161    -0.198969    0.160953
-0.022074    -0.412431    0.162674
0.0133    -0.446605    0.163829
0.001147    -0.279459    0.16543
0.02361    -0.448341    0.162472
0.004091    -0.106278    0.165044
0.001554    0.017865    0.165379
0.021062    -0.258363    0.162809
0.010403    -0.173243    0.164213
0.039069    -0.48791    0.160436
0.140213    -0.50835    -0.067023
-0.002997    -0.509974    -0.104314
0.008158    -0.509973    -0.118399
-0.094646    0.025148    0.134304
-0.102807    0.041236    0.128042
-0.100307    0.045938    0.129961
-0.096672    -0.0631    0.132749
-0.089545    -0.309208    0.138214
-0.099271    -0.005377    0.130755
-0.101033    -0.161941    0.129401
-0.08701    -0.201168    0.140161
-0.139106    0.019131    0.088387
-0.120257    -0.0255    0.112952
-0.133507    0.024185    0.095685
-0.124996    -0.309473    0.106772
-0.141916    0.060468    0.084727
-0.126379    0.021128    0.104974
-0.118787    0.056707    0.11487
-0.127756    0.04735    0.10318
-0.144094    -0.325001    0.081108
-0.148073    0.039397    0.07151
-0.146165    -0.13439    0.076114
-0.155471    -0.019509    0.053649
-0.144127    -0.169405    0.081031
-0.14428    -0.032898    0.080665
-0.153636    -0.037363    0.058079
-0.163599    0.046129    0.01508
-0.160024    -0.003939    0.042226
-0.161932    -0.294459    0.027719
-0.162672    -0.007099    0.022112
-0.162438    -0.248993    0.023878
-0.161168    -0.123127    0.033531
-0.160078    -0.37075    0.041802
-0.161084    -0.011427    0.034178
-0.163444    -0.312066    -0.01623
-0.163353    -0.476756    -0.016912
-0.16154    -0.480407    -0.030688
-0.163988    -0.425997    -0.012094
-0.162682    -0.250396    -0.022023
-0.161822    -0.464497    -0.028545
-0.164821    -0.420804    -0.005761
-0.165063    -0.396191    -0.003926
-0.057546    -0.164292    0.153856
-0.064996    -0.156904    0.15077
-0.04518    -0.045055    0.158979
-0.050471    -0.309108    0.156785
-0.06456    0.002536    0.150952
-0.066882    -0.108641    0.149989
-0.045229    -0.282348    0.158956
-0.066561    0.058498    0.150123
-0.025287    -0.137883    0.162253
-0.024014    -0.151725    0.162421
-0.026249    -0.09373    0.162127
-0.011229    0.021689    0.164105
-0.020167    0.005497    0.162928
-0.017966    -0.02539    0.163218
-0.018368    -0.054768    0.163165
0.042044    -0.240013    0.160047
0.023418    -0.186328    0.162499
0.011797    -0.075477    0.16403
0.037564    -0.202337    0.160637
0.033543    -0.002282    0.161168
0.025943    -0.041522    0.162168
0.030295    -0.293362    0.161593
0.035994    -0.261783    0.160843
0.045842    -0.333513    0.158702
0.054942    -0.313424    0.154933
0.066847    -0.455798    0.15
0.06058    -0.265186    0.152598
0.04781    -0.023323    0.157889
0.054867    -0.250768    0.154964
0.052002    -0.410723    0.15615
0.076375    -0.4497    0.146054
0.060894    -0.509973    -0.132175
-0.052725    -0.508409    -0.028388
0.026221    -0.509974    -0.070599
-0.161756    -0.315799    -0.029054
-0.16144    -0.326971    -0.031455
-0.163261    -0.086533    -0.017637
-0.161623    -0.022663    -0.03008
-0.16318    -0.124427    -0.01825
-0.163491    -0.140752    -0.015888
-0.161938    -0.129925    -0.027686
-0.161385    -0.070424    -0.031885
0.055057    0.03954    0.154888
0.076549    -0.162519    0.145984
0.076299    0.044791    0.146089
0.072966    0.024084    0.14747
0.079023    0.012499    0.144961
0.064064    0.041653    0.151157
0.056532    -0.030258    0.154276
0.067608    -0.020854    0.149689
0.038782    -0.509973    -0.123787
-0.087715    0.063342    0.139201
-0.158155    -0.084875    -0.047168
-0.157613    -0.374213    -0.048471
-0.157376    -0.237818    -0.049045
-0.147163    -0.390035    -0.073698
-0.156623    -0.227306    -0.050864
-0.159837    -0.359301    -0.043101
-0.15947    -0.390716    -0.043987
0.090551    -0.353486    0.137442
0.084597    -0.467979    0.14201
0.104934    -0.455496    0.126404
0.083677    -0.071325    0.14272
0.092083    -0.446021    0.136266
0.089468    -0.318128    0.138273
0.08648    -0.434109    0.140565
0.098858    -0.242487    0.131069
0.112347    -0.50787    -0.110275
0.021405    -0.498638    -0.162265
-0.145088    -0.093956    -0.078714
-0.156986    0.022019    -0.049992
-0.144896    -0.366431    -0.079172
-0.152653    0.057934    -0.060454
-0.147495    -0.320584    -0.072898
-0.146195    -0.002894    -0.076043
-0.154631    -0.059688    -0.055675
0.002352    0.064121    0.164723
0.109279    -0.302877    0.123072
0.11179    -0.113475    0.121148
0.08647    0.052774    0.140578
0.110269    -0.319513    0.122312
0.100504    -0.147846    0.129807
0.111005    -0.002861    0.121751
0.098382    -0.166236    0.131435
0.130431    -0.443298    0.099687
0.130499    -0.417691    0.099598
0.139629    -0.075326    0.087705
0.141294    -0.295824    0.085533
0.125891    -0.341655    0.105605
0.132349    -0.293537    0.097188
0.126932    -0.346673    0.104247
0.139498    -0.362749    0.087872
0.157984    -0.042944    0.047581
0.158921    -0.393222    0.045313
0.155407    -0.370028    0.053796
0.158963    -0.442317    0.04521
0.157843    -0.13027    0.04792
0.158031    -0.157811    0.047465
0.158832    -0.350436    0.045527
0.154455    -0.330242    0.056096
0.164908    -0.27074    0.005115
0.163975    -0.35031    0.012192
0.16379    -0.388916    0.013598
0.162719    -0.244001    0.021744
0.165474    -0.104193    0.000821
0.163172    -0.339667    0.018299
0.16491    -0.19993    0.005103
0.162106    -0.310099    -0.026396
0.16334    -0.483829    -0.017012
0.163978    -0.374789    -0.012172
0.163197    -0.477259    -0.018098
0.16107    -0.398967    -0.034263
0.163013    -0.488261    -0.019497
0.160577    -0.173609    -0.038016
0.162494    -0.438765    -0.023439
-0.050491    -0.506569    0.013821
-0.119844    -0.464369    -0.113484
-0.121204    -0.490018    -0.111711
-0.133435    -0.249906    -0.095775
-0.132707    -0.275232    -0.096723
-0.125685    -0.412913    -0.105873
-0.133647    -0.223475    -0.095499
-0.134951    -0.39382    -0.093797
-0.136623    -0.345978    -0.091619
0.139807    0.007447    0.087473
0.136171    -0.045021    0.092211
0.118026    -0.010938    0.11586
0.122721    -0.174985    0.109738
0.121671    0.00535    0.11111
0.136804    0.036287    0.091388
0.123962    -0.34701    0.108118
0.136633    -0.056177    0.09161
0.144136    -0.382327    0.081006
0.147722    0.057851    0.072359
0.153552    0.00421    0.058283
0.145971    -0.064267    0.076583
0.15591    -0.065172    0.052587
0.150948    -0.040196    0.064568
0.15695    0.047045    0.050079
0.162435    -0.156339    0.023911
0.163571    -0.105935    0.015282
0.161283    -0.014076    0.032663
0.162645    -0.013461    0.022322
0.163391    -0.073144    0.016649
0.160624    -0.012894    0.037674
0.161653    -0.286026    0.029839
0.160047    -0.289136    0.04204
0.163888    -0.098741    -0.012873
0.164147    -0.232433    -0.010893
0.164553    -0.14225    -0.007816
0.162679    -0.153191    -0.022051
0.164987    -0.425317    -0.004502
0.163929    0.039945    -0.012569
0.164859    -0.097444    -0.005498
0.162642    0.027756    -0.022345
0.151715    -0.22256    -0.062711
0.156787    -0.309376    -0.050465
0.156203    -0.355921    -0.051874
0.149608    -0.431165    -0.067794
0.157234    -0.105022    -0.04939
0.159048    -0.271895    -0.045007
0.146683    -0.485651    -0.074855
0.146187    -0.484752    -0.076053
-0.135356    -0.078717    -0.093273
-0.128568    0.004978    -0.102121
-0.124714    0.019914    -0.107144
-0.128842    -0.075197    -0.101763
-0.126271    -0.035882    -0.105114
-0.12794    0.004983    -0.10294
-0.122046    -0.147866    -0.110619
-0.131147    -0.120072    -0.098758
-0.096145    -0.165613    -0.133152
-0.095578    -0.252914    -0.133586
-0.087224    -0.463498    -0.139994
-0.090078    -0.312666    -0.137806
-0.115736    -0.493031    -0.118116
-0.092432    -0.272666    -0.136
-0.110967    -0.399294    -0.121776
-0.100099    -0.303668    -0.130117
0.152797    -0.014507    -0.060103
0.145831    -0.186948    -0.076918
0.148653    -0.284635    -0.070103
0.14638    -0.200488    -0.075592
0.148962    -0.279127    -0.069356
0.144212    0.026983    -0.08083
0.154575    -0.058907    -0.05581
0.146773    -0.278788    -0.074642
-0.049922    -0.110983    -0.157014
-0.077363    -0.448411    -0.145644
-0.064877    -0.361985    -0.150817
-0.045472    -0.47737    -0.158854
-0.049767    -0.054145    -0.157078
-0.057025    -0.284809    -0.15407
-0.076811    -0.445751    -0.145873
-0.061791    -0.461644    -0.152094
-0.022135    -0.440124    -0.162666
-0.033505    -0.39983    -0.16117
-0.011885    -0.32864    -0.164016
-0.009405    -0.155664    -0.164344
-0.013944    -0.191633    -0.163746
-0.004758    -0.160467    -0.164956
-0.023646    -0.282593    -0.162468
-0.013755    -0.188607    -0.163771
0.033466    -0.100121    -0.161177
0.029311    -0.199466    -0.161723
0.042785    -0.302793    -0.159949
0.031516    -0.261509    -0.161432
0.028729    -0.334701    -0.161799
0.032939    -0.384316    -0.161244
0.041011    -0.188319    -0.160183
0.076864    -0.023166    -0.145855
0.074734    -0.226653    -0.146735
0.078565    -0.291486    -0.145148
0.052345    -0.42596    -0.156007
0.081618    -0.123078    -0.143885
0.047065    -0.450454    -0.158195
0.071489    -0.340673    -0.148078
0.07773    -0.11191    -0.145495
0.115654    -0.281882    -0.118181
0.110175    -0.377825    -0.122384
0.107766    -0.371236    -0.124233
0.098027    -0.387222    -0.131706
0.105211    -0.363932    -0.126193
0.095659    -0.457008    -0.133522
0.109152    -0.12354    -0.123172
0.106097    -0.125321    -0.125516
0.126233    -0.452569    -0.105158
0.139365    -0.46973    -0.088044
0.138391    -0.198606    -0.089317
0.141902    -0.135725    -0.084741
0.134306    -0.218634    -0.09464
0.140731    -0.460971    -0.086263
0.14253    -0.375299    -0.08392
0.126175    -0.427982    -0.105234
-0.094876    -0.027447    -0.134127
-0.106228    -0.258944    -0.125414
-0.106475    -0.209913    -0.125225
-0.095907    -0.124371    -0.133334
-0.099758    0.04951    -0.130382
-0.115015    -0.001251    -0.118674
-0.105002    -0.193736    -0.126355
-0.075898    0.039105    -0.146255
-0.066381    0.003781    -0.150197
-0.078102    -0.085272    -0.145341
-0.082383    0.008649    -0.143569
-0.079114    0.032219    -0.144923
-0.081253    -0.129907    -0.144036
-0.072099    0.01778    -0.147829
-0.073974    -0.23224    -0.14705
0.027795    -0.507347    0.047407
-0.023577    0.021306    -0.16248
-0.041543    -0.06846    -0.160114
-0.031436    -0.328695    -0.161443
-0.040506    -0.237615    -0.160249
-0.033974    -0.077368    -0.16111
-0.011589    -0.06754    -0.164057
-0.037269    -0.022166    -0.160677
0.007065    -0.031144    -0.164653
0.021987    -0.147798    -0.162688
0.003378    -0.186394    -0.165137
0.026012    -0.021097    -0.162159
0.002441    -0.460946    -0.165258
0.01553    -0.13797    -0.163538
0.03149    -0.042647    -0.161437
0.018473    -0.045581    -0.163151
0.043328    -0.084419    -0.159745
0.057538    -0.276863    -0.153858
0.069992    -0.043169    -0.148701
0.043036    -0.161875    -0.159866
0.048214    -0.22534    -0.15772
0.044191    0.016758    -0.159389
0.051262    -0.189378    -0.156458
0.057747    -0.073126    -0.153773
0.096867    -0.228991    -0.132597
0.085638    -0.152093    -0.141214
0.090248    -0.296766    -0.137675
0.086007    0.008404    -0.140933
0.089859    0.034925    -0.137977
0.096495    -0.126742    -0.132884
0.089321    -0.294486    -0.138387
0.08395    -0.25196    -0.142509
0.131335    -0.192945    -0.098512
0.132521    -0.150657    -0.096967
0.13262    -0.150936    -0.096838
0.128151    -0.012699    -0.102665
0.123834    0.019457    -0.108291
0.12498    -0.080768    -0.106796
0.120921    -0.369785    -0.112081
-0.08372    0.063025    -0.142339
-0.160677    0.069961    0.013201
-0.066423    0.064329    -0.149525
-0.150715    0.069117    -0.058131
-0.129159    0.070854    -0.095248
-0.018133    0.06731    -0.161494
0.021426    0.068657    -0.160316
-0.15683    0.075646    -0.001693
-0.1437    0.077868    0.051602
0.133996    0.072216    -0.087185
0.101805    0.076047    0.117457
-0.123767    0.076103    -0.093448
-0.112597    0.079771    0.099165
0.02885    0.081273    0.144915
-0.119062    0.08036    -0.089288
-0.079327    0.082411    0.122852
0.150375    0.077233    -0.033283
0.144157    0.082891    0.016353
0.146445    0.0817    -0.012307
0.099873    0.084818    0.102297
0.032567    0.083384    -0.141228
0.077847    0.083391    -0.122101
0.141652    0.085204    -0.006847
-0.045416    0.090103    0.125465
0.073507    0.085423    -0.121299
0.132132    0.089201    -0.029107
-0.038058    0.091429    0.126051
0.121254    0.089875    -0.05658
-0.0939    0.094714    0.083347
0.067495    0.094683    0.106133
0.040254    0.09368    -0.120888
-0.110644    -0.499373    0.036996
-0.102596    -0.501252    0.030893
-0.077401    -0.497085    0.096553
-0.048245    -0.497486    0.112751
-0.103096    -0.501491    -0.021299
-0.100875    -0.495498    -0.078312
-0.135943    -0.490779    0.016768
-0.096986    -0.501697    -0.032654
-0.087083    -0.495614    -0.093777
0.010355    -0.487178    0.1424
-0.086329    -0.501524    0.021051
-0.141783    -0.488401    -0.001621
-0.086672    -0.5015    -0.016221
-0.016397    -0.482742    0.146025
-0.063311    -0.501633    -0.081244
0.067022    -0.482478    0.131463
0.028383    -0.50117    0.104231
-0.02763    -0.499035    -0.115039
0.052003    -0.501497    0.09201
0.075808    -0.48386    0.126014
0.019836    -0.501872    0.097892
-0.0335    -0.478364    0.14645
-0.05067    -0.501812    -0.076833
-0.149147    -0.477809    0.015148
-0.068482    -0.498843    0.01502
0.113678    -0.497036    0.049174
0.064578    -0.494142    -0.114676
-0.04107    -0.501564    -0.079127
0.034253    -0.476041    0.147471
-0.062048    -0.497984    0.02071
0.124525    -0.495995    0.022957
0.065308    -0.501017    -0.086254
0.051188    -0.500735    0.063977
-0.135582    -0.475063    -0.067448
0.035872    -0.481591    -0.144245
0.121262    -0.498057    -0.004393
0.115459    -0.472352    0.099306
0.0736    -0.501923    -0.065688
0.106204    -0.50131    -0.007122
0.146383    -0.476965    -0.039194
-0.026659    -0.499302    0.067505
0.085573    -0.501791    -0.032635
0.00814    -0.477483    -0.150225
0.076327    -0.500104    -0.012787
-0.050239    -0.494807    0.006558
-0.073022    -0.467857    0.135573
0.008805    -0.500203    -0.07758
0.056457    -0.476407    -0.139525
-0.153133    -0.466142    -0.012712
0.048013    -0.498136    0.045852
0.097053    -0.462595    0.119368
0.007919    -0.498947    -0.070035
0.148674    -0.460769    0.043204
-0.135589    -0.433688    0.074826
-0.146701    -0.246962    0.047998
-0.144052    -0.448924    0.054394
-0.147047    -0.429067    0.047163
-0.137983    -0.436354    0.069048
-0.136291    -0.40481    0.073131
-0.148753    -0.262933    0.043045
-0.155227    -0.246859    3.3e-05
-0.154346    -0.247408    0.00672
-0.154782    -0.272933    0.003412
-0.15064    -0.414753    0.034868
-0.154294    -0.295612    0.007116
-0.153512    -0.202424    0.013059
-0.152346    -0.449677    0.021908
-0.150749    -0.347811    -0.034037
-0.150128    -0.237714    -0.038757
-0.153482    -0.397659    -0.013285
-0.152204    -0.181223    -0.022987
-0.150337    -0.13364    -0.037167
-0.150855    -0.320011    -0.033233
-0.134487    -0.463012    -0.077108
-0.131969    -0.126564    0.080827
-0.121829    -0.238984    0.094043
-0.131571    -0.385299    0.081346
-0.128238    -0.149854    0.085689
-0.130375    -0.265477    0.082905
-0.131209    -0.429014    0.081819
-0.083183    -0.168066    0.130162
-0.093976    -0.277877    0.12188
-0.084038    -0.130344    0.129506
-0.082878    -0.041889    0.130396
-0.079579    -0.279063    0.132927
-0.103245    -0.408879    0.114768
-0.077864    -0.24433    0.134243
-0.047726    -0.306785    0.146814
-0.046137    -0.163813    0.147472
-0.054939    -0.36562    0.143826
-0.057332    -0.263333    0.142836
-0.065673    -0.306057    0.13938
-0.067625    -0.385917    0.138572
-0.043233    -0.293929    0.148675
-0.024224    -0.415629    0.152041
-0.01255    -0.179661    0.153579
-0.037937    -0.437209    0.150236
-0.005098    -0.296533    0.15456
-0.002706    -0.456817    0.154875
-0.011415    -0.408341    0.153728
0.031073    -0.457141    0.15114
0.021919    -0.440236    0.152345
0.036969    -0.312927    0.150363
0.035864    -0.333525    0.150509
0.012034    -0.399354    0.153647
0.02995    -0.149865    0.151288
0.022175    -0.440967    0.152311
0.067833    -0.148554    0.138486
0.075371    -0.12385    0.135364
0.069823    -0.199065    0.137661
0.077503    -0.384153    0.13448
0.067845    -0.377442    0.138481
0.05495    -0.428487    0.143822
0.073917    -0.095894    0.135966
0.093384    -0.2879    0.122334
0.103055    -0.369707    0.114914
0.105431    -0.460256    0.113091
0.092654    -0.253861    0.122894
0.080777    -0.443586    0.132008
0.099095    -0.285892    0.117952
0.111781    -0.399305    0.107138
0.125545    -0.455654    0.0892
0.126508    -0.375367    0.087945
0.121708    -0.384235    0.0942
0.125692    -0.297255    0.089009
0.115642    -0.364085    0.102106
0.117193    -0.126422    0.100084
0.134448    -0.17507    0.077581
0.136711    -0.210356    0.072118
0.140582    -0.278056    0.062773
0.14382    -0.293938    0.054957
0.134731    -0.34557    0.076898
0.139093    -0.236193    0.066367
0.147107    -0.412302    0.047022
0.151097    -0.062423    0.031402
0.150787    -0.299119    0.033754
0.150653    -0.20805    0.034779
0.154565    -0.399262    0.005056
0.152997    -0.369606    0.016969
0.151365    -0.35707    0.029366
0.150283    -0.462116    -0.036875
-0.13748    -0.086117    0.070261
-0.142957    0.006831    0.057037
-0.140254    0.004606    0.063565
-0.138881    -0.133592    0.06688
-0.13683    0.012264    0.07183
-0.14352    -0.092351    0.05568
-0.144433    0.049327    0.053474
-0.151667    -0.261701    0.027065
-0.154398    0.024908    0.006325
-0.15269    -0.089901    0.019298
-0.150589    -0.258017    0.035257
-0.152465    -0.079184    0.021009
-0.154208    0.025537    0.007773
-0.151086    -0.198819    0.031482
-0.151718    0.013852    -0.02668
-0.151714    0.054884    -0.026713
-0.152096    0.029706    -0.02381
-0.154907    -0.016483    -0.002459
-0.153561    -0.235078    -0.012681
-0.152952    -0.098121    -0.017308
-0.143592    -0.185304    -0.055504
-0.144461    -0.160385    -0.053406
-0.147381    -0.142574    -0.046358
-0.146147    -0.303037    -0.049336
-0.146988    -0.180883    -0.047307
-0.146865    -0.176845    -0.047602
-0.148978    -0.424983    -0.042501
-0.13534    -0.327266    -0.075427
-0.139192    -0.166646    -0.066128
-0.135662    -0.185854    -0.074651
-0.138095    -0.304649    -0.068777
-0.141376    -0.449736    -0.060855
-0.142712    -0.249882    -0.057629
-0.136314    -0.24067    -0.073077
-0.109797    -0.137925    0.109723
-0.109915    -0.410298    0.10957
-0.120708    0.01181    0.095503
-0.128054    -0.03481    0.08593
-0.113147    -0.332902    0.105357
-0.127005    -0.015624    0.087297
-0.115414    -0.029303    0.102402
-0.100588    -0.055491    0.116807
-0.104032    -0.215871    0.114164
-0.103731    -0.346715    0.114395
-0.090221    0.010668    0.124761
-0.091912    -0.054417    0.123464
-0.08298    -0.029294    0.130317
-0.060709    -0.12681    0.141437
-0.077431    -0.177878    0.13451
-0.062133    -0.128908    0.140847
-0.050062    -0.031014    0.145846
-0.067636    -0.13473    0.138568
-0.069617    -0.232382    0.137747
-0.060598    -0.206483    0.141483
-0.03577    -0.238027    0.150521
-0.037718    -0.177501    0.150265
-0.03539    -0.36672    0.150571
-0.028261    -0.255524    0.15151
-0.012739    -0.070731    0.153554
-0.006354    -0.017915    0.154394
-0.030067    -0.303714    0.151272
0.007995    -0.013168    0.154178
0.011915    -0.229362    0.153662
0.014492    0.025148    0.153323
0.010109    -0.164224    0.1539
0.024902    -0.072847    0.151952
0.030371    -0.043986    0.151232
0.047058    0.017143    0.147091
0.046827    -0.077985    0.147187
0.06798    0.053138    0.138425
0.045401    -0.377068    0.147777
0.05674    -0.220542    0.143081
0.054184    -0.015768    0.144139
0.05977    0.011777    0.141826
0.083322    -0.05295    0.130055
0.097048    0.011184    0.119523
0.100715    0.002007    0.116709
0.08456    -0.16696    0.129105
0.086777    -0.220086    0.127404
0.097345    -0.024716    0.119295
0.085585    0.031307    0.128318
0.131009    -0.012337    0.082079
0.122236    -0.041522    0.093511
0.131531    -0.050309    0.081399
0.13399    -0.409292    0.078194
0.120345    -0.04579    0.095977
0.126606    -0.025075    0.087817
0.137902    0.022215    0.069242
0.147801    -0.344486    0.045345
0.148769    -0.247192    0.043008
0.139937    -0.020523    0.064329
0.149834    -0.255628    0.040437
0.146143    -0.158197    0.049347
0.138092    0.030078    0.068784
0.153838    -0.232378    0.010583
0.153309    -0.13768    0.014601
0.154955    -0.003216    0.002099
0.152423    -0.116187    0.02133
0.152381    -0.173171    0.021648
0.153423    -0.243206    0.013738
0.150651    0.045796    0.034791
0.154481    -0.206411    -0.005698
0.153736    -0.15115    -0.011354
0.153262    -0.353385    -0.014955
0.154577    -0.181729    -0.004971
0.151211    -0.336795    -0.030536
0.15474    -0.065681    -0.003729
0.101385    -0.468564    -0.11512
-0.121626    0.012924    -0.094307
-0.120911    0.033731    -0.09524
-0.130781    0.052841    -0.082376
-0.121049    0.035661    -0.09506
-0.131215    -0.270047    -0.08181
-0.120791    0.040371    -0.095396
-0.120869    0.028186    -0.095294
0.151001    -0.160368    -0.032133
0.150282    -0.226512    -0.037594
0.153322    0.0255    -0.014502
0.154507    0.054337    -0.005503
0.151577    -0.036657    -0.027756
0.15483    0.033281    -0.003048
0.151486    0.011337    -0.028449
-0.02877    -0.490132    0.014459
-0.113494    -0.314708    -0.104905
-0.113645    -0.106042    -0.104708
-0.118826    -0.451047    -0.097956
-0.117753    -0.220011    -0.099355
-0.110779    -0.001319    -0.108444
-0.122315    -0.419143    -0.093409
-0.124106    -0.304323    -0.091075
0.14142    -0.297045    -0.060749
0.14602    -0.270395    -0.049645
0.146076    -0.448818    -0.049511
0.144807    -0.242526    -0.052575
0.145385    -0.123696    -0.051178
0.149089    -0.312406    -0.042235
0.141932    -0.427196    -0.059514
-0.094108    -0.442811    -0.121779
-0.093094    -0.25873    -0.122557
-0.109333    -0.248051    -0.110097
-0.109135    -0.064461    -0.110248
-0.10086    -0.110176    -0.116598
-0.093281    -0.218445    -0.122413
-0.090165    -0.452269    -0.124804
-0.051074    -0.421621    -0.145428
-0.067294    -0.101111    -0.138709
-0.058975    -0.444911    -0.142155
-0.072381    -0.253654    -0.136602
-0.071383    -0.410231    -0.137015
-0.074526    -0.289816    -0.135713
-0.017997    -0.487399    0.000876
0.140524    -0.186975    -0.062914
0.140583    -0.016321    -0.062771
0.140218    -0.04227    -0.063651
0.134633    -0.273187    -0.077135
0.135641    -0.177502    -0.074702
0.139213    0.011266    -0.066077
0.141227    -0.048084    -0.061215
-0.096    0.033691    -0.120327
-0.082795    -0.123461    -0.130459
-0.08375    -0.109077    -0.129726
-0.080587    -0.201442    -0.132153
-0.104761    0.030306    -0.113605
-0.090751    -0.167494    -0.124355
-0.081154    -0.090367    -0.131718
-0.058039    -0.040649    -0.142543
-0.044952    0.049168    -0.147964
-0.06257    -0.019543    -0.140666
-0.064987    -0.002879    -0.139665
-0.054889    -0.121405    -0.143848
-0.050443    -0.172204    -0.14569
-0.048392    -0.318598    -0.146539
0.092459    -0.461457    -0.122977
0.132764    -0.439232    -0.079791
0.114741    -0.387958    -0.10328
0.125463    -0.327318    -0.089307
0.123887    -0.43143    -0.09136
0.131437    -0.2312    -0.081521
0.130668    -0.431749    -0.082524
-0.030089    -0.124618    -0.15127
-0.035996    -0.246147    -0.150492
-0.03974    -0.326114    -0.149999
-0.017762    -0.315941    -0.152893
-0.013847    -0.413168    -0.153408
-0.026557    -0.174326    -0.151735
-0.0298    -0.117229    -0.151308
0.01497    -0.495623    -0.052432
0.094617    -0.398774    -0.121389
0.080666    -0.199657    -0.132093
0.089311    -0.286429    -0.125459
0.077652    -0.126474    -0.134406
0.080584    -0.304629    -0.132156
0.090313    -0.190644    -0.124691
0.103446    -0.443243    -0.114613
0.111337    -0.190648    -0.107716
0.11101    -0.361887    -0.108142
0.11497    -0.291652    -0.102982
0.11571    -0.061391    -0.102017
0.118332    -0.17077    -0.0986
0.112825    -0.183154    -0.105777
0.041065    -0.019257    -0.149574
0.042884    -0.44507    -0.148821
0.064654    -0.390764    -0.139803
0.051465    -0.446409    -0.145266
0.043702    -0.064547    -0.148482
0.044911    -0.459632    -0.147981
0.041285    -0.210623    -0.149483
0.017197    -0.344689    -0.152967
0.032899    -0.414237    -0.1509
0.012415    -0.352129    -0.153597
0.002792    -0.000206    -0.154863
0.030091    -0.334    -0.15127
0.004018    -0.421943    -0.154702
0.03332    -0.409012    -0.150845
-0.014384    -0.009359    -0.153337
-0.021066    -0.188464    -0.152458
-0.020343    -0.106985    -0.152553
-0.014686    -0.238762    -0.153298
-0.023369    -0.150728    -0.152155
-0.012394    -0.059582    -0.153599
-0.019558    -0.488618    -0.015833
0.097793    -0.204374    -0.118951
0.104689    -0.164419    -0.11366
0.109459    -0.034884    -0.11
0.093139    -0.089881    -0.122522
0.109272    -0.320747    -0.110144
0.107443    -0.167532    -0.111546
0.083608    0.029688    -0.129836
0.044513    0.005197    -0.148146
0.065937    -0.092084    -0.139271
0.07148    -0.094686    -0.136975
0.065731    -0.222518    -0.139357
0.056373    -0.165542    -0.143233
0.063955    -0.262158    -0.140093
0.065187    -0.188003    -0.139582
0.027288    -0.00809    -0.151639
0.037903    -0.2162    -0.150241
0.026782    -0.161194    -0.151705
0.012746    0.039377    -0.153553
0.035471    -0.087407    -0.150561
0.032745    -0.133823    -0.15092
0.034417    -0.137623    -0.1507
0.094645    0.058621    -0.120956
0.076909    0.05725    -0.134596
0.150333    0.061328    -0.029506
0.020087    -0.489936    -0.023934
-0.150121    0.064822    0.01979
0.147852    0.064947    -0.036535
0.143252    0.06664    0.047017
0.070673    0.069403    0.130956
-0.139623    0.069938    -0.048451
0.147264    0.070013    -0.011201
0.145011    0.07088    -0.021116
-0.034159    0.073118    0.140165
-0.042495    0.074619    0.135153
-0.137323    0.075294    0.030198
0.119876    0.073322    -0.078863
0.136181    0.077508    0.012251
-0.059062    0.079643    0.119695
0.035536    0.076239    -0.135123
-0.11993    0.080075    -0.056675
0.092203    0.081676    0.092933
-0.128085    0.081639    0.022445
0.039913    0.078884    -0.128952
-0.116422    0.083221    -0.051581
0.074316    0.085365    0.098845
-0.075666    0.086168    0.096062
-0.01251    0.084042    -0.125344
0.092153    0.085043    -0.083934
-0.118095    0.088707    -0.005615
0.096697    0.09069    0.061681
0.11389    0.089658    -0.0245
-0.091488    0.091713    -0.065368
-0.082345    0.091355    -0.07837
0.052092    0.091455    -0.100573
0.061664    0.091842    -0.09403
0.039132    0.094603    -0.099566
-0.010274    0.096623    0.102608
-0.094589    0.099019    -0.028573
-0.047586    0.097325    -0.090369
-0.016862    0.097704    -0.099612
-0.083093    0.102912    -0.036646
0.069281    0.103774    0.056333
-0.068371    0.106105    0.051111
0.07022    0.104678    -0.052624
-0.047474    0.108073    0.067292
-0.042304    0.107392    0.072532
-0.013384    0.113036    0.074177
0.073619    0.112895    0.019048
0.012941    0.11327    -0.073923
-0.05381    0.117491    0.044459
-0.011608    0.121104    0.06472
-0.050247    0.119114    -0.045957
-0.059707    0.125092    0.016676
-0.032663    0.126906    0.050348
0.026698    0.125295    0.055347
0.049106    0.135286    0.018665
-0.028349    0.139964    0.039972
0.04514    0.143885    0.011713
0.02485    0.146111    -0.037377
-0.014206    0.148038    -0.041413
-0.017116    0.150945    -0.039021
-0.040445    0.189611    0.007367
-0.030364    0.242463    0.027866
-0.013625    0.183379    0.038802
0.006279    0.238729    0.04058
0.028398    0.163262    0.029972
0.036769    0.240998    0.018508
-0.041262    0.22684    0.001117
-0.039565    0.274577    0.011742
-0.033444    0.305591    0.023834
-0.028727    0.263779    0.029698
-0.015039    0.307728    0.038193
0.003287    0.286827    0.040966
0.024215    0.29499    0.033153
0.037091    0.294967    0.017705
0.028412    0.173548    -0.029958
0.007013    0.205977    -0.040489
-0.004221    0.158952    -0.040865
-0.029037    0.208508    -0.029472
-0.039705    0.201749    -0.011436
0.04104    0.261898    -0.002758
0.026023    0.311331    -0.031763
0.009662    0.212266    -0.040139
-0.013095    0.298032    -0.039
-0.021776    0.264094    -0.035031
0.040305    0.249397    -0.008353
0.03884    0.241331    -0.013506
0.02534    0.317349    0.034658
-0.04295    0.321213    -0.01832
0.040611    0.325101    0.028232
-0.013925    0.328405    -0.048964
0.030511    0.334575    0.040515
0.011494    0.339798    0.047562
0.027521    0.342364    -0.03761
0.039706    0.347564    0.014426
-0.021203    0.357847    0.035461
0.006379    0.361944    0.040555
0.036584    0.355627    -0.018922
-0.038358    0.370851    0.019705
0.038909    0.373418    0.027057
0.018349    0.372554    0.049391
-0.000472    0.370161    -0.055637
-0.01187    0.364781    0.0552
-0.042185    0.361363    0.034559
-0.010462    0.353371    0.050558
0.042645    0.35757    0.03014
-0.009003    0.347476    -0.052127
-0.024315    0.343064    0.050674
-0.030106    0.334836    0.05379
0.01481    0.331546    0.060124
0.028963    0.344663    -0.046663
0.052252    0.326939    0.031558
0.052637    0.324793    0.028954
0.003517    0.323285    -0.058864
-1e-06    0.317349    0.054123
-0.051812    0.313638    -0.004636
-0.051149    0.273365    0.005305
-0.040871    0.247068    0.031196
-0.026332    0.169886    0.044646
-0.008064    0.267433    0.050788
0.001207    0.307217    0.051673
0.029664    0.303992    0.042013
-0.050356    0.297094    -0.011245
-0.043542    0.265604    -0.0277
0.043173    0.212351    0.028221
0.047314    0.296433    0.02007
-0.051627    0.246436    -0.001763
-0.046337    0.167593    0.02258
-0.0331    0.187192    0.039443
-0.023992    0.198341    0.045737
0.000754    0.228798    0.051768
0.013453    0.23056    0.050087
0.039111    0.197784    0.033526
-0.040135    0.217168    -0.032177
-0.026284    0.210708    -0.044659
0.050478    0.210074    0.010618
-0.047743    0.161974    0.01935
-0.021259    0.24325    -0.046847
0.051442    0.286988    -0.003026
-0.020421    0.213589    -0.047209
0.050548    0.181327    -0.010187
-0.01109    0.2679    -0.05039
0.04135    0.260509    -0.030561
0.015436    0.250714    -0.049256
0.003366    0.206619    -0.051434
-0.002847    0.198665    -0.051506
0.037867    0.284454    -0.035083
0.034501    0.164817    -0.038381
0.010971    0.22535    -0.050424
0.021866    0.153267    -0.047547
0.053919    0.147112    -0.013346
0.007268    0.143451    0.057686
0.056884    0.143803    -0.011136
-0.025254    0.139874    -0.055704
0.032135    0.144958    -0.04706
-0.026091    0.133801    -0.061442
-0.057245    0.128221    -0.044473
0.068099    0.125761    0.032193
-0.00881    0.123603    0.077211
-0.04919    0.120943    0.064338
-0.080238    0.12084    -0.01197
0.015749    0.118661    0.082537
-0.044013    0.115588    0.077131
0.015264    0.116015    -0.086262
0.06864    0.113749    0.059669
-0.070798    0.110728    -0.064428
-0.085432    0.109312    0.049253
0.08939    0.113547    -0.018874
-0.066109    0.107615    -0.076177
-0.102146    0.107223    0.000599
0.029246    0.10576    0.100509
-0.102373    0.105466    -0.023883
0.054095    0.105628    -0.089964
0.029882    0.100918    0.110536
-0.062722    0.10078    -0.095355
-0.052292    0.100686    0.101752
-0.056158    0.100609    0.100311
0.010036    0.098982    -0.117002
0.08603    0.097641    0.084771
-0.013965    0.096327    0.121519
-0.121006    0.097124    -0.006501
-0.000931    -0.50554    0.048946
0.045132    -0.506344    -0.024882
0.012729    -0.501855    0.033013
-0.004901    -0.500603    0.029552
-0.001271    -0.498482    -0.018832
