-0.026009    0.35332    -0.012408
0.043918    0.34982    -0.041365
0.1055    0.354552    -0.066867
-0.070713    0.347903    0.057492
0.061957    0.349968    0.004968
0.109533    0.358729    -0.014734
-0.038588    0.354049    -0.007199
-0.091794    0.3521    0.027711
-0.005857    0.347006    0.03305
-0.090695    0.352574    0.033971
0.086467    0.359127    -0.005182
-0.043834    0.357728    -0.005026
-0.062904    0.358072    0.002871
0.141166    0.362675    -0.02793
-0.048661    0.395105    0.050776
-0.088607    0.385494    0.067318
-0.08741    0.391329    0.066822
-0.075146    0.366405    0.061744
0.087388    0.367675    -0.005564
-0.035342    0.386647    0.04526
0.044038    0.379872    0.012388
0.035058    0.376469    0.016107
-0.003459    0.362343    0.032057
0.027705    0.363285    0.019152
-0.094968    0.353635    0.03385
0.113001    0.342305    -0.069972
-0.030056    0.337296    -0.010732
0.003117    0.388821    -0.024469
0.090174    0.372286    -0.06052
-0.112247    0.358279    0.031088
-0.04795    0.375828    -0.003321
0.08706    0.361579    -0.059231
-0.043128    0.383463    -0.005318
0.025809    0.381646    -0.033866
0.079732    0.370635    -0.056196
0.062593    0.361079    -0.049099
-0.076188    0.370964    0.008372
0.030093    0.36012    -0.03564
-0.114643    0.411401    0.024297
-0.116526    0.379832    0.025077
-0.003356    0.343359    -0.021788
0.05734    0.383107    0.00688
-0.016547    0.400447    0.037477
0.059161    0.337969    0.006126
0.115902    0.336768    -0.017371
-0.099748    0.393496    0.066278
-0.124838    0.376068    0.082321
-0.119311    0.370879    0.080033
0.00106    0.341035    -0.023617
0.060296    0.387463    -0.048147
0.119807    0.375941    -0.048966
-0.109627    0.364112    0.042422
-0.124794    0.405348    0.0285
-0.115135    0.386684    0.02912
-0.001646    0.342573    0.031306
-0.032751    0.404606    0.044188
0.125839    0.376274    -0.021486
0.006114    0.339484    0.028093
0.093257    0.32333    -0.061797
0.102048    0.328437    -0.065437
-0.103395    0.413301    0.057471
-0.117025    0.406517    0.079086
-0.10048    0.359649    0.070997
-0.125126    0.367679    0.078845
0.060963    0.390459    -0.048423
0.105631    0.390112    -0.039109
-0.143506    0.405572    0.036249
-0.137621    0.366853    0.041737
-0.089088    0.416    0.039065
-0.110991    0.416385    0.028758
0.001395    0.413637    -0.00376
0.023218    0.342338    0.02101
0.045022    0.399871    0.011981
0.146865    0.329341    -0.030193
0.106671    0.327286    -0.013549
0.127301    0.328777    -0.022092
0.060189    0.323074    -0.048103
0.082284    0.318255    -0.057253
0.012602    0.323641    -0.028397
-0.04087    0.414942    0.038549
-0.086303    0.416019    0.047854
0.004096    0.413797    0.020439
-0.12123    0.416958    0.06745
-0.056143    0.311164    0.004815
0.08166    0.394188    -0.056994
-0.145427    0.405252    0.045014
-0.140358    0.372678    0.063897
-0.133522    0.378638    0.079189
-0.045996    0.414682    -0.002618
0.040281    0.412545    -0.030594
0.023869    0.412899    -0.031056
0.02879    0.413114    0.004531
-0.056723    0.415246    0.033833
0.018794    0.413282    -0.001031
0.095406    0.398871    -0.008884
0.093841    0.320139    -0.008236
0.129763    0.317323    -0.023111
-0.005437    0.326886    0.032877
0.099844    0.309539    -0.064524
0.053673    0.312089    -0.045404
0.140378    0.29697    -0.08131
-0.055484    0.31521    0.017458
-0.020549    0.274675    -0.008908
-0.044958    0.313871    -0.004561
-0.012306    0.306356    -0.018082
-0.033798    0.296112    -0.009182
-0.017538    0.304112    -0.015916
0.06132    0.405369    -0.048571
0.048865    0.412002    -0.028053
0.000886    0.408803    0.030258
0.109561    0.301863    -0.014745
0.147073    0.299273    -0.03028
0.07104    0.315689    0.001207
0.151836    0.302238    -0.066834
-0.05932    0.327261    0.041115
-0.062439    0.330019    0.045951
-0.044769    0.305689    0.017325
0.056157    0.279899    -0.046434
0.090212    0.397272    -0.046002
0.083129    0.405    -0.019765
-0.026538    0.297279    0.038377
-0.033411    0.301021    0.032003
0.152361    0.29121    -0.068155
-0.057252    0.306654    0.009498
0.063194    0.408047    -0.042582
0.14284    0.290475    -0.028526
0.010152    0.2725    0.026421
0.026036    0.284735    0.019843
0.052507    0.284455    0.008881
0.02933    0.297238    0.01848
-0.010346    0.269446    0.017077
-0.019915    0.269494    0.005725
-0.006495    0.321252    0.033315
-0.046461    0.305791    0.040897
0.052393    0.266655    -0.044874
0.024311    0.268027    0.020557
-0.053809    0.309627    0.04394
-0.069694    0.272108    0.050518
0.072486    0.265954    -0.053195
0.059408    0.267875    0.006023
-0.054788    0.29029    0.008477
-0.068641    0.279253    0.014213
-0.050928    0.267551    0.042747
0.074016    0.300431    -2.6e-05
-0.02851    0.280546    0.033464
-0.06599    0.287104    0.013116
0.044334    0.262764    -0.041538
0.063427    0.265037    0.004359
-0.041004    0.266358    0.015366
-0.004072    0.262516    -0.001538
0.017616    0.306338    -0.030473
0.03577    0.308417    0.015812
-0.046427    0.264609    0.019826
0.081116    0.260393    -0.002966
0.122647    0.282192    -0.020164
0.017207    0.308767    0.023499
-0.093141    0.264209    0.031532
0.028492    0.258666    0.018826
0.139277    0.277021    -0.070235
0.059358    0.259502    -0.047758
0.135407    0.277016    -0.055732
0.084274    0.256312    -0.026287
-0.058098    0.258524    0.032298
0.077958    0.245827    -0.035491
0.059419    0.243399    -0.047784
0.136714    0.277016    -0.043688
0.084732    0.236077    -0.013509
0.071981    0.234506    -0.048948
0.056821    0.234633    -0.043984
-0.003297    0.235159    -0.017746
0.036654    0.234791    -0.041125
0.047908    0.239598    0.010786
0.087754    0.251096    -0.005714
0.084139    0.234547    -0.006252
0.081606    0.234544    -0.013372
0.046083    0.234828    -0.006411
0.001408    0.241754    -0.023761
0.039921    0.234944    0.016523
0.011894    0.244911    0.019175
0.013499    0.235164    0.024725
-0.000711    0.211266    -0.036383
0.029817    0.235054    0.028611
0.001727    0.241867    -0.005759
0.064389    0.203573    -0.054769
-0.000472    0.235181    -0.003126
-0.00674    0.191234    -0.015129
0.009263    0.219649    -0.048766
0.047939    0.234915    0.026801
0.088691    0.221993    -0.011159
-0.074743    0.245917    0.045955
0.056112    0.19771    -0.058394
0.052355    0.200934    -0.061391
0.079985    0.217559    -0.041412
-0.006965    0.185582    -0.00955
0.000502    0.230729    -0.041493
0.007632    0.192122    -0.047345
0.010583    0.178126    0.024171
0.030239    0.179415    0.033426
0.088713    0.210341    -0.014415
0.078821    0.200661    0.016062
-0.089482    0.246564    0.056868
0.031117    0.199021    -0.059856
0.057086    0.184607    -0.059869
0.070957    0.177602    -0.052557
0.083074    0.195746    -0.035376
-0.006243    0.184738    -0.005203
-0.00863    0.18491    -0.012628
0.011191    0.195753    -0.053074
0.019192    0.179758    -0.055645
0.030026    0.222129    0.034974
0.04594    0.201729    0.034521
0.035274    0.213847    0.03597
0.088521    0.181372    -0.018279
0.09035    0.21094    -0.010524
0.076696    0.214079    0.018605
-0.087598    0.236552    0.042629
0.032787    0.215147    -0.062073
-0.002407    0.228171    0.006288
0.002076    0.235223    0.017167
-0.008321    0.226498    -0.012799
0.010452    0.187489    0.026091
0.057976    0.210556    0.031691
0.04607    0.217279    0.036277
0.087138    0.179736    -0.024159
0.083723    0.196723    0.011482
0.064899    0.20886    0.02799
0.072591    0.182726    0.024739
0.084132    0.180414    -0.036873
0.003816    0.215021    0.019252
0.069609    0.233017    0.027492
0.054747    0.208338    0.034269
0.090124    0.217658    -0.020415
-0.098283    0.237716    0.050572
-0.007978    0.227317    -0.006376
-0.093083    0.22823    0.049242
-0.005467    0.186384    0.005
-0.104459    0.231901    0.048654
-0.098334    0.217582    0.058844
0.088599    0.168441    0.02558
0.068702    0.161085    0.037898
0.061432    0.147094    0.048525
0.050284    0.174446    0.038367
0.068986    0.143043    0.046992
0.056812    0.177163    -0.004644
0.041486    0.177321    0.011582
0.08906    0.176991    0.015529
0.02411    0.177439    0.009533
0.017874    0.177583    0.042937
-0.002506    0.177539    -0.020999
0.00463    0.177501    -0.016715
0.021195    0.150919    0.061239
0.098549    0.141413    0.034185
0.086878    0.159791    -0.062777
0.080739    0.176971    -0.011388
0.052867    0.177165    -0.01324
0.061047    0.177023    -0.041522
0.078025    0.176916    -0.036421
0.03145    0.177186    -0.058088
0.048784    0.177159    -0.02513
0.015131    0.17734    -0.045696
-0.020431    0.176769    -0.027125
-0.037051    0.164371    -0.015306
-0.010642    0.17    0.02488
0.006011    0.173796    0.049188
-0.000275    0.144661    0.061716
0.002745    0.129773    0.058356
0.115121    0.139625    0.017965
0.098956    0.173939    -0.007724
0.089206    0.148028    -0.076582
0.107418    0.154149    -0.02315
-0.009    0.164138    -0.053677
-0.013155    0.173384    -0.04698
0.004184    0.172111    -0.054768
-0.038281    0.164451    -0.036128
-0.037537    0.156186    -0.003474
0.057412    0.129161    0.051785
0.109355    0.127175    0.028062
0.111854    0.133294    -0.044644
0.11142    0.142006    -0.032238
0.080729    0.15248    -0.084603
0.046424    0.162814    -0.077092
0.066232    0.175806    -0.078185
-0.026208    0.147673    0.02216
-0.028724    0.141907    0.014917
0.105631    0.122137    0.031817
-0.026673    0.128972    -0.003799
0.118725    0.124167    -0.041384
0.119967    0.126239    -0.035409
0.051479    0.144624    -0.086654
0.019708    0.143373    -0.076274
0.043955    0.116775    0.057358
-0.027145    0.130566    -0.047878
0.129941    0.107606    -0.038086
0.133541    0.117486    -0.015201
0.070932    0.118598    -0.092645
0.038591    0.118605    -0.084094
-0.020096    0.142654    -0.058218
-0.0344    0.145192    0.009815
-0.020091    0.12413    0.009063
-0.019424    0.133216    -0.056908
0.119969    0.098384    0.025879
0.140603    0.098764    0.004743
0.122477    0.092549    -0.076269
0.118406    0.086395    -0.094295
0.092538    0.105115    -0.095179
-0.003038    0.115534    -0.066855
-0.028239    0.155151    0.028496
0.035888    0.108632    0.060613
-0.018023    0.125496    -0.057555
0.133483    0.077051    0.01879
0.156555    0.081753    -0.008356
0.134695    0.083968    -0.058194
0.057579    0.109839    -0.091957
0.032531    0.107671    -0.081584
0.000259    0.108912    -0.06822
0.031868    0.09572    0.062217
0.046699    0.083762    0.056221
0.124876    0.086214    0.023847
0.076294    0.074857    0.043966
0.13847    0.080354    -0.053762
0.13883    0.069357    -0.066427
0.095593    0.083454    -0.09966
0.015662    0.089321    -0.074599
-0.029071    0.152094    0.027616
-0.00398    0.111782    0.051325
0.037653    0.082057    0.059353
0.111173    0.065249    0.029522
0.146891    0.048557    0.012784
0.144391    0.059138    -0.065577
0.136111    0.059544    -0.085073
0.081046    0.07276    -0.101676
0.025234    0.069863    -0.078563
-0.030094    0.080966    -0.043817
0.023804    0.069996    0.05685
0.047566    0.0571    0.055862
0.138575    0.04981    0.018174
0.074201    0.054444    0.044833
0.145785    0.054941    -0.067248
0.140845    0.038959    -0.097281
0.104146    0.057634    -0.104556
0.022782    0.063235    -0.077548
-0.0268    0.074899    -0.045167
0.006604    0.065018    0.05528
0.04238    0.054045    0.057501
0.077363    0.040798    0.043523
0.161776    0.033588    -0.052821
0.16122    0.034573    -0.053047
0.104555    0.042557    -0.107423
0.091451    0.04539    -0.105984
0.086977    0.047153    -0.104131
-0.023345    0.064061    -0.046822
-0.034238    0.083117    -0.041027
-0.043    0.102497    -0.028057
-0.015059    0.073275    0.014436
0.01104    0.05662    0.055222
0.09055    0.038752    0.038062
0.133715    0.021783    0.020187
0.077145    0.027692    0.043613
0.172312    0.0128    -0.005269
0.144419    0.029577    -0.099189
0.161092    0.015524    -0.073507
0.131719    0.028787    -0.108894
-0.010882    0.055723    -0.060933
-0.010341    0.064956    0.016266
0.004682    0.052916    0.051432
0.080986    0.034271    0.042022
0.057355    0.017454    0.051808
0.169935    0.011741    -0.056078
0.171794    0.009005    -0.054427
0.139401    0.016568    -0.110633
0.021457    0.022134    -0.076998
0.034656    0.030933    -0.082464
0.021745    0.034312    -0.077118
-0.024796    0.052002    -0.045138
-0.042491    0.083713    -0.019507
0.016962    0.032174    0.059356
0.03228    0.010608    0.062192
0.150563    0.000822    0.01321
0.070907    -0.000342    0.046196
0.13023    0.005265    0.02163
0.187551    -0.005153    -0.017592
0.16532    -0.003486    -0.082279
0.163411    0.001335    -0.082337
-0.000737    0.01944    -0.067808
-0.012132    0.038389    -0.06172
-0.014682    0.094396    0.061315
0.019503    -0.000992    0.067483
0.024792    0.015291    0.064313
0.042886    -0.005201    0.0578
0.192892    -0.021271    -0.019777
0.186631    -0.003941    -0.031247
0.155523    -0.013975    -0.114787
0.110166    0.000508    -0.113734
0.031419    0.004256    -0.081123
0.038728    0.005336    -0.08415
0.007203    0.00927    -0.071096
-0.027222    0.086239    0.026734
-0.026582    0.043088    -0.013838
-0.005784    0.033856    0.058233
0.10406    -0.008769    0.032468
-0.005535    -0.003074    0.072148
0.153444    -0.018533    0.012017
0.118187    -0.026438    0.026617
0.093522    -0.02766    0.036831
0.190055    -0.036848    -0.01333
0.166699    -0.044686    -0.11578
0.175666    -0.024045    -0.076515
0.06785    -0.007788    -0.09621
-0.014403    0.005623    -0.062149
-0.028007    0.028711    -0.04836
-0.015488    0.016124    0.066317
-0.038162    0.032674    -0.016714
-0.021056    0.029098    0.034384
0.040166    -0.018533    0.058926
-0.021923    0.001749    0.071312
-0.00439    -0.030619    0.077377
0.182753    -0.045046    -0.00353
0.19635    -0.022713    -0.025432
0.145828    -0.038352    -0.118825
0.067427    -0.029651    -0.096035
0.11163    -0.014822    -0.11434
-0.033887    -0.026461    -0.05408
0.070708    -0.023342    -0.097394
-0.023029    -0.010875    -0.058576
-0.037584    0.026519    -0.040607
-0.023947    0.020287    0.050645
-0.041823    0.009014    0.035951
0.032385    -0.037208    0.062149
-0.037367    -0.019345    0.078525
0.030858    -0.055407    0.062781
0.107426    -0.043428    0.031073
0.167879    -0.037549    0.006039
0.066892    -0.048368    0.047859
0.204031    -0.067411    -0.022779
0.195318    -0.04992    -0.051017
0.14559    -0.051876    -0.120734
-0.063159    -0.033281    -0.041958
-0.031595    -0.021213    -0.055029
-0.05946    -0.012696    -0.038378
-0.061059    0.014689    -0.024705
-0.06021    0.002776    0.006863
-0.061777    0.006138    -0.005168
0.000824    -0.049009    0.075218
-0.037828    -0.030737    0.081996
-0.010521    -0.061062    0.079917
0.19036    -0.074009    -0.006276
0.194754    -0.073233    -0.070188
0.202182    -0.062484    -0.044041
0.15514    -0.064991    -0.121906
-0.022987    -0.050978    -0.058594
0.067811    -0.055874    -0.096194
-0.001204    -0.050229    -0.067615
0.106845    -0.039376    -0.112358
-0.055554    -0.039972    -0.045107
-0.059776    -0.019828    -0.041164
-0.044318    -0.009738    0.074592
-0.057872    -0.003266    0.026829
-0.075485    -0.015715    0.012957
-0.018679    -0.068505    0.083295
0.129806    -0.061251    0.021806
0.091058    -0.079619    0.037851
0.096337    -0.074874    0.035665
0.146817    -0.081885    0.014761
0.118598    -0.066263    0.026447
0.198919    -0.089291    -0.013106
0.194697    -0.082487    -0.076787
0.183875    -0.09512    -0.111462
0.141264    -0.076997    -0.124188
-0.054358    -0.062941    -0.045603
-0.064462    -0.045438    -0.041418
-0.066387    -0.050868    -0.040622
-0.057275    -0.014915    0.055136
-0.053235    -0.048108    0.087441
-0.079692    -0.023561    0.020081
0.057194    -0.067985    0.051875
0.069839    -0.065748    0.046639
-0.018553    -0.08948    0.083243
0.123587    -0.085663    0.024381
0.198391    -0.100952    -0.010535
0.208704    -0.094663    -0.051196
0.188847    -0.101547    -0.103803
-0.003346    -0.078752    -0.066728
0.116838    -0.070513    -0.116497
0.125286    -0.06638    -0.119995
0.065781    -0.071368    -0.095353
-0.031941    -0.079758    -0.054886
0.027412    -0.062144    -0.079465
-0.103194    -0.046724    -0.011114
-0.079627    -0.037844    0.05037
-0.093545    -0.029001    -0.001732
-0.062041    -0.065579    0.092465
-0.054536    -0.096185    0.098144
0.112217    -0.087544    0.029089
0.015844    -0.102365    0.068998
0.109668    -0.106866    0.030145
0.116091    -0.10385    0.027486
0.142533    -0.100296    0.016536
0.190143    -0.10836    -0.00318
0.21383    -0.117142    -0.0254
0.204822    -0.106193    -0.068065
0.186283    -0.124845    -0.123839
0.038877    -0.086367    -0.084212
-0.100155    -0.087011    -0.026638
-0.017268    -0.070143    -0.060963
-0.095583    -0.062899    -0.024898
-0.096179    -0.035715    0.006044
-0.089253    -0.060502    0.07172
-0.099165    -0.046752    0.021193
-0.035302    -0.097203    0.090179
-0.0914    -0.080007    0.096369
0.038057    -0.11048    0.0598
0.217572    -0.106527    -0.037466
0.212054    -0.125527    -0.061978
0.131472    -0.104491    -0.122557
-0.033394    -0.103862    -0.054284
0.10697    -0.097832    -0.11241
0.03199    -0.098239    -0.08136
0.131178    -0.087252    -0.122435
0.004842    -0.089662    -0.070118
0.036259    -0.088063    -0.083128
-0.096478    -0.068795    0.069627
-0.104654    -0.05883    0.031354
-0.083998    -0.090325    0.098907
0.025593    -0.112603    0.064962
-0.077785    -0.10281    0.101783
-0.015141    -0.108273    -0.061843
0.052823    -0.109422    -0.089988
0.025409    -0.091783    -0.078635
-0.115063    -0.086566    -0.014709
-0.074884    -0.101822    0.101651
-0.110139    -0.078144    0.053103
0.17059    -0.111604    0.004917
0.156093    -0.121663    0.010921
0.077856    -0.135263    0.043319
0.147305    -0.131467    0.01456
0.127012    -0.126664    0.022963
0.125765    -0.118599    0.02348
0.144117    -0.130463    0.01588
0.212669    -0.137711    -0.020921
0.19601    -0.134547    -0.106527
0.204015    -0.14479    -0.094269
0.154988    -0.116048    -0.12778
-0.073548    -0.113124    -0.037656
-0.124135    -0.102114    -0.010619
-0.101648    -0.093167    0.096079
-0.045794    -0.124574    0.094523
-0.051444    -0.123758    0.096863
-0.116595    -0.097944    0.066158
-0.030123    -0.13935    0.088034
0.035368    -0.123571    0.060914
0.218479    -0.156394    -0.024212
0.196857    -0.153313    -0.117444
0.221499    -0.134928    -0.045236
0.159551    -0.15585    -0.131768
0.071104    -0.12427    -0.097558
0.0928    -0.136032    -0.106543
0.03882    -0.124039    -0.084189
0.129685    -0.124711    -0.121817
-0.005685    -0.137768    -0.065759
-0.105453    -0.12249    -0.024444
0.102708    -0.111933    -0.110645
-0.121457    -0.092869    0.047842
-0.112212    -0.109344    0.08947
-0.076496    -0.145317    0.107237
-0.072784    -0.1503    0.1057
0.188312    -0.140682    -0.002422
0.101753    -0.148482    0.033423
0.20556    -0.159491    -0.009565
-0.000736    -0.153652    0.075865
0.029947    -0.151496    0.063159
0.119588    -0.151211    0.026038
0.20273    -0.172503    -0.113641
0.206901    -0.174442    -0.104562
0.174612    -0.168788    -0.132139
0.113174    -0.147042    -0.11498
0.043104    -0.149097    -0.085963
0.142421    -0.149134    -0.127091
0.134729    -0.154736    -0.123906
-0.067322    -0.156683    -0.040235
-0.053366    -0.140672    -0.046014
-0.021805    -0.138534    -0.059084
-0.071664    -0.129101    -0.038437
-0.082639    -0.126741    -0.033892
-0.024323    -0.121079    -0.058041
-0.117914    -0.112801    0.079238
-0.065976    -0.156995    0.102881
0.080873    -0.143911    0.042069
0.19397    -0.163863    -0.004765
-0.009879    -0.16273    0.079651
0.228934    -0.182514    -0.032508
0.230473    -0.158367    -0.039408
0.218496    -0.171524    -0.075069
-0.04867    -0.165122    -0.047958
-0.11207    -0.163418    -0.021704
-0.001941    -0.148378    -0.067309
0.087399    -0.139941    -0.104306
-0.102632    -0.145476    -0.025612
-0.124925    -0.125177    0.072602
-0.131585    -0.120691    0.053165
-0.129572    -0.130948    0.065432
-0.056025    -0.167082    0.09876
-0.037321    -0.170496    0.091014
-0.025267    -0.180623    0.086023
0.098018    -0.171432    0.034969
0.186476    -0.184545    -0.001662
0.046464    -0.175303    0.056318
-0.000952    -0.180103    0.075953
0.228106    -0.191792    -0.030657
0.228143    -0.183238    -0.05776
0.222624    -0.190743    -0.073627
0.17672    -0.196806    -0.134122
0.043324    -0.175191    -0.086054
-0.011235    -0.179006    -0.063461
0.124647    -0.175511    -0.119731
0.016223    -0.182136    -0.074831
0.115634    -0.173298    -0.115998
-0.020433    -0.169585    -0.059652
-0.134526    -0.16019    -0.010071
-0.148248    -0.123508    0.010316
-0.105924    -0.160619    0.107166
-0.128754    -0.136523    0.070727
-0.05044    -0.175348    0.096447
-0.051172    -0.177511    0.09675
-0.105387    -0.171842    0.10742
-0.052723    -0.188555    0.097393
0.093062    -0.18954    0.037022
0.223542    -0.200317    -0.024685
0.216291    -0.201106    -0.092429
0.170755    -0.203425    -0.134908
-0.032747    -0.189837    -0.054552
-0.099555    -0.185428    -0.026887
-0.079215    -0.174319    -0.035309
-0.082449    -0.178989    -0.03397
-0.148033    -0.16053    0.005485
-0.122337    -0.15897    0.094705
-0.125864    -0.167101    0.087411
-0.060067    -0.200706    0.100434
0.045593    -0.194901    0.056679
0.063191    -0.203877    0.049392
0.068749    -0.209059    0.04709
0.165048    -0.197356    0.007212
-0.038283    -0.209123    0.091413
0.08674    -0.199924    0.03964
0.207043    -0.20687    -0.010178
0.210486    -0.228107    -0.112525
0.215645    -0.214805    -0.097836
0.178626    -0.21571    -0.134978
0.048888    -0.210733    -0.088358
0.129981    -0.206874    -0.12194
0.047157    -0.208643    -0.087641
0.089845    -0.205692    -0.105319
0.141066    -0.211954    -0.12653
-0.0642    -0.196513    -0.041528
0.07452    -0.190041    -0.098973
-0.105063    -0.196963    -0.024606
-0.132875    -0.161064    0.069661
-0.139695    -0.168919    0.054121
0.107376    -0.193833    0.031095
0.019371    -0.198679    0.067538
0.071353    -0.215424    0.046012
-0.046364    -0.212846    0.09476
0.227476    -0.226461    -0.027551
0.220947    -0.226714    -0.08703
0.237687    -0.233191    -0.047689
-0.035359    -0.2136    -0.053471
-0.129532    -0.213391    -0.014473
-0.065329    -0.206673    -0.04106
-0.10627    -0.208725    -0.024106
-0.005047    -0.200729    -0.066023
-0.122792    -0.180546    0.095067
-0.101503    -0.201305    0.107494
-0.070482    -0.221857    0.104747
-0.037545    -0.22872    0.091107
-0.085902    -0.21895    0.108263
0.14193    -0.230356    0.016785
0.119468    -0.23246    0.026087
0.125524    -0.230467    0.02358
0.169145    -0.228139    0.005516
0.19396    -0.216849    -0.00476
0.21649    -0.260775    -0.014398
0.205782    -0.253874    -0.12541
0.222551    -0.239178    -0.08494
-0.04305    -0.227225    -0.050286
0.075825    -0.220645    -0.099513
0.07991    -0.222462    -0.101204
0.133897    -0.227575    -0.123561
0.04643    -0.230158    -0.08734
-0.048088    -0.231211    -0.048199
0.027932    -0.219312    -0.07968
0.009037    -0.219152    -0.071855
-0.134177    -0.201381    -0.010544
-0.129159    -0.194056    0.079116
-0.147764    -0.192955    0.034256
0.049416    -0.234927    0.055096
0.04671    -0.234425    0.056217
0.228988    -0.253256    -0.028801
0.130295    -0.259696    0.021603
0.090569    -0.251392    0.038054
0.084035    -0.255572    0.04076
0.181068    -0.245581    0.000578
0.16013    -0.251653    0.009249
0.124721    -0.249398    0.023912
0.227272    -0.253057    -0.073516
0.17737    -0.256828    -0.135703
0.09133    -0.260644    -0.105934
0.012899    -0.261239    -0.073455
0.158606    -0.247009    -0.133793
0.093802    -0.249305    -0.106957
0.068605    -0.255072    -0.096523
0.111832    -0.256866    -0.114424
-0.108814    -0.232411    -0.023052
-0.128488    -0.239582    -0.014905
-0.118809    -0.205251    0.103217
-0.15422    -0.1948    0.018542
-0.129608    -0.216184    0.075935
0.023146    -0.241032    0.065975
0.094203    -0.243361    0.036549
0.221969    -0.268346    -0.020916
-0.018996    -0.264877    0.083426
-0.016137    -0.261017    0.082242
0.062409    -0.248344    0.049716
-0.071201    -0.256361    0.105045
0.208192    -0.279382    -0.117047
0.216475    -0.273955    -0.097974
-0.081492    -0.267357    -0.034367
0.094978    -0.263355    -0.107444
-0.096037    -0.262545    -0.028343
-0.02799    -0.250585    -0.056522
-0.01499    -0.246528    -0.061905
0.005855    -0.243572    -0.070538
-0.065453    -0.242622    -0.041008
-0.138095    -0.21151    0.055999
-0.14756    -0.224204    0.031513
-0.083962    -0.246175    0.10758
0.140824    -0.273834    0.017243
0.134798    -0.278185    0.019739
0.034726    -0.278951    0.061179
0.208486    -0.277909    -0.010776
0.027804    -0.274713    0.064046
0.185058    -0.266693    -0.001075
-0.036623    -0.276069    0.090725
-0.004199    -0.269877    0.077299
0.22896    -0.286373    -0.065703
0.229815    -0.279723    -0.064774
0.178862    -0.286763    -0.134925
0.156953    -0.265729    -0.133109
0.089912    -0.284482    -0.105346
0.046185    -0.275238    -0.087239
0.025605    -0.278984    -0.078716
0.111039    -0.271502    -0.114095
-0.109945    -0.276353    -0.022584
-0.107856    -0.275233    -0.023449
-0.145882    -0.2629    0.005723
-0.143205    -0.22966    0.041163
-0.13104    -0.235591    0.069536
0.219447    -0.300865    -0.01997
-0.009663    -0.286542    0.079561
-0.039771    -0.286901    0.092029
-0.083178    -0.260422    0.107065
0.211188    -0.30593    -0.102862
0.167421    -0.307286    -0.134596
0.034623    -0.288734    -0.082451
-0.124512    -0.280295    -0.016551
-0.144794    -0.271406    0.005073
-0.120323    -0.246199    0.093354
0.234637    -0.301588    -0.037426
-0.029539    -0.310541    0.087792
0.057869    -0.30564    0.051596
0.144442    -0.308101    0.015745
0.152127    -0.304407    0.012563
-0.001884    -0.308258    0.07634
0.090015    -0.290324    0.038284
0.002863    -0.297005    0.074374
0.144124    -0.291388    0.015877
-0.130962    -0.267993    0.06244
-0.115725    -0.257448    0.101927
0.235358    -0.29622    -0.047819
0.216023    -0.317971    -0.087064
0.089718    -0.296818    -0.105266
-0.002817    -0.304779    -0.066946
-0.020308    -0.309826    -0.059703
0.014414    -0.304893    -0.074082
-0.047147    -0.311823    -0.048589
-0.120561    -0.293723    -0.018188
-0.003573    -0.291333    -0.066633
-0.097804    -0.291296    -0.027612
-0.138607    -0.279218    -0.001437
0.210733    -0.323417    -0.012423
-0.064037    -0.319835    0.102078
0.051821    -0.313604    0.0541
0.109297    -0.295975    0.030299
0.023399    -0.299343    0.06587
0.051755    -0.295628    0.054127
-0.130893    -0.27615    0.06032
-0.126639    -0.272196    0.071741
0.201133    -0.325112    -0.119493
0.197711    -0.33455    -0.122886
0.16051    -0.31919    -0.134206
0.021464    -0.318385    -0.077001
-0.044992    -0.317476    -0.049481
-0.003652    -0.296263    -0.066601
0.131922    -0.290357    -0.122743
0.016348    -0.298546    -0.074883
0.231382    -0.337489    -0.037716
0.135637    -0.323236    0.019392
0.147218    -0.334208    0.014596
0.189411    -0.323066    -0.002877
0.168108    -0.318508    0.005945
0.122253    -0.3278    0.024934
-0.035562    -0.326967    0.090287
-0.00094    -0.327456    0.075949
-0.089812    -0.319281    0.103021
-0.121502    -0.288241    0.079238
-0.115975    -0.283307    0.094198
0.202876    -0.344884    -0.10508
0.211264    -0.337248    -0.088765
0.068138    -0.328698    -0.09633
0.105499    -0.334212    -0.111802
0.051026    -0.332268    -0.089244
0.078318    -0.328682    -0.100545
0.054145    -0.323029    -0.090535
0.023059    -0.319146    -0.077662
-0.048579    -0.32527    -0.047996
0.121985    -0.316384    -0.118627
-0.132982    -0.30263    -0.005773
-0.01554    -0.338445    0.081995
-0.025133    -0.33642    0.085967
0.017124    -0.342508    0.068469
-0.093534    -0.311147    0.103429
-0.149531    -0.28765    0.011748
0.20948    -0.347484    -0.087456
0.221851    -0.347522    -0.057556
0.17453    -0.350275    -0.130368
-0.081257    -0.345452    -0.034464
-0.045474    -0.336652    -0.049282
-0.131939    -0.327311    -0.003949
0.20707    -0.359551    -0.013921
0.143878    -0.354779    0.015979
0.174578    -0.34375    0.003265
0.172399    -0.354415    0.004168
0.063786    -0.350242    0.049146
-0.057854    -0.356972    0.099518
-0.036285    -0.353385    0.090586
-0.045287    -0.355952    0.094314
-0.114714    -0.324014    0.080838
-0.114243    -0.309501    0.088786
-0.147679    -0.299221    0.012147
0.218443    -0.353477    -0.061652
0.223549    -0.370887    -0.037232
0.083717    -0.349022    -0.102781
0.087108    -0.354709    -0.104185
0.138541    -0.343417    -0.125484
0.112775    -0.351559    -0.114814
0.018186    -0.348986    -0.075644
0.05428    -0.343256    -0.090591
-0.108594    -0.350709    -0.023144
-0.119931    -0.344495    -0.0149
0.21273    -0.37274    -0.022787
0.144047    -0.362707    0.015909
0.091635    -0.362189    0.037613
-0.097691    -0.345162    0.100077
-0.141908    -0.324705    0.014815
-0.130976    -0.314507    0.046158
0.212492    -0.375177    -0.060358
0.196532    -0.3765    -0.097738
0.158002    -0.377878    -0.127742
-0.018117    -0.365914    -0.060611
-0.019492    -0.361184    -0.060042
0.211743    -0.392826    -0.026006
0.159848    -0.379885    0.009366
0.149849    -0.368464    0.013506
0.132866    -0.382443    0.020539
0.17151    -0.377158    0.004536
0.169539    -0.385364    0.005352
0.15072    -0.364162    0.013145
-0.015981    -0.378053    0.082178
-0.107619    -0.352524    0.081255
-0.136224    -0.342512    0.018633
0.193264    -0.395022    -0.08935
0.201225    -0.393188    -0.071738
0.183913    -0.375241    -0.126827
-0.010545    -0.376948    -0.063747
0.09011    -0.37869    -0.105428
0.030374    -0.37967    -0.080691
0.059204    -0.373169    -0.09263
0.105057    -0.364088    -0.111618
0.025633    -0.370216    -0.078728
-0.130861    -0.359025    -9.3e-05
-0.00442    -0.38284    0.07739
-0.00729    -0.387002    0.078578
-0.076766    -0.379734    0.096991
-0.098005    -0.367313    0.094032
-0.127219    -0.351601    0.034524
0.181639    -0.400008    -0.112612
0.187219    -0.402326    -0.096654
-0.060724    -0.3889    -0.042967
0.042489    -0.386348    -0.085708
-0.10793    -0.371782    -0.023257
0.211799    -0.4066    -0.029458
0.14159    -0.400927    0.016926
0.148476    -0.401169    0.014074
0.166752    -0.408599    0.006506
0.101735    -0.394251    0.03343
0.09837    -0.390028    0.034824
0.049346    -0.391776    0.055125
-0.098904    -0.369059    0.090514
-0.119997    -0.363578    0.043614
0.197415    -0.413743    -0.059796
0.188843    -0.421565    -0.07211
0.170836    -0.406207    -0.122713
0.053577    -0.393974    -0.0903
0.085667    -0.405478    -0.103589
-0.041428    -0.400716    -0.050958
0.001525    -0.402566    -0.068745
-0.089357    -0.396416    -0.03111
0.067617    -0.389853    -0.096114
0.197297    -0.417894    -0.016625
-0.017689    -0.407386    0.082885
0.059768    -0.411408    0.050809
-0.09869    -0.388947    0.074623
-0.122824    -0.378563    0.025223
0.198925    -0.426019    -0.04238
0.169697    -0.427831    -0.110647
0.160979    -0.420792    -0.120581
-0.084965    -0.410571    -0.032928
-0.112872    -0.4026    -0.010896
0.192979    -0.443302    -0.019452
0.156781    -0.421583    0.010635
0.13629    -0.421844    0.019121
0.139192    -0.426359    0.017919
0.041959    -0.416438    0.058184
0.047128    -0.41586    0.056044
-0.074423    -0.408207    0.09275
-0.100605    -0.391041    0.068189
0.197927    -0.441352    -0.025238
0.191595    -0.440363    -0.041789
0.144658    -0.436483    -0.117927
0.063458    -0.431746    -0.094392
0.112157    -0.420126    -0.114558
0.083212    -0.42222    -0.102572
0.078345    -0.410875    -0.100556
-0.002336    -0.414071    -0.067145
-0.11002    -0.408236    -0.012643
-0.047695    -0.415366    0.092616
-0.108484    -0.405146    0.035908
-0.12145    -0.400902    0.008669
-0.097549    -0.419447    -0.023272
0.057025    -0.41966    0.051945
-0.099486    -0.420327    0.041896
-0.118259    -0.407304    0.010113
-0.097264    -0.431223    -0.020335
0.045064    -0.421515    0.056898
-0.079035    -0.433453    0.0765
0.163752    -0.452049    -0.092407
-0.100755    -0.433968    -0.015817
-0.071816    -0.456426    0.051911
-0.091509    -0.434569    0.045072
-0.089286    -0.434027    -0.027318
-0.099412    -0.450765    0.000782
-0.090656    -0.454536    0.012153
-0.098327    -0.441444    -0.015667
-0.089013    -0.45256    0.021391
0.184716    -0.454742    -0.036136
0.078324    -0.433116    -0.100548
-0.057274    -0.433263    -0.044396
-0.079736    -0.46542    -0.012722
-0.064319    -0.466122    0.016902
-0.074626    -0.466534    -0.013662
-0.0634    -0.466925    0.006312
-0.066862    -0.467053    -0.005616
-0.037129    -0.467183    0.059031
0.04824    -0.446402    0.048926
-0.024495    -0.449447    0.077398
-0.006028    -0.458569    0.064814
-0.005847    -0.458598    0.064724
-0.013043    -0.450664    0.071998
0.09931    -0.448004    -0.101714
0.100903    -0.457282    -0.097352
-0.030081    -0.434339    -0.055527
0.052121    -0.438728    -0.087193
0.107101    -0.442838    -0.107736
0.073685    -0.447399    -0.09143
0.109996    -0.449679    0.021579
0.147201    -0.448261    0.006939
0.166556    -0.45094    -0.002526
0.054227    -0.458969    0.039646
0.039733    -0.467098    0.041249
0.161878    -0.457445    -0.004109
0.029975    -0.467082    -0.062677
-0.026986    -0.450466    -0.048081
0.03975    -0.456411    -0.0725
-0.057598    -0.465407    -0.027318
-0.067165    -0.448523    -0.032494
0.128706    -0.455517    -0.109649
0.076454    -0.46724    0.003905
0.106313    -0.46724    -0.000856
0.013642    -0.46724    0.006053
0.012981    -0.46724    0.017643
-0.00749    -0.46724    0.039419
0.154517    -0.46724    -0.009693
0.009974    -0.46724    -0.011864
0.014012    -0.46724    0.03725
-0.031454    -0.46724    0.045748
0.012229    -0.46724    0.048304
-0.00617    -0.46724    0.014975
0.125022    -0.46724    -0.012737
-0.012365    -0.46724    0.044092
0.054744    -0.46724    0.031678
0.168194    -0.46677    -0.011837
0.066576    -0.46724    -0.031384
0.125526    -0.46724    -0.085077
0.065776    -0.46724    -0.038795
0.133434    -0.46724    -0.046009
0.123865    -0.46724    -0.028842
0.123439    -0.46724    -0.091906
0.033278    -0.46724    -0.06359
0.018282    -0.46724    -0.047329
0.145606    -0.46724    -0.035908
0.119198    -0.46724    -0.021697
0.106369    -0.46724    -0.081045
0.108255    -0.46724    -0.019327
0.110502    -0.46724    -0.05915
0.081279    -0.46724    -0.05908
0.131795    -0.467107    -0.100071
