-0.060558    0.250995    0.016143
-0.067129    0.2314    -0.000291
-0.051849    0.289647    0.018583
-0.07262    0.208554    -0.008896
-0.051025    0.304201    0.013092
-0.061969    0.248878    -0.012122
-0.067422    0.222292    -0.015917
-0.068719    0.212346    -0.021356
-0.063711    0.236035    -0.017228
-0.057268    0.268452    -0.014541
-0.052417    0.305713    -0.001672
-0.040683    0.305032    0.032974
-0.054669    0.289819    -0.007009
-0.082267    0.18129    0.006572
-0.04432    0.441386    0.008709
-0.03857    0.41561    0.02438
-0.083544    0.175054    -0.015622
-0.055735    0.256711    -0.025811
-0.031264    0.488467    0.030715
-0.086966    0.169002    -0.009243
-0.048821    0.33028    -0.000163
-0.06391    0.205718    0.03707
-0.048627    0.329694    -0.004969
-0.08549    0.165911    -0.023748
-0.052563    0.289215    -0.016816
-0.078185    0.163096    -0.044311
-0.05263    0.246844    -0.035408
-0.038151    0.238951    0.052594
-0.050852    0.259803    -0.033118
-0.077496    0.15749    -0.050218
-0.032925    0.543985    0.029283
-0.051542    0.212233    0.049923
-0.037392    0.545584    0.022188
-0.06424    0.193974    0.043775
-0.043378    0.489769    -0.00775
-0.076051    0.176891    0.036074
-0.021504    0.372044    0.040956
-0.04666    0.269774    -0.035513
-0.090609    0.143846    -0.039647
0.017379    0.548598    0.00938
-0.044363    0.248074    -0.044797
-0.063431    0.191043    0.046677
-0.019801    0.430231    0.040323
-0.053653    0.186344    -0.059755
-0.091355    0.138938    -0.043741
-0.0181    0.417357    0.04138
-0.05227    0.198051    -0.055485
-0.101124    0.124292    -0.037976
-0.016881    0.310286    0.048233
-0.043129    0.281691    -0.036274
-0.108826    0.121466    -0.009994
-0.072373    0.125107    -0.079369
-0.042121    0.45494    -0.015291
-0.063718    0.126136    -0.085872
-0.094251    0.117177    -0.058467
-0.013708    0.364852    0.044186
-0.04996    0.174922    -0.068353
-0.070659    0.171697    0.049335
-0.020375    0.237131    0.061872
-0.038764    0.286612    -0.039593
-0.116309    0.102744    0.003208
-0.091048    0.100845    -0.073202
-0.011262    0.46875    0.042386
0.027522    0.514544    0.036283
-0.10265    0.126243    0.030859
-0.092976    0.104096    -0.068896
-0.010684    0.464241    0.042621
-0.035496    0.272227    -0.045869
-0.106668    0.118854    0.028314
-0.052455    0.174592    0.066625
-0.010542    0.269175    0.057217
0.02524    0.50949    0.037962
-0.108597    0.109687    0.034401
-0.095922    0.089045    -0.07297
-0.010655    0.26803    0.057429
-0.029348    0.257145    -0.053373
-0.121959    0.08484    0.001756
-0.100506    0.084615    -0.068896
-0.00894    0.181969    0.080944
0.042807    0.438309    0.007144
0.040815    0.544567    -0.01175
0.029624    0.459432    0.031435
-0.033393    0.179687    -0.075521
-0.097666    0.125207    0.045218
-0.043718    0.164591    0.077401
-0.005997    0.275317    0.056612
0.043943    0.395306    0.00626
0.035592    0.345051    0.028703
0.031463    0.377821    0.032236
0.023293    0.500058    0.039059
-0.120904    0.079235    0.024703
-0.115858    0.071578    -0.047578
-0.057865    0.070204    -0.110911
0.039609    0.332733    0.024866
0.018762    0.520454    0.041715
-0.126442    0.061625    0.016416
-0.075767    0.15064    0.058098
-0.06714    0.06368    -0.107331
-0.001147    0.378964    0.04569
0.024178    0.337271    0.039707
-0.038568    0.108367    -0.107072
-0.093768    0.126435    0.051661
-0.083981    0.06052    -0.09573
0.00027    0.276723    0.056558
-0.03579    0.352589    -0.030435
-0.023613    0.167031    -0.084366
-0.110524    0.095723    0.043282
-0.108389    0.049611    -0.070778
-0.037519    0.056594    -0.122064
0.046822    0.328536    0.006091
-0.00587    0.536677    0.043092
-0.032628    0.08199    -0.117587
-0.126383    0.043859    -0.032167
-0.085581    0.0431    -0.098082
0.005896    0.178715    0.082309
0.040184    0.491652    -0.012954
-0.0154    0.239366    -0.062681
-0.130503    0.039667    0.010896
-0.08283    0.133491    0.062535
-0.025969    0.144638    0.094422
0.004756    0.282824    0.055148
-0.035444    0.516455    -0.030571
-0.015691    0.207094    -0.071151
-0.131464    0.032377    0.009194
-0.080356    0.133414    0.065779
-0.021323    0.142371    0.096658
0.006096    0.280722    0.055403
0.049799    0.308582    -0.005833
-0.012522    0.200135    -0.073981
-0.127683    0.041719    0.027697
-0.121958    0.033031    -0.049559
-0.083766    0.031959    -0.10136
0.010008    0.265988    0.057654
0.050911    0.301941    0.005446
-0.014443    0.267918    -0.056682
-0.01644    0.093467    -0.117474
-0.109885    0.083113    0.053727
-0.108426    0.020404    -0.0763
-0.061796    0.021212    -0.11685
0.011547    0.154199    0.092238
0.0383    0.487943    -0.018072
-0.006811    0.252854    -0.061086
-0.016575    0.028146    -0.130339
-0.127981    0.017748    -0.035641
-0.094435    0.018605    -0.093029
-0.040254    0.016404    -0.126063
0.048027    0.289681    0.023299
-0.026332    0.329409    -0.040734
-0.009445    0.064923    -0.125574
-0.109772    0.073297    0.059515
-0.109649    0.006428    -0.075485
-0.061002    0.008689    -0.117881
0.020433    0.197055    0.072845
0.051112    0.298183    -0.008564
-0.004605    0.129512    -0.104811
-0.1333    0.004699    -0.002467
-0.078694    0.118741    0.077069
-0.076482    0.005352    -0.108699
-0.01598    0.010295    -0.13144
0.028372    0.282407    0.047166
-0.004133    0.239746    -0.064175
-0.003623    0.025452    -0.131476
-0.133314    -0.00621    0.004348
-0.131477    -0.01194    -0.022471
-0.126531    -0.005062    -0.042154
-0.070104    0.108827    0.089761
-0.053826    0.117078    0.096646
-0.033925    0.113637    0.106483
-0.054606    -0.004458    -0.121097
-0.028206    -0.000365    -0.129627
0.019457    0.243278    0.060105
0.036338    0.48134    -0.022106
-0.000878    0.164956    -0.088286
-0.131658    -0.036853    0.021326
-0.133373    -0.033493    -0.00245
-0.131073    -0.007827    -0.024967
-0.086833    0.098712    0.079191
-0.069972    0.104819    0.09162
-0.091945    -0.04378    -0.096304
-0.022972    0.105327    0.112436
-0.042386    -0.039481    -0.125852
-0.020942    -0.019955    -0.130936
0.022322    0.228909    0.062581
0.037027    0.413704    -0.023983
0.000154    0.17979    -0.08217
-0.132376    -0.252507    0.016795
-0.131329    -0.084904    0.023404
-0.133065    -0.044592    0.009628
-0.133114    -0.233051    0.009112
-0.133409    -0.271016    0.001298
-0.13343    -0.077147    0.000631
-0.133294    -0.10305    -0.004983
-0.132797    -0.157602    -0.012469
-0.132882    -0.085113    -0.011564
-0.131128    -0.183386    -0.024674
-0.131602    -0.175041    -0.021677
-0.129862    -0.088024    -0.030381
-0.127365    -0.047597    -0.039572
-0.128165    -0.145791    -0.036819
-0.124987    -0.211947    -0.046442
-0.124864    -0.22092    -0.046784
-0.121788    -0.082332    -0.054229
-0.117614    -0.23792    -0.06275
-0.117807    -0.081049    -0.062371
-0.113889    -0.20977    -0.0692
-0.113939    -0.086246    -0.069117
-0.109227    -0.062112    -0.076294
-0.1052    -0.140259    -0.081684
-0.103318    -0.267115    -0.08411
-0.098372    -0.265977    -0.089764
-0.100442    -0.060484    -0.087415
-0.095786    -0.162058    -0.092463
-0.09644    -0.202723    -0.091809
-0.090629    -0.101031    -0.097499
-0.079851    -0.046963    -0.106414
-0.083545    -0.119642    -0.103548
-0.078105    -0.288572    -0.107699
-0.073869    -0.110074    -0.110577
-0.069133    -0.191103    -0.113549
-0.063608    -0.057969    -0.116721
-0.062838    -0.148932    -0.117114
-0.053583    -0.153943    -0.12154
-0.055078    -0.133148    -0.120893
-0.04811    -0.255694    -0.123792
-0.038672    -0.1023    -0.126966
-0.041108    -0.15147    -0.126258
-0.030481    -0.114219    -0.129118
-0.030581    -0.138307    -0.129096
-0.025683    -0.055773    -0.130185
-0.016896    -0.045443    -0.131536
-0.013433    -0.128428    -0.131863
0.029012    0.211403    0.06477
0.042986    0.323774    -0.021274
0.006999    0.148054    -0.095649
-0.131421    -0.11951    0.022823
-0.131787    -0.288658    0.020511
-0.132855    -0.304051    0.011853
-0.129469    -0.035172    0.032141
-0.133329    -0.280217    0.003862
-0.133319    -0.226881    -0.00419
-0.133373    -0.141058    -0.002444
-0.133082    -0.135512    -0.009454
-0.132657    -0.241472    -0.013946
-0.131909    -0.212742    -0.019739
-0.130605    -0.146764    -0.027057
-0.130465    -0.308233    -0.027685
-0.128411    -0.248837    -0.035969
-0.127426    -0.311663    -0.03936
-0.126451    -0.283165    -0.042376
-0.097041    0.076731    0.076974
-0.122059    -0.29099    -0.053603
-0.118728    -0.2198    -0.060564
-0.119521    -0.292189    -0.059008
-0.115702    -0.199684    -0.066135
-0.116554    -0.166365    -0.064694
-0.110783    -0.281925    -0.074005
-0.106507    -0.243733    -0.08
-0.107079    -0.204633    -0.079262
-0.101493    -0.275647    -0.086223
-0.100567    -0.221222    -0.087274
-0.092218    -0.257263    -0.096031
-0.08885    -0.270897    -0.099067
-0.086818    -0.144115    -0.100859
-0.080439    -0.129828    -0.105957
-0.081556    -0.257972    -0.105091
-0.074168    -0.208744    -0.110374
-0.016402    0.08624    0.119679
-0.06609    -0.286148    -0.115348
-0.061488    -0.245927    -0.117801
-0.064438    -0.312378    -0.116298
-0.056417    -0.297157    -0.120314
-0.047349    -0.279018    -0.124066
-0.04428    -0.141672    -0.12517
-0.03585    -0.121481    -0.127786
-0.035224    -0.241124    -0.127968
-0.026751    -0.188265    -0.129952
0.013974    0.12    0.107991
-0.021762    -0.294322    -0.130806
-0.013465    -0.216031    -0.13186
-0.010695    -0.167179    -0.132122
-0.005182    -0.142391    -0.132387
-0.00618    -0.073075    -0.132355
0.040974    0.25912    0.04301
-0.00792    0.289803    -0.053745
0.013629    0.062888    -0.125447
-0.130324    -0.141129    0.028316
-0.129861    -0.101709    0.030388
-0.132549    -0.331895    -0.015089
-0.100321    0.071733    0.074732
-0.073881    0.090319    0.094522
-0.097476    -0.327236    -0.090773
-0.070931    -0.32371    -0.112485
-0.031043    -0.326532    -0.128993
0.004815    -0.027293    -0.13234
-0.004633    -0.25702    -0.132404
0.034762    0.152644    0.086751
0.06096    0.25049    -0.000397
0.012632    0.127509    -0.104912
-0.129678    -0.228336    0.031209
-0.130503    -0.318701    0.027514
-0.127197    -0.025226    0.040151
-0.111206    0.044464    0.067671
-0.088815    0.084965    0.083224
-0.057244    0.085315    0.106999
-0.074721    -0.346106    -0.109999
-0.04682    -0.349062    -0.124256
0.018582    0.009125    -0.130855
0.000861    -0.241198    -0.132464
-0.00726    -0.33381    -0.132321
0.060518    0.25257    0.000387
0.008709    0.283415    -0.054493
0.017679    0.0379    -0.128942
-0.128444    -0.141626    0.035859
-0.13311    -0.354408    0.005368
-0.076996    0.079395    0.095944
0.012244    0.095301    0.117184
0.00367    -0.305581    -0.132376
0.005804    -0.21715    -0.132309
0.056723    0.242349    0.027075
-0.017589    0.361336    -0.042974
0.021876    0.085648    -0.118686
-0.127553    -0.139592    0.038924
-0.128641    -0.281961    0.03518
-0.100213    0.055763    0.080148
-0.018731    0.068574    0.123764
0.016194    -0.02912    -0.131394
0.009797    -0.147322    -0.132031
0.037068    0.212541    0.060016
0.032753    0.379236    -0.030849
0.014298    0.19247    -0.075992
-0.131994    -0.358519    0.009362
-0.12533    -0.103566    0.045489
-0.123898    -0.027182    0.049352
-0.067084    0.06361    0.107383
-0.027676    -0.357291    -0.129
0.008801    -0.301612    -0.132126
0.010927    -0.313627    -0.131925
0.043949    0.235315    0.047417
-0.011442    0.330445    -0.046681
0.03095    0.079573    -0.118185
-0.124696    -0.111547    0.047251
-0.124155    -0.083036    0.048755
-0.095858    0.053697    0.085786
-0.079045    -0.35706    -0.106205
0.026779    -0.003961    -0.12953
0.016917    -0.201084    -0.131279
0.040027    0.207831    0.059742
0.034342    0.334069    -0.031632
0.021921    0.20095    -0.071065
-0.13107    -0.360965    0.009988
-0.121911    -0.0973    0.053946
-0.11959    -0.017521    0.058874
-0.062361    0.050025    0.113016
0.033201    0.10804    0.108386
0.020862    -0.267714    -0.130654
0.016916    -0.307156    -0.131279
0.051763    0.226707    0.041854
-0.011672    0.446007    -0.042828
0.036073    0.114717    -0.104697
-0.121247    -0.281965    0.055481
-0.121793    -0.163271    0.054217
-0.102702    0.02822    0.082901
-0.023133    0.048227    0.126941
0.037354    -0.012569    -0.126809
0.026445    -0.078524    -0.129605
0.016775    -0.348747    -0.131302
0.019158    0.505559    -0.041512
-0.009589    0.393765    -0.044518
0.037985    0.120508    -0.101597
-0.118035    -0.08046    0.061924
-0.120632    -0.06818    0.056829
-0.123321    -0.363212    -0.042372
-0.02244    0.039377    0.128278
-0.016724    -0.365272    -0.127373
0.029087    -0.230709    -0.129014
0.019411    -0.35307    -0.130884
0.018739    0.364922    -0.0416
-0.00783    0.354921    -0.045706
0.042296    0.100989    -0.107717
-0.118359    -0.221469    0.06129
-0.119268    -0.270433    0.059505
-0.096105    0.036987    0.089185
-0.090173    -0.364608    -0.092746
0.04642    -0.003949    -0.123731
0.034025    -0.132566    -0.127776
0.024324    -0.34418    -0.130079
0.025155    0.331646    -0.039937
0.021912    0.270314    -0.053092
0.051762    0.058202    -0.115733
-0.113787    -0.068481    0.069373
-0.114872    -0.14708    0.067539
-0.106535    -0.366872    -0.07091
0.016403    0.060118    0.125638
0.037832    -0.296761    -0.12667
0.036559    -0.19506    -0.12704
0.053214    0.190088    0.056645
0.013595    0.350136    -0.044014
0.039149    0.158665    -0.081732
-0.119323    -0.350679    0.059398
-0.114698    -0.17303    0.067832
-0.111447    -0.040108    0.073029
-0.026368    0.022377    0.129244
0.05619    0.123051    0.091312
0.042845    -0.081829    -0.125018
0.043734    -0.081988    -0.124697
-0.007649    0.501522    -0.045617
-0.002356    0.388714    -0.045428
0.021589    0.320624    -0.043779
0.060217    0.032792    -0.115622
-0.111353    -0.15873    0.073167
-0.111204    -0.117204    0.073386
-0.063089    0.021624    0.116165
0.033028    0.070813    0.119823
0.04538    -0.229915    -0.124105
0.046824    -0.112776    -0.123585
0.064102    0.166414    0.058716
-0.002794    0.405098    -0.045039
0.033922    0.225281    -0.057966
-0.123169    -0.370551    0.020769
-0.109811    -0.291031    0.075436
-0.108875    -0.244938    0.076813
-0.054338    0.011117    0.120998
0.047105    0.0908    0.109157
0.049349    -0.111642    -0.122568
0.053496    -0.089213    -0.120773
0.071306    0.198812    0.02131
0.036255    0.214066    -0.059983
0.068653    0.015913    -0.112272
-0.107509    -0.224575    0.078709
-0.107221    -0.142534    0.07908
-0.056687    0.005417    0.120102
0.047047    0.081896    0.111939
0.050841    -0.233899    -0.121922
0.05425    -0.292494    -0.120447
0.071585    0.198585    0.020622
0.040504    0.204496    -0.06067
-0.121938    -0.372641    0.011115
-0.104847    -0.148411    0.082141
-0.105145    -0.223826    0.081757
-0.081626    -0.002915    0.105037
-0.058178    -0.011446    0.119488
-0.029851    0.000594    0.12926
0.012425    0.014786    0.13145
0.065221    -0.019034    -0.114763
0.056308    -0.063865    -0.119494
0.053899    -0.327457    -0.120599
0.054839    0.245184    -0.029389
0.065876    0.107341    -0.092245
-0.107332    -0.332078    0.078937
-0.101917    -0.220747    0.085744
-0.086229    -0.044245    0.101379
-0.068376    -0.043635    0.113997
-0.037461    -0.033557    0.127319
-0.005499    -0.025552    0.132377
0.023998    0.027063    0.129009
0.064644    -0.034596    -0.115104
0.062825    -0.321462    -0.116173
0.043025    -0.369839    -0.116693
0.006498    0.517418    -0.045505
0.077559    0.042473    -0.103186
-0.097803    -0.18948    0.09041
-0.100297    -0.313026    0.087582
-0.094153    -0.175995    0.094097
-0.104452    -0.373953    -0.059913
-0.08626    -0.063425    0.101352
-0.07972    -0.182545    0.106516
-0.079757    -0.09571    0.106487
-0.075129    -0.1549    0.109723
-0.069053    -0.128378    0.113597
-0.065514    -0.162862    0.11569
-0.059815    -0.170075    0.118654
-0.058618    -0.116209    0.119264
-0.052556    -0.067955    0.121985
-0.044037    -0.171001    0.125259
-0.043306    -0.158433    0.125522
-0.037583    -0.049332    0.127284
-0.037343    -0.149725    0.127354
-0.03103    -0.049789    0.128996
-0.019119    -0.16845    0.131226
-0.018429    -0.113272    0.131335
-0.013547    -0.05769    0.131853
-0.004525    -0.18812    0.132408
-0.004133    -0.182723    0.13242
0.003995    -0.161572    0.132366
0.005669    -0.086269    0.132313
0.054236    0.078248    0.109634
0.067412    -0.089881    -0.113467
0.063097    -0.284496    -0.116019
0.075379    0.186197    0.023167
0.055197    0.157271    -0.072458
-0.117881    -0.375424    -0.002765
-0.096633    -0.12321    0.091617
-0.091321    -0.137739    0.096891
-0.09115    -0.112531    0.097041
-0.082525    -0.231702    0.10434
-0.083092    -0.151226    0.103901
-0.074638    -0.293035    0.110056
-0.070526    -0.258662    0.112726
-0.066636    -0.309239    0.115027
-0.059729    -0.321392    0.118698
-0.06456    -0.177254    0.116237
-0.055072    -0.313559    0.120896
-0.049259    -0.190909    0.123379
-0.047595    -0.16968    0.123978
-0.038845    -0.256107    0.126917
-0.040582    -0.158911    0.126413
-0.031845    -0.123057    0.128814
-0.02556    -0.231153    0.130206
-0.024226    -0.305223    0.130417
-0.016291    -0.287294    0.131594
-0.007487    -0.256217    0.132315
-0.006623    -0.155118    0.132342
-0.000811    -0.212862    0.132517
0.001941    -0.159931    0.132431
0.009953    -0.212811    0.132017
0.011138    -0.004123    0.131905
0.013724    -0.17671    0.131661
-0.051177    -0.375725    -0.104945
0.07333    -0.037229    -0.10968
0.064154    -0.298459    -0.115394
0.018978    -0.374133    -0.117645
0.05158    0.180988    -0.062637
-0.112341    -0.37263    0.048553
-0.082521    -0.327295    0.104344
-0.043113    -0.343329    0.125592
0.006126    -0.330904    0.132299
0.015982    -0.060219    0.131428
0.016665    -0.172924    0.13132
0.075305    0.108594    0.083985
0.070944    -0.169088    -0.111301
0.071184    -0.246855    -0.111138
0.054252    0.236041    -0.034567
0.082042    0.077603    -0.090687
-0.100988    -0.377009    -0.052387
-0.081986    -0.376743    -0.07985
-0.014081    -0.338257    0.131803
0.020287    -0.014074    0.130747
0.016165    -0.045242    0.131399
0.027058    0.012013    0.129248
0.082596    -0.018467    -0.102842
0.075477    -0.273603    -0.108221
0.067957    -0.336589    -0.113145
0.046831    0.218587    -0.050195
0.091062    0.016407    -0.094725
0.026701    -0.02575    0.129548
0.02457    -0.183483    0.130025
0.027351    -0.349087    0.129403
0.093517    0.001408    -0.092861
0.080134    -0.075246    -0.104752
0.07376    -0.3269    -0.109388
0.044923    0.24487    -0.043388
0.091148    0.035253    -0.092534
-0.009045    -0.355947    0.131835
0.031008    -0.1877    0.128586
0.029757    -0.333999    0.128865
0.082811    0.122501    0.068105
0.081457    -0.280377    -0.103725
0.080194    -0.237548    -0.104705
0.056091    0.222968    -0.037427
0.092864    0.065358    -0.083724
-0.074409    -0.377976    -0.080141
0.03557    -0.28711    0.127328
0.036631    -0.209824    0.12702
0.076443    0.076715    0.095807
0.087161    -0.072913    -0.098918
0.085065    -0.19545    -0.100765
0.081529    0.162013    0.03487
0.081027    0.118529    -0.072717
-0.108241    -0.378095    0.010116
0.035802    -0.0113    0.127261
0.033563    -0.058687    0.127912
0.042632    0.005434    0.125003
0.095516    -0.224861    -0.090874
0.095374    -0.13881    -0.091016
0.099975    -0.165688    -0.085836
0.09842    -0.072005    -0.087601
0.088306    -0.142233    -0.097909
0.07563    -0.367621    -0.100869
0.079271    0.13359    -0.064648
0.101298    -0.043538    -0.084318
0.034505    -0.360655    0.125746
0.045063    -0.298355    0.12422
0.042302    -0.345231    0.125214
0.086459    0.144326    0.04394
0.090512    -0.208418    -0.095878
0.098629    -0.238875    -0.087364
0.096399    -0.103153    -0.089894
0.104071    -0.31677    -0.080743
0.085433    -0.323741    -0.100441
0.072258    0.159034    -0.053878
0.10613    -0.009876    -0.078089
0.105498    -0.222992    -0.078903
-0.066259    -0.361711    0.112605
0.04465    -0.158245    0.124369
0.047171    -0.277662    0.123461
0.087712    0.104285    0.073181
0.082219    -0.364468    -0.098361
0.089218    0.122343    -0.059455
0.10704    -0.123148    -0.076777
0.107719    -0.214638    -0.075779
0.005255    -0.364185    0.128805
0.051216    -0.205382    0.12176
0.050383    -0.339973    0.122121
0.090043    0.137351    0.044346
0.024396    -0.378215    -0.102778
0.100545    0.081187    -0.067679
0.109679    -0.095362    -0.072894
0.110218    -0.189399    -0.072101
0.035373    -0.365984    0.122616
0.05209    -0.109406    0.121382
0.05242    -0.338192    0.121239
0.093493    -0.355569    -0.092379
0.0936    0.119967    -0.054299
0.113002    -0.268312    -0.067557
0.113727    -0.226111    -0.066331
-0.059895    -0.366826    0.112757
0.055664    -0.137077    0.119822
0.061238    -0.293855    0.116982
0.095587    0.099364    0.065392
0.075398    0.164484    -0.044694
0.112012    -0.009005    -0.069231
0.112369    -0.054497    -0.068628
-0.087311    -0.37652    0.075143
0.059026    -0.116635    0.118109
0.061437    -0.126888    0.116881
0.092068    0.070057    0.083084
0.097297    0.143079    -0.006772
0.115245    -0.01289    -0.063752
0.115614    -0.142619    -0.063027
0.118324    -0.348728    -0.05771
0.068049    -0.303013    0.113091
0.065574    -0.29855    0.114555
0.086357    0.040429    0.096248
0.07848    0.171898    -0.031304
0.118043    0.024787    -0.056242
0.118204    -0.182014    -0.057945
0.116459    -0.332419    -0.06137
0.068463    -0.245336    0.112846
0.069506    -0.213406    0.112229
0.086108    0.036274    0.097162
0.097664    0.141816    0.009474
0.117531    0.04389    -0.052192
0.11928    -0.083788    -0.055728
0.119412    -0.214396    -0.055424
0.070227    -0.038079    0.11179
0.074832    -0.320235    0.108661
0.074488    0.003614    0.108832
0.059723    -0.377464    -0.093549
0.118273    0.051606    -0.047612
0.121964    -0.191657    -0.049525
0.120721    -0.116816    -0.052397
0.073737    -0.020196    0.109405
0.075946    -0.191974    0.107904
0.075142    -0.360072    0.106559
0.068827    -0.377273    -0.087763
0.11532    0.069875    -0.04536
0.124294    -0.318242    -0.043204
0.123327    -0.195238    -0.045889
0.077559    -0.021991    0.10675
0.077279    -0.151473    0.106968
0.077561    -0.344439    0.106749
0.095482    -0.371714    -0.075873
0.117295    0.069935    -0.039835
0.124315    -0.212591    -0.043144
0.122987    -0.089355    -0.046833
0.083091    0.000107    0.102459
0.08228    -0.140233    0.103088
0.080876    -0.357012    0.103361
0.058815    -0.378183    -0.087992
0.121766    0.054857    -0.035519
0.125615    -0.296644    -0.039195
0.126196    -0.233083    -0.037195
0.084697    -0.023079    0.10109
0.086237    -0.279562    0.099733
0.075734    -0.370068    0.098045
0.110722    0.109366    0.018135
0.125316    0.036909    -0.032782
0.127128    -0.17538    -0.033984
0.127408    -0.264284    -0.033022
0.088767    -0.156046    0.097503
0.088991    -0.20812    0.097306
0.097503    0.02408    0.08732
0.102991    0.126213    -0.022394
0.127539    -0.010304    -0.032453
0.128391    -0.250705    -0.028643
0.127685    -0.359977    -0.024825
0.090424    -0.126817    0.095967
0.091854    -0.045308    0.094537
0.111783    0.062346    0.057162
0.114766    0.095473    -0.022656
0.129043    -0.237381    -0.025724
0.129214    -0.187114    -0.02496
0.049591    -0.377298    0.099984
0.093547    -0.284801    0.092844
0.093908    -0.351814    0.092483
0.114231    0.096062    0.024243
0.129679    0.002132    -0.021937
0.129511    -0.229985    -0.023138
0.130158    -0.346026    -0.019058
0.098653    -0.130116    0.087337
0.09795    -0.090853    0.088135
0.111941    0.039124    0.064722
0.123566    0.065907    -0.016888
0.130422    -0.26878    -0.017389
0.130144    -0.134657    -0.019146
0.097769    -0.032877    0.08834
0.098431    -0.23574    0.08759
0.097161    -0.364934    0.083041
0.120345    0.083942    0.001326
0.130733    -0.157852    -0.014626
0.130593    -0.104501    -0.016117
0.007648    -0.378142    0.10669
0.102539    -0.158218    0.082719
0.10341    -0.323703    0.081596
0.11928    0.078233    0.024837
0.130731    -0.005794    -0.014651
0.130867    -0.060917    -0.013208
-0.023099    -0.378277    0.10245
0.106061    -0.202802    0.078179
0.10541    -0.256001    0.079018
0.081022    -0.378135    -0.069047
0.131387    -0.035152    -0.006485
0.131481    -0.285848    -0.003493
0.107205    -0.019182    0.076535
0.106306    -0.224347    0.077859
0.109161    -0.330773    0.073657
0.123487    0.070008    0.009026
0.131581    -0.129462    -0.000331
0.131432    -0.071519    -0.005061
0.106814    -0.313429    0.077111
0.109668    -0.307443    0.07291
0.111199    0.008727    0.07031
0.13136    0.006902    0.003685
0.131484    -0.238461    0.003395
0.13159    -0.338942    3.5e-05
0.11434    -0.083817    0.065295
0.112631    -0.078602    0.068184
0.106589    -0.377338    -0.030992
0.131338    -0.15755    0.008021
0.131469    -0.118929    0.003887
0.114935    -0.040059    0.064289
0.111851    -0.271578    0.069503
0.070479    -0.377668    0.084178
0.130827    -0.039078    0.013639
0.131149    -0.20937    0.010226
0.130795    -0.347222    0.013975
0.115413    -0.12667    0.063422
0.115827    -0.176783    0.062609
0.128047    0.03973    0.016793
0.130956    -0.09111    0.012267
0.130781    -0.202474    0.014118
0.117677    -0.26491    0.05898
0.116425    -0.250457    0.061437
0.125168    0.035878    0.03365
0.130408    -0.130782    0.01748
0.129742    -0.232772    0.021684
0.120841    -0.006435    0.052121
0.119326    -0.244578    0.055624
0.083754    -0.377165    0.073975
0.129478    -0.104813    0.02335
0.129742    -0.068489    0.021683
0.120766    -0.035143    0.052296
0.122138    -0.271628    0.049123
0.121195    -0.356072    0.050167
0.129161    -0.234529    0.0252
0.128739    -0.156646    0.027088
0.122639    -0.032239    0.047801
0.12309    -0.062948    0.046548
0.121381    -0.359208    0.047471
0.127627    -0.074314    0.032063
0.128144    -0.189806    0.029751
0.124994    -0.029192    0.04126
0.124359    -0.180549    0.043024
0.10023    -0.375108    0.060115
0.126072    -0.30353    0.03762
0.126551    -0.30802    0.035972
0.125172    -0.277354    0.040719
0.125872    -0.196784    0.038311
0.105801    -0.37792    0.022224
-0.04581    0.390385    0.00693
-0.040628    0.378658    0.022612
-0.041758    0.498047    0.013388
-0.033327    0.4891    0.028507
-0.045432    0.428487    0.001901
-0.028691    0.375516    0.03637
-0.047036    0.515867    -0.000725
-0.024967    0.379738    0.038827
-0.021427    0.438921    0.039278
-0.026543    0.540921    0.035015
0.008235    0.548598    0.029833
-0.006827    0.548598    0.000526
-0.043803    0.383873    -0.015416
0.02569    0.532012    0.034234
0.042439    0.528185    -0.000562
-0.042206    0.345531    -0.02128
-0.039609    0.472722    -0.019967
-0.006894    0.492055    0.042679
0.041863    0.421003    0.012969
0.036966    0.466767    0.021702
0.034045    0.440954    0.027117
-0.004553    0.41944    0.044605
0.040678    0.345931    0.02061
0.044834    0.372284    -0.002724
0.027947    0.385789    0.035207
-0.039239    0.506943    -0.025657
0.043508    0.405677    -0.007493
-0.036541    0.353196    -0.029562
-0.03464    0.371786    -0.031075
0.00812    0.53853    0.042413
0.013818    0.42259    0.042173
0.012211    0.405141    0.043121
0.008127    0.439802    0.04335
0.039614    0.43062    -0.018337
0.039019    0.41275    -0.020498
-0.013331    0.548598    -0.03071
-0.02038    0.441561    -0.039742
-0.017446    0.45227    -0.040791
0.016004    0.54762    -0.035324
-0.012715    0.499762    -0.043668
0.023141    0.421429    -0.037689
0.020384    0.405238    -0.039726
0.013561    0.498921    -0.040653
0.000758    0.434374    -0.044374
1e-06    0.404981    -0.045071
-0.001973    0.505647    -0.046097
-0.006458    -0.378277    0.084262
0.023389    -0.378277    0.086458
-0.042315    -0.378277    0.086973
0.04272    -0.378277    0.091097
-0.065424    -0.376316    0.070126
0.03494    -0.378277    0.071419
-0.06555    -0.378277    0.069657
0.026809    -0.371299    0.071004
0.010872    -0.378277    0.095999
-0.066364    -0.378277    0.061675
0.057449    -0.37234    0.055447
-0.027979    -0.372611    0.076974
-0.069092    -0.378277    0.056153
0.034299    -0.367351    0.043836
-0.050747    -0.370412    0.052227
-0.021167    -0.378277    0.052908
-0.016716    -0.367031    0.051954
0.084479    -0.378277    0.051954
0.023784    -0.365273    0.033942
-0.089277    -0.378277    0.045495
-0.002179    -0.378277    0.04464
-0.013333    -0.37522    0.09062
-0.002699    -0.378277    0.042871
-0.019423    -0.365004    0.034982
0.03876    -0.378277    0.040033
-0.00457    -0.375264    0.091539
-0.000536    -0.378277    0.034584
0.078478    -0.37403    0.035846
-0.066838    -0.371371    0.038893
-0.016094    -0.378277    0.030952
0.080355    -0.378277    0.027474
0.050298    -0.367837    0.029624
-0.071075    -0.378277    0.02345
0.088299    -0.378277    0.024982
-0.091522    -0.378277    0.015572
0.039544    -0.365868    0.022813
0.088029    -0.378277    0.015072
-0.002017    -0.378277    0.011519
0.035991    -0.378277    0.010742
-0.033621    -0.364895    0.020533
-0.024928    -0.378277    0.00277
-0.000339    -0.378277    0.001003
0.099704    -0.377953    -0.002318
-0.088966    -0.37435    0.006733
0.00299    -0.378277    -0.003818
-0.021518    -0.378277    -0.007504
0.067367    -0.369635    0.006559
0.090147    -0.378277    -0.010086
-0.03114    -0.378277    -0.014727
0.077227    -0.371805    -0.005416
0.034364    -0.378277    -0.017903
0.077518    -0.378277    -0.019778
0.068341    -0.369905    -0.009098
-0.089336    -0.378277    -0.02101
0.039613    -0.378277    -0.027635
0.0587    -0.368019    -0.008535
-0.063568    -0.378277    -0.030125
0.04514    -0.378277    -0.035866
0.050945    -0.366906    -0.01335
0.079287    -0.378277    -0.037039
0.0265    -0.378277    -0.040803
0.091074    -0.377744    -0.039102
-0.080105    -0.378277    -0.038835
0.057837    -0.378277    -0.04646
0.057371    -0.369031    -0.029851
-0.04051    -0.365012    -0.002231
-0.036512    -0.378277    -0.049567
-0.084634    -0.378277    -0.050569
0.052134    -0.368675    -0.035145
-0.025358    -0.363606    1e-06
-0.065169    -0.378277    -0.059746
0.023796    -0.378277    -0.062682
-0.062186    -0.378277    -0.062202
0.051171    -0.378277    -0.067063
0.029981    -0.378277    -0.069088
0.056724    -0.378277    -0.072482
-0.071213    -0.378277    -0.073556
0.056809    -0.378277    -0.076402
-0.050431    -0.378277    -0.075022
0.029964    -0.366275    -0.038535
-0.029805    -0.366768    -0.044096
-0.054482    -0.378277    -0.083036
0.022381    -0.365902    -0.04046
-0.011383    -0.378277    -0.090053
0.016529    -0.365423    -0.039554
-0.030483    -0.378277    -0.094143
-0.0179    -0.366317    -0.046694
-0.024528    -0.373491    -0.08181
-0.019525    -0.375458    -0.090432
-0.012753    -0.374276    -0.087235
-0.008771    -0.372696    -0.081552
-0.003179    -0.367712    -0.058377
0.068491    -0.06054    0.113633
0.077018    -0.18638    0.107851
0.080204    -0.050493    0.10543
0.082912    -0.198422    0.103364
0.086688    -0.112966    0.100056
0.091845    -0.106558    0.095304
0.093992    -0.230279    0.093142
0.102015    -0.081577    0.084266
0.102138    -0.129851    0.084123
0.103107    -0.050296    0.082983
0.106456    -0.254042    0.078499
0.110512    -0.105252    0.072676
0.112982    -0.194847    0.06883
0.117604    -0.078146    0.06061
0.119515    -0.187447    0.056716
0.121759    -0.185388    0.051814
0.122782    -0.125728    0.049362
0.123897    -0.221954    0.046381
0.126484    -0.075762    0.038868
0.127677    -0.187069    0.034821
0.128453    -0.128708    0.032035
0.129804    -0.210787    0.025852
0.130504    -0.284439    0.022259
0.130879    -0.321835    0.019665
0.131733    -0.284929    0.013432
0.131887    -0.286452    0.011293
0.132363    -0.212829    -0.00465
0.132355    -0.196161    -0.004866
0.13171    -0.108684    -0.013838
0.130405    -0.055582    -0.023035
0.131164    -0.272746    -0.017782
0.129363    -0.133073    -0.027959
0.129163    -0.258567    -0.028877
0.126985    -0.113136    -0.037258
0.12696    -0.2784    -0.037345
0.125199    -0.261887    -0.042994
0.123089    -0.213923    -0.048631
0.119007    -0.207243    -0.057917
0.117288    -0.239636    -0.061278
0.116653    -0.282893    -0.062441
0.112029    -0.217211    -0.070404
0.112287    -0.314198    -0.070003
0.107746    -0.266122    -0.076861
0.103582    -0.144672    -0.082438
0.099045    -0.078344    -0.087799
0.097913    -0.101549    -0.089111
0.095313    -0.235751    -0.091902
0.095028    -0.283009    -0.092189
0.088151    -0.260998    -0.098866
0.084211    -0.204043    -0.102317
0.075559    -0.257548    -0.10905
0.072698    -0.254453    -0.110964
0.074033    -0.066913    -0.110088
0.074335    -0.211885    0.109799
0.071698    -0.251253    0.111529
0.077567    -0.134518    0.107433
0.079205    -0.134366    0.106189
0.087995    -0.321458    0.098912
0.089171    -0.284412    0.097882
0.090392    -0.214964    0.096768
0.094312    -0.185419    0.092819
0.100061    -0.135576    0.086531
0.101727    -0.120801    0.084599
0.104984    -0.175065    0.08047
0.109006    -0.306548    0.07502
0.113111    -0.257248    0.06863
0.114661    -0.149963    0.065995
0.117677    -0.31766    0.060477
0.119649    -0.051858    0.056424
0.121882    -0.083707    0.051544
0.122452    -0.068696    0.050244
0.124448    -0.194017    0.044909
0.127904    -0.085417    0.034052
0.126405    -0.321613    0.039136
0.129018    -0.194902    0.02945
0.129445    -0.282063    0.027494
0.131487    -0.137812    0.015456
0.132241    -0.060325    0.006363
0.132285    -0.171613    0.005751
0.132363    -0.296851    0.004111
0.132363    -0.152373    -0.001431
0.132313    -0.229584    -0.005452
0.131973    -0.312333    -0.010178
0.131599    -0.074392    -0.014774
0.130518    -0.294732    -0.022256
0.130021    -0.188539    -0.024948
0.128923    -0.134356    -0.029974
0.126886    -0.073708    -0.037594
0.125605    -0.261206    -0.041908
0.12309    -0.196982    -0.04863
0.12119    -0.055004    -0.053146
0.11866    -0.136018    -0.058676
0.118319    -0.143837    -0.059393
0.115554    -0.255785    -0.064452
0.113048    -0.16242    -0.068818
0.109465    -0.188407    -0.074395
0.106886    -0.146877    -0.078014
0.106093    -0.264677    -0.079074
0.101938    -0.048191    -0.084445
0.10066    -0.302392    -0.085926
0.094832    -0.30831    -0.092386
0.087618    -0.196127    -0.099333
0.082903    -0.17673    -0.103462
0.079555    -0.21116    -0.106014
0.076638    -0.075751    -0.10823
0.07291    -0.299284    -0.110825
0.068733    -0.157481    -0.113565
