0.098308    0.170031    -0.084552
0.075034    0.235084    -0.094432
0.078056    0.244721    -0.089455
0.07712    0.264635    -0.085943
0.08058    0.202666    -0.096354
0.057962    0.168903    -0.115262
0.04618    0.189743    -0.119904
0.057621    0.234696    -0.105539
0.050743    0.230418    -0.110027
0.08915    0.246454    -0.078608
0.098047    0.201826    -0.080065
0.076355    0.320955    -0.074237
0.04043    0.318878    -0.099453
0.051466    0.326062    -0.092195
0.062038    0.319523    -0.087689
0.102472    0.214298    -0.069146
0.112464    0.181445    -0.062995
0.095577    0.238403    -0.072952
0.086181    0.108588    -0.090319
0.085167    0.094608    -0.091275
0.091148    0.050458    -0.085633
0.072258    0.163253    -0.106141
0.034923    0.24565    -0.113491
0.036276    0.316011    -0.101563
0.02128    0.323028    -0.103957
0.070576    0.33374    -0.070764
0.046915    0.338076    -0.083506
0.056301    0.334916    -0.081872
0.09603    0.323867    -0.046091
0.097529    0.32257    -0.044058
0.097243    0.315345    -0.04673
0.085041    0.042241    -0.091393
0.076924    0.071322    -0.099049
0.081167    0.106917    -0.095048
0.097849    0.016859    -0.079153
0.106068    0.086631    -0.065832
0.100056    0.150713    -0.075574
0.120358    0.166143    -0.047217
0.039566    0.205601    -0.118998
0.020981    0.210585    -0.122578
0.015449    0.26289    -0.115259
0.009697    0.354897    -0.079635
0.022276    0.3436    -0.087727
0.051499    0.374875    -0.032079
0.030543    0.350673    -0.078684
0.125006    0.184365    -0.029878
0.111484    0.255956    -0.034968
0.121328    0.203458    -0.031474
0.079763    0.335965    -0.056942
0.078944    0.333904    -0.062012
0.066271    0.146679    -0.106095
0.05386    0.151754    -0.112784
0.055686    0.103237    -0.1118
0.109958    0.033431    -0.059526
0.106334    0.03736    -0.0654
0.105762    0.027638    -0.066328
0.021561    0.165715    -0.127132
0.01061    0.196861    -0.12668
0.009097    0.312395    -0.108082
0.004017    0.271001    -0.114581
0.019959    0.370251    -0.062156
0.048908    0.383607    -0.02634
0.111388    0.274548    -0.024886
0.12079    0.221669    -0.023084
0.107068    0.311961    -0.018377
0.102093    0.329258    -0.022225
0.054974    0.012434    -0.112184
0.062153    0.013482    -0.108314
0.056276    0.039577    -0.111482
0.062965    0.027682    -0.107877
0.118975    0.14869    -0.037861
0.115942    0.142771    -0.047987
0.120224    0.137209    -0.033692
0.127535    0.162741    -0.001245
0.000555    0.19866    -0.126098
-0.001272    0.202088    -0.125494
-0.005968    0.269954    -0.114457
-0.013718    0.346825    -0.08706
-0.006609    0.343262    -0.090668
0.113417    0.27509    -0.013318
0.11764    0.247978    -0.017797
0.127642    0.189479    0.002941
0.124849    0.205231    -0.006051
0.096436    -0.024771    -0.086318
0.103068    -0.001591    -0.078551
0.041616    0.146799    -0.118433
0.032653    0.140721    -0.120556
0.034611    0.072919    -0.120092
0.121669    0.094316    -0.028869
0.117304    0.041236    -0.04344
0.119727    0.045929    -0.035352
0.122722    0.002836    -0.034033
-0.040752    0.178343    -0.122417
-0.026032    0.305064    -0.105931
-0.028021    0.258605    -0.113121
-0.015124    0.359016    -0.074595
0.127784    0.17565    0.020043
0.125248    0.205443    0.008763
0.124986    0.207276    0.009884
0.098876    0.334445    -0.013577
0.069906    0.365087    -0.004522
0.06809    0.000153    -0.109264
0.022797    0.021561    -0.12289
0.015975    0.041445    -0.124506
0.017647    0.078323    -0.12411
0.031964    0.018423    -0.120719
0.124412    0.130988    -0.016326
0.124632    0.121629    -0.008809
0.12443    0.112557    -0.015717
0.119845    -0.02535    -0.049341
-0.029528    0.189708    -0.124216
-0.035492    0.186875    -0.122904
-0.025573    0.200752    -0.123549
-0.051088    0.213261    -0.11381
-0.027133    0.331624    -0.098268
0.055567    0.390026    0.003054
0.115282    0.227641    0.039906
0.116577    0.231943    0.031438
0.104073    0.300701    0.036339
0.113966    0.268816    0.01678
0.109654    0.296524    0.015688
0.119072    0.231081    0.021506
0.06934    0.365784    -0.001099
0.09056    -0.057765    -0.075694
0.102484    -0.03374    -0.076938
-0.016665    0.155094    -0.124402
0.001104    0.096458    -0.124922
0.004991    0.142608    -0.125035
-0.002382    0.143334    -0.12482
0.124835    0.048732    -0.001845
0.124818    0.016253    -0.002452
0.125246    0.036513    0.012208
0.126102    -0.029013    -0.028451
0.12354    0.091189    0.020053
0.121248    0.110264    0.029732
0.125159    0.091198    0.013217
-0.070741    0.178678    -0.107888
-0.044964    0.313355    -0.098708
-0.058664    0.264733    -0.099427
-0.027361    0.372054    -0.057572
0.0257    0.391254    -0.05485
-0.005092    0.391504    -0.061718
0.109861    0.245344    0.046001
0.119275    0.194016    0.045901
0.116663    0.205999    0.046692
0.091843    0.33711    0.031755
0.062707    0.370998    0.014542
0.048958    -0.026829    -0.120115
0.094779    -0.060471    -0.067355
-0.000218    0.037338    -0.124883
-0.016867    0.064182    -0.124396
-0.005402    0.043611    -0.124731
0.125193    0.008153    0.003963
0.117188    -0.044035    -0.03797
0.106458    0.15652    0.066135
0.12309    0.017183    0.021952
0.12085    0.074015    0.031409
0.119533    0.076362    0.036972
-0.078569    0.196459    -0.100024
-0.073066    0.18395    -0.105779
-0.065258    0.180379    -0.11127
-0.038107    0.37067    -0.052493
-0.046217    0.348514    -0.072318
0.034127    0.391224    -0.050121
0.066332    0.392944    -0.021429
0.10631    0.212531    0.06369
0.096905    0.263235    0.063985
0.117259    0.184439    0.052881
0.106048    0.217209    0.062593
0.064696    0.365642    0.026405
0.063207    -0.042173    -0.106754
0.025921    -0.003758    -0.126392
-0.025789    0.045019    -0.122591
-0.036202    0.08609    -0.119472
-0.022326    0.121235    -0.123628
0.123256    0.007606    0.023093
0.125675    -0.03582    -0.02205
0.109048    0.162372    0.066142
0.112752    0.133425    0.05392
0.112882    0.087192    0.053679
0.10851    0.128125    0.061792
-0.09824    0.204259    -0.078209
-0.090925    0.224037    -0.081337
-0.075314    0.271654    -0.086748
-0.045792    0.371316    -0.044822
-0.043941    0.3929    -0.054493
0.090828    0.179819    0.091655
0.083239    0.299077    0.071929
0.076027    0.32535    0.073429
0.055798    0.370476    0.033197
0.050599    -0.063489    -0.103051
0.020462    -0.009827    -0.127685
-0.036586    0.059338    -0.119357
-0.027898    0.040793    -0.121959
-0.049324    0.033699    -0.115541
0.124559    0.000789    0.030402
0.120725    -0.04863    -0.016735
-0.070106    0.159397    -0.105048
0.108212    0.014074    0.062345
0.114407    0.031537    0.050849
0.108198    0.032705    0.06237
-0.090113    0.179973    -0.092414
-0.087736    0.282993    -0.070924
-0.099364    0.212626    -0.075059
-0.072975    0.318208    -0.078336
-0.07476    0.337307    -0.061382
0.056879    0.392241    0.033275
0.081973    0.203113    0.095724
0.086381    0.213131    0.088706
0.085167    0.214868    0.089586
0.074729    0.334619    0.065152
0.05827    0.363288    0.042753
0.078456    -0.079634    -0.083707
0.016313    -0.032298    -0.127928
-0.035253    0.006232    -0.120821
-0.076006    0.147085    -0.09979
-0.0565    0.118763    -0.111825
-0.066451    0.140901    -0.105685
0.111331    0.006475    0.058485
0.118548    -0.055592    0.012083
0.079872    0.156505    0.097619
0.097621    0.107491    0.078439
0.096831    0.119204    0.079277
0.101114    0.075481    0.074736
-0.103749    0.208142    -0.069926
-0.098461    0.267093    -0.059791
-0.108458    0.233051    -0.052763
-0.105708    0.240887    -0.055213
-0.050339    0.391856    -0.039548
0.073658    0.175731    0.106087
0.066403    0.253838    0.096706
0.076457    0.2295    0.095094
0.066221    0.199898    0.106992
0.055904    0.349893    0.063878
0.102498    -0.091294    -0.064055
0.013743    -0.043801    -0.123412
0.001379    -0.029098    -0.129058
0.121802    -0.104133    -0.03815
-0.06102    0.025468    -0.109036
-0.055721    0.010011    -0.112305
-0.061941    0.046099    -0.108468
0.110406    -0.003692    0.066971
0.112881    -0.051932    0.042907
0.112079    -0.05826    0.034389
0.064767    0.157412    0.107433
0.09286    0.03276    0.083487
0.086702    0.023115    0.090015
0.090549    0.064988    0.085937
-0.091812    0.137796    -0.084598
-0.101403    0.017584    -0.074429
-0.083421    0.136551    -0.093494
-0.090087    0.13427    -0.086427
-0.103015    0.263328    -0.052617
-0.09833    0.317162    -0.043095
-0.072057    0.350936    -0.042308
-0.079102    0.348606    -0.033921
0.04695    0.39094    0.035867
0.050988    0.274438    0.102331
0.052629    0.242204    0.107399
0.051222    0.214594    0.113475
0.040632    0.363448    0.059028
0.042666    0.39184    0.047557
0.065092    -0.08988    -0.101374
0.008026    -0.054016    -0.119113
-0.028744    -0.001408    -0.126014
-0.089965    0.045815    -0.086556
-0.092011    0.06591    -0.084387
-0.088404    0.024957    -0.088211
0.09965    0.005362    0.078323
0.107413    -0.053145    0.051958
0.119584    -0.089517    -0.013576
0.066333    0.139542    0.105758
0.061865    0.099131    0.108515
0.061713    0.112092    0.108609
0.078159    0.089818    0.098462
0.071773    0.062914    0.102402
0.070873    0.10818    0.102957
0.074178    0.113038    0.100918
-0.110479    0.035547    -0.058137
-0.108782    0.008862    -0.061286
-0.1057    0.017904    -0.067005
-0.127857    0.182554    -0.018217
-0.113526    0.249929    -0.031792
-0.123807    0.182385    -0.035432
-0.108036    0.280877    -0.033415
-0.08345    0.34911    -0.017535
0.063053    0.419469    -0.032318
0.043607    0.424091    -0.055961
0.021232    0.396456    -0.067556
-0.020563    0.399306    -0.067572
-0.040684    0.426734    -0.05789
0.070871    0.427871    0.007189
0.067963    0.426738    0.019512
0.034619    0.206895    0.11981
0.02784    0.215656    0.120373
0.040306    0.223245    0.115366
0.028226    0.383126    0.047744
0.084487    -0.112017    -0.097589
0.065356    -0.105417    -0.110526
-0.001343    -0.053441    -0.119089
-0.06727    0.001731    -0.108669
0.08938    -0.008755    0.09319
0.109832    -0.033971    0.06499
0.120472    -0.090634    -0.003347
0.031195    0.02012    0.120972
0.05069    0.080575    0.115133
0.050746    0.138473    0.115116
0.022649    0.020566    0.123531
-0.115594    0.053209    -0.048647
-0.11569    0.124512    -0.04847
-0.108524    0.132157    -0.061764
-0.109275    0.150033    -0.060371
-0.123683    0.210538    -0.016348
-0.115955    0.259987    -0.014534
-0.11653    0.257956    -0.01352
-0.050402    0.401401    -0.049501
0.055245    0.431788    -0.044973
0.053112    0.441304    -0.046997
0.036544    0.417387    -0.06054
-0.001649    0.444928    -0.070613
-0.033089    0.439458    -0.062576
0.070444    0.424779    -0.007412
0.066154    0.425942    0.026128
0.061696    0.414546    0.0344
0.025269    0.045758    0.122747
0.02105    0.070754    0.124011
0.031167    0.082302    0.12098
0.022165    0.214401    0.122283
0.025945    0.260337    0.113452
0.019194    0.24263    0.118442
0.026025    0.350491    0.079816
0.032487    0.391819    0.054635
0.057332    -0.110485    -0.115601
0.096843    -0.145439    -0.071744
-0.023025    -0.054963    -0.116718
-0.069013    -0.014293    -0.108954
0.119656    -0.121525    -0.047608
0.085037    -0.02896    0.097795
0.0959    -0.05089    0.07348
0.110783    -0.079957    0.030783
-0.128439    0.16659    0.019822
-0.119263    0.046981    -0.038111
-0.122164    0.050558    -0.025862
-0.124178    0.027068    -0.017358
-0.1261    0.200514    -0.010818
-0.112123    0.286079    -0.002743
-0.127086    0.189121    0.01804
-0.126325    0.194881    0.012426
-0.073413    0.361552    -0.000103
-0.055028    0.427657    -0.044597
-0.059215    0.417971    -0.039003
0.049003    0.42588    0.050984
0.050973    0.442716    0.048896
0.012066    0.108707    0.124536
-0.001562    0.042248    0.124935
0.004796    0.058233    0.124749
0.017749    0.236735    0.119448
0.014178    0.27231    0.113838
0.004416    0.264591    0.115364
0.005666    0.248632    0.11789
0.017068    0.3461    0.086871
0.052254    -0.116767    -0.118338
0.013457    -0.091218    -0.120982
-0.027833    -0.06327    -0.111518
-0.075865    -0.023276    -0.104727
-0.09295    -0.002016    -0.089406
-0.121349    -0.005803    -0.046669
0.064582    -0.011101    0.111687
0.093632    -0.038551    0.083683
0.117825    -0.101279    0.047222
0.117899    -0.098167    0.042346
0.122552    -0.137633    -0.009095
0.021728    -0.007072    0.128116
-0.125158    0.1226    -0.013224
-0.123435    0.121205    -0.020496
-0.121838    0.150115    -0.02724
-0.12494    0.0846    -0.014142
-0.111584    0.289111    -0.00098
-0.110775    0.293078    0.004905
-0.11933    0.237708    0.01644
-0.06176    0.373582    0.005884
-0.065665    0.434793    -0.027037
0.066849    0.444991    0.014025
-0.009505    0.174691    0.129297
-0.011698    0.073729    0.125231
-0.002603    0.126544    0.124965
-0.011634    0.131442    0.12523
-0.010543    0.208066    0.12488
-0.008712    0.254896    0.117305
-0.009692    0.222262    0.122575
0.00512    0.357809    0.076832
0.017035    0.389136    0.052786
0.061364    -0.124131    -0.111643
0.003236    -0.096484    -0.123746
-0.049976    -0.061233    -0.105114
-0.088214    -0.010355    -0.094427
0.112458    -0.155085    -0.034451
0.043166    -0.013998    0.121693
0.075232    -0.035136    0.102825
0.054308    -0.059176    0.103489
0.12787    -0.1194    0.01968
-0.004284    -0.016362    0.129144
0.016367    -0.016932    0.12854
-0.124756    0.039542    0.00454
-0.124741    0.023701    0.005069
-0.124512    0.036583    0.012909
-0.124791    0.011283    0.003356
-0.102265    0.325817    0.026662
-0.118591    0.227064    0.027407
-0.119887    0.22879    0.022115
-0.075012    0.359363    0.012578
-0.067944    0.421662    -0.019594
0.034376    0.439245    0.061783
-0.03037    0.039019    0.121095
-0.01478    0.014705    0.124789
-0.014339    0.089579    0.124893
-0.027598    0.030932    0.121752
-0.027245    0.214758    0.120407
-0.030151    0.219423    0.118949
-0.014333    0.229385    0.121052
0.005395    0.377766    0.057782
0.051067    -0.130473    -0.114725
-0.006074    -0.091747    -0.120978
-0.02833    -0.0743    -0.109983
-0.083559    -0.034836    -0.096711
-0.113752    -0.031443    -0.060027
-0.118651    -0.04367    -0.034089
0.04112    -0.038334    0.118823
0.022131    -0.065593    0.112174
0.094597    -0.094439    0.078271
0.11673    -0.140964    0.034869
0.120065    -0.144818    0.015057
-0.021796    -0.02272    0.12737
-0.008721    -0.050936    0.120469
-0.124945    0.126568    -0.001898
-0.124662    0.142724    0.007782
-0.124669    0.086003    0.007518
-0.124086    0.161232    0.028093
-0.129155    -0.006415    -0.004687
-0.11685    0.201079    0.047757
-0.12363    0.202508    0.024323
-0.117631    0.207398    0.041612
-0.117241    0.205019    0.044245
-0.064797    0.365807    0.02526
-0.067324    0.437284    -0.02221
0.023535    0.41048    0.066681
-0.030984    0.163296    0.12393
-0.032064    0.070928    0.120694
-0.02636    0.131395    0.122045
-0.0257    0.118732    0.122202
-0.039614    -0.004973    0.12315
-0.017621    0.320994    0.10516
-0.022597    0.304516    0.106699
0.003804    0.385161    0.055367
-0.020595    0.354101    0.077834
0.080102    -0.17435    -0.091068
0.020159    -0.121145    -0.127194
-0.026858    -0.085315    -0.11484
-0.055007    -0.071467    -0.099412
-0.109394    -0.049338    -0.051761
0.124257    -0.185971    -0.021255
-0.116355    -0.051954    -0.028198
0.018075    -0.046946    0.121416
0.070224    -0.077514    0.090165
0.10632    -0.1163    0.07455
0.11638    -0.153285    0.018946
-0.03674    -0.04294    0.118349
-0.111998    0.167301    0.06408
-0.123353    0.019524    0.023245
-0.121127    0.06882    0.030675
-0.118952    0.01991    0.037935
-0.122932    0.154873    0.024652
-0.115925    0.046685    0.048041
-0.119257    0.15488    0.036918
-0.125825    0.001817    0.02521
-0.115497    -0.062007    -0.002897
-0.110361    0.22277    0.05377
-0.091365    0.327044    0.05268
-0.103056    0.250577    0.057109
-0.091213    0.329007    0.051021
-0.058299    0.444242    -0.031299
0.05304    0.44394    -0.036833
0.042612    0.44394    0.033669
0.024903    0.44394    -0.023181
0.013468    0.44394    -0.021739
0.011478    0.44394    -0.020769
0.001611    0.44394    -0.05616
-0.025304    0.44394    -0.009622
-0.038085    0.44394    0.031631
-0.052323    0.44394    -0.023776
0.023454    0.435959    0.066705
0.050538    0.44394    -0.007448
-0.052005    0.026243    0.113783
-0.071442    0.012235    0.103308
-0.053762    0.088714    0.112836
-0.051634    0.038155    0.113983
-0.041425    0.313697    0.099862
-0.049883    0.223115    0.111823
-0.073284    0.187576    0.105689
-0.051927    0.257099    0.104523
-0.015486    0.377753    0.055863
0.080684    -0.196024    -0.10057
0.05259    -0.160005    -0.105265
0.003422    -0.117598    -0.129118
0.11141    -0.171133    -0.046702
-0.080087    -0.068346    -0.080488
0.124397    -0.184863    -0.014166
0.028007    -0.091506    0.117899
0.076503    -0.099335    0.099793
0.104619    -0.112097    0.077033
0.105006    -0.139961    0.062245
0.121339    -0.174213    0.004202
-0.053598    -0.054449    0.105888
-0.099083    0.060861    0.077152
-0.098222    0.07614    0.078547
-0.104457    0.147596    0.068441
-0.098072    0.12865    0.07879
-0.106063    0.032177    0.065838
-0.113322    0.087819    0.054073
-0.109714    0.051921    0.059921
-0.126061    -0.005049    0.028588
-0.113036    -0.076765    0.017079
-0.09895    0.259293    0.0611
-0.099521    0.192615    0.080558
-0.091967    0.256892    0.073151
-0.093698    0.262193    0.068725
-0.063267    0.358658    0.04246
-0.070435    0.414798    0.007693
0.036838    0.44394    0.019938
0.014543    0.44394    0.037805
0.005728    0.44394    0.027532
-0.001406    0.44394    0.036498
-0.010967    0.44394    0.02182
-0.028611    0.44394    0.043641
-0.025225    0.44394    0.022433
-0.057546    0.44394    0.001171
0.00763    0.401508    0.070437
-0.063775    0.123644    0.10744
-0.060853    0.084109    0.109015
-0.060427    0.118054    0.109244
-0.071553    0.001156    0.106903
-0.062156    -0.055928    0.100546
-0.049154    0.31529    0.095406
-0.05529    0.317336    0.091725
-0.070724    0.230535    0.099235
-0.03485    0.336889    0.091296
0.054467    -0.173843    -0.108145
0.041195    -0.161796    -0.111111
-0.039594    -0.110045    -0.122764
0.122734    -0.203656    -0.039697
0.129116    -0.200082    0.003356
-0.005715    -0.09542    0.123258
0.06825    -0.107302    0.109424
0.079971    -0.150189    0.087863
0.11339    -0.167479    0.03712
-0.083124    0.177914    0.098874
-0.095221    0.099602    0.081792
-0.093165    0.047231    0.083731
-0.087667    0.101173    0.088917
-0.117102    -0.029129    0.055807
-0.100619    -0.064876    0.054253
-0.06538    0.321422    0.084486
-0.083423    0.263968    0.080145
-0.092067    0.244499    0.076289
-0.070668    0.336863    0.066582
-0.046831    0.390474    0.031169
-0.06597    0.44394    -0.006866
-0.094563    0.167268    0.088085
-0.07968    0.102693    0.096451
-0.076603    0.033955    0.099353
-0.082664    0.024089    0.093636
-0.088244    -0.025204    0.094045
-0.081145    -0.064159    0.080763
-0.059381    0.329699    0.085864
-0.079781    0.184197    0.101184
-0.092602    0.185653    0.08877
-0.07673    0.195262    0.10162
-0.028798    0.381928    0.047474
0.043982    -0.178357    -0.115526
-0.009524    -0.131775    -0.124547
-0.073106    -0.091327    -0.096934
-0.083808    -0.077882    -0.077004
-0.108176    -0.081726    -0.043423
0.129224    -0.201375    0.00704
-0.038239    -0.083505    0.110938
-0.031901    -0.096449    0.119444
0.034296    -0.115414    0.12435
0.09815    -0.122796    0.082269
0.111942    -0.173871    0.047443
-0.079697    -0.076956    0.080834
-0.108379    5.8e-05    0.069119
-0.095101    -0.054834    0.071488
-0.117804    -0.091131    0.027636
-0.037522    0.374792    0.048121
-0.066975    0.433669    0.022553
-0.01265    0.400937    0.069588
-0.090575    -0.010491    0.091847
-0.086071    -0.034428    0.093837
0.092006    -0.211898    -0.089875
0.029252    -0.170401    -0.116267
-0.013238    -0.153561    -0.117277
-0.053661    -0.119036    -0.118426
-0.084635    -0.093834    -0.08837
-0.113916    -0.106104    -0.05983
-0.120511    -0.100064    -0.03565
0.128438    -0.201935    0.017282
-0.062053    -0.099598    0.108826
-0.03554    -0.119094    0.124115
0.041611    -0.126556    0.119651
0.01657    -0.123144    0.127301
0.076146    -0.139315    0.096593
0.104007    -0.191686    0.07483
-0.083757    -0.094611    0.089548
-0.116899    -0.099476    0.045971
-0.043319    0.395498    0.059001
-0.057299    0.444991    0.035487
0.080139    -0.223008    -0.093432
0.02168    -0.186285    -0.123567
0.002452    -0.161675    -0.117736
-0.080637    -0.111894    -0.101782
-0.11193    -0.107444    -0.064143
0.124355    -0.203632    0.034521
-0.052254    -0.11476    0.11834
0.043431    -0.131342    0.117394
0.014507    -0.135504    0.123123
-0.0346    -0.148053    0.114296
0.089497    -0.171692    0.080461
-0.11806    -0.106358    0.05394
-0.057449    0.439278    0.0414
-0.032905    0.406291    0.062501
0.066512    -0.230522    -0.099561
0.005802    -0.171498    -0.120469
-0.076772    -0.123286    -0.102662
-0.118951    -0.11919    -0.051118
-0.123348    -0.116816    0.037646
0.124951    -0.219309    0.013965
-0.05447    -0.129303    0.113347
-0.062712    -0.149669    0.100975
-0.037291    -0.158014    0.112035
0.055433    -0.176028    0.108888
0.10875    -0.200982    0.070042
-0.053405    0.410981    0.046721
0.074644    -0.246183    -0.090918
0.026177    -0.208015    -0.126331
0.105787    -0.238004    -0.052042
-0.068065    -0.143848    -0.099754
-0.11023    -0.12071    -0.066457
-0.124044    -0.120397    -0.034567
-0.12752    -0.122733    0.013873
-0.115042    -0.13212    0.050359
0.115879    -0.234575    0.019944
-0.093023    -0.135716    0.081921
-0.049879    -0.154612    0.106726
0.033656    -0.171935    0.115599
0.080745    -0.196362    0.101331
0.030605    -0.194734    0.124542
-0.100695    -0.127566    0.077164
-0.047898    0.407458    0.051914
0.059968    -0.241038    -0.100995
0.005775    -0.207822    -0.129187
0.112495    -0.266273    -0.05796
-0.092761    -0.136762    -0.081007
-0.107764    -0.139459    -0.05749
-0.117996    -0.143223    -0.026164
-0.120743    -0.143139    0.006403
-0.098358    -0.15258    0.064628
0.118985    -0.250649    -0.007573
-0.071024    -0.153572    0.094686
-0.043166    -0.187641    0.118949
-0.066367    -0.17767    0.103197
0.0141    -0.185435    0.124591
0.094489    -0.222076    0.079698
0.079321    -0.265349    -0.098055
0.023393    -0.230166    -0.117139
-0.033114    -0.189064    -0.121794
0.116939    -0.265504    -0.048116
0.1277    -0.270336    -0.012057
-0.117334    -0.156067    0.011273
0.11593    -0.252092    0.030349
-0.093776    -0.180312    0.080937
-0.050991    -0.196426    0.118674
-0.087262    -0.185092    0.089296
0.073982    -0.206013    0.105888
0.090384    -0.21726    0.08756
0.061715    -0.251381    -0.102471
0.012673    -0.212462    -0.128654
-0.06002    -0.172907    -0.104821
-0.087772    -0.161525    -0.078354
-0.117801    -0.162775    -0.004696
0.110401    -0.248429    0.044208
-0.109494    -0.186837    0.061397
-0.068398    -0.197743    0.109637
0.075194    -0.211277    0.104973
0.017994    -0.211137    0.128421
0.072592    -0.218918    0.10209
0.052712    -0.257137    -0.110261
-0.007443    -0.229225    -0.119681
-0.074545    -0.177731    -0.097772
-0.099869    -0.18607    -0.076534
-0.112777    -0.170303    -0.043357
-0.114287    -0.168608    -0.034987
-0.118283    -0.164626    -0.010358
-0.111159    -0.178188    0.053141
0.105855    -0.26457    0.067921
-0.061876    -0.210486    0.113153
0.0306    -0.229764    0.115661
0.016938    -0.216355    0.125841
0.05921    -0.241808    0.101365
0.088489    -0.294664    -0.090703
0.025831    -0.247547    -0.114902
-0.04346    -0.214074    -0.119998
-0.087458    -0.196974    -0.095054
0.114857    -0.301902    -0.051397
-0.121916    -0.194252    -0.040311
-0.122777    -0.178548    -0.003335
0.123976    -0.303667    -0.01309
0.109233    -0.27385    0.069146
-0.065451    -0.227014    0.102126
-0.091512    -0.21288    0.089667
-0.006214    -0.238969    0.117587
0.056264    -0.250103    0.105008
0.073366    -0.30622    -0.100743
0.016089    -0.272389    -0.128676
0.00653    -0.245915    -0.117598
-0.098095    -0.202998    -0.083951
-0.118116    -0.198739    -0.052666
0.124197    -0.304481    0.001856
0.121315    -0.29465    0.037547
-0.098919    -0.223071    0.073778
-0.007104    -0.245158    0.117613
0.030989    -0.247119    0.113449
0.028716    -0.268774    0.124283
0.069955    -0.295397    -0.106004
0.006853    -0.255476    -0.121576
-0.068671    -0.212885    -0.108054
-0.107592    -0.20995    -0.07219
-0.129311    -0.203915    -0.010027
0.122757    -0.31049    0.006491
0.115945    -0.303856    0.046774
-0.08675    -0.241168    0.0795
-0.041378    -0.264681    0.119129
-0.056113    -0.250914    0.105251
0.060551    -0.281545    0.114173
0.053629    -0.300936    -0.113132
-0.018499    -0.258393    -0.122145
-0.05967    -0.231453    -0.102699
-0.090625    -0.213265    -0.090216
-0.117084    -0.220957    -0.043604
-0.127964    -0.212982    0.002062
0.122271    -0.320631    -0.010126
0.112217    -0.320281    0.050022
-0.03733    -0.270103    0.122591
-0.072954    -0.270321    0.106076
-0.011784    -0.283921    0.129364
0.013879    -0.276596    0.128613
0.060536    -0.316917    -0.106549
0.011353    -0.285335    -0.12935
0.111777    -0.330979    -0.058142
-0.098849    -0.232719    -0.065517
-0.123861    -0.220235    -0.016559
-0.111309    -0.233656    0.038349
0.09743    -0.321759    0.075258
-0.101343    -0.261518    0.071968
-0.05717    -0.275398    0.11569
0.058797    -0.293773    0.112875
-0.010654    -0.297167    0.126399
0.086351    -0.334345    -0.093201
0.018035    -0.308479    -0.122159
-0.045647    -0.261554    -0.115826
-0.068764    -0.237677    -0.095469
-0.114061    -0.236676    -0.027624
0.126509    -0.332301    0.013455
-0.102776    -0.254572    0.063704
-0.08659    -0.28331    0.095606
0.051095    -0.300153    0.115433
-0.013129    -0.292028    0.127816
0.098136    -0.373068    -0.084714
0.098674    -0.357739    -0.084207
0.061318    -0.325823    -0.107274
0.101373    -0.372265    -0.081299
0.106289    -0.402374    -0.073331
0.001228    -0.302131    -0.124804
0.126958    -0.350304    -0.025595
0.122924    -0.386121    -0.03906
-0.076431    -0.243873    -0.090003
0.129063    -0.341431    0.00153
0.129317    -0.347005    0.010212
-0.117339    -0.24075    0.002304
0.063357    -0.322137    0.104868
-0.12089    -0.272209    0.045419
-0.072447    -0.298633    0.103684
-0.056083    -0.295411    0.113479
-0.039855    -0.320093    0.116465
0.087596    -0.422999    -0.094656
0.077605    -0.426919    -0.104079
0.106648    -0.413941    -0.07275
0.111543    -0.424065    -0.064816
0.114072    -0.400963    -0.060718
-0.042246    -0.277767    -0.12197
0.128064    -0.354986    -0.021902
0.127209    -0.426964    -0.024755
-0.099784    -0.266618    -0.078319
-0.108838    -0.258169    -0.056328
0.1288    -0.422156    -0.007465
0.129256    -0.381265    0.008128
-0.127301    -0.269876    0.018622
0.1276    -0.392658    0.020817
0.128307    -0.364774    0.017834
0.069796    -0.325796    0.102066
0.10925    -0.344162    0.069115
0.116636    -0.368661    0.055412
-0.11994    -0.274935    0.049021
-0.082911    -0.295642    0.095606
-0.05224    -0.319773    0.111022
0.096583    -0.441944    -0.082834
0.060538    -0.345965    -0.113873
0.063461    -0.369822    -0.112298
0.112564    -0.437225    -0.060603
-0.021324    -0.297961    -0.124959
-0.096058    -0.266127    -0.081947
-0.109878    -0.269067    -0.064714
-0.123768    -0.26523    -0.022858
0.12682    -0.440763    -0.001209
0.121605    -0.366196    0.046131
0.12238    -0.42304    0.042858
0.072523    -0.335257    0.104983
0.096787    -0.384678    0.085337
0.08648    -0.347735    0.096265
0.109002    -0.409329    0.069575
0.109906    -0.420921    0.067898
-0.111378    -0.296151    0.06002
-0.002955    -0.330589    0.125635
-0.06182    -0.325335    0.106774
0.074717    -0.447092    -0.101823
0.047052    -0.350983    -0.121142
0.057363    -0.413175    -0.115585
0.115825    -0.436638    -0.055575
-0.041037    -0.298565    -0.118886
0.12228    -0.456878    -0.020702
-0.128705    -0.276848    0.010708
0.128426    -0.433318    0.015418
0.0558    -0.405152    0.117105
0.057557    -0.343235    0.11602
0.022541    -0.345959    0.127872
0.029711    -0.367152    0.125724
0.094176    -0.4118    0.088106
0.098601    -0.404721    0.083413
0.106506    -0.450195    0.065058
-0.1226    -0.287597    0.038801
-0.019048    -0.32969    0.124074
0.000308    -0.371841    0.12901
-0.012111    -0.3871    0.129373
0.066941    -0.475511    -0.067759
0.073816    -0.465727    -0.087066
0.023947    -0.345094    -0.126859
0.027742    -0.356175    -0.12596
0.006068    -0.329946    -0.125461
0.089964    -0.470476    -0.053924
-0.058665    -0.300517    -0.110851
0.112186    -0.465374    -0.025081
-0.125863    -0.284581    -0.028151
0.127162    -0.436682    0.01738
0.103241    -0.471514    0.010524
0.075219    -0.3635    0.105124
0.079419    -0.388355    0.102533
0.081164    -0.349598    0.101457
0.05311    -0.417261    0.118714
0.051612    -0.421345    0.119163
0.012661    -0.378795    0.128648
0.019896    -0.395811    0.128437
0.101052    -0.447817    0.075289
-0.121159    -0.298134    0.033851
-0.028736    -0.35011    0.125726
-0.044246    -0.396239    0.122053
-0.065548    -0.358013    0.111173
-0.05108    -0.348777    0.118973
-0.094183    -0.377132    0.088444
-0.089642    -0.374973    0.092727
-0.039023    -0.429278    0.12329
-0.021306    -0.426905    0.127486
-0.038058    -0.427878    0.123519
0.08508    -0.468958    -0.067383
0.057046    -0.455083    -0.109542
0.03062    -0.398771    -0.125279
0.022053    -0.393747    -0.127308
0.078912    -0.48158    -0.027855
-0.064726    -0.302056    -0.106631
-0.10552    -0.289284    -0.074278
-0.121052    -0.294009    -0.039399
-0.126455    -0.296716    -0.008473
0.098302    -0.473078    0.018369
0.095584    -0.469779    0.046529
0.02246    -0.455305    0.122131
-0.004593    -0.444065    0.126227
0.094176    -0.463362    0.072888
0.064042    -0.484144    0.046753
-0.107388    -0.325055    0.060588
-0.102194    -0.393811    0.079969
-0.10588    -0.350126    0.073994
-0.057363    -0.423435    0.115586
-0.049171    -0.369003    0.120002
-0.076258    -0.3599    0.10535
-0.089477    -0.400889    0.092882
-0.038575    -0.449513    0.119096
0.051854    -0.48562    -0.041179
0.048778    -0.467217    -0.099953
0.063367    -0.48562    -0.031947
0.001516    -0.363012    -0.129062
0.007224    -0.367228    -0.129229
-0.021131    -0.334844    -0.126513
-0.092064    -0.299346    -0.085232
-0.123724    -0.305411    -0.014965
0.086712    -0.478291    0.02393
0.036548    -0.456792    0.117553
0.011808    -0.446613    0.125158
0.05911    -0.470311    0.087138
0.058497    -0.481834    0.059088
-0.120831    -0.319186    0.023575
-0.1082    -0.393946    0.070235
-0.102271    -0.426584    0.079844
-0.057583    -0.437083    0.113978
-0.044715    -0.454884    0.11624
0.056399    -0.48562    0.023731
0.042892    -0.48562    -4.8e-05
0.040562    -0.474063    -0.089468
0.027023    -0.445706    -0.122736
-0.015985    -0.378842    -0.128551
-0.015725    -0.400189    -0.128559
-0.043572    -0.331713    -0.118439
-0.121186    -0.314645    -0.019921
0.023394    -0.464053    0.115334
-0.004146    -0.467289    0.11116
-0.027966    -0.475026    0.092189
0.04608    -0.472967    0.089192
-0.125562    -0.342448    0.030254
-0.122757    -0.384871    0.03962
-0.118014    -0.431612    0.05424
-0.077581    -0.443555    0.100245
-0.058529    -0.470492    0.087561
0.041934    -0.48562    -0.048615
0.036173    -0.48562    -0.03002
0.022662    -0.470529    -0.10231
-0.030261    -0.365497    -0.12556
-0.025864    -0.39056    -0.126877
-0.060704    -0.327439    -0.108475
-0.115926    -0.311279    -0.04213
0.000794    -0.483639    0.079648
-0.013485    -0.468684    0.108118
-0.127175    -0.335785    0.017983
-0.121962    -0.414645    0.042273
-0.125514    -0.422324    0.030417
-0.083064    -0.462421    0.087059
-0.068638    -0.4731    0.072516
0.023702    -0.48562    0.037456
0.029519    -0.48562    0.035439
0.016478    -0.476119    -0.092758
-0.040847    -0.386383    -0.122389
-0.049581    -0.380182    -0.119773
-0.070743    -0.332886    -0.10493
-0.104056    -0.323747    -0.065477
0.003982    -0.48562    -0.018882
0.008895    -0.48562    -0.004946
-0.009498    -0.48562    0.065312
-0.024409    -0.48562    0.070529
-0.03137    -0.48562    -0.007636
-0.032649    -0.48562    -0.051626
-0.128462    -0.396767    0.019028
-0.128456    -0.424442    0.019238
-0.120378    -0.440174    0.040502
-0.074451    -0.481844    0.037553
-0.054044    -0.48562    0.01283
-0.046249    -0.48562    0.042255
0.017333    -0.48562    -0.018355
0.019769    -0.48562    -0.032749
0.003074    -0.462632    -0.120062
-0.061256    -0.359144    -0.11374
-0.053349    -0.357687    -0.118619
-0.078422    -0.323974    -0.095766
-0.118162    -0.32766    -0.040363
-0.009435    -0.48562    0.001888
-0.004211    -0.48562    -0.040336
-0.026335    -0.48562    -0.060172
-0.043289    -0.48562    -0.012087
-0.046118    -0.48562    -0.033383
-0.129006    -0.395645    0.000402
-0.129279    -0.37598    -0.008922
-0.115975    -0.456885    0.041746
-0.063939    -0.48562    0.000486
-0.058682    -0.48562    0.021496
-0.045818    -0.445736    -0.117444
-0.078511    -0.418734    -0.103094
-0.076502    -0.425898    -0.104334
-0.104575    -0.36585    -0.07708
-0.089968    -0.369653    -0.092567
-0.119803    -0.411655    -0.049537
-0.109805    -0.345997    -0.068086
-0.127085    -0.360568    -0.022994
-0.12664    -0.380289    -0.024871
-0.023757    -0.482891    -0.077514
-0.045221    -0.479163    -0.075761
-0.122218    -0.461111    -0.002265
-0.105991    -0.465871    0.042437
-0.069661    -0.48562    -0.018971
-0.058503    -0.483862    -0.053416
-0.0399    -0.472883    -0.092713
-0.084404    -0.376407    -0.098467
-0.092227    -0.38699    -0.090172
-0.115716    -0.405015    -0.05712
-0.105631    -0.38651    -0.075829
-0.107814    -0.384022    -0.071778
-0.125969    -0.392106    -0.027706
-0.125483    -0.397774    -0.029756
-0.055251    -0.470139    -0.089907
-0.106678    -0.469428    0.008801
-0.086021    -0.480279    0.003294
-0.087111    -0.470591    -0.058968
-0.090392    -0.465591    -0.070672
-0.078363    -0.45401    -0.097048
-0.102536    -0.456984    -0.069118
-0.120078    -0.442573    -0.041387
-0.099696    -0.471128    -0.028707
-0.091436    -0.475172    -0.029942
-0.09932    -0.463765    -0.063903
-0.107099    -0.45845    -0.059937
