-0.019588    -0.436456    -0.111711
-0.016667    -0.32732    -0.112095
-0.011086    -0.2508    -0.11283
-0.018675    -0.341232    -0.111831
-0.013692    -0.445554    -0.112487
-0.014018    0.015262    -0.112444
-0.026769    0.009627    -0.110766
-0.010748    -0.108546    -0.112874
-0.024251    -0.228114    -0.111097
-0.025095    -0.328755    -0.110986
-0.007414    -0.20734    -0.113313
-0.012096    -0.366571    -0.112697
-0.003813    -0.026828    -0.113787
-0.024661    -0.421456    -0.111043
-0.007043    -0.367028    -0.113362
-0.017792    -0.20438    -0.111947
-0.021213    -0.186553    -0.111497
-0.027494    -0.030908    -0.110671
-0.009415    -0.049609    -0.11305
-0.021668    -0.297278    -0.111437
0.013101    -0.154255    -0.112565
0.019692    -0.096316    -0.111697
0.000563    -0.23069    -0.114215
0.00029    -0.279005    -0.114251
0.022249    -0.002967    -0.111361
0.00589    0.039342    -0.113514
0.01402    -0.19378    -0.112444
0.001111    -0.030532    -0.114143
0.012033    -0.116734    -0.112705
0.011472    -0.061184    -0.112779
0.024731    0.021663    -0.111034
-0.031645    -0.183183    -0.109541
-0.035963    -0.209178    -0.107753
-0.038563    -0.425898    -0.106676
-0.050896    -0.423723    -0.101568
-0.032131    -0.321672    -0.10934
-0.047958    -0.408996    -0.102785
-0.0394    -0.360662    -0.106329
-0.041658    -0.410142    -0.105394
-0.031915    -0.259887    -0.109429
-0.029871    -0.236834    -0.110275
-0.022544    0.081079    -0.095743
0.025303    -0.106317    -0.110959
0.017517    -0.447429    -0.111984
0.025546    -0.218816    -0.110927
0.020055    -0.360504    -0.11165
0.027141    -0.44729    -0.110717
0.015908    -0.294804    -0.112195
0.018081    -0.172862    -0.111909
0.022868    -0.238433    -0.111279
0.016827    -0.278925    -0.112074
0.005758    -0.444358    -0.113531
0.029424    0.007188    -0.110417
0.023557    0.048197    -0.108244
-0.03143    -0.475839    -0.096652
-0.052164    -0.052239    -0.101043
-0.050025    -0.282536    -0.101929
-0.056497    -0.330659    -0.099248
-0.03971    0.002486    -0.106201
-0.043    -0.186913    -0.104838
-0.054072    -0.055731    -0.100253
-0.049594    0.013273    -0.102107
-0.043197    -0.105463    -0.104756
-0.052536    -0.266303    -0.100889
-0.049348    -0.073982    -0.102209
-0.01434    0.07928    -0.097514
-0.027299    0.065207    -0.101167
0.047914    -0.019477    -0.102802
0.033593    -0.077026    -0.108734
0.038341    -0.19856    -0.106768
0.050814    -0.043988    -0.101601
0.038672    -0.27805    -0.106631
0.050429    -0.037792    -0.101761
0.039118    -0.194172    -0.106446
0.05322    0.023505    -0.100605
0.04581    -0.148372    -0.103674
0.032624    -0.316198    -0.109136
0.02477    -0.460229    -0.107933
0.009384    0.081599    -0.097275
0.028834    0.068302    -0.099255
-0.006347    -0.47865    -0.096899
-0.067558    -0.225343    -0.09099
-0.065666    -0.366536    -0.092442
-0.057222    -0.449708    -0.098921
-0.063132    -0.2516    -0.094387
-0.064203    -0.416178    -0.093564
-0.070738    -0.442914    -0.08855
-0.066302    -0.355706    -0.091954
-0.064552    -0.208299    -0.093296
-0.057434    -0.260068    -0.098759
-0.059653    -0.374343    -0.097056
-0.04703    0.076444    -0.08836
-0.002939    0.090622    -0.093176
0.048984    -0.41271    -0.102359
0.044785    -0.2145    -0.104099
0.04839    -0.294733    -0.102605
0.053286    -0.411267    -0.100577
0.057024    0.008229    -0.099029
0.049024    -0.261177    -0.102343
0.041165    -0.247234    -0.105598
0.057079    -0.035713    -0.099006
0.054936    -0.405526    -0.099894
0.056165    -0.220076    -0.099385
0.045454    -0.382528    -0.103822
0.040419    0.047459    -0.103051
0.02188    0.094575    -0.086826
-0.009261    -0.47865    -0.089341
-0.076842    -0.317977    -0.083866
-0.072902    0.02601    -0.086889
-0.060947    0.008581    -0.096063
-0.072308    -0.070066    -0.087345
-0.059459    0.005978    -0.097205
-0.067047    0.011646    -0.091382
-0.062037    0.014863    -0.095227
-0.069445    -0.133624    -0.089542
-0.07404    0.021048    -0.086016
-0.078797    -0.128718    -0.082366
-0.068274    -0.458774    -0.087618
-0.054773    0.080531    -0.081592
0.010675    0.104004    -0.079097
0.075056    -0.05775    -0.085236
0.062176    -0.058503    -0.095119
0.076816    -0.023703    -0.083885
0.074791    0.002362    -0.085439
0.057814    -0.299525    -0.098466
0.059169    -0.240519    -0.097426
0.069897    -0.160723    -0.089194
0.058433    0.018177    -0.097991
0.063515    -0.004291    -0.094091
0.061858    -0.158155    -0.095363
0.044089    -0.467097    -0.096815
0.061742    0.084172    -0.074495
-0.007696    -0.47865    -0.083719
-0.089604    -0.151324    -0.069363
-0.085747    -0.099161    -0.07439
-0.082722    -0.185205    -0.078331
-0.081759    -0.315689    -0.079587
-0.083498    -0.143087    -0.07732
-0.084316    0.02532    -0.076254
-0.087806    -0.200981    -0.071706
-0.084785    -0.220329    -0.075643
-0.089574    -0.036557    -0.069401
-0.086372    -0.178331    -0.073574
-0.064474    0.048613    -0.089476
-0.084055    -0.459364    -0.072363
-0.0188    -0.47865    -0.076966
-0.027577    0.112437    -0.06639
0.071258    -0.415892    -0.08815
0.0789    -0.149887    -0.082286
0.074842    -0.43521    -0.0854
0.06418    -0.344889    -0.093581
0.078732    -0.444108    -0.082415
0.075143    -0.23065    -0.085169
0.075496    -0.085447    -0.084898
0.068653    -0.331414    -0.090149
0.073818    -0.224886    -0.086186
0.069084    -0.382374    -0.089818
0.067216    0.052026    -0.085732
0.059253    -0.475606    -0.082415
0.001892    -0.47865    -0.07902
-0.094886    -0.322566    -0.062479
-0.0864    -0.365418    -0.073538
-0.096094    -0.422403    -0.060904
-0.08983    -0.219745    -0.069068
-0.086381    -0.427234    -0.073563
-0.096162    -0.386456    -0.060816
-0.098311    -0.437963    -0.058014
-0.094463    -0.229773    -0.063029
-0.095863    -0.283886    -0.061205
-0.098228    -0.368185    -0.058123
-0.092358    0.056407    -0.055838
-0.072342    0.075701    -0.06985
-0.046425    0.107114    -0.061186
-0.017324    0.132534    -0.052626
-0.031356    0.127193    -0.051154
0.095063    -0.422984    -0.062248
0.084632    -0.370299    -0.075842
0.084326    -0.301138    -0.076241
0.093562    -0.377056    -0.064204
0.09111    -0.43536    -0.067399
0.08331    -0.138419    -0.077565
0.082456    -0.451114    -0.078678
0.081646    -0.273054    -0.079734
0.090887    -0.286584    -0.067691
0.090856    -0.391634    -0.067731
0.081164    0.041248    -0.079915
0.050854    -0.47865    -0.077304
0.035972    0.118704    -0.056472
-0.108421    0.021339    -0.034346
-0.104673    -0.085337    -0.043394
-0.101206    -0.224399    -0.051766
-0.102776    -0.155915    -0.047976
-0.100846    -0.305217    -0.052635
-0.10735    -0.003797    -0.036934
-0.100993    -0.037138    -0.05228
-0.100194    -0.000247    -0.05421
-0.105901    -0.000166    -0.04043
-0.099037    0.02326    -0.057002
-0.088552    0.076448    -0.04656
-0.060979    -0.47865    -0.058666
-0.010101    0.137458    -0.053246
-0.00019    0.360038    -0.046888
-0.004512    0.21122    -0.051442
-0.016144    0.138588    -0.051838
-0.018909    0.250115    -0.046572
0.006741    0.171419    -0.052519
0.007875    0.165055    -0.052589
0.021028    0.196012    -0.047693
0.023918    0.282144    -0.043314
0.020626    0.173095    -0.048706
0.098225    -0.233795    -0.058127
0.086079    -0.086894    -0.073957
0.091976    -0.046514    -0.066271
0.086517    0.020587    -0.073385
0.094769    -0.048803    -0.062631
0.094811    0.022003    -0.062576
0.085132    0.015648    -0.07519
0.084326    -0.026731    -0.076241
0.096208    -0.303613    -0.060755
0.095335    -0.134106    -0.061892
0.091891    -0.460544    -0.061042
0.077945    0.073484    -0.063934
0.061246    0.099386    -0.05863
-0.107313    -0.099446    -0.037023
-0.109221    -0.018169    -0.032416
-0.105877    -0.365604    -0.040489
-0.104942    -0.378166    -0.042747
-0.110256    -0.228087    -0.029918
-0.109652    -0.080558    -0.031375
-0.102627    -0.329144    -0.048336
-0.101064    -0.429134    -0.052109
-0.109873    -0.128776    -0.030842
-0.108788    -0.058119    -0.033461
-0.102051    0.062428    -0.02793
-0.080911    0.091028    -0.046035
-0.073349    -0.47865    -0.04963
-0.006926    0.302409    -0.047985
-0.002891    0.35248    -0.046793
0.00221    0.300936    -0.048657
0.005139    0.340536    -0.046908
-0.017951    0.337888    -0.043726
-0.015635    0.247312    -0.048032
-0.02701    0.205438    -0.044552
-0.027511    0.238662    -0.042739
0.014443    0.226989    -0.049277
0.013521    0.344009    -0.045335
0.030518    0.301464    -0.037729
0.030688    0.329236    -0.036404
-0.043972    0.126413    -0.041777
-0.03063    0.214242    -0.041396
-0.035483    0.2015    -0.03822
0.102093    -0.18651    -0.049624
0.100668    -0.397292    -0.053066
0.101518    -0.400826    -0.051014
0.102847    -0.187751    -0.047806
0.100135    -0.12086    -0.054353
0.10629    -0.347132    -0.039492
0.10015    -0.397315    -0.054315
0.100154    -0.443247    -0.054305
0.099845    -0.092563    -0.055052
0.102615    -0.382091    -0.048365
0.097737    -0.461432    -0.050322
0.090264    0.072702    -0.046157
0.074073    0.098091    -0.043974
0.030833    0.13498    -0.04465
0.029969    0.223356    -0.041511
0.054798    0.118831    -0.03798
-0.111287    -0.089326    -0.022811
-0.1111    -0.31953    -0.024226
-0.110442    -0.034782    -0.029225
-0.111082    -0.305203    -0.024369
-0.110449    -0.348078    -0.029174
-0.112407    -0.11808    -0.01431
-0.110474    -0.281732    -0.028983
-0.112982    -0.075473    -0.009944
-0.112046    -0.078546    -0.017047
-0.112478    -0.148143    -0.013768
-0.095303    0.086492    -0.010081
-0.11302    -0.456399    -0.002903
-0.014841    0.376214    -0.045294
-0.036487    0.261136    -0.034398
-0.03956    0.359532    -0.024876
0.103906    0.038983    -0.045248
0.108477    0.01974    -0.034214
0.107626    -0.079534    -0.036269
0.108162    -0.215486    -0.034974
0.104867    -0.200705    -0.042929
0.108108    -0.216235    -0.035104
0.108252    -0.100187    -0.034757
0.109959    -0.259994    -0.030636
0.102422    -0.000973    -0.04883
0.102606    -0.05153    -0.048388
0.100732    -0.457995    -0.048223
0.058832    -0.47865    -0.054567
0.088498    0.083534    -0.039639
0.036152    0.246392    -0.035661
0.042727    0.135123    -0.033331
0.044683    0.176867    -0.028441
-0.111467    -0.368257    -0.021443
-0.113334    -0.340978    -0.00727
-0.113445    -0.298802    -0.006433
-0.114281    -0.1611    -8.6e-05
-0.112177    -0.251216    -0.016057
-0.113342    -0.150297    -0.007209
-0.112593    -0.181936    -0.012893
-0.111922    -0.408836    -0.017991
-0.113313    -0.183187    -0.00743
-0.113306    -0.327422    -0.007487
-0.109658    0.047621    -0.014501
-0.094201    0.089691    -0.002062
-0.091191    -0.47865    -0.027613
0.009366    0.380954    -0.048356
-0.056566    0.125719    -0.022557
-0.041253    0.27423    -0.027453
-0.043373    0.24991    -0.026053
0.111214    -0.417123    -0.023368
0.112206    -0.323083    -0.015836
0.113659    -0.401872    -0.004799
0.11208    -0.259672    -0.016795
0.110829    -0.070691    -0.026289
0.110494    0.023937    -0.028836
0.110998    -0.249303    -0.02501
0.11268    -0.404392    -0.012232
0.111932    -0.402132    -0.017916
0.112239    -0.339597    -0.015586
0.106388    -0.46281    -0.025197
0.100745    0.070378    -0.015782
0.065818    0.109666    -0.035347
0.037468    0.328304    -0.029354
0.036811    0.363502    -0.028236
-0.113401    -0.091545    0.006763
-0.110999    0.01641    0.024997
-0.11114    -0.031094    0.023929
-0.111879    -0.013545    0.018314
-0.114151    0.016173    0.001071
-0.113098    -0.2331    0.009062
-0.113067    -0.254121    0.009301
-0.112031    -0.141487    0.017163
-0.113912    -0.033032    0.002881
-0.113028    -0.072895    0.009598
-0.109922    0.050972    0.002721
-0.061721    0.12487    -0.003079
-0.093745    -0.47865    -0.0193
0.038533    0.377957    -0.028842
-0.047731    0.257494    -0.015452
-0.04995    0.204996    -0.014777
-0.04223    0.35452    -0.02008
-0.046917    0.165337    -0.025638
0.113564    -0.279878    -0.005518
0.113908    0.020473    -0.00291
0.114099    -0.279602    -0.001461
0.113765    -0.320452    -0.003994
0.113091    -0.228363    -0.009113
0.113614    0.035042    -0.00514
0.114101    -0.219643    -0.001439
0.111423    -0.085071    -0.021784
0.113879    -0.152607    -0.003132
0.112789    -0.211056    -0.011407
0.109363    -0.463383    -9.5e-05
0.087018    -0.47865    -0.01873
0.09446    0.088572    -0.008391
0.047538    0.230851    -0.018295
0.04181    0.329395    -0.023334
0.06136    0.120935    -0.021331
-0.111127    -0.107669    0.024022
-0.112545    -0.404184    0.013264
-0.111859    -0.230506    0.018469
-0.110612    -0.214021    0.027931
-0.110601    -0.349083    0.028019
-0.111511    -0.141745    0.021108
-0.110499    -0.324899    0.02879
-0.110786    -0.367251    0.026613
-0.110845    -0.137431    0.026162
-0.11337    -0.405183    0.006998
-0.111468    0.041921    0.017382
-0.062781    0.122306    0.011297
-0.050944    0.219271    -0.006192
-0.049078    0.288087    -0.002366
-0.083137    -0.47865    -0.013619
0.043917    0.388761    -0.028996
-0.049378    0.256998    -0.008215
-0.046602    0.337744    -0.008187
0.111114    -0.366467    0.024124
0.111576    -0.382269    0.020622
0.112675    -0.400208    0.012275
0.113518    -0.345543    0.005874
0.114262    -0.407795    0.000221
0.114111    -0.186855    0.001368
0.113532    -0.186934    0.005761
0.113549    -0.453687    0.005632
0.11338    -0.152007    0.006921
0.112347    -0.313809    0.01476
0.08526    -0.47865    0.011562
0.105073    0.058943    0.01628
0.047046    0.292892    -0.013949
0.04222    0.342512    -0.021174
0.07118    0.113615    -0.002627
-0.107314    -0.081039    0.037018
-0.107506    -0.033449    0.036556
-0.104466    -0.068725    0.043894
-0.107056    -0.063308    0.037641
-0.108221    -0.309636    0.034828
-0.108834    -0.180878    0.033349
-0.109112    -0.397625    0.032679
-0.105172    -0.194035    0.04219
-0.106913    -0.178233    0.037986
-0.105322    -0.201281    0.041829
-0.093737    0.079465    0.03104
-0.055077    0.126505    0.02445
-0.049206    0.261771    0.008275
-0.051148    0.195754    0.01079
-0.047864    0.300305    0.008389
-0.04875    0.305316    0.00035
-0.096572    -0.47865    0.022872
0.042676    0.375832    -0.020816
0.112815    -0.007728    0.011208
0.1137    -0.016742    0.004485
0.111694    0.026555    0.019725
0.111845    -0.243838    0.018577
0.111183    0.025635    0.023601
0.111548    -0.001882    0.020831
0.110414    -0.120544    0.029445
0.111761    -0.050313    0.019215
0.111063    -0.085575    0.024516
0.111384    0.006044    0.022073
0.113673    -0.455295    0.002778
0.096921    0.081583    0.012119
0.085548    0.098269    0.00419
0.053316    0.163973    -0.002636
0.050412    0.22554    -0.008593
-0.107884    -0.399606    0.035642
-0.099838    -0.261544    0.055068
-0.102311    -0.400861    0.049099
-0.102444    -0.18605    0.048776
-0.104352    -0.299887    0.044169
-0.100412    -0.038451    0.053682
-0.104686    -0.303127    0.043365
-0.104435    -0.434509    0.043971
-0.100343    -0.38361    0.053849
-0.102374    -0.26588    0.048947
-0.100059    0.056117    0.039019
-0.078198    0.096964    0.037577
-0.051205    0.135543    0.017945
-0.048542    0.187206    0.019765
-0.046289    0.229812    0.021404
-0.047029    0.277332    0.015379
-0.041084    0.357664    0.022567
-0.096626    -0.469958    0.040271
0.103    -0.412655    0.047435
0.110066    -0.000551    0.030375
0.109733    -0.376773    0.031181
0.106386    -0.305027    0.03926
0.107882    -0.410807    0.035649
0.105915    -0.290801    0.040397
0.106763    -0.261702    0.038352
0.103524    -0.342624    0.04617
0.108971    -0.152229    0.033021
0.105062    -0.436356    0.042457
0.106204    -0.377642    0.039701
0.097396    0.060582    0.041004
0.050812    -0.477297    -0.054862
0.046854    0.329928    -0.008314
0.049394    0.280864    -0.001855
-0.092647    -0.25651    0.065397
-0.093488    0.024236    0.064299
-0.088061    -0.091016    0.071372
-0.09361    -0.272873    0.064141
-0.094711    -0.168775    0.062706
-0.084869    0.013351    0.075533
-0.097659    -0.020569    0.058864
-0.083424    0.019522    0.077415
-0.09739    -0.16998    0.059214
-0.088169    -0.013611    0.071233
-0.088446    0.035472    0.070871
-0.078177    0.093152    0.046475
-0.032965    0.371441    0.032803
-0.038128    0.335126    0.028111
-0.068282    -0.477421    -0.030326
-0.093704    -0.461236    0.058029
0.102308    -0.183193    0.049107
0.102755    -0.206639    0.048026
0.103157    -0.052491    0.047056
0.103306    0.005678    0.046697
0.105381    -0.015493    0.041687
0.109545    0.032077    0.031634
0.103668    0.034085    0.045822
0.099837    0.030362    0.05507
0.103325    0.029311    0.04665
0.100878    -0.080632    0.052559
0.092621    -0.469266    0.050975
0.092366    0.082237    0.03159
0.0853    0.094374    0.02698
0.051204    0.204235    0.008145
0.05337    0.158324    0.003704
-0.082921    -0.025129    0.078071
-0.082768    -0.207709    0.078271
-0.084857    -0.183354    0.075548
-0.083853    -0.17791    0.076857
-0.093941    -0.439839    0.063709
-0.08996    -0.434188    0.068897
-0.081584    -0.201931    0.079814
-0.081345    -0.268719    0.080126
-0.085519    -0.447707    0.074685
-0.082997    -0.203799    0.077972
-0.090342    0.041385    0.067867
-0.068102    0.093959    0.058322
-0.043921    0.147941    0.031057
-0.041622    0.195554    0.031383
-0.038757    0.239472    0.032654
-0.078133    -0.469362    0.070695
0.09268    -0.153025    0.065352
0.089589    -0.432961    0.069382
0.095699    -0.19993    0.061419
0.090138    -0.394662    0.068666
0.097869    -0.288913    0.05859
0.095129    -0.399931    0.062162
0.096409    -0.068098    0.060493
0.08522    -0.424159    0.075076
0.095437    -0.376588    0.061759
0.094782    -0.263959    0.062614
0.089507    -0.407066    0.069488
0.059846    -0.476835    -0.043007
0.081773    0.054199    0.071015
0.059641    0.123166    0.020656
0.046278    0.356638    0.005713
0.045308    0.368276    0.01003
-0.076264    -0.44101    0.084308
-0.062174    -0.380896    0.095121
-0.060836    -0.423138    0.096148
-0.072683    -0.142118    0.087057
-0.06386    -0.416134    0.093827
-0.078334    -0.223294    0.08272
-0.075909    -0.321159    0.084581
-0.078185    -0.381362    0.082834
-0.076582    -0.415158    0.084064
-0.065452    -0.453043    0.092605
-0.065878    0.049378    0.08803
-0.037807    0.131048    0.042181
-0.034236    0.24828    0.037165
-0.036043    0.211308    0.037369
-0.070243    -0.47865    0.061008
-0.020566    -0.473864    -0.067889
0.082027    -0.184904    0.079236
0.092473    -0.066239    0.065622
0.085117    -0.00602    0.075209
0.09232    -0.039887    0.065822
0.081694    -0.301092    0.07967
0.081726    -0.110718    0.079629
0.084521    -0.276518    0.075986
0.093258    -0.032117    0.0646
0.089395    -0.178504    0.069634
0.084546    -0.019674    0.075954
0.076774    -0.465103    0.076463
0.06456    -0.476698    -0.036137
0.072794    0.07251    0.071257
0.046445    0.310427    0.013836
0.049596    0.156152    0.01999
0.047889    0.245957    0.0161
-0.070207    -0.096555    0.088956
-0.074998    -0.004138    0.08528
-0.071506    -0.035357    0.087959
-0.071755    -0.124296    0.087769
-0.068553    0.00776    0.090226
-0.065727    -0.179972    0.092394
-0.067938    -0.183396    0.090698
-0.059672    -0.134214    0.097041
-0.057172    -0.306493    0.09896
-0.058411    -0.304086    0.098009
-0.05851    0.054541    0.091206
-0.03569    0.114154    0.061436
-0.026112    0.35707    0.038717
-0.029573    0.360547    0.035913
-0.059737    -0.4732    0.083777
0.078885    -0.36604    0.082296
0.069778    0.04014    0.089285
0.073754    -0.029893    0.086234
0.074076    0.03478    0.085987
0.077406    0.00039    0.083432
0.06738    -0.008878    0.091125
0.077514    -0.190382    0.083349
0.074614    0.026278    0.085574
0.065722    -0.03302    0.092397
0.069005    -0.037598    0.089878
0.067262    -0.470304    0.080088
0.06843    0.09765    0.052028
0.069732    0.081123    0.069828
0.056205    0.11969    0.034978
0.044604    0.329678    0.016564
0.044907    0.304164    0.018109
-0.050951    -0.244262    0.101545
-0.037447    -0.355898    0.107138
-0.052622    -0.260077    0.100853
-0.050277    -0.434942    0.101824
-0.057027    -0.332395    0.099029
-0.049515    -0.229161    0.10214
-0.056077    -0.409401    0.099422
-0.047315    -0.155684    0.103051
-0.046785    -0.395515    0.10327
-0.051364    -0.13527    0.101374
-0.034579    0.047732    0.105357
-0.024826    0.123427    0.05768
-0.019873    0.275041    0.045252
-0.026268    0.156295    0.04699
-0.038086    -0.47865    0.080398
-0.047224    -0.460899    0.09935
0.062723    -0.152602    0.094699
0.066177    -0.164183    0.092048
0.057844    -0.08789    0.098443
0.057719    -0.178812    0.098538
0.063536    -0.155788    0.094075
0.059306    -0.225718    0.097321
0.064864    -0.325586    0.093055
0.06178    -0.334212    0.095423
0.062877    -0.130742    0.09458
0.060085    -0.027804    0.096723
0.056344    -0.469845    0.088796
0.056988    0.099494    0.062375
0.058334    0.07561    0.081222
0.039986    0.283478    0.028586
0.041517    0.204923    0.030995
-0.044018    -0.02982    0.104416
-0.047858    0.01559    0.102826
-0.034166    -0.204589    0.108497
-0.036997    0.010448    0.107324
-0.04053    -0.015688    0.105861
-0.052586    0.031377    0.100868
-0.035292    0.036882    0.10803
-0.029711    -0.282366    0.110342
-0.041153    -0.042049    0.105603
-0.031658    -0.353276    0.109535
-0.041    0.086339    0.086777
-0.045754    0.089034    0.083117
-0.015461    0.333995    0.044901
-0.01287    0.326157    0.046264
-0.032676    -0.477455    0.067378
0.049791    0.389245    0.018192
0.054197    -0.023282    0.1002
0.045116    -0.153238    0.103961
0.044929    -0.05258    0.104039
0.036347    -0.070344    0.107594
0.045806    -0.163782    0.103676
0.045799    -0.093616    0.103678
0.057137    -0.242984    0.098982
0.055727    -0.180526    0.099566
0.048496    -0.118285    0.102561
0.036982    -0.039521    0.10733
0.037529    -0.47865    0.086956
-0.043633    -0.47865    0.08688
0.043219    0.117006    0.052683
0.031791    0.22147    0.040194
0.033913    0.168013    0.040865
0.047447    0.068526    0.091452
0.037846    0.352524    0.027502
0.037875    0.30015    0.030402
-0.028733    -0.149611    0.110507
-0.020416    -0.437013    0.111602
-0.016482    -0.215261    0.11212
-0.008644    -0.333053    0.113152
-0.014916    -0.390514    0.112326
-0.009169    -0.411121    0.113083
-0.012448    -0.297092    0.112651
-0.010917    -0.302175    0.112853
-0.021576    -0.384973    0.11145
-0.027915    -0.412837    0.110615
-0.012712    0.058997    0.105521
-0.023149    0.090698    0.090442
-0.010085    0.20796    0.050821
-0.004968    0.367656    0.045996
-0.062357    -0.476285    0.038505
-0.02119    -0.466605    0.104729
0.043807    0.385587    0.026305
0.052695    -0.403866    0.100822
0.0487    -0.407422    0.102477
0.034755    -0.097122    0.108253
0.03166    -0.304593    0.109535
0.032131    -0.034252    0.10934
0.036743    -0.413476    0.107429
0.035179    -0.313812    0.108077
0.044504    -0.440666    0.104215
0.045018    -0.28616    0.104002
0.031082    -0.311446    0.109774
0.055915    -0.473579    -0.042735
0.028749    0.318963    0.038334
0.025824    0.280806    0.042219
0.037263    0.086951    0.088073
-0.026395    -0.00558    0.110815
-0.01622    -0.09624    0.112155
-3.3e-05    -0.346232    0.114286
-0.00683    0.020889    0.113391
-0.003146    -0.383569    0.113876
-0.004016    -0.168803    0.113761
-0.00278    -0.013469    0.113924
-0.014553    -0.134691    0.112374
-0.000497    -0.163401    0.114225
-0.02028    -0.096681    0.11162
-0.000787    0.080419    0.09886
-0.000958    0.106573    0.077869
-0.002497    0.200749    0.052068
-0.00275    0.303438    0.048499
-0.00575    0.239832    0.050294
-0.010372    -0.470835    0.103715
0.015104    -0.197199    0.112302
0.012082    -0.046365    0.1127
0.024543    -0.151159    0.111059
0.018651    -0.047885    0.111835
0.013349    -0.064385    0.112533
0.011518    -0.082749    0.112774
0.023671    -0.258118    0.111174
0.028295    -0.147507    0.110565
0.029523    -0.298635    0.110404
0.027482    -0.019543    0.110672
0.017322    0.005791    0.11201
0.03786    0.095376    0.079744
0.021146    0.222193    0.046677
0.023235    0.205974    0.046411
0.021847    0.163686    0.048548
0.008689    0.055347    0.107454
0.000793    -0.272758    0.114186
0.006983    -0.42596    0.113371
0.016662    -0.407761    0.112097
0.005416    -0.383534    0.113577
0.00093    -0.155743    0.114168
0.006118    -0.426965    0.113485
0.007053    -0.248356    0.113362
0.002764    -0.180087    0.113926
0.008874    -0.239845    0.113122
0.011551    -0.399138    0.112769
0.007061    0.08581    0.095963
0.00135    0.12489    0.061932
0.006352    0.296258    0.048272
0.001949    0.173036    0.053094
0.001069    -0.461184    0.110502
0.027032    -0.473888    0.065231
0.020903    0.388005    0.047197
0.017519    0.305335    0.045108
0.016545    0.344651    0.044059
0.010891    0.166996    0.052125
0.011448    0.316581    0.046901
-0.054698    -0.468495    -0.041236
-0.067526    -0.471063    0.016667
-0.019259    -0.466879    -0.066066
-0.06727    -0.466662    -0.013219
-0.00192    -0.465161    -0.068899
0.054551    -0.464952    -0.041602
-0.012795    -0.463828    -0.052022
0.053632    -0.463828    -0.035073
-0.059446    -0.463828    -0.021921
-0.039613    -0.463828    -0.033531
-0.000992    -0.463828    -0.003676
0.011795    -0.463828    0.000842
-0.035827    -0.463828    0.011644
-0.004088    -0.463828    0.033029
-0.034829    -0.463828    0.047922
-0.026824    -0.463828    -0.060778
-0.051586    0.398627    -0.013679
-0.016197    -0.463828    0.057482
-0.019078    -0.463828    -0.019052
0.050962    -0.463828    -0.023332
0.029701    -0.463828    -0.010613
0.061188    -0.463828    -0.015992
-0.007271    -0.463828    0.010682
0.005086    -0.463828    0.040865
-0.000909    -0.463828    0.039397
0.054663    -0.463828    0.033189
0.014681    -0.463828    0.056288
0.004195    -0.463828    0.062665
0.013291    -0.463828    0.0661
-0.049586    0.400352    0.009956
0.009954    0.4059    -0.048668
0.01883    0.416829    -0.044452
-0.023119    0.42028    -0.04224
-0.031764    0.440932    -0.032928
-0.04634    0.419488    -0.013461
-0.047079    0.423936    0.005887
-0.037881    0.458888    0.021859
-0.031861    0.432537    0.034089
-0.008528    0.400568    0.049484
0.036778    0.433806    -0.028113
0.003683    0.462669    -0.042806
0.025406    0.449423    -0.036556
-0.025758    0.437343    -0.038064
-0.040098    0.445165    -0.020694
-0.045008    0.441025    0.006322
-0.03858    0.461724    0.019306
-0.025813    0.46478    0.033983
-0.008956    0.440159    0.044764
0.030831    0.464873    -0.029903
-0.009627    0.398535    -0.041436
-0.003732    0.435824    -0.042212
-0.006362    0.337444    -0.041866
0.002473    0.367688    -0.042377
0.004407    0.433268    -0.042123
0.004223    0.353995    -0.042147
0.01462    0.400167    -0.03977
0.01299    0.456884    -0.040445
0.021354    0.140663    -0.03698
0.028453    0.418863    -0.031533
0.026358    0.351447    -0.033141
-0.020487    0.343545    -0.03734
-0.018944    0.222403    -0.037979
-0.018469    0.467659    -0.032654
-0.027263    0.35741    -0.032447
-0.030152    0.280678    -0.030229
-0.030791    0.399207    -0.029421
-0.031868    0.293159    -0.028017
-0.031936    0.340678    -0.027928
-0.038877    0.445316    -0.016778
-0.038416    0.407035    -0.01789
-0.041766    0.282581    -0.007121
-0.04165    0.228128    -0.007995
-0.04222    0.414529    -0.003668
-0.042143    0.32155    0.004254
-0.041934    0.382196    0.005845
-0.042344    0.248346    0.002725
-0.038914    0.379305    0.016688
-0.04008    0.276103    0.013872
-0.034602    0.330641    0.024453
-0.036868    0.184879    0.021501
-0.030385    0.462172    0.02995
-0.021919    0.224834    0.036547
-0.02342    0.294688    0.035395
-0.021764    0.216212    0.036666
-0.012214    0.425537    0.040767
-0.015233    0.329044    0.039516
-0.003435    0.381964    0.042252
-0.003317    0.394126    0.042267
-0.007356    0.459832    0.041735
0.011044    0.25907    0.041249
0.010482    0.214701    0.041323
0.002688    0.407535    0.04235
0.033169    0.449995    -0.026321
0.035197    0.339857    -0.023678
0.036531    0.363844    -0.02194
0.047482    0.415139    -0.010696
-0.003703    0.255673    -0.042215
-0.00631    0.241698    -0.041872
-0.012851    0.158636    -0.040503
-0.013735    0.347609    -0.040137
-0.016152    0.247845    -0.039136
0.007085    0.244477    -0.04177
0.006045    0.280727    -0.041907
0.014987    0.253956    -0.039618
0.018873    0.306913    -0.038009
0.01896    0.319185    -0.037973
0.026583    0.322913    -0.032968
0.027244    0.319434    -0.032461
0.024166    0.234846    -0.034823
-0.023597    0.170785    -0.03526
-0.023212    0.342782    -0.035555
-0.034171    0.148708    -0.025016
-0.032732    0.227637    -0.026891
-0.033044    0.211214    -0.026485
-0.040234    0.173732    -0.013501
-0.040376    0.30271    -0.013157
-0.040376    0.282581    -0.013156
-0.042123    0.16684    -0.004403
-0.041623    0.215519    -0.008206
-0.04142    0.375301    0.009746
-0.042095    0.211738    0.004621
-0.041329    0.445032    0.010434
-0.03984    0.15322    0.014451
-0.037732    0.250429    0.01954
-0.0389    0.13986    0.016721
-0.034454    0.237378    0.024647
-0.032458    0.305542    0.027248
-0.029342    0.228002    0.030851
-0.024347    0.13724    0.034684
-0.029793    0.377717    0.030505
-0.016945    0.322447    0.038807
-0.012286    0.134286    0.040737
-0.006931    0.292803    0.041791
-0.002953    0.149525    0.042315
-0.009534    0.35749    0.041448
0.001338    0.370613    0.042528
0.002791    0.203232    0.042336
0.000435    0.349092    0.042647
0.016294    0.213954    0.039077
0.01109    0.253934    0.041232
0.012404    0.253439    0.040688
0.0306    0.278408    -0.029669
0.031616    0.348887    -0.028345
0.039049    0.161494    -0.016361
0.037937    0.155495    -0.019046
0.03889    0.135245    -0.016745
0.039296    0.306063    -0.015765
0.040876    0.457892    -0.011951
0.040986    0.450286    -0.011684
0.049368    0.405045    0.0054
0.01665    0.184004    -0.030358
0.011407    0.398825    -0.03253
0.007453    0.299797    -0.033735
0.00588    0.445556    -0.033942
-0.011543    0.407177    -0.032473
-0.01319    0.350784    -0.031791
-0.001772    0.413218    -0.034483
-0.002266    0.382925    -0.034418
-0.029843    0.203302    -0.017647
-0.027442    0.37697    -0.020776
-0.028896    0.245459    -0.018882
-0.020319    0.351318    -0.027793
-0.022584    0.413048    -0.026055
-0.03068    0.459304    -0.015872
-0.031906    0.449126    -0.012914
-0.033818    0.329423    0.006823
-0.034143    0.422005    0.004351
-0.033742    0.438336    -0.007397
-0.034695    0.311398    -0.00016
-0.030249    0.381358    0.016915
-0.032739    0.423688    0.010903
-0.025581    0.325552    0.023201
-0.026996    0.443759    0.021358
-0.017171    0.413832    0.030142
-0.014685    0.382985    0.031172
-0.02343    0.40531    0.025406
-0.020662    0.383484    0.02753
-0.024311    0.387266    0.024729
-0.00676    0.462726    0.033826
-0.005948    0.330534    0.033933
0.011578    0.461628    0.04103
0.020405    0.391809    0.037374
0.021372    0.442927    0.0401
0.025914    0.240657    -0.022768
0.025029    0.214632    -0.023921
0.020861    0.458499    -0.027377
0.021943    0.465084    -0.026547
0.039553    0.133759    -0.014073
0.041514    0.404396    -0.009033
0.041769    0.230317    -0.007093
0.041631    0.41301    -0.008144
0.042208    0.279871    -0.003762
0.041818    0.412899    -0.006719
0.044829    0.413681    0.018881
0.010067    0.182336    -0.033085
0.010458    0.403885    -0.032923
0.018619    0.186317    -0.029097
0.018297    0.273695    -0.029345
0.001235    0.41773    -0.034553
0.000201    0.13785    -0.034689
-0.010954    0.21002    -0.032717
-0.014581    0.312042    -0.031215
-0.00244    0.134068    -0.034395
-0.00696    0.23109    -0.0338
-0.007219    0.377944    -0.033766
-0.027897    0.134475    -0.020183
-0.025174    0.18681    -0.023732
-0.030656    0.367187    -0.01593
-0.032633    0.161526    -0.011159
-0.023016    0.300313    -0.025723
-0.021509    0.238717    -0.02688
-0.03358    0.150497    -0.00863
-0.033981    0.245369    -0.005582
-0.034585    0.333082    0.000992
-0.033882    0.217556    0.006336
-0.033444    0.190182    0.009199
-0.032726    0.203927    0.010933
-0.029702    0.139456    0.017832
-0.029891    0.315559    0.017585
-0.01061    0.269314    0.03286
-0.010089    0.221865    0.033076
-0.01246    0.303913    0.032093
-0.020116    0.271508    0.027949
-0.019658    0.190858    0.0283
-0.001188    0.405546    0.03456
-0.007669    0.145124    0.033706
0.02253    0.165322    0.036078
0.022008    0.353388    0.036478
0.024095    0.444203    0.038331
0.028629    0.160275    -0.01923
0.028308    0.189049    -0.019648
0.030148    0.377212    -0.017157
0.030827    0.253149    -0.015519
0.041863    0.271334    0.006384
0.042492    0.201494    0.0016
0.042317    0.258254    0.002931
0.041275    0.359721    0.010847
0.041516    0.247272    0.009015
0.041484    0.256378    0.009262
0.036105    0.406221    0.034282
0.006143    0.389368    0.033907
0.001443    0.372725    0.034526
0.0228    0.44547    0.035871
0.029157    0.208347    0.030993
0.017417    0.133759    0.035021
0.031507    0.143463    -0.013878
0.032152    0.324861    -0.012319
0.03411    0.426509    -0.004604
0.033891    0.351965    -0.006265
0.036599    0.133759    0.008675
0.037542    0.15045    0.019999
0.039291    0.138159    0.015778
0.038067    0.249015    0.018732
0.038232    0.275185    0.018335
0.039159    0.436716    0.016097
0.004568    0.201388    0.034114
0.004041    0.25928    0.034184
0.031494    0.299327    0.028504
0.031522    0.392497    0.028468
0.033801    0.413612    0.025497
0.033579    0.142575    -0.008636
0.034356    0.23482    -0.002736
0.033929    0.441879    0.005981
0.034145    0.357286    0.004334
0.033153    0.290633    0.009901
0.032965    0.323975    0.010356
0.036851    0.419883    0.021523
0.036728    0.421166    0.021683
0.032172    0.18383    0.027621
0.009851    0.319625    0.033174
0.012235    0.452158    0.032187
0.012269    0.149338    0.032173
0.00975    0.147779    0.033216
0.034213    0.225631    0.003819
0.03428    0.244922    0.003308
0.031664    0.283263    0.013497
0.030328    0.331602    0.016722
0.030459    0.32711    0.016408
0.028384    0.325954    0.019548
0.029173    0.238265    0.01852
0.020264    0.295803    0.027835
0.021558    0.461429    0.026842
0.024663    0.316052    0.024399
0.025731    0.227792    0.023007
0.023272    0.218171    0.025527
0.022165    0.252557    0.026377
