0.171703    -0.562883    -0.037938
0.170984    -0.559619    -0.0434
0.175056    -0.580706    -0.012472
0.175161    -0.560489    -0.011672
0.17081    -0.279893    0.033771
0.172516    -0.58466    0.02081
0.174852    -0.586089    0.00307
0.153586    -0.294222    0.079316
0.154181    -0.472693    0.077881
0.153269    -0.340544    0.080082
0.157085    -0.469641    0.070869
0.17384    -0.302395    -0.021706
0.172848    -0.233435    -0.029241
0.170557    -0.295317    -0.046643
0.171881    -0.433629    -0.036591
0.175034    -0.538413    0.001683
0.173554    -0.250271    0.012924
0.175574    -0.285531    -0.002412
0.165247    -0.421564    0.051166
0.163549    -0.398866    0.055267
0.159596    -0.324449    0.064809
0.149675    -0.386198    0.085454
0.125176    -0.216583    0.11738
0.145421    -0.335219    0.090997
0.142583    -0.247036    0.094696
0.138106    -0.619885    0.098942
0.165717    -0.455575    -0.060987
0.168992    -0.499335    -0.05308
0.167978    -0.454226    -0.055528
0.154223    -0.214629    0.00482
0.133547    -0.552908    0.106471
0.13607    -0.468219    0.103183
0.126139    -0.249475    0.116126
0.140416    -0.214629    0.092487
0.130167    -0.619885    0.001931
0.158594    -0.279675    -0.07818
0.16677    -0.262606    -0.058445
0.165105    -0.217055    -0.062465
0.138146    -0.214629    -0.074119
0.114179    -0.485351    0.125924
0.117188    -0.38815    0.123615
0.120644    -0.557335    0.120963
0.123448    -0.37199    0.118812
0.11153    -0.619885    -0.065432
0.118522    -0.619885    -0.10441
0.147135    -0.543295    -0.099719
0.139798    -0.500982    -0.109281
0.131715    -0.56163    -0.119815
0.142655    -0.30453    -0.105557
0.139868    -0.239518    -0.10919
0.138327    -0.330642    -0.111198
0.08913    -0.504641    0.145145
0.108433    -0.393535    0.130333
0.101025    -0.339665    0.136018
0.095312    -0.438451    0.140402
0.092214    -0.619885    -0.049882
0.096074    -0.619885    0.132153
0.102276    -0.469095    -0.146013
0.0904    -0.27252    -0.155125
0.101292    -0.376823    -0.146768
0.102534    -0.29847    -0.145815
0.106526    -0.328587    -0.142752
0.114684    -0.384494    -0.136492
0.124336    -0.493005    -0.129087
0.059196    -0.55329    0.157618
0.076442    -0.476716    0.150475
0.071249    -0.611944    0.152626
0.083844    -0.605691    0.147409
0.066737    -0.619885    -0.065811
0.071846    -0.619885    -0.141876
0.052646    -0.248402    -0.171285
0.080527    -0.383655    -0.159737
0.088812    -0.336328    -0.156305
0.06593    -0.357731    -0.165783
0.055668    -0.511965    0.15908
0.057561    -0.264109    0.158296
0.066402    -0.304305    0.154634
0.077941    -0.218593    0.149854
0.059972    -0.619885    0.020307
0.05875    -0.619885    0.02683
0.048636    -0.405845    -0.172946
0.049428    -0.550575    -0.172619
0.05494    -0.32286    -0.170335
0.059747    -0.431266    -0.168344
0.054835    -0.214629    0.152023
0.033459    -0.418206    0.164473
0.03488    -0.354188    0.164286
0.042334    -0.380752    0.163305
0.036999    -0.619885    -0.103327
0.019619    -0.619885    -0.149774
0.019708    -0.619885    -0.084721
0.030432    -0.257509    -0.175826
0.038331    -0.535277    -0.174786
0.023753    -0.373715    -0.176705
0.082578    -0.214629    -0.131264
0.00622    -0.293372    0.16806
0.033377    -0.296914    0.164484
0.011856    -0.352072    0.167318
0.018157    -0.619885    0.162539
0.021693    -0.619885    0.089216
0.005688    -0.619885    -0.080195
0.00468    -0.402032    -0.179216
0.03167    -0.514391    -0.175663
0.022977    -0.612037    -0.176808
0.037776    -0.583943    -0.174859
-0.020923    -0.529256    0.165633
-0.023726    -0.593525    0.165264
-0.022862    -0.492043    0.165377
-0.016174    -0.478284    0.166258
0.000658    -0.619885    -0.022167
0.00015    -0.619885    0.147572
-0.004732    -0.619885    0.122846
-0.013444    -0.370371    -0.177571
-0.042431    -0.219309    -0.173755
0.001299    -0.231575    -0.179512
0.013622    -0.214629    0.131246
-0.023693    -0.240265    0.165268
-0.009754    -0.256489    0.167103
-0.025273    -0.411673    0.16506
-0.024354    -0.619885    -0.11734
-0.034035    -0.619885    -0.170077
-0.011951    -0.619885    -0.134709
-0.013973    -0.577885    -0.177502
-0.02346    -0.57436    -0.176253
-0.025488    -0.45726    -0.175986
-0.041402    -0.214629    -0.172423
-0.052623    -0.373617    0.158796
-0.053914    -0.573186    0.158261
-0.064015    -0.486768    0.154077
-0.076076    -0.609703    0.149081
-0.0576    -0.619885    -0.061823
-0.046659    -0.619885    0.092421
-0.046639    -0.340991    -0.172229
-0.065271    -0.252234    -0.164511
-0.048655    -0.405441    -0.171394
-0.063676    -0.317759    -0.165171
-0.085072    -0.410138    0.145354
-0.062735    -0.265912    0.154607
-0.058696    -0.265041    0.15628
-0.078498    -0.340654    0.148078
-0.078201    -0.619885    0.106917
-0.077673    -0.619885    0.059847
-0.072316    -0.527617    -0.161593
-0.07504    -0.52954    -0.160464
-0.067457    -0.50879    -0.163605
-0.078131    -0.214629    -0.150876
-0.088259    -0.299803    0.142951
-0.089867    -0.45288    0.141716
-0.094461    -0.507056    0.138191
-0.111795    -0.619885    -0.113967
-0.113072    -0.619885    -0.090402
-0.106318    -0.360418    -0.140049
-0.105431    -0.276878    -0.140729
-0.112848    -0.298089    -0.135039
-0.101239    -0.383078    -0.143946
-0.114644    -0.247074    0.122704
-0.101306    -0.217213    0.132939
-0.113786    -0.332691    0.123363
-0.104421    -0.326934    0.130549
-0.094749    -0.619885    0.128753
-0.098695    -0.472725    -0.145898
-0.114699    -0.618112    -0.133619
-0.112992    -0.476599    -0.134928
-0.103799    -0.514833    -0.141982
-0.136582    -0.235258    0.097655
-0.125379    -0.412013    0.112254
-0.131174    -0.382291    0.104702
-0.131975    -0.390431    0.103659
-0.131774    -0.619885    0.083254
-0.123219    -0.536931    -0.126025
-0.127498    -0.554346    -0.12045
-0.12419    -0.510822    -0.12476
-0.122998    -0.498842    -0.126313
-0.1361    -0.573968    0.098283
-0.146631    -0.504531    0.084559
-0.142614    -0.443474    0.089794
-0.124117    -0.214629    0.104574
-0.147309    -0.619885    0.04415
-0.124409    -0.258121    -0.124475
-0.148202    -0.581272    -0.093467
-0.127555    -0.215097    -0.120375
-0.118352    -0.214629    0.073235
-0.150562    -0.287253    0.077612
-0.155131    -0.355985    0.066581
-0.149585    -0.283025    0.07997
-0.163452    -0.619885    -0.049172
-0.149768    -0.586501    -0.090483
-0.156458    -0.412796    -0.074331
-0.152264    -0.411015    -0.084457
-0.162432    -0.309767    0.048955
-0.155917    -0.536765    0.064684
-0.154845    -0.490982    0.067271
-0.15638    -0.612845    0.063566
-0.144855    -0.214629    -0.00886
-0.157414    -0.351181    -0.072024
-0.165042    -0.277954    -0.05361
-0.157315    -0.234245    -0.072263
-0.133187    -0.214629    -0.017684
-0.166429    -0.544406    0.038706
-0.168432    -0.401072    0.023486
-0.166596    -0.351879    0.037433
-0.154442    -0.214629    -0.005726
-0.167472    -0.573413    -0.041736
-0.170227    -0.542225    -0.020801
-0.17112    -0.570947    -0.014019
-0.171591    -0.591069    -0.000512
-0.171678    -0.262066    -0.001176
-0.168259    -0.563083    0.024801
-0.169584    -0.53634    0.014737
-0.168618    -0.25234    -0.033029
-0.167667    -0.276685    -0.040257
-0.168515    -0.247963    -0.033808
0.175301    -0.305625    -0.010614
0.17201    -0.619022    -0.035609
0.175936    -0.321542    -0.005786
0.172096    -0.481784    -0.034956
0.171682    -0.549282    0.027145
0.171757    -0.52518    0.026575
0.171837    -0.485024    0.025965
0.153236    -0.603611    0.080161
0.154084    -0.388722    0.078114
0.153195    -0.615604    0.08026
0.154366    -0.619885    0.058501
0.170077    -0.593194    -0.050289
0.172463    -0.337241    -0.032167
0.170806    -0.539565    -0.04475
0.174755    -0.325925    0.003807
0.175026    -0.388521    0.001746
0.175039    -0.430535    0.001649
0.175024    -0.490131    0.001759
0.161632    -0.21889    0.059892
0.164437    -0.336722    0.053122
0.163288    -0.266308    0.055895
0.142147    -0.284768    0.095264
0.144022    -0.391263    0.09282
0.140007    -0.336171    0.098053
0.138194    -0.26995    0.100416
0.157766    -0.568951    -0.08018
0.159429    -0.533488    -0.076165
0.158457    -0.533372    -0.078511
0.162188    -0.482612    -0.069505
0.160876    -0.214629    -0.016803
0.129574    -0.361017    0.111649
0.138113    -0.516947    0.100521
0.128061    -0.403547    0.113621
0.132711    -0.619885    -0.080531
0.136082    -0.619885    0.003944
0.162885    -0.235661    -0.067823
0.153409    -0.365729    -0.090698
0.154816    -0.295577    -0.087302
0.146645    -0.214629    -0.047584
0.110883    -0.473077    0.128453
0.094579    -0.601519    0.140965
0.112817    -0.407471    0.126969
0.095126    -0.577338    0.140545
0.091412    -0.619885    -0.138991
0.118527    -0.619885    -0.081677
0.137605    -0.518444    -0.112139
0.142278    -0.480642    -0.106048
0.147204    -0.489052    -0.099629
0.146375    -0.2758    -0.100708
0.134757    -0.453302    -0.115851
0.131902    -0.491174    -0.119572
0.102644    -0.370298    0.134775
0.095144    -0.382097    0.140531
0.08912    -0.558021    0.145153
0.092938    -0.328477    0.142224
0.101649    -0.619885    0.070328
0.091145    -0.619885    -0.000343
0.130711    -0.211427    0.030306
0.095037    -0.314443    -0.151568
0.093693    -0.501645    -0.152598
0.088996    -0.243073    -0.156202
0.120368    -0.293974    -0.132132
0.093786    -0.261634    -0.152527
0.111053    -0.320532    -0.139279
0.101446    -0.310446    -0.14665
0.066325    -0.575077    0.154666
0.072666    -0.589704    0.152039
0.082695    -0.297975    0.147885
0.05336    -0.604744    0.160036
0.085529    -0.619885    -0.084205
0.064158    -0.619885    -0.115347
0.13259    -0.122124    0.016037
0.12305    -0.068499    0.050023
0.119282    -0.191357    0.059118
0.134675    -0.167337    -0.004766
0.081235    -0.316862    -0.159444
0.08297    -0.364387    -0.158725
0.057531    -0.270097    -0.169262
0.116003    -0.214629    -0.076937
0.05554    -0.244938    0.159133
0.056064    -0.327858    0.158916
0.055021    -0.238874    0.159348
0.072901    -0.619885    0.068337
0.061325    -0.619885    0.051563
0.082823    -0.619885    0.127903
0.051669    -0.33792    -0.17169
0.059476    -0.346233    -0.168457
0.061453    -0.467551    -0.167638
0.132175    -0.014587    0.019187
0.118415    -0.038258    0.061213
0.101833    -0.092388    0.084167
0.123819    -0.170487    -0.052733
0.131729    -0.131308    -0.027138
0.097058    -0.214629    -0.101663
0.105388    -0.159759    0.079534
0.027891    -0.426609    0.165206
0.02311    -0.525228    0.165836
0.043794    -0.492121    0.163113
0.040854    -0.468846    0.1635
0.034268    -0.619885    -0.06919
0.040183    -0.619885    0.110731
0.025459    -0.341949    -0.176481
0.015113    -0.221864    -0.177843
0.014313    -0.302262    -0.177948
0.041131    -0.326648    -0.174417
0.146272    -0.06491    0.01302
0.134738    -0.014118    -0.000276
0.124422    0.026047    0.046711
0.109689    -0.031835    0.073929
0.123095    -0.132831    -0.05448
0.133458    -0.027875    -0.014014
0.11611    -0.106575    -0.070127
0.087253    -0.162553    0.098429
0.010614    -0.306742    0.167481
0.015637    -0.472266    0.16682
0.006201    -0.362114    0.168062
0.002737    -0.215632    0.168518
0.009105    -0.619885    -0.014063
0.016998    -0.619885    0.063846
0.005488    -0.619885    -0.058787
0.003983    -0.377755    -0.179308
0.019362    -0.449883    -0.177283
0.033877    -0.545425    -0.175372
0.134694    -0.030299    0.132881
0.145508    -0.06491    0.086735
0.13439    -0.06491    -0.055145
0.116266    -0.039835    0.065357
0.07453    -0.047541    0.108192
0.121381    -0.028173    -0.058618
0.130496    -0.05815    -0.036505
0.080827    -0.183982    -0.107925
0.037903    -0.10136    -0.130028
0.111448    -0.089195    -0.076203
0.070181    -0.080288    0.11153
0.061342    -0.102818    0.115755
-0.024337    -0.612757    0.165183
-0.016002    -0.405293    0.166281
-0.008087    -0.367323    0.167323
-0.031049    -0.577964    0.1643
-0.00768    -0.619885    0.042645
-0.03723    -0.619885    0.140577
0.000198    -0.619885    -0.12379
-0.008852    -0.475622    -0.178176
-0.001486    -0.521036    -0.179146
0.001598    -0.305603    -0.179552
0.107544    -0.020638    0.155092
0.166395    -0.06491    -0.042131
0.14615    -0.049176    -0.105939
0.141936    0.067549    0.041528
0.068355    -0.057672    0.175962
0.088338    0.045614    0.097598
0.117968    -0.06491    -0.097301
0.132498    0.067549    -0.044744
0.057811    -0.087674    -0.121782
0.017116    -0.109925    -0.133149
0.097207    -0.06491    -0.111046
0.047638    -0.091193    0.121431
0.003109    -0.214629    0.153493
-0.018393    -0.23386    0.165966
-0.035245    -0.473079    0.163747
-0.037425    -0.488346    0.16346
-0.040355    -0.619885    0.093383
-0.027963    -0.619885    0.019563
-0.029289    -0.619885    0.007713
-0.033615    -0.437903    -0.174916
-0.014734    -0.593483    -0.177401
-0.03228    -0.424776    -0.175091
-0.029303    -0.214629    -0.160698
0.006197    -0.161073    -0.134586
0.132631    0.048482    0.134569
0.146042    -0.005236    0.11786
0.174415    -0.041287    -0.055395
0.159822    -0.040814    -0.087735
0.099181    0.040377    0.161934
0.158261    0.067549    -0.027221
0.130046    0.067549    -0.106495
0.088785    0.067549    0.141193
0.060814    -0.06491    0.131464
0.055509    -0.005203    0.118171
0.127879    0.067549    -0.127242
0.08479    -0.06491    -0.113006
0.044276    -0.011243    -0.127388
0.005055    -0.053852    -0.134737
0.106799    0.056207    -0.082262
0.031198    -0.088314    0.126729
-0.046446    -0.518181    0.161354
-0.049827    -0.528229    0.159954
-0.065136    -0.510248    0.153612
-0.082628    -0.606737    0.146367
-0.045833    -0.619885    -0.055315
-0.062994    -0.619885    -0.026986
-0.051725    -0.382244    -0.170122
-0.076929    -0.229879    -0.159681
-0.061855    -0.375187    -0.165926
-0.046008    -0.586086    -0.17249
-0.008754    -0.180128    -0.133679
-0.029758    -0.071291    -0.130913
0.079811    0.007511    0.170991
0.137683    0.014996    0.129488
0.164788    -0.059333    0.090869
0.142831    0.01554    0.122326
0.179038    -0.037166    -0.041382
0.136421    0.007511    -0.118338
0.151803    0.010766    -0.099029
0.166463    0.008929    -0.073019
0.131446    0.067549    0.158564
0.066201    0.011609    0.176935
0.162355    0.067549    0.013473
0.154799    0.030824    -0.095368
0.083891    0.060197    0.168951
0.045094    -0.009116    0.183583
0.053435    0.067549    0.149117
0.043659    0.007313    0.123079
0.114465    0.067549    -0.093376
0.08147    0.015432    -0.107432
0.059856    -0.06491    -0.149501
0.015235    0.032216    -0.133396
-0.010071    -0.015032    -0.133506
0.026476    -0.108041    0.127351
-0.0112    -0.134477    0.128791
-0.081053    -0.468764    0.147019
-0.082246    -0.324159    0.146525
-0.081456    -0.483909    0.146852
-0.080583    -0.54334    0.147214
-0.070938    -0.619885    0.120132
-0.052073    -0.619885    0.158096
-0.068486    -0.41753    -0.163179
-0.053258    -0.532934    -0.169487
-0.074996    -0.600595    -0.160482
-0.073152    -0.602514    -0.161246
-0.062378    -0.087949    -0.118095
-0.036345    -0.182492    -0.128878
-0.028494    0.044546    -0.13108
0.080677    0.007511    0.194401
0.143882    0.007511    0.156319
0.169772    0.052299    0.077687
0.185459    -0.013877    -0.002119
0.183638    0.007511    -0.065294
0.181192    0.033188    -0.02821
0.125981    0.042848    -0.129618
0.136252    0.007511    -0.156931
0.174863    0.007511    -0.109099
0.173511    0.062991    -0.057398
0.101635    0.066328    0.188279
0.159892    0.067549    0.129746
0.035619    0.032848    0.185133
0.050786    0.006441    0.182652
0.03075    0.003814    0.126788
0.070026    -0.036273    -0.163405
0.066391    0.007511    -0.165064
0.08129    0.051328    -0.159146
0.094002    0.065904    -0.152607
0.040551    0.067549    -0.148025
-0.005882    0.067549    -0.143975
-0.008519    -0.104776    0.129144
-0.032327    -0.100104    0.125978
-0.099335    -0.571927    0.134452
-0.113021    -0.59239    0.123949
-0.086484    -0.468486    0.144312
-0.091978    -0.40189    0.140097
-0.116669    -0.619885    -0.126434
-0.094492    -0.619885    -0.12423
-0.112102    -0.263513    -0.135611
-0.087471    -0.439393    -0.154509
-0.118182    -0.217911    -0.130947
-0.071137    -0.107102    -0.112035
-0.049337    -0.06491    -0.164315
-0.039633    -0.025418    -0.127517
0.166885    0.016801    0.129791
0.075445    0.02716    0.199891
0.168929    0.012261    0.079915
0.179585    0.067549    0.070056
0.186917    0.007511    -0.027463
0.182454    0.035537    -0.02049
0.093089    0.007511    -0.166259
0.175302    0.035601    -0.116274
0.061572    0.03628    0.20502
0.174476    0.026493    0.120651
0.142213    0.04393    -0.156215
0.028354    0.022259    0.186321
-0.020333    -0.06491    0.18392
0.009622    -0.006016    0.12957
0.040511    -0.051035    -0.173594
0.052611    0.042551    -0.16999
0.091274    0.067549    -0.180176
0.037763    0.067549    -0.139113
-0.043998    0.067549    -0.155706
-0.025455    -0.06491    0.163382
-0.053568    -0.121497    0.117179
-0.076512    -0.214629    0.106333
-0.114726    -0.347897    0.122641
-0.109256    -0.277665    0.126838
-0.110881    -0.315341    0.125592
-0.107919    -0.619885    0.011034
-0.104392    -0.619885    0.035521
-0.110654    -0.417365    -0.136722
-0.110188    -0.558234    -0.13708
-0.110019    -0.388296    -0.137209
-0.079882    -0.174708    -0.105324
-0.082821    -0.06491    -0.135098
-0.092094    -0.06491    -0.148654
-0.073335    -0.008209    -0.110348
-0.001787    0.007511    0.215576
0.181911    0.044186    0.039188
0.18306    0.012954    0.027705
0.199467    0.007511    -0.03816
0.185212    0.067549    -0.0635
0.106765    0.015791    -0.184309
0.160643    0.03913    -0.136986
0.040296    0.040099    0.21217
0.182122    0.030871    0.107666
-0.034206    0.066817    0.185506
-0.011611    0.067549    0.181372
0.023739    0.007511    -0.183238
0.002572    0.026035    -0.177388
0.052494    0.067549    -0.177388
0.031892    0.049534    -0.174456
-0.009747    0.007511    -0.181007
-0.042755    0.017471    -0.171648
-0.013892    0.065432    -0.176369
-0.057587    -0.035108    -0.167376
-0.014691    0.0338    0.128332
-0.034301    -0.042546    0.12516
-0.089069    -0.204697    0.09371
-0.126965    -0.449413    0.110187
-0.131996    -0.359155    0.103631
-0.139876    -0.245974    0.093362
-0.132533    -0.299719    0.102931
-0.127861    -0.619885    0.03122
-0.136667    -0.602136    -0.108499
-0.141813    -0.596297    -0.101793
-0.128631    -0.439088    -0.118972
-0.105428    -0.163518    -0.078398
-0.10346    -0.06491    -0.10901
-0.075156    -0.046724    -0.159448
-0.066766    0.067549    -0.121938
0.184633    0.067549    0.091896
0.205569    0.062046    -0.04897
0.048603    0.050207    -0.208061
-0.010585    0.031586    0.216879
0.200609    0.020472    0.067491
-0.036003    0.009786    0.185327
-0.020939    0.067549    0.133203
-0.00412    0.033501    -0.215133
-0.008687    0.067549    -0.184017
-0.067038    0.061972    -0.163111
-0.074464    0.067549    -0.166357
-0.072936    0.024666    -0.16045
-0.03981    0.054271    0.122878
-0.087355    -0.095642    0.095025
-0.135276    -0.593224    0.099357
-0.142806    -0.350579    0.089544
-0.140621    -0.42339    0.092392
-0.14577    -0.386487    0.085681
-0.136867    -0.619885    -0.044106
-0.142763    -0.256564    -0.100554
-0.148796    -0.401414    -0.092692
-0.144515    -0.373179    -0.098272
-0.136032    -0.394601    -0.109327
-0.109926    -0.126741    -0.072537
-0.101261    0.051886    -0.083829
-0.101629    -0.010678    -0.145047
0.210128    0.025294    -0.004761
0.202181    0.06396    0.062911
-0.034679    0.067549    0.192996
-0.043526    0.061956    0.183616
-0.067034    -0.014496    0.174728
-0.032432    0.04161    -0.212513
-0.094026    0.007511    -0.151997
-0.106172    0.016671    -0.141331
-0.08061    -0.06491    0.132531
-0.064778    -0.018592    0.112349
-0.093462    -0.115081    0.089426
-0.105801    -0.149843    0.073346
-0.152913    -0.228678    0.071935
-0.149287    -0.264486    0.08069
-0.157766    -0.373683    0.060219
-0.159203    -0.619885    0.003016
-0.159686    -0.616746    -0.06654
-0.154156    -0.615723    -0.079888
-0.156944    -0.6097    -0.073158
-0.128525    -0.214629    -0.090347
-0.118348    -0.169568    -0.055477
-0.100749    -0.063471    -0.145768
-0.120912    0.007511    -0.137331
-0.102172    0.067549    -0.121086
0.20947    0.055938    0.02032
-0.032518    0.061978    0.213878
-0.056364    0.053999    0.178762
-0.057482    0.067549    0.169291
-0.096593    0.044566    -0.194503
-0.103893    0.053367    -0.143196
-0.12117    -0.06491    0.139759
-0.090472    -0.042376    0.092633
-0.108154    0.037493    0.07028
-0.116534    -0.095232    0.055288
-0.122108    -0.188144    0.04183
-0.158054    -0.568608    0.059525
-0.160546    -0.611456    0.05351
-0.157904    -0.442565    0.059887
-0.158119    -0.214629    0.055267
-0.127728    -0.163288    0.02003
-0.15672    -0.347625    -0.0737
-0.165102    -0.434363    -0.053463
-0.16125    -0.457225    -0.062764
-0.160875    -0.260155    -0.06367
-0.122446    -0.154087    -0.045582
-0.145864    -0.039655    -0.100976
-0.126068    -0.042899    -0.036839
-0.124625    0.067549    -0.091756
-0.089383    0.067549    0.18029
-0.087484    0.016847    0.166148
-0.116795    -0.037843    0.145077
-0.135198    0.048021    -0.170386
-0.13269    0.062466    -0.119302
-0.110003    0.05045    0.067871
-0.115772    -0.008571    0.057128
-0.117561    -0.023875    0.052809
-0.12762    -0.111465    0.020857
-0.168743    -0.349523    0.021122
-0.167577    -0.507832    0.029982
-0.166942    -0.380448    0.03481
-0.170551    -0.232617    0.007388
-0.127478    -0.092416    -0.026499
-0.169292    -0.529792    -0.027903
-0.166963    -0.385001    -0.045605
-0.167927    -0.477764    -0.038277
-0.16739    -0.558036    -0.042357
-0.126728    -0.149707    -0.032196
-0.134056    -0.06491    -0.011597
-0.15351    -0.045389    -0.090341
-0.146071    -0.06491    -0.045571
-0.150478    0.024293    -0.159571
-0.112575    0.007511    0.17025
-0.119792    0.043025    0.184314
-0.122033    0.066384    0.141311
-0.10176    0.067549    0.120462
-0.1599    0.050126    -0.081453
-0.14361    0.067549    -0.024091
-0.115463    0.067549    0.120184
-0.128733    0.066438    0.012397
-0.130634    0.045665    -0.002038
-0.17077    -0.363223    0.005724
-0.170546    -0.441232    0.007427
-0.169109    -0.478057    0.01834
-0.169597    -0.530188    0.014638
-0.169856    -0.409268    -0.023623
-0.171461    -0.375377    -0.011427
-0.171028    -0.37066    -0.014718
-0.127386    0.042387    -0.027197
-0.162015    -0.047855    -0.076157
-0.160502    0.007511    -0.142517
-0.166273    0.032135    -0.14143
-0.123096    0.007511    0.165502
-0.121087    0.054144    0.183522
-0.133015    0.058355    0.128872
-0.153865    -0.018512    0.103386
-0.136036    0.009262    0.125179
-0.181531    0.067549    -0.114794
-0.16989    0.049291    -0.055327
-0.151368    0.067549    0.105459
-0.164087    -0.000124    -0.070676
-0.170104    -0.03304    0.067932
-0.18381    0.007511    -0.101007
-0.124002    0.065562    0.181101
-0.165594    -0.02167    0.077924
-0.156482    0.060569    0.098115
-0.17656    0.067549    -0.087705
-0.165661    0.007764    -0.066513
-0.177607    -0.034732    -0.031336
-0.174534    -0.006428    0.056616
-0.19034    0.051549    -0.110551
-0.16534    0.018194    0.078488
-0.176705    0.007511    0.078988
-0.17759    0.058665    -0.03151
-0.17704    0.067549    -0.029781
-0.179937    -0.023827    -0.008036
-0.182233    0.007511    0.020955
-0.177506    0.026297    0.038438
-0.17931    0.018669    -0.014309
-0.18841    0.007511    0.042464
-0.191208    0.007511    -0.081998
-0.197831    0.007511    -0.018365
-0.192634    0.028594    0.107463
-0.175212    0.035608    0.05247
-0.191753    0.067549    0.083408
-0.20503    0.067549    -0.040266
-0.209734    0.007511    0.003385
-0.197996    0.025321    0.09826
-0.209199    0.067549    0.013381
-0.208185    0.029991    0.070696
-0.218042    0.047489    0.030307
0.130714    -0.144419    0.030282
0.134228    -0.155163    0.00359
0.124131    -0.071271    0.047413
0.127852    -0.206767    0.03843
0.134677    -0.115241    -0.00475
0.100182    -0.086153    0.086319
0.122854    -0.175529    -0.055064
0.130723    -0.108213    -0.03478
0.103441    -0.185123    0.082072
0.1192    -0.146845    -0.063885
0.095106    -0.169897    0.092404
0.084905    -0.184456    -0.104796
0.04315    -0.209696    -0.127855
0.09845    -0.149785    -0.093141
0.071467    -0.078423    0.110542
0.063917    -0.121087    0.114688
0.095294    -0.081199    -0.096824
0.053341    -0.098686    -0.123634
0.033378    -0.100194    -0.131007
0.04317    -0.094948    0.123282
0.007379    -0.132676    -0.134431
0.018715    -0.183191    0.128372
-0.010009    -0.194236    -0.133514
-0.018213    -0.072371    -0.132433
0.091461    0.067549    0.178387
0.01406    -0.129706    0.128985
-0.014614    -0.183803    0.128342
-0.058317    -0.155045    -0.119777
-0.050028    -0.127587    -0.123211
0.102572    0.046224    0.187615
0.164942    0.067549    0.099905
-0.024629    -0.12443    0.127023
-0.035538    -0.20092    0.124648
-0.07321    -0.155559    -0.110444
0.15512    0.012393    0.143957
0.17924    0.067549    0.079965
0.17302    0.01344    -0.119499
0.056344    0.034418    0.206953
0.165008    0.044494    0.132051
0.098508    0.067549    -0.184513
-0.039889    -0.097473    0.122845
-0.089477    -0.2019    -0.097962
0.066345    0.033559    -0.202909
0.18153    0.061818    -0.107475
0.034771    0.067549    0.208536
0.194543    0.012772    0.080673
0.009602    0.053492    -0.214736
-0.047419    0.067549    -0.201546
-0.092563    -0.083494    -0.095164
0.188082    0.067549    0.041516
0.204473    0.059002    -0.051935
0.202324    0.067549    -0.045417
-0.010475    0.018715    0.216869
-0.038111    0.062782    -0.211987
-0.001696    0.067549    -0.20327
-0.084437    -0.107267    0.097264
-0.110856    -0.105882    -0.071325
0.210556    0.01371    -0.000136
0.209231    0.057277    -0.014448
-0.029688    0.035017    0.214362
-0.032013    0.033099    -0.212552
-0.098086    -0.137265    0.083401
-0.099325    -0.196632    0.081787
-0.116832    -0.113784    -0.059136
0.208174    0.049877    0.027894
-0.062198    0.059114    -0.207218
-0.084255    0.01502    -0.199064
-0.114605    -0.105123    0.059945
-0.121221    -0.172713    0.043972
-0.130147    -0.209373    0.001658
-0.118259    -0.068341    -0.055691
-0.081251    0.04012    0.202051
-0.133481    0.067549    -0.153863
-0.12746    -0.094318    0.022068
-0.130473    -0.19289    -0.003751
-0.127197    -0.156399    -0.028632
-0.087704    0.067549    0.16892
-0.147816    0.067549    -0.102818
-0.151359    0.067549    0.145546
-0.169434    0.067549    -0.107865
-0.137533    0.067549    0.127634
-0.167182    0.067549    -0.073585
-0.165634    0.020976    0.14561
-0.17982    0.067549    0.099019
-0.191871    0.03427    0.108541
-0.183238    0.067549    0.024175
-0.208935    0.067549    -0.052205
-0.209901    0.064676    0.066055
-0.20251    0.067549    0.078229
-0.219351    0.021268    0.016167
-0.218947    0.060852    0.020531
0.118219    -0.06491    0.10055
0.099057    -0.06491    0.153243
0.157313    -0.06491    0.000614
0.139579    -0.06491    -0.039438
0.081675    -0.06491    0.13506
0.146567    -0.031334    0.11713
0.173047    -0.06491    -0.0333
0.086446    -0.026659    0.167798
0.121557    -0.06491    -0.129855
0.162916    -0.038118    0.094386
0.170566    -0.055617    -0.063925
0.158357    -0.035982    -0.090982
0.06163    -0.06491    0.129457
0.083616    -0.06491    -0.107684
0.168338    -0.036158    0.081479
0.178882    0.001667    -0.042335
0.050626    0.00028    0.182678
0.069596    -0.006924    -0.163568
0.072853    -0.06491    -0.143404
0.174297    -0.025285    0.065718
0.183531    -0.056996    0.022997
0.026274    -0.004404    0.186661
0.046252    -0.052983    -0.172395
-0.03786    -0.06491    -0.164684
0.182179    -0.009263    0.036506
-0.025307    -0.06491    0.182653
-0.01417    -0.005445    -0.176323
-0.048535    -0.014884    -0.170703
-0.055469    -0.06491    -0.16278
-0.051889    -0.027885    -0.169948
-0.104432    -0.06491    -0.098786
-0.044015    -0.061901    0.183431
-0.106556    -0.06491    -0.103651
-0.107082    -0.021867    -0.140587
-0.080476    -0.06491    0.11249
-0.097519    -0.03533    0.158934
-0.091745    -0.06491    0.11321
-0.142221    -0.057613    -0.106044
-0.120461    -0.06491    0.108344
-0.157411    -0.033134    -0.084914
-0.151915    -0.06491    0.050382
-0.130247    -0.06491    0.102107
-0.167987    -0.062614    -0.060361
-0.160011    -0.06491    0.034676
-0.167159    0.000927    -0.06255
-0.171404    -0.023418    0.065051
-0.179465    -0.051571    -0.012761
-0.176723    -0.009938    0.043228
-0.178885    -0.028818    0.030005
0.131322    0.021272    0.025666
0.119143    -0.034144    0.059456
0.133871    0.009331    0.006302
0.109775    -0.063283    0.073817
0.131782    -0.048047    -0.026735
0.115583    0.04552    0.066247
0.094751    0.041035    0.092677
0.121192    -0.048466    -0.059076
0.131485    -0.009945    -0.028991
0.120631    0.050684    -0.060429
0.107024    -0.032848    -0.081969
0.048935    -0.034253    0.120894
0.069087    -0.013494    -0.116934
0.063984    -0.054495    -0.119225
0.10021    -0.025847    -0.090847
0.04036    -0.018386    0.124445
0.093271    -0.004086    -0.098377
0.067124    -0.045369    -0.117925
0.019928    0.006358    -0.132778
-0.01315    0.044937    -0.1331
0.02569    0.020745    0.127454
-0.041438    -0.032286    -0.126769
-0.039512    0.047478    -0.127567
0.02125    0.032109    0.128039
-0.003964    -0.004904    0.129744
-0.074161    0.053261    -0.109714
-0.024836    0.000153    0.126996
-0.043439    -0.004184    0.121375
-0.094728    0.006431    -0.092343
-0.046043    0.050711    0.120296
-0.065802    0.00665    0.111563
-0.117745    -0.021211    -0.05693
-0.089141    0.016428    0.093655
-0.108942    0.032415    0.069253
-0.120915    -0.005334    -0.049279
-0.101413    -0.000623    0.079065
-0.117658    -0.044912    0.052574
-0.12649    -0.014815    -0.034007
-0.128331    0.059922    0.015457
-0.129949    0.035665    0.003162
-0.130102    -0.039076    -0.006568
0.123309    0.067549    0.12056
0.13251    0.067549    -0.035749
0.156664    0.067549    -0.018755
0.080498    0.067549    0.145137
0.163998    0.067549    -0.069726
0.122842    0.067549    -0.121664
0.038658    0.067549    0.168493
0.014318    0.067549    -0.13396
0.072539    0.067549    -0.129045
-0.028892    0.067549    -0.147691
-0.082513    0.067549    -0.122717
-0.102714    0.067549    -0.11468
-0.069808    0.067549    0.137385
-0.07356    0.067549    0.129985
-0.142496    0.067549    -0.068023
-0.120424    0.067549    0.087822
-0.15923    0.067549    -0.037935
-0.128275    0.067549    0.022877
-0.10542    0.057427    0.062353
-0.111407    0.067058    0.050267
-0.119997    0.036879    0.027954
-0.104197    0.103572    -0.028306
-0.0721    0.047673    0.09882
-0.081096    0.103572    0.021048
-0.107563    0.103572    -0.063044
-0.054877    0.096043    0.109524
-0.098628    0.078765    -0.076934
-0.116206    0.052394    -0.044474
-0.044237    0.008041    0.114228
-0.085604    0.098927    -0.093102
-0.120334    0.017505    -0.030119
-0.031573    0.058632    0.119299
-0.059889    0.107062    -0.010341
-0.01425    0.050134    0.121996
-0.042367    0.103693    0.046306
-0.061016    0.134701    -0.003837
0.018827    0.087403    0.121973
-0.046321    0.113932    0.042301
-0.050581    0.025906    -0.116253
0.024174    0.103572    0.099775
-0.048742    0.146724    0.004252
-0.035681    0.0954    -0.122019
0.036337    0.103572    0.086072
-0.035353    0.103572    -0.076999
-0.039334    0.007511    -0.123378
0.048575    0.103572    0.06267
-0.025438    0.152098    0.017591
-0.008522    0.007511    -0.129082
0.034483    0.146724    0.03725
-0.023087    0.121283    -0.055262
0.02537    0.035448    -0.125506
0.077649    0.103572    0.008424
0.054853    0.135107    0.031791
-0.017937    0.139999    0.02472
-0.015084    0.141896    -0.058204
0.096231    0.055594    0.080724
0.086473    0.103572    0.01668
0.029307    0.146724    -0.024534
-0.031094    0.162919    -0.002448
-0.008522    0.151689    0.028668
0.029383    0.103572    -0.062971
0.040262    0.017202    -0.122469
0.108238    0.021016    0.065817
0.091664    0.037757    -0.091121
0.062817    0.128178    0.003156
0.026093    0.153832    0.007801
0.015282    0.128393    0.023413
-0.015667    0.103572    0.010205
0.051512    0.092848    -0.117495
0.113693    0.0728    0.055397
0.091219    0.013817    -0.091479
0.061795    0.117312    -0.00814
0.02039    0.116974    0.01849
-0.01119    0.103572    -0.006746
0.121279    0.070995    0.038238
0.105855    0.031149    -0.072804
0.021771    0.103572    0.004366
-0.014043    0.110935    -0.02626
0.126765    0.007511    0.038533
0.104276    0.007511    -0.078203
-0.03909    0.170739    -0.008117
0.125542    0.101916    0.019942
0.121064    0.025817    -0.042298
0.005506    0.156241    -0.02799
0.130433    0.007511    0.003338
0.016695    0.170739    -0.029727
-0.088736    0.052179    0.085264
-0.115908    0.084926    0.038574
-0.07584    0.076562    0.095807
-0.120917    0.051996    0.022464
-0.064519    0.092392    0.104925
-0.098449    0.103572    -0.032505
-0.122205    0.014273    0.010337
-0.05086    0.094473    0.1113
-0.097624    0.049035    -0.07818
-0.122968    0.063557    -0.013205
-0.041933    0.103572    0.113827
-0.08522    0.056367    -0.09358
-0.122189    0.008097    -0.018204
-0.052565    0.103572    0.058885
-0.082092    0.037924    -0.095934
-0.007697    0.058486    0.123017
-0.057235    0.103572    -0.062564
-0.059395    0.103766    0.017342
-0.027351    0.103572    0.098061
-0.052387    0.105857    -0.030568
0.030861    0.037367    0.120676
-0.002401    0.129688    0.063939
-0.05024    0.115821    -0.033564
0.034737    0.101411    0.119494
-0.034126    0.146724    0.036083
5.8e-05    0.010396    -0.128106
0.038093    0.103572    0.110929
0.01808    0.146724    0.056638
-0.008531    0.096428    -0.127181
0.045475    0.108136    0.044511
-0.010825    0.103572    -0.098245
0.089247    0.016492    0.089306
0.069374    0.103572    0.088414
0.043262    0.146724    -0.025105
0.034679    0.070556    -0.124057
0.089377    0.103572    0.029269
0.062216    0.140209    0.00841
0.029084    0.103572    -0.0786
0.051336    0.038249    -0.117573
0.096597    0.103572    0.065044
0.048401    0.103572    -0.080124
0.026562    0.146724    -0.032744
0.060908    0.099004    -0.113341
0.102058    0.103572    -0.043777
0.106988    0.090116    -0.071253
0.0533    0.107998    -0.030751
0.114195    0.103572    -0.039875
0.056181    0.140177    -0.026231
0.118834    0.054377    -0.048062
0.12543    0.102695    0.020658
0.128515    0.086468    0.000471
-0.004394    0.159458    0.029212
-0.014421    0.162174    -0.026103
