-0.084487    -0.200049    0.082001
-0.070636    -0.219808    0.094064
-0.089032    -0.107561    0.076496
-0.063786    -0.079766    0.09849
-0.0957    -0.114865    0.068399
-0.105807    -0.266177    0.051537
-0.052207    -0.254105    0.10541
-0.098878    -0.052151    0.063537
-0.041333    -0.166639    0.109827
-0.107332    -0.170531    0.048312
-0.027678    -0.174224    0.114029
-0.113502    -0.064262    0.031833
-0.021586    -0.185959    0.115395
-0.113821    -0.158826    0.030337
-0.115688    -0.251923    0.020776
0.000632    -0.186279    0.117565
-0.117438    -0.125955    0.007571
-0.11784    -0.051587    -0.007005
-0.116809    -0.14197    -0.014454
-0.11667    -0.126449    -0.015454
-0.11097    -0.266585    -0.03975
-0.110006    -0.174393    -0.042834
-0.109259    -0.093241    -0.045138
-0.104641    -0.152589    -0.054262
-0.099584    -0.047752    -0.063687
-0.071976    -0.260061    0.092898
-0.077607    -0.129964    0.087994
-0.095641    -0.064303    0.068471
-0.061015    -0.0882    0.100194
-0.096436    -0.140867    0.067505
-0.056939    -0.225856    0.102699
-0.103292    -0.236876    0.055893
-0.050562    -0.151642    0.106079
-0.101972    -0.06266    0.058179
-0.044818    -0.098596    0.108412
-0.029799    -0.183398    0.113554
-0.112236    -0.116385    0.035212
-0.017891    -0.05808    0.116223
-0.116405    -0.083341    0.017103
0.000965    -0.264447    0.117584
-0.115716    -0.193046    0.020631
-0.007883    -0.11271    0.117095
-0.117597    -0.069094    0.001795
-0.117826    -0.230541    -0.006512
-0.116847    -0.202801    -0.014178
-0.116129    -0.161102    -0.019358
-0.112766    -0.077813    -0.03401
-0.101195    -0.264931    -0.061072
-0.101298    -0.094768    -0.060869
-0.09348    -0.200408    -0.071993
-0.096185    -0.054423    -0.068313
-0.104507    -0.508787    -0.04287
-0.106757    -0.450808    -0.035677
-0.105397    -0.447241    -0.040026
-0.106417    -0.489127    -0.036763
-0.099417    -0.338371    -0.052989
-0.103774    -0.358139    -0.044379
-0.104808    -0.253335    -0.041907
-0.107809    -0.26244    -0.032313
-0.111097    -0.537055    -0.017516
-0.111562    -0.486403    -0.014165
-0.099378    -0.389043    -0.053065
-0.099167    -0.257766    -0.053483
-0.098157    -0.176069    -0.055479
-0.105973    -0.087938    -0.038184
-0.10535    -0.081033    -0.040175
-0.101579    -0.189058    -0.048716
-0.100355    -0.091038    -0.051136
-0.111295    -0.304982    -0.016092
-0.105023    -0.540522    -0.040578
-0.094197    -0.526011    -0.062176
-0.090871    -0.156195    -0.0667
-0.094143    -0.116041    -0.062249
-0.105487    -0.013295    -0.039738
-0.11211    -0.243866    -0.010213
-0.110485    -0.089333    -0.021935
-0.112435    -0.517465    -0.000961
-0.112431    -0.441232    -0.000808
-0.086369    -0.426421    -0.072826
-0.08631    -0.348549    -0.072906
-0.087    -0.244836    -0.071968
-0.092771    -0.252541    -0.064115
-0.106754    0.021558    -0.035689
-0.104284    -0.008184    -0.043372
-0.111206    -0.103762    -0.016737
-0.111044    -0.053105    -0.017902
-0.112336    -0.398829    0.002627
-0.112376    -0.314069    0.001175
-0.078961    -0.501365    -0.080573
-0.078181    -0.538748    -0.081331
-0.07823    -0.070265    -0.081284
-0.081495    -0.050155    -0.078108
-0.083515    0.011578    -0.076143
-0.112521    -0.102136    -0.004085
-0.112539    -0.076178    -0.004736
-0.109809    -0.500017    0.023557
-0.112029    -0.450638    0.012189
-0.072701    -0.374514    -0.086662
-0.078021    -0.333839    -0.081487
-0.076635    -0.254893    -0.082835
-0.072834    -0.113343    -0.086533
-0.111361    0.009106    -0.015618
-0.112131    -0.125511    0.010067
-0.112201    -0.091494    0.007521
-0.109096    -0.33839    0.027204
-0.108601    -0.540436    0.028858
-0.070782    -0.522652    -0.088301
-0.071658    -0.540057    -0.087582
-0.058522    -0.279123    -0.096802
-0.066787    0.019383    -0.091071
-0.112542    0.014024    -0.004835
-0.110627    -0.159811    0.019369
-0.107519    -0.328399    0.032874
-0.104465    -0.481699    0.041032
-0.107192    -0.543503    -0.013224
-0.056894    -0.460965    -0.097931
-0.056284    -0.13125    -0.098354
-0.061887    -0.167012    -0.094469
-0.061627    -0.014249    -0.094649
-0.112255    -0.002872    0.005566
-0.109877    -0.173515    0.023206
-0.102701    -0.292781    0.045744
-0.104919    -0.2942    0.039819
-0.085252    -0.543513    -0.057932
-0.047422    -0.432109    -0.102541
-0.052844    -0.497832    -0.099983
-0.056218    -0.084232    -0.09839
-0.0454    -0.036488    -0.103496
-0.109696    -0.032364    0.024137
-0.103547    -0.25101    0.043486
-0.105897    -0.218133    0.037207
-0.099351    -0.493278    0.052245
-0.099162    -0.379033    0.052573
-0.050468    -0.361669    -0.101104
-0.039909    -0.468508    -0.106087
-0.042758    -0.273085    -0.104742
-0.040623    -0.199215    -0.10575
-0.076602    0.050242    -0.0832
-0.100064    0.061383    -0.052399
-0.102264    -0.232613    0.046913
-0.099971    -0.298731    0.051172
-0.093529    -0.510879    0.06233
-0.061318    -0.543338    -0.073315
-0.031306    -0.363228    -0.108619
-0.029497    -0.301871    -0.109131
-0.038305    -0.174253    -0.106641
-0.037117    -0.002514    -0.106977
-0.110845    0.063458    -0.019678
-0.099892    -0.129529    0.051309
-0.095283    -0.259133    0.059291
-0.084329    -0.536809    0.073969
-0.091639    -0.365508    0.065093
-0.029448    -0.426497    -0.109145
-0.021741    -0.395453    -0.111324
-0.034353    -0.276    -0.107758
-0.032388    -0.209965    -0.108313
-0.031112    0.036249    -0.108675
-0.104741    0.002139    0.040296
-0.096242    -0.165698    0.057631
-0.093547    -0.164163    0.062298
-0.083905    -0.327925    0.074484
-0.083427    -0.387568    0.075064
-0.018493    -0.399273    -0.111739
-0.019549    -0.345913    -0.111622
-0.017078    -0.141541    -0.111896
-0.012872    -0.08247    -0.112361
-0.015106    -0.035479    -0.112114
-0.101538    0.020005    0.048459
-0.089236    -0.270287    0.06801
-0.08758    -0.270221    0.070022
-0.079939    -0.440891    0.079018
-0.083298    -0.543519    0.054728
-0.008058    -0.45382    -0.112894
-0.004738    -0.361405    -0.113262
-0.00495    -0.118216    -0.113238
-0.008003    -0.128437    -0.1129
-0.00651    0.023824    -0.113066
-0.092851    -0.030025    0.063503
-0.086268    -0.052726    0.071615
-0.084309    -0.114368    0.073993
-0.067494    -0.3676    0.089857
-0.073464    -0.543053    0.081979
0.001702    -0.481428    -0.113217
0.006038    -0.419517    -0.112977
-0.002731    -0.104182    -0.113462
0.007681    -0.049285    -0.112887
-0.002274    -0.045416    -0.113436
-0.089659    -0.010668    0.067498
-0.078375    -0.169977    0.08038
-0.076417    -0.169897    0.082086
-0.055632    -0.494801    0.097356
-0.057233    -0.486932    0.096372
0.004919    -0.542917    -0.111284
0.015262    -0.339929    -0.112468
0.011438    -0.136153    -0.112679
0.014024    -0.161758    -0.112536
0.007212    0.038893    -0.112913
-0.102747    0.09001    -0.025604
-0.095183    0.083564    -0.051287
-0.075532    -0.09742    0.082856
-0.058361    -0.314116    0.095678
-0.055416    -0.289482    0.097489
-0.081782    -0.543176    0.046467
0.030095    -0.307101    -0.10923
0.024155    -0.334797    -0.110561
0.01681    -0.106173    -0.112207
0.022721    -0.214537    -0.110882
-0.03249    0.063835    -0.108333
-0.102509    0.095499    -0.016569
-0.068339    0.014808    0.089121
-0.066585    -0.213419    0.090623
-0.060376    -0.233894    0.09444
-0.047899    -0.452325    0.101508
-0.050754    -0.312057    0.100348
0.00936    -0.54351    -0.104892
0.027737    -0.507428    -0.109759
0.030937    -0.214493    -0.109041
0.027525    -0.171366    -0.109806
0.027108    0.012395    -0.1099
-0.076092    0.102029    -0.066873
-0.061076    2.7e-05    0.09401
-0.058179    -0.104058    0.09579
-0.0519    -0.059167    0.09965
-0.041595    -0.409008    0.104069
-0.03699    -0.302084    0.105939
-0.014214    -0.541513    -0.085004
0.042696    -0.298736    -0.10482
0.045217    -0.32464    -0.103796
0.036837    -0.196462    -0.1072
0.03893    0.005581    -0.10635
-0.029524    0.09902    -0.098547
-0.087833    0.111366    -0.039829
-0.039964    -0.205495    0.104731
-0.044353    -0.233108    0.102948
-0.031383    -0.434132    0.107833
-0.028197    -0.288034    0.108547
-0.062639    -0.527352    -0.017162
0.050818    -0.398261    -0.101521
0.051031    -0.306384    -0.101434
0.043243    -0.138459    -0.104598
0.048726    -0.193531    -0.102371
-0.002793    0.066974    -0.112781
-0.085727    0.056114    0.072841
-0.046712    -0.009257    0.10199
-0.035757    -0.145072    0.10644
-0.031616    -0.530901    0.107781
-0.019506    -0.421069    0.110495
-0.032601    -0.103692    0.10756
-0.030456    -0.243151    0.108041
-0.055034    -0.516927    0.000448
0.058145    -0.419604    -0.097113
0.062169    -0.342422    -0.094639
0.053634    -0.220002    -0.099886
0.051917    -0.049582    -0.100941
0.052963    0.03057    -0.100298
-0.099129    0.069785    0.050654
-0.035105    0.040999    0.106705
-0.011585    -0.397447    0.111647
-0.01473    -0.418864    0.111473
-0.021383    -0.124415    0.110074
-0.020056    -0.157428    0.110372
-0.026708    -0.521427    -0.053301
0.063075    -0.506949    -0.094083
0.066997    -0.299923    -0.091672
0.057061    -0.266352    -0.097779
0.065412    0.031917    -0.092647
-0.048815    0.119509    -0.077427
-0.071256    0.051854    0.086974
-0.028219    0.006663    0.108542
-0.001731    -0.454936    0.11219
-0.029567    -0.045403    0.10824
-0.000351    -0.252801    0.112266
-0.007207    -0.255539    0.111888
-0.056302    -0.518978    0.007525
0.075544    -0.302262    -0.084274
0.069299    -0.411587    -0.089713
0.069882    -0.131926    -0.089206
0.06833    -0.215205    -0.090557
0.014167    0.07198    -0.110963
-0.097477    0.080886    0.047488
0.007588    -0.527428    0.112003
0.009814    -0.430949    0.111757
-0.003856    0.034701    0.112073
-0.005081    -0.13449    0.112005
0.01571    -0.543519    0.097893
-0.016098    -0.519228    -0.055448
0.079022    -0.381463    -0.081246
0.077702    -0.518356    -0.082395
0.078483    -0.13884    -0.081714
0.075935    -0.031662    -0.083934
0.028774    0.078185    -0.106418
-0.092615    0.115541    0.012884
0.01496    -0.443163    0.111187
0.018791    -0.452518    0.110764
-0.00973    -0.038556    0.111749
0.00378    -0.061937    0.112425
0.057049    -0.543502    0.085737
-0.033955    -0.501883    -0.02207
0.084942    -0.321841    -0.074822
0.089535    -0.301657    -0.069246
0.087466    -0.110899    -0.071758
0.083096    -0.069797    -0.077064
0.042086    0.064776    -0.105057
-0.08492    0.127162    0.005088
0.034519    -0.5199    0.106853
0.022366    -0.3398    0.11029
0.013621    0.020579    0.111336
0.016048    -0.160249    0.111067
0.047729    -0.543502    0.09292
-0.035658    -0.500758    -0.015265
0.093056    -0.397727    -0.06497
0.091492    -0.342011    -0.066869
0.088032    -0.170431    -0.071071
0.087861    -0.200152    -0.071279
0.077564    0.047579    -0.082831
0.006323    0.134348    -0.079488
-0.056018    0.144948    -0.036588
0.034633    -0.399713    0.106821
0.014344    0.004834    0.111256
0.024417    -0.144008    0.10971
0.030268    -0.162274    0.108055
0.011211    -0.534171    0.070891
0.083502    -0.543511    -0.062965
0.099192    -0.319778    -0.054375
0.094275    -0.110793    -0.06289
0.093912    -0.219336    -0.06352
0.100037    0.025986    -0.052912
-0.025991    0.143806    -0.0636
-0.074718    0.083108    0.07758
0.038088    -0.156324    0.105844
0.039819    -0.152722    0.105354
0.033124    -0.001946    0.107248
0.014835    -0.53781    0.075517
0.093912    -0.543511    -0.046003
0.09777    -0.432254    -0.056838
0.10219    -0.210845    -0.049183
0.100702    -0.277976    -0.051759
0.093757    -0.043552    -0.063789
0.019431    0.123563    -0.086742
-0.042101    0.161327    -0.028674
0.054632    -0.435402    0.098374
-0.037956    -0.50798    0.026789
0.105168    -0.310621    -0.041473
0.105446    -0.311845    -0.04073
0.103083    -0.120614    -0.047042
0.105141    -0.145283    -0.041546
0.102637    0.037919    -0.048235
0.003402    0.146046    -0.066072
-0.058716    0.150803    0.007673
0.044785    -0.191435    0.103021
0.040579    -0.481496    0.105006
0.042042    -0.497354    0.104315
0.055788    -0.444722    0.097829
0.047355    0.010375    0.101808
0.05205    -0.037747    0.099593
0.056453    -0.481577    0.097515
0.078236    -0.541759    0.079921
0.007981    -0.501413    -0.039443
0.105217    -0.439513    -0.041342
0.106038    -0.406901    -0.039149
0.10724    -0.252221    -0.03594
0.104195    -0.27829    -0.044072
0.085271    0.074793    -0.071239
-0.062096    0.083633    0.087685
0.005395    0.061744    0.112326
0.011258    -0.4994    -0.035854
0.110371    -0.322618    -0.024211
0.110078    -0.303264    -0.025708
0.111627    -0.243207    -0.017778
0.109342    -0.103453    -0.02948
0.085703    0.084511    -0.066072
-0.03256    0.072865    0.105641
0.019258    0.056745    0.110868
0.060863    -0.208484    0.094524
0.063608    -0.120213    0.092621
0.057855    -0.123901    0.096611
0.059489    -0.038564    0.095478
0.070297    -0.36345    0.087982
0.068899    -0.497042    0.088952
-0.016777    -0.496223    0.026973
0.111806    -0.384443    -0.016864
0.111357    -0.502979    -0.019164
0.111128    -0.165538    -0.020333
0.112215    -0.241476    -0.01477
0.10886    0.052141    -0.031599
0.017958    0.153505    -0.053779
-0.043867    0.180893    -0.000248
0.065865    -0.286236    0.091055
0.06218    -0.392711    0.093611
0.0749    -0.295786    0.084006
0.072734    -0.386706    0.086113
0.083178    -0.333506    0.075953
0.074233    -0.534768    0.084655
0.091744    -0.531195    0.065187
0.09041    -0.485004    0.067002
0.102028    -0.454348    0.047809
0.104935    -0.536309    0.042065
0.022159    -0.509536    -0.043982
0.112864    -0.301043    -0.002416
0.112845    -0.400668    -0.003082
0.112597    -0.105114    -0.012102
0.11272    -0.189623    -0.007624
0.091379    0.082596    -0.05903
0.03078    0.143531    -0.062021
-0.044121    0.17962    0.002849
0.073615    -0.094016    0.085256
0.078066    -0.143146    0.080926
0.07839    -0.245765    0.080611
0.085254    -0.091355    0.073933
0.088499    -0.450724    0.069602
0.088696    -0.356765    0.069334
0.096909    -0.372316    0.057924
0.101578    -0.338354    0.048697
0.105095    -0.377906    0.041575
0.106729    -0.416833    0.03635
0.110239    -0.44825    0.025129
0.110165    -0.365687    0.025366
0.024008    -0.499301    -0.028492
0.112822    -0.439828    -0.003925
0.112948    -0.504683    0.000632
0.113087    -0.199028    0.005678
0.112947    -0.150366    0.000607
0.111254    0.054508    -0.021134
0.021936    0.179807    -0.039155
-0.042732    0.19152    0.001814
0.075147    0.042167    0.083766
0.087619    -0.245341    0.070799
0.101652    -0.202427    0.048551
0.10265    -0.157713    0.04658
0.107598    -0.225841    0.033574
0.109538    -0.223193    0.02737
0.112244    -0.512478    0.011817
0.11094    -0.425291    0.02122
0.028104    -0.522506    -0.054052
0.112515    -0.308825    0.009861
0.112776    -0.317713    0.007974
0.11195    -0.07137    0.013935
0.112515    0.021887    0.009861
0.09345    0.098394    -0.043929
-0.015738    0.091753    0.103733
0.018836    0.068179    0.110176
0.090551    -0.003098    0.06681
0.092629    -0.163799    0.063982
0.097703    -0.082549    0.056354
0.098904    -0.167549    0.053981
0.10637    -0.100277    0.0375
0.108311    -0.093561    0.031295
0.11221    -0.250535    0.012061
0.085217    -0.543424    0.046173
0.08314    -0.540706    -0.010266
0.108583    0.072254    -0.025606
-0.01942    0.228997    -0.037237
-0.041293    0.196531    0.009216
0.088322    0.042364    0.069843
0.108345    -0.018736    0.031183
0.023203    -0.495138    0.020108
0.108704    0.022075    0.030036
0.092559    0.11061    -0.030026
-0.012043    0.107123    0.097781
-0.041824    0.212583    -0.001913
0.102898    0.034436    0.04609
0.037078    -0.513823    -0.038102
0.088102    0.120182    -0.023686
-0.022428    0.2751    -0.03391
-0.034528    0.252326    -0.022099
0.025351    0.084942    0.104167
0.016776    -0.489175    0.002438
0.104417    0.093405    -0.012908
0.022229    0.216309    -0.036313
-0.034694    0.278069    -0.020601
-0.040366    0.266144    -0.000566
0.055711    -0.527477    0.033741
0.106169    0.089987    -0.005762
-0.002284    0.253328    -0.041348
-0.01368    0.124487    0.08589
-0.04012    0.276374    -0.000962
0.064307    -0.531995    0.027218
0.087467    0.123876    -0.012512
0.011866    0.267648    -0.039447
-0.013944    0.134974    0.076805
-0.039271    0.279963    0.007168
0.096399    0.061155    0.058689
0.093352    0.116435    0.004268
0.027804    0.269903    -0.030148
0.002967    0.33846    -0.038596
0.02035    0.115893    0.090867
0.096096    0.111751    0.00751
0.032963    0.222245    -0.026593
-0.015028    0.175375    0.04214
0.085996    0.095701    0.058274
0.057506    0.152687    -0.002683
-0.00746    0.349859    -0.038438
-0.032311    0.249581    0.024487
0.094677    0.109871    0.023333
0.032074    0.244967    -0.026713
-0.032031    0.265046    0.024205
0.077898    0.130586    0.02716
0.034436    0.329648    -0.019285
-0.025835    0.281907    0.030122
0.044469    0.172536    0.011983
0.020962    0.147992    0.059286
0.059703    0.148507    0.019092
-0.022924    0.336528    0.030713
0.06891    0.138941    0.028551
-0.04153    0.355337    -0.002229
0.034011    0.144915    0.057539
0.037605    0.316009    0.011366
0.047644    0.148424    0.040392
-0.00233    0.335158    0.03769
0.04074    0.219232    0.010521
0.033924    0.260397    0.022477
0.002998    0.230958    0.040961
0.033673    0.242582    0.023731
-0.000433    0.266814    0.040118
0.023635    0.273863    0.032443
0.025336    0.239806    0.032289
0.023825    0.227915    0.033826
0.018718    0.210354    0.037404
0.01402    0.376579    -0.039656
0.041593    0.374166    -0.003124
-0.028934    0.36016    0.029864
0.024663    0.374259    0.033242
0.033739    0.382052    0.023084
-0.039328    0.387878    0.001871
0.004872    0.384169    0.039216
-0.043533    0.393816    0.000546
0.02196    0.393404    0.037834
-0.00433    0.392566    0.043359
0.003268    0.236551    -0.046205
0.037492    0.227099    0.026711
0.017877    0.216306    -0.043478
-0.044721    0.235638    -0.00974
-0.04544    0.232806    0.004144
-0.043912    0.216433    -0.01491
-0.045543    0.215563    0.007589
0.040094    0.194637    -0.025719
-0.0281    0.201129    0.036817
0.046758    0.191685    -0.009518
-0.012213    0.189874    -0.046342
-0.047317    0.189074    0.002357
0.046168    0.18057    0.014959
0.009767    0.175188    -0.049259
0.030969    0.173631    -0.039699
-0.006441    0.166876    -0.052352
-0.025839    0.163374    -0.048048
-0.037499    0.171051    0.033594
0.004254    0.172845    0.049595
-0.053491    0.157923    -0.021984
0.042953    0.153482    -0.046872
-0.020881    0.160547    0.051321
0.047131    0.149839    0.048369
0.05288    0.147696    -0.047499
-0.051306    0.151104    0.040476
-0.072788    0.145655    -0.003587
-0.059263    0.140174    -0.05327
0.056856    0.141948    0.05276
-0.053682    0.137656    -0.062182
-0.074183    0.143283    0.015858
-0.015911    0.131551    -0.086514
0.067102    0.137482    -0.048248
0.063009    0.13557    0.055289
-0.023619    0.129127    -0.086968
0.088325    0.128459    0.019156
-0.058472    0.136502    0.058242
-0.075423    0.124557    -0.054503
0.092947    0.120993    -0.023176
0.039315    0.12798    0.081246
-0.017007    0.122419    -0.093367
0.03177    0.119484    -0.091676
0.093616    0.121961    0.015729
0.040527    0.124918    0.083021
-0.045977    0.111808    -0.090706
-0.096448    0.10221    -0.043979
0.099788    0.111795    -0.019806
0.077298    0.111116    0.065899
-0.082915    0.119137    0.04889
-0.06311    0.095426    -0.089021
0.067556    0.102351    -0.082211
0.092992    0.109049    0.043589
0.037932    0.107319    0.095911
-0.052797    0.111374    0.086205
-0.089943    0.086598    -0.066401
0.098939    0.096136    -0.045729
-0.106721    0.096361    0.017586
0.000856    0.097211    0.107738
-0.018779    0.084276    -0.111421
0.041243    0.090896    -0.102962
0.111337    0.087194    0.009216
0.079948    0.08485    0.078696
-0.098898    0.092274    0.046755
-0.081824    0.074288    -0.081571
0.11353    0.079883    0.010485
-0.016094    0.087328    0.109749
-0.044334    0.072956    -0.107143
0.099353    0.074058    -0.059463
0.072414    0.077168    0.088451
-0.048368    0.068493    -0.106502
0.108988    0.068695    0.041309
-0.079611    0.074247    0.082626
0.113425    0.064994    -0.030435
-0.08958    0.066966    0.0741
0.116224    0.059508    -0.018169
-0.075673    0.065388    0.088552
0.115569    0.061817    -0.021905
-0.07506    0.062781    0.089387
0.074543    0.054566    -0.091324
0.046214    0.055521    0.107496
-0.082467    0.038979    -0.083816
0.117377    0.053918    0.007639
-0.019601    0.056532    0.115182
-0.087264    0.016247    -0.078744
0.10852    0.047419    0.044938
-0.099415    0.054028    0.061559
-0.068276    0.02244    -0.095708
-0.11556    0.039371    -0.019397
-0.117023    0.038789    0.004787
-0.045617    0.035165    -0.108516
0.015006    0.024739    -0.116971
-0.075866    -0.027442    -0.089754
0.034489    0.033656    -0.112817
0.083963    0.009807    -0.082814
0.117248    0.025335    -0.00963
0.100397    0.039565    0.060844
-0.117103    0.028409    -0.001109
0.056975    0.016101    0.102276
-0.10081    0.035516    0.059268
-0.010229    0.02659    -0.117386
-0.095941    0.000133    -0.06727
-0.10121    0.003682    -0.059241
0.039882    0.01862    -0.110896
0.107729    0.013538    -0.047436
0.10497    0.02959    0.052522
-0.112671    0.016836    0.03177
0.055377    -0.001363    0.102913
0.043434    -0.064903    0.108549
-0.007321    0.025951    0.116582
-0.072417    0.032688    0.091674
-0.042725    -0.04377    -0.109648
0.002832    -0.009276    -0.117584
-0.06935    -0.11228    -0.094675
-0.067014    -0.055674    -0.096295
-0.075964    -0.086786    -0.089658
-0.075524    -0.107872    -0.090086
-0.106284    -0.043208    -0.049214
-0.115097    0.005984    -0.020877
0.092978    -0.008233    -0.072023
0.10164    -0.002975    -0.058981
0.114895    -0.009989    -0.024117
0.113032    -0.007129    0.031014
0.089444    -0.01934    0.075785
0.06479    0.005072    0.097183
-0.109347    0.01237    0.040741
0.01721    -0.004597    0.115388
-0.001136    -0.024033    0.116652
-0.057476    0.017861    0.101594
-0.057796    -0.072453    -0.102536
-0.054206    -0.134766    -0.10423
0.014844    -0.041033    -0.116922
0.04783    -0.040277    -0.107509
-0.064149    -0.272983    -0.098282
-0.064683    -0.269605    -0.097912
-0.088807    -0.128991    -0.076976
-0.083221    -0.265345    -0.082598
-0.08042    -0.183284    -0.085324
-0.102292    -0.083025    -0.057102
-0.106587    -0.076202    -0.048615
-0.109771    -0.172928    -0.040857
-0.108674    -0.244763    -0.044364
0.069437    -0.046052    -0.095364
0.070344    -0.091667    -0.094669
0.075745    -0.157836    -0.089964
0.109648    -0.042106    -0.042122
0.117469    -0.010363    0.004131
0.108091    -0.006178    0.045624
0.086015    -0.002163    0.079363
-0.116776    -0.035365    0.002087
0.05857    -0.136081    0.101406
0.056095    -0.245896    0.102574
0.039594    -0.228256    0.110014
0.038456    -0.072426    0.110336
0.006957    -0.028134    0.116523
-0.008199    -0.024932    0.116263
-0.092379    0.001299    0.071151
-0.060741    -0.009492    0.099407
-0.053216    -0.257206    -0.104697
-0.041296    -0.154714    -0.110323
-0.038844    -0.211494    -0.111084
-0.031214    -0.159773    -0.113242
-0.021036    -0.062793    -0.115907
-0.021581    -0.080159    -0.115847
0.004423    -0.13891    -0.117496
0.032167    -0.221184    -0.113299
0.033792    -0.247149    -0.112935
0.05002    -0.064188    -0.106619
0.044796    -0.134355    -0.108741
-0.064104    -0.308259    -0.098313
-0.058528    -0.461222    -0.102179
-0.093459    -0.239994    -0.070647
-0.096093    -0.237382    -0.067064
-0.081698    -0.401639    -0.084081
-0.075083    -0.398517    -0.090515
-0.104228    -0.196113    -0.053277
-0.1067    -0.123968    -0.048391
-0.112658    -0.17064    -0.031628
-0.115885    -0.066127    -0.015189
-0.115247    -0.196345    -0.019796
0.063166    -0.094209    -0.099218
0.065158    -0.089284    -0.097994
0.090115    -0.147491    -0.075499
0.089903    -0.100716    -0.075756
0.084176    -0.267598    -0.082621
0.083651    -0.197526    -0.083079
0.098928    -0.090108    -0.063679
0.109653    -0.125603    -0.04211
0.108061    -0.058614    -0.046361
0.114242    -0.103817    -0.027463
0.116359    -0.239682    -0.016626
0.117352    -0.19366    -0.000133
0.117332    -0.162438    -0.000839
0.115834    -0.175979    0.018129
0.115781    -0.161642    0.018506
0.112503    -0.176545    0.032705
0.103388    -0.068443    0.054916
0.104712    -0.09031    0.0523
0.095912    -0.107582    0.066986
0.091475    -0.122489    0.073022
0.077553    -0.108852    0.087596
0.08143    -0.077688    0.083824
0.064945    -0.056977    0.097075
0.063122    -0.317369    0.09834
0.063    -0.165914    0.098424
-0.116823    -0.089197    0.000377
-0.116702    -0.10881    0.00477
-0.115186    -0.111063    0.019104
-0.113627    -0.075004    0.027081
0.04968    -0.394079    0.105601
0.055789    -0.329272    0.102718
0.023837    -0.278403    0.114469
0.025093    -0.258058    0.114115
0.018985    -0.052783    0.115191
0.021178    -0.206652    0.114949
-0.010966    -0.049547    0.11611
-0.0028    -0.187691    0.116561
-0.101556    -0.040051    0.05727
-0.076654    -0.155918    0.087744
-0.095053    -0.07726    0.067904
-0.092579    -0.06926    0.070908
-0.058697    -0.037947    0.100663
-0.049081    -0.343672    -0.106649
-0.045569    -0.286675    -0.108306
-0.036207    -0.231808    -0.11183
-0.024373    -0.240025    -0.115176
-0.005306    -0.224471    -0.117649
-0.00355    -0.106681    -0.117843
0.015557    -0.157329    -0.116882
0.021426    -0.265231    -0.115706
0.026196    -0.215985    -0.114637
0.036934    -0.17413    -0.111935
0.035577    -0.194043    -0.112486
0.057667    -0.203608    -0.102598
0.061897    -0.273736    -0.099998
-0.066784    -0.482985    -0.096455
-0.07267    -0.471984    -0.092374
-0.097902    -0.325428    -0.064602
-0.092836    -0.403059    -0.071495
-0.085838    -0.491701    -0.080054
-0.084791    -0.368752    -0.081071
-0.102088    -0.416668    -0.057507
-0.102021    -0.301334    -0.057639
-0.10956    -0.486834    -0.04153
-0.113448    -0.30442    -0.029101
-0.117016    -0.120183    -0.007036
0.085605    -0.071929    -0.080975
0.087695    -0.264861    -0.078437
0.09984    -0.203172    -0.0621
0.102595    -0.258427    -0.057327
0.082284    -0.347351    -0.084269
0.084149    -0.345055    -0.082645
0.108414    -0.275515    -0.045418
0.10661    -0.116031    -0.050236
0.113521    -0.065745    -0.031152
0.113295    -0.118106    -0.032311
0.117283    -0.233212    -0.002634
0.116651    -0.278489    0.012236
0.116931    -0.228587    0.010216
0.110757    -0.230614    0.038288
0.112058    -0.174964    0.034128
0.108962    -0.135605    0.043902
0.109032    -0.067466    0.043763
0.099029    -0.117501    0.062744
0.096577    -0.231631    0.066081
0.084172    -0.175376    0.081157
0.071579    -0.294351    0.092476
0.070449    -0.22436    0.093259
-0.116543    -0.075679    0.010527
-0.116606    -0.221495    0.008249
-0.113764    -0.196666    0.026384
-0.11336    -0.132005    0.028452
-0.109873    -0.051392    0.039201
0.045965    -0.5251    0.107354
0.057029    -0.39523    0.102133
0.031554    -0.398198    0.112287
0.030978    -0.295658    0.11245
0.007405    -0.125646    0.116473
0.004123    -0.082051    0.116836
-0.018784    -0.171703    0.115189
-0.03052    -0.083692    0.112559
-0.01285    -0.17401    0.116006
-0.006315    -0.275706    0.116367
-0.105672    -0.16943    0.050143
-0.105072    -0.205998    0.051182
-0.075339    -0.213994    0.088889
-0.087542    -0.127333    0.077026
-0.091265    -0.20659    0.072505
-0.09884    -0.26047    0.061976
-0.102872    -0.243329    0.054991
-0.0567    -0.069188    0.101891
-0.069141    -0.138146    0.094243
-0.044645    -0.150879    0.107604
-0.050414    -0.166796    0.105261
-0.043685    -0.411834    -0.109195
-0.05295    -0.505239    -0.104823
-0.033754    -0.43145    -0.112524
-0.020877    -0.444404    -0.115925
-0.01668    -0.339153    -0.11639
-0.00061    -0.385181    -0.117774
0.006338    -0.312134    -0.117391
0.02297    -0.285331    -0.11536
0.026704    -0.383286    -0.114523
0.053178    -0.399592    -0.105336
0.053125    -0.497187    -0.105358
0.060384    -0.286844    -0.100929
0.06919    -0.336668    -0.095516
-0.098784    -0.448049    -0.063403
-0.098122    -0.522539    -0.064305
-0.10561    -0.385825    -0.050548
-0.106706    -0.380532    -0.04838
-0.11166    -0.460833    -0.034818
-0.112109    -0.52577    -0.033383
-0.116607    -0.301592    -0.009983
-0.115474    -0.423588    -0.018152
0.096124    -0.486006    -0.068202
0.09132    -0.30343    -0.074036
0.104614    -0.459067    -0.053831
0.105487    -0.492766    -0.052319
0.079738    -0.523357    -0.086486
0.072761    -0.490021    -0.092563
0.091849    -0.452545    -0.073394
0.088961    -0.475999    -0.0769
0.112673    -0.354443    -0.034045
0.110932    -0.285375    -0.038694
0.11644    -0.40303    -0.016209
0.115965    -0.465351    -0.018643
0.117396    -0.338017    0.001472
0.117509    -0.302052    0.005589
0.115508    -0.368088    0.020477
0.115405    -0.385767    0.021217
0.111553    -0.325011    0.035744
0.114712    -0.475979    0.025643
0.102261    -0.330492    0.057143
0.101931    -0.414529    0.057797
0.098989    -0.300191    0.062798
0.096362    -0.364589    0.066372
0.077897    -0.43674    0.087261
0.081513    -0.306077    0.083744
0.0669    -0.506837    0.09572
0.072235    -0.520143    0.092021
-0.116762    -0.372239    0.002583
-0.116345    -0.346849    0.013169
-0.11444    -0.294707    0.022923
-0.10778    -0.180092    0.044793
-0.109988    -0.214425    0.038895
0.024147    -0.464249    0.114382
0.028024    -0.364865    0.113285
0.019769    -0.371488    0.115104
0.02128    -0.4767    0.114937
-0.025582    -0.184377    0.113666
-0.018259    -0.269085    0.115307
0.000479    -0.432145    0.116741
-0.000147    -0.307899    0.116707
-0.075543    -0.291233    0.088711
-0.08229    -0.444261    0.082836
-0.092963    -0.354582    0.070442
-0.088899    -0.385216    0.075377
-0.101107    -0.353286    0.058049
-0.104479    -0.302612    0.052209
-0.059337    -0.26346    0.10027
-0.06135    -0.269775    0.099033
-0.042806    -0.262368    0.108351
-0.028542    -0.411631    -0.113997
-0.034741    -0.497737    -0.112244
-0.004899    -0.478364    -0.117694
-0.007073    -0.511163    -0.117453
0.007498    -0.442988    -0.117327
0.00395    -0.527551    -0.117522
0.022714    -0.433047    -0.115417
0.019671    -0.436319    -0.116099
0.039362    -0.511655    -0.110948
0.042579    -0.535102    -0.109642
0.059503    -0.484399    -0.10147
0.06189    -0.420067    -0.100003
-0.1163    -0.423589    -0.012197
-0.115997    -0.43413    -0.014384
0.098314    -0.413148    -0.064742
0.101868    -0.506474    -0.058587
0.107275    -0.467773    -0.04846
0.110377    -0.469242    -0.040176
0.113667    -0.359481    -0.03041
0.113719    -0.322361    -0.030145
0.117223    -0.43972    -0.004782
0.117224    -0.451742    -0.004751
0.116017    -0.428612    0.016805
0.116675    -0.378033    0.012061
0.109874    -0.476408    0.041112
0.109268    -0.423193    0.04305
0.105932    -0.433823    0.049889
0.103554    -0.503531    0.054588
0.099973    -0.45347    0.06146
0.099435    -0.376658    0.062192
0.08545    -0.371832    0.079913
0.085179    -0.3985    0.080177
-0.116563    -0.486251    0.009823
-0.116811    -0.49272    0.000819
-0.115374    -0.487861    0.018141
-0.113498    -0.477006    0.027742
-0.111948    -0.49341    0.033661
-0.108737    -0.383552    0.042236
0.010079    -0.519979    0.116177
0.010802    -0.444786    0.116097
-0.029803    -0.28848    0.11272
-0.022693    -0.382015    0.114313
-0.012362    -0.506672    0.116033
-0.00846    -0.523728    0.116248
-0.070716    -0.424001    0.092915
-0.072448    -0.532002    0.091407
-0.085944    -0.538952    0.078965
-0.093228    -0.502239    0.070121
-0.097945    -0.428643    0.063526
-0.097029    -0.436587    0.065113
-0.107506    -0.503401    0.045523
-0.106506    -0.351976    0.048193
-0.058798    -0.358072    0.100601
-0.060155    -0.376621    0.099767
-0.040127    -0.319346    0.109439
-0.040238    -0.328077    0.109394
0.036608    -0.542877    0.110006
-0.01711    -0.534372    0.115564
-0.030965    -0.474079    0.11246
-0.05707    -0.388674    0.101664
-0.053637    -0.433629    0.103774
-0.046193    -0.539589    0.106975
-0.035229    -0.300828    0.111429
0.035015    -0.545166    0.108839
0.104703    -0.546797    -0.043928
-0.114755    -0.544991    -0.00731
-0.064105    -0.54794    -0.087974
-0.066102    -0.547382    0.088937
0.101297    -0.547942    -0.038997
-0.088958    -0.547955    -0.047753
0.044238    -0.547943    0.092521
-0.081275    -0.547956    -0.059223
-0.102067    -0.547947    0.024308
0.026662    -0.547923    -0.094372
-0.085263    -0.547607    -0.037287
-0.08138    -0.547825    0.05182
0.038979    -0.547681    0.084993
-0.089649    -0.547176    -0.005607
-0.028216    -0.547135    0.084755
0.083337    -0.545362    -0.004332
-0.038014    -0.542814    -0.067742
-0.076458    -0.542906    0.011076
-0.004578    -0.541354    -0.075358
-0.026294    -0.538454    -0.066016
-0.074718    -0.542836    0.018021
0.026987    -0.537781    -0.065078
-0.016342    -0.542446    0.074466
0.025456    -0.537673    -0.06563
0.023994    -0.538118    0.065599
-0.065846    -0.535343    -0.012486
0.055983    -0.526103    0.013943
-0.057241    -0.529768    0.019937
0.052824    -0.523825    0.017508
-0.042004    -0.516714    -0.025648
0.011816    -0.524935    0.054896
0.042488    -0.512593    -0.016744
-0.04751    -0.515282    -0.003672
-0.039086    -0.512363    0.021444
0.019771    -0.499663    0.022074
0.019875    -0.502983    0.027486
0.02631    -0.498076    0.007926
-0.005529    -0.496461    0.022114
0.045338    0.379866    -0.011393
0.044031    0.379092    -0.016399
-0.045151    0.36041    -0.010367
0.002876    0.373264    0.045861
-0.006317    0.351653    0.043277
-0.0288    0.321927    -0.032435
0.040262    0.310739    -0.018024
0.008941    0.283821    -0.044254
-0.041623    0.337511    -0.009205
0.024509    0.34225    0.034788
0.002559    0.264769    -0.045343
0.001195    0.309791    0.042941
-0.014512    0.33557    0.03967
0.023788    0.255419    0.038345
-0.023728    0.23885    -0.039552
0.017198    0.256301    0.041563
-0.006648    0.254371    0.044415
-0.03409    0.359362    -0.031785
-0.002466    0.367164    -0.046851
-0.02433    0.361731    0.038941
-0.035448    0.350058    -0.024688
0.01959    0.315428    -0.039536
0.042401    0.309679    0.010613
-0.03126    0.274732    -0.031914
-0.03884    0.310016    -0.019666
0.041415    0.294017    0.015866
-0.031996    0.315185    0.028976
0.04468    0.268318    0.004599
-0.034038    0.326052    0.026183
-0.039651    0.240235    -0.023062
-0.027245    0.272609    0.034394
0.045594    0.240329    -0.006431
-0.043713    0.246603    0.011428
