0.186382    -0.392617    -0.00718
0.184276    -0.151925    -0.035995
0.184563    -0.324799    -0.032063
0.185756    -0.214928    -0.015746
0.185795    -0.142123    -0.015207
0.186582    -0.192797    -0.004437
0.186884    -0.244615    -0.000305
0.180142    -0.209905    -0.049514
0.182026    -0.132802    -0.0441
0.178565    -0.099726    -0.054046
0.181052    -0.370955    0.04568
0.184914    -0.399576    0.025471
0.183892    -0.381492    0.030818
0.180108    -0.404916    -0.049612
0.169087    -0.226455    -0.081289
0.174874    -0.250786    -0.064655
0.171818    -0.292478    -0.073441
0.183105    -0.237071    0.034939
0.185289    -0.073796    0.023511
0.180232    -0.072496    0.049973
0.160348    -0.243808    -0.095688
0.167541    -0.361316    -0.085096
0.148107    -0.103693    -0.113712
0.17176    -0.219219    0.073002
0.173601    -0.420689    0.069197
0.17799    -0.41606    0.060125
0.178015    -0.080949    0.060073
0.142266    -0.219494    -0.122313
0.158212    -0.382719    -0.098834
0.144257    -0.288903    -0.119381
0.167236    -0.186254    0.082352
0.157206    -0.182239    0.103085
0.166521    -0.195001    0.083829
0.134476    -0.289062    -0.130165
0.115126    -0.370228    -0.146878
0.139183    -0.184772    -0.126099
0.153827    -0.344265    0.10708
0.155208    -0.379731    0.105482
0.139474    -0.302611    0.123698
0.150524    -0.271265    0.110904
0.126527    -0.193067    -0.13703
0.11745    -0.187665    -0.14487
0.109553    -0.13252    -0.151692
0.151883    -0.110477    0.109331
0.125214    -0.377826    0.140209
0.154328    -0.085975    0.106501
0.08731    -0.356076    -0.164838
0.09782    -0.261871    -0.159753
0.101157    -0.432942    -0.158138
0.101702    -0.123066    -0.157875
0.095558    -0.098321    0.160436
0.117341    -0.217307    0.145643
0.120071    -0.057324    0.143789
0.076498    -0.242461    -0.170068
0.065793    -0.283146    -0.175248
0.070491    -0.138463    -0.172974
0.111653    -0.348705    0.149505
0.094402    -0.288545    0.161221
0.094543    -0.39843    0.161126
0.108854    -0.358505    0.151406
0.046375    -0.378176    -0.180919
0.024463    -0.413634    -0.185107
0.049582    -0.42741    -0.180307
0.078233    -0.25693    0.170151
0.071723    -0.222447    0.172415
0.078926    -0.386947    0.16991
0.031199    -0.190397    -0.18382
0.028674    -0.070625    -0.184302
0.018812    -0.194128    -0.186187
0.021227    -0.271281    -0.185725
0.03853    -0.177745    0.183963
0.052298    -0.272303    0.179174
0.04241    -0.198477    0.182614
-0.011654    -0.27606    -0.186055
-0.000226    -0.40648    -0.18689
0.002601    -0.132167    -0.187097
0.017427    -0.202199    0.185633
0.036683    -0.151167    0.184225
0.025102    -0.08916    0.185072
0.031031    -0.110174    0.184638
-0.011881    -0.058192    -0.186038
-0.020481    -0.173159    -0.18541
-0.021538    -0.147036    -0.185332
0.00686    -0.326614    0.186405
0.007042    -0.434164    0.186392
0.031506    -0.40893    0.184604
-0.073219    -0.403172    -0.171895
-0.066679    -0.426786    -0.17417
-0.072922    -0.370598    -0.171998
-0.06054    -0.287909    -0.176306
-0.013279    -0.259408    0.187244
-0.013663    -0.170077    0.187171
-0.013919    -0.410631    0.187122
-0.078561    -0.056351    -0.170037
-0.067644    -0.207637    -0.173835
-0.081888    -0.128185    -0.168879
-0.045557    -0.292715    0.181076
-0.04985    -0.32416    0.180255
-0.040212    -0.384965    0.182097
-0.092976    -0.192045    -0.16219
-0.094504    -0.356329    -0.161152
-0.101054    -0.257246    -0.156704
-0.085638    -0.416869    -0.167173
-0.071178    -0.228164    0.172642
-0.091656    -0.071269    0.162735
-0.065909    -0.174447    0.175191
-0.121004    -0.373885    -0.143155
-0.10413    -0.157085    -0.154614
-0.11326    -0.150129    -0.148414
-0.092873    -0.244632    0.162146
-0.100143    -0.100976    0.158629
-0.100589    -0.203453    0.158413
-0.094903    -0.409838    0.161164
-0.137976    -0.233623    -0.125432
-0.134864    -0.066796    -0.129036
-0.128081    -0.357795    -0.136888
-0.107409    -0.062183    0.153544
-0.119618    -0.079398    0.142998
-0.125258    -0.128009    0.138126
-0.153386    -0.202687    -0.107591
-0.140128    -0.410319    -0.122941
-0.155048    -0.200692    -0.105666
-0.152023    -0.355244    -0.109169
-0.138601    -0.396853    0.126602
-0.135892    -0.170083    0.128942
-0.137239    -0.417534    0.127779
-0.171281    -0.118547    -0.073992
-0.168142    -0.231562    -0.080479
-0.165687    -0.121335    -0.085554
-0.141138    -0.263046    0.123975
-0.147784    -0.271512    0.114188
-0.147697    -0.38475    0.114316
-0.153458    -0.299049    0.105834
-0.175194    -0.37188    -0.065903
-0.1715    -0.390093    -0.073538
-0.169705    -0.412288    -0.07725
-0.162123    -0.245052    0.093073
-0.159947    -0.251425    0.096278
-0.166578    -0.138792    0.086514
-0.182165    -0.196624    -0.039856
-0.178558    -0.06957    -0.058731
-0.179356    -0.11954    -0.054555
-0.18429    -0.167478    -0.028737
-0.173831    -0.36302    0.067653
-0.171956    -0.320537    0.073044
-0.175815    -0.363743    0.061951
-0.183071    -0.403007    -0.035116
-0.185844    -0.164218    -0.020605
-0.181182    -0.419882    -0.045001
-0.183194    -0.15992    0.040742
-0.183502    -0.335063    0.039856
-0.182659    -0.08823    0.04228
-0.183548    -0.250711    0.039724
-0.187151    -0.336014    -0.003342
-0.187677    -0.104764    -0.01054
-0.18679    -0.335991    0.001592
-0.185316    -0.194561    0.021761
-0.186696    -0.384852    0.002877
-0.18581    -0.275958    0.015007
0.185241    -0.318008    -0.022789
0.184548    -0.303614    -0.032273
0.184306    -0.399356    -0.035577
0.187592    -0.372428    0.009378
0.186199    -0.082208    -0.009678
0.185655    -0.075334    -0.017128
0.187299    -0.087454    0.005371
0.178579    -0.292438    -0.054008
0.174577    -0.073742    -0.06551
0.179549    -0.177468    -0.051219
0.184622    -0.346514    0.027001
0.184309    -0.392104    0.028638
0.179855    -0.406431    0.051945
0.176285    -0.306478    -0.060601
0.168321    -0.323407    -0.083493
0.178915    -0.391002    -0.053042
0.172333    -0.309714    -0.07196
0.181254    -0.220265    0.044626
0.178618    -0.088944    0.058419
0.184515    -0.079439    0.027558
0.153989    -0.225406    -0.105051
0.164684    -0.231367    -0.089303
0.162994    -0.280123    -0.091791
0.178234    -0.135991    0.05962
0.15964    -0.430291    0.098052
0.16685    -0.345298    0.083151
0.177613    -0.40461    0.060904
0.149996    -0.355093    -0.11093
0.147653    -0.311917    -0.11438
0.141119    -0.207363    -0.124003
0.162286    -0.307612    0.092583
0.158372    -0.270942    0.100674
0.161607    -0.259655    0.093986
0.128188    -0.254665    -0.135596
0.13424    -0.252601    -0.130368
0.136582    -0.355944    -0.128346
0.108604    -0.39224    -0.152511
0.143307    -0.335773    0.11926
0.149074    -0.419857    0.112584
0.133806    -0.377818    0.130261
0.125363    -0.137818    -0.138036
0.128233    -0.088528    -0.135557
0.112579    -0.17603    -0.149078
0.15313    -0.099564    0.107887
0.126751    -0.292377    0.138428
0.131231    -0.168209    0.133242
0.140273    -0.149133    0.122773
0.102648    -0.224371    -0.157417
0.068424    -0.384914    -0.173975
0.073202    -0.369507    -0.171663
0.119908    -0.080562    0.143899
0.116269    -0.195461    0.146371
0.116354    -0.154577    0.146313
0.082901    -0.220037    -0.166971
0.071416    -0.119367    -0.172527
0.088473    -0.146758    -0.164275
0.062416    -0.16053    -0.176881
0.09814    -0.422742    0.158682
0.117695    -0.3714    0.145402
0.089918    -0.141076    0.164266
0.047415    -0.204864    -0.180721
0.050619    -0.30807    -0.180108
0.050649    -0.425679    -0.180103
0.080392    -0.19771    0.1694
0.074699    -0.142927    0.17138
0.073422    -0.325614    0.171824
0.051409    -0.089502    0.179483
0.02564    -0.139341    -0.184882
0.041208    -0.157856    -0.181907
0.032061    -0.195276    -0.183655
0.040042    -0.376969    0.183438
0.062118    -0.33668    0.175757
0.065817    -0.428065    0.17447
-0.00956    -0.404036    -0.186208
-0.023554    -0.340912    -0.185185
-0.008766    -0.298505    -0.186266
0.033495    -0.078651    0.184458
0.014752    -0.110553    0.185828
0.028489    -0.23022    0.184824
0.022323    -0.235354    0.185275
-0.037909    -0.314946    -0.184136
-0.038012    -0.225867    -0.184128
-0.030177    -0.247214    -0.184701
0.033184    -0.39962    0.184481
-0.010598    -0.420767    0.187681
-0.001577    -0.355022    0.187022
-0.038277    -0.398689    -0.184052
-0.038084    -0.373365    -0.184119
-0.040311    -0.427082    -0.183344
-0.068321    -0.335812    -0.173599
-0.024372    -0.087323    0.185124
-0.033136    -0.055056    0.183449
-0.019905    -0.233396    0.185978
-0.083582    -0.311877    -0.16829
-0.084186    -0.121801    -0.16808
-0.047645    -0.129837    -0.180793
-0.020108    -0.415534    0.185939
-0.032818    -0.306632    0.18351
-0.019147    -0.376585    0.186123
-0.023562    -0.345997    0.185279
-0.094408    -0.23546    -0.161217
-0.093522    -0.144573    -0.161818
-0.093414    -0.216294    -0.161892
-0.079775    -0.256377    0.168483
-0.060244    -0.195    0.177932
-0.061576    -0.398227    0.177288
-0.110725    -0.150232    -0.150136
-0.098324    -0.090769    -0.158558
-0.117835    -0.078463    -0.145307
-0.113644    -0.155943    -0.148153
-0.101318    -0.191403    0.15806
-0.097314    -0.354497    0.159997
-0.098729    -0.272024    0.159313
-0.134462    -0.259779    -0.1295
-0.147789    -0.157807    -0.114071
-0.126882    -0.132601    -0.138277
-0.108715    -0.151873    0.152415
-0.110036    -0.353459    0.151274
-0.113814    -0.110494    0.148011
-0.128135    -0.066789    0.135641
-0.149369    -0.149598    -0.112242
-0.140627    -0.334559    -0.122363
-0.15593    -0.333075    -0.104646
-0.119032    -0.317902    0.143504
-0.128904    -0.299247    0.134978
-0.132551    -0.167892    0.131827
-0.164708    -0.170674    -0.087577
-0.166794    -0.065223    -0.083266
-0.160463    -0.351288    -0.096351
-0.157583    -0.159021    -0.102305
-0.146924    -0.293788    0.115454
-0.145763    -0.374378    0.117164
-0.144419    -0.274909    0.119143
-0.174149    -0.28727    -0.068063
-0.173207    -0.4081    -0.07001
-0.172662    -0.262709    -0.071138
-0.151441    -0.17357    0.108803
-0.160628    -0.110198    0.095275
-0.160656    -0.286439    0.095235
-0.179887    -0.062641    -0.051779
-0.182363    -0.243255    -0.038821
-0.17956    -0.216232    -0.053491
-0.178506    -0.132859    -0.059003
-0.175543    -0.235862    0.062734
-0.173738    -0.40626    0.067921
-0.172109    -0.237052    0.072604
-0.182279    -0.305531    -0.039263
-0.185163    -0.263961    -0.024172
-0.185922    -0.157617    -0.020199
-0.170677    -0.108877    0.076721
-0.18184    -0.254632    0.044634
-0.183581    -0.196029    0.039629
-0.180377    -0.230476    0.048838
-0.187526    -0.362648    -0.008475
-0.185269    -0.06725    0.0224
-0.186815    -0.126875    0.001258
-0.184269    -0.25211    0.03609
-0.186194    -0.332764    0.009754
-0.186109    -0.373801    0.01091
-0.008334    -0.576831    -0.180662
0.027081    -0.575695    -0.184607
-0.004921    -0.490526    -0.186547
-0.022753    -0.537142    -0.185243
-0.038179    -0.446328    -0.184086
0.05906    -0.576831    -0.178262
0.029314    -0.449235    -0.18418
0.081517    -0.499593    -0.16764
0.059098    -0.498969    -0.178487
-0.01649    -0.450154    -0.185701
-0.081024    -0.456275    -0.16918
-0.102909    -0.576831    -0.154464
0.002998    -0.576831    -0.15509
0.084264    -0.515924    -0.166311
-0.105427    -0.544672    -0.153734
0.114548    -0.576831    -0.132408
-0.081368    -0.576831    -0.140839
-0.118492    -0.576831    -0.140592
0.113202    -0.518437    -0.14854
0.122    -0.495496    -0.140941
-0.1176    -0.457076    -0.145467
-0.080145    -0.576831    -0.130842
-0.05554    -0.576831    -0.133272
-0.025035    -0.576831    -0.120743
0.110402    -0.557796    -0.150958
0.122353    -0.555872    -0.140636
-0.127244    -0.552346    -0.137857
-0.152114    -0.565068    -0.109064
-0.032114    -0.576831    -0.108219
0.120264    -0.576831    -0.104662
0.083575    -0.576831    -0.110895
-0.145269    -0.576831    -0.10314
-0.036742    -0.576831    -0.105151
0.145246    -0.509579    -0.117925
-0.17214    -0.441623    -0.072215
0.071696    -0.576831    -0.081669
-0.086491    -0.576831    -0.091568
-0.11648    -0.576831    -0.078385
-0.072122    -0.576831    -0.078503
-0.170042    -0.576831    -0.073007
0.145407    -0.452504    -0.117688
-0.175052    -0.573712    -0.066196
-0.16059    -0.555714    -0.09609
0.07064    -0.576831    -0.071272
0.140105    -0.576831    -0.073928
-0.10445    -0.576831    -0.057538
0.172671    -0.576831    -0.043335
0.030529    -0.576831    -0.068227
0.166544    -0.576831    -0.055324
0.178882    -0.545509    -0.053136
-0.183141    -0.446594    -0.03475
-0.100381    -0.576831    -0.040166
0.043034    -0.576831    -0.031826
0.000679    -0.576831    -0.043761
-0.127225    -0.576831    -0.040007
-0.003398    -0.576831    -0.033912
-0.14933    -0.576831    -0.026856
0.177829    -0.436396    -0.056163
-0.184887    -0.507041    -0.025614
-0.183266    -0.513545    -0.034096
-0.028208    -0.576831    -0.004823
-0.050395    -0.576831    -0.008333
0.028676    -0.576831    -0.008138
0.122844    -0.576831    0.003583
0.170125    -0.576831    -0.00928
0.163739    -0.576831    -0.010151
0.186756    -0.558271    -0.002057
-0.186489    -0.458204    0.005709
-0.184938    -0.455728    0.026934
-0.165204    -0.576831    0.024817
-0.046824    -0.576831    0.006264
-0.02609    -0.576831    0.018067
-0.094488    -0.576831    0.000922
-0.150059    -0.576831    -0.001069
-0.174513    -0.576831    -0.000794
0.185848    -0.496115    -0.014489
-0.186164    -0.520276    0.010157
-0.186132    -0.57152    0.010591
0.178139    -0.576831    0.035189
0.158415    -0.576831    0.046026
-0.08299    -0.576831    0.037829
-0.048863    -0.576831    0.033021
-0.007239    -0.576831    0.027441
0.029577    -0.576831    0.03573
0.185222    -0.575068    0.023863
-0.183435    -0.497124    0.040048
0.036121    -0.576831    0.053146
-0.0598    -0.576831    0.064087
-0.129267    -0.576831    0.076883
-0.17076    -0.576831    0.062611
-0.04711    -0.576831    0.062906
-0.058243    -0.576831    0.062516
0.179349    -0.507942    0.054593
-0.174707    -0.51072    0.065137
0.003676    -0.576831    0.079248
-0.057566    -0.576831    0.084029
-0.098221    -0.576831    0.081709
0.048664    -0.576831    0.074323
-0.053693    -0.576831    0.089826
0.090044    -0.576831    0.070188
0.174846    -0.520594    0.066623
-0.155982    -0.514653    0.102117
-0.151519    -0.576831    0.102459
0.14329    -0.576831    0.104007
-0.014897    -0.576831    0.0997
-0.133002    -0.576831    0.106431
-0.140877    -0.576831    0.095333
0.16431    -0.454224    0.0884
-0.141947    -0.453704    0.122783
-0.007626    -0.576831    0.11941
-0.007704    -0.576831    0.122599
0.021628    -0.576831    0.121651
-0.028323    -0.576831    0.117171
0.144673    -0.530563    0.117679
-0.105696    -0.567927    0.155022
-0.061961    -0.576831    0.139732
0.096401    -0.576831    0.140193
-0.074953    -0.576831    0.154016
0.13542    -0.520061    0.128392
-0.121918    -0.487286    0.141011
0.063122    -0.576831    0.157183
0.073036    -0.576831    0.155741
0.122737    -0.464327    0.141978
0.122208    -0.541992    0.142337
-0.10239    -0.566743    0.157541
-0.014067    -0.576831    0.169705
0.097819    -0.523377    0.158901
-0.063022    -0.463174    0.176588
-0.065427    -0.485429    0.175424
0.060812    -0.452858    0.176211
-0.048733    -0.471825    0.180469
-0.049149    -0.542423    0.180389
0.038104    -0.453788    0.184112
-0.028707    -0.457668    0.184296
-0.000596    -0.51221    0.18695
-0.002556    -0.485735    0.187093
0.012649    -0.479138    0.185982
0.030864    -0.555609    -0.183884
0.006421    -0.452119    -0.187376
-0.046862    -0.56767    -0.181065
-0.057191    -0.534081    -0.177471
0.030828    -0.455241    -0.183891
0.083378    -0.464586    -0.16674
-0.004641    -0.462385    -0.186567
-0.083788    -0.489436    -0.168218
0.084858    -0.553621    -0.166024
0.080125    -0.552803    -0.168313
-0.097103    -0.547826    -0.159387
0.103797    -0.544501    -0.156663
-0.111829    -0.438778    -0.149386
0.137535    -0.528764    -0.127523
0.124881    -0.553454    -0.138452
-0.131108    -0.457458    -0.133384
-0.138714    -0.528681    -0.124578
0.153093    -0.53946    -0.106371
-0.158259    -0.499868    -0.100906
0.152789    -0.482244    -0.106819
0.147483    -0.443639    -0.114631
-0.165001    -0.548551    -0.086972
0.169812    -0.563934    -0.079205
-0.181331    -0.436855    -0.044221
0.17937    -0.52383    -0.051734
0.178661    -0.460287    -0.05377
-0.186302    -0.484057    -0.018209
0.184166    -0.475955    -0.037491
-0.186975    -0.437372    -0.000933
0.186975    -0.45436    0.000936
-0.184982    -0.485145    0.026331
-0.184611    -0.526283    0.031409
0.186507    -0.535758    0.017139
-0.177076    -0.495912    0.058326
0.179593    -0.485246    0.053318
-0.169543    -0.496332    0.079978
-0.174233    -0.525696    0.066499
0.178422    -0.451816    0.059231
-0.141841    -0.437618    0.122939
0.160088    -0.506109    0.097127
-0.14201    -0.557459    0.12269
0.154372    -0.538662    0.106449
0.146857    -0.524497    0.11515
-0.129606    -0.543505    0.134371
0.130512    -0.445227    0.134074
-0.118409    -0.490486    0.144042
0.123997    -0.472259    0.141122
0.101558    -0.442492    0.156362
-0.081516    -0.550734    0.16764
0.111082    -0.549729    0.149893
-0.092826    -0.438217    0.162169
0.047524    -0.461103    0.180835
-0.052589    -0.531862    0.179732
-0.054971    -0.475665    0.179277
0.044864    -0.516507    0.18176
-0.027005    -0.505366    0.184621
0.016213    -0.56321    0.185722
0.03707    -0.459709    0.184197
0.016468    -0.486172    0.185703
0.177711    -0.036147    -0.056502
0.182011    -0.036772    -0.044142
0.18148    0.132985    -0.04567
0.180972    0.199049    -0.047129
0.172704    0.223107    -0.070893
0.158722    0.086139    -0.098082
0.166393    0.047036    -0.086786
0.18529    0.100589    -0.022114
0.185104    0.113798    -0.02466
0.147916    -0.007813    -0.113994
0.161775    -0.009108    -0.093587
0.142284    0.076747    -0.122286
0.186618    0.211779    -0.003946
0.186315    0.138585    -0.008099
0.138354    0.095133    -0.126815
0.12682    0.007138    -0.136777
0.115784    0.010998    -0.14631
0.183395    0.056006    0.03342
0.182624    -0.011561    0.037456
0.113948    0.07113    -0.147896
0.113221    0.213128    -0.148523
0.103969    0.045667    -0.156515
0.183904    0.202453    0.030755
0.180025    0.216094    0.051054
0.078348    0.001248    -0.169173
0.065339    -0.020897    -0.175467
0.082228    0.000468    -0.167296
0.168256    0.081401    0.080244
0.176689    0.161614    0.062813
0.089446    0.171558    -0.163804
0.062092    0.027347    -0.177038
0.166722    0.203728    0.083415
0.165195    0.06683    0.086571
0.162806    0.088382    0.09151
0.043066    -0.023846    -0.181552
0.034855    -0.043138    -0.183121
0.152891    -0.030007    0.108164
0.141874    0.027826    0.120919
0.156182    0.028377    0.104354
0.031998    0.077051    -0.183667
0.015368    0.141455    -0.186845
0.1394    0.22021    0.123783
0.125717    0.083602    0.139626
0.126286    -0.015563    0.138967
-0.026058    -0.038191    -0.185002
0.006244    0.114789    -0.187363
0.088502    0.202168    0.165228
0.107678    0.121577    0.152205
0.114227    0.105743    0.147757
-0.00855    0.147398    -0.186282
-0.004229    0.191849    -0.186597
0.105117    -0.051605    0.153944
0.089942    0.17593    0.16425
-0.067832    0.003825    -0.173769
-0.041147    0.172528    -0.183053
-0.059406    0.029453    -0.176701
0.082856    0.100514    0.168542
0.083409    -0.015756    0.16835
-0.053832    0.218942    -0.17864
-0.073982    0.118131    -0.171629
-0.051822    0.219041    -0.179339
0.040339    0.103413    0.183334
0.042517    -0.052355    0.182577
-0.093772    -0.037482    -0.161649
-0.104842    0.058906    -0.154131
-0.097259    0.134063    -0.159281
0.035013    0.148479    0.184347
0.021783    0.064347    0.185314
-0.108755    0.071996    -0.151474
-0.124523    0.165721    -0.140765
-0.088154    0.219313    -0.165464
0.00642    -0.040234    0.186437
0.020517    -0.032866    0.185407
-0.145685    0.201879    -0.116507
-0.126786    0.224842    -0.138387
-0.141085    0.223115    -0.121833
-0.012033    0.208851    0.187482
-0.014379    0.031793    0.187034
-0.157024    0.096151    -0.103379
-0.131594    -0.000817    -0.132821
-0.03783    0.015749    0.182552
-0.011389    -0.0532    0.187605
-0.039025    -0.012635    0.182324
-0.165465    0.129033    -0.086013
-0.158996    0.185206    -0.099383
-0.067275    0.041375    0.17453
-0.070655    0.157795    0.172895
-0.081827    0.144474    0.16749
-0.162621    0.007471    -0.091891
-0.174074    -0.039539    -0.068218
-0.075599    -0.018073    0.170504
-0.089909    0.047181    0.16358
-0.090872    0.06734    0.163114
-0.183    0.20016    -0.035488
-0.179873    0.068014    -0.05185
-0.114507    0.065399    0.147412
-0.119356    0.172186    0.143225
-0.115095    0.198806    0.146905
-0.18726    -0.052477    -0.013195
-0.186069    0.133595    -0.019431
-0.132763    0.036381    0.131645
-0.129277    -0.049555    0.134655
-0.18505    0.157433    0.025404
-0.186639    0.048562    0.003667
-0.184888    0.184165    0.027611
-0.148583    0.048196    0.113011
-0.162851    -0.042944    0.092001
-0.185426    -0.025862    0.02026
-0.184201    0.033498    0.037011
-0.186372    0.003225    0.007317
-0.164463    0.161251    0.089629
-0.163353    0.033055    0.091263
-0.181664    0.143351    0.04514
-0.179781    0.025226    0.050553
-0.180228    0.177264    0.049266
-0.168022    -0.030471    0.084351
-0.179697    -0.009243    0.050794
0.170503    0.129691    -0.07722
0.169999    0.041886    -0.078669
0.168927    0.010141    -0.081749
0.177765    0.195702    -0.056346
0.183335    0.068032    -0.040337
0.166335    0.145427    -0.086872
0.167479    0.135287    -0.085187
0.184833    0.089243    -0.028364
0.184903    0.085531    -0.027413
0.185703    -0.03606    -0.016461
0.16236    -0.030577    -0.092725
0.155035    -0.023226    -0.103511
0.187378    0.031607    0.006455
0.186857    0.175221    -0.000671
0.187315    0.184872    0.005585
0.114091    0.001729    -0.147772
0.13776    -0.000152    -0.127328
0.18412    0.011826    0.029625
0.186085    -0.035036    0.019345
0.183539    -0.02374    0.032668
0.112805    0.147302    -0.148882
0.131911    0.19725    -0.132381
0.182557    0.124243    0.037807
0.179752    0.024895    0.052485
0.179074    0.212997    0.05603
0.082498    0.016567    -0.167165
0.101798    0.067008    -0.157828
0.170201    0.101261    0.076223
0.172908    0.083663    0.07063
0.166707    0.034982    0.083446
0.071226    0.185073    -0.172619
0.063334    0.199013    -0.176437
0.171774    0.206251    0.072972
0.163108    0.196766    0.090885
0.05013    0.068331    -0.180202
0.033359    0.075596    -0.183407
0.058139    0.115975    -0.178671
0.151389    -0.020854    0.109903
0.147898    0.116945    0.113945
0.01305    0.097057    -0.187288
0.031391    0.166847    -0.183783
0.015707    0.011609    -0.18678
0.137938    0.109461    0.125477
0.140029    0.158672    0.123056
0.008701    0.028008    -0.187542
-0.004031    0.073696    -0.186612
0.009663    0.181783    -0.187613
0.11178    0.195468    0.149419
0.124945    -0.038956    0.140479
-0.025097    0.217972    -0.185072
-0.027924    0.089861    -0.184865
-0.037342    0.058046    -0.184177
0.0931    0.116935    0.162105
0.115618    -0.033446    0.146813
-0.070659    -0.002367    -0.172786
-0.060218    0.016813    -0.176418
0.065784    0.107479    0.174482
0.069444    0.154173    0.173208
0.081432    0.057941    0.169038
-0.064847    0.219668    -0.174808
-0.08434    0.018299    -0.168026
0.0716    0.000168    0.172458
0.05268    0.122773    0.179041
0.062482    0.018536    0.17563
-0.091551    0.114393    -0.163157
-0.093383    -0.023984    -0.161913
0.025384    0.046215    0.185051
0.010836    0.103532    0.186115
0.018022    0.113483    0.185589
-0.116548    0.033677    -0.146182
-0.124758    -0.024897    -0.140606
0.001303    0.083925    0.186811
-0.001179    0.154761    0.186993
-0.010813    -0.050937    0.187697
-0.140498    0.138216    -0.122513
-0.143414    0.155556    -0.119136
-0.015573    0.129341    0.186806
-0.012977    -0.033084    0.187302
-0.036992    0.177944    0.182713
-0.152891    0.084455    -0.108165
-0.156872    -0.053772    -0.103554
-0.051297    -0.020237    0.179979
-0.048914    0.081277    0.180434
-0.163666    0.050567    -0.089731
-0.158982    0.012315    -0.099413
-0.170776    0.13123    -0.075035
-0.098903    0.204734    0.159229
-0.064318    0.057895    0.175961
-0.168374    -0.038253    -0.079999
-0.16018    -0.049182    -0.096936
-0.175806    0.116911    -0.064639
-0.103218    0.087322    0.157141
-0.099102    -0.00817    0.159132
-0.179635    0.059919    -0.053096
-0.179327    0.006644    -0.054707
-0.179816    0.15437    -0.052148
-0.104673    0.171402    0.155906
-0.105403    -0.008449    0.155276
-0.181185    -0.018337    -0.044987
-0.184789    0.043741    -0.026125
-0.184423    -0.017922    -0.028039
-0.128102    0.106417    0.13567
-0.138608    0.13974    0.126596
-0.186556    0.188347    0.004789
-0.186101    0.168134    0.011015
-0.151171    0.010851    0.109201
-0.143937    0.114457    0.119853
-0.146105    0.148239    0.11666
-0.185151    0.063952    0.02402
-0.187103    -0.051823    -0.002687
-0.146642    0.184058    0.11587
-0.159504    0.057905    0.09693
-0.153774    0.159558    0.105368
-0.181361    0.22247    0.046011
-0.173473    0.140361    0.068683
-0.16832    0.167515    0.083496
-0.168256    0.052339    0.083679
-0.16908    0.034379    0.081309
4.2e-05    0.188875    0.186903
-0.025378    0.203523    0.184932
0.05347    0.212635    0.178766
-0.047081    0.199212    0.180785
-0.032841    0.226355    0.179067
0.074826    0.185768    0.171336
-0.07444    0.182301    0.171064
-0.089175    0.226355    0.163448
0.021257    0.226355    0.166408
0.067058    0.179351    0.174086
0.040177    0.244382    0.193258
0.028242    0.188506    0.194187
-0.102613    0.223496    0.157434
-0.100993    0.210662    0.168573
-0.101153    0.211344    0.168496
-0.047927    0.181533    0.190113
0.09002    0.226355    0.143689
0.037888    0.226355    0.152598
0.097481    0.184903    0.15913
0.062575    0.233632    0.185466
0.026454    0.239912    0.194317
0.03791    0.192868    0.19348
-0.014245    0.223853    0.196549
-0.121198    0.186215    0.141633
-0.099468    0.248686    0.169311
-0.128245    0.229407    0.147863
-0.141094    0.248713    0.136765
-0.112516    0.226355    0.137765
-0.101515    0.226355    0.144529
0.1385    0.204392    0.124826
0.104742    0.211588    0.165466
0.092826    0.227832    0.173559
-0.032042    0.253382    0.190347
-0.139022    0.208332    0.126239
-0.1432    0.228024    0.134946
-0.0513    0.253382    0.18607
-0.102283    0.253382    0.139469
-0.042998    0.253382    0.145483
-0.02226    0.253382    0.139166
-0.080312    0.253382    0.157659
0.110715    0.226355    0.123472
0.10431    0.226355    0.132093
0.105212    0.226355    0.135017
0.141666    0.223333    0.12116
0.108966    0.22995    0.162597
0.130695    0.195586    0.147841
-0.15385    0.179351    0.115695
-0.16047    0.195507    0.112098
0.087709    0.253382    0.174174
-0.023876    0.253382    0.165994
0.078066    0.253382    0.116455
-0.040335    0.253382    0.12364
0.16002    0.253382    0.11414
0.130597    0.253382    0.134631
-0.037158    0.226355    0.093601
-0.006115    0.226355    0.112859
0.067925    0.226355    0.100904
0.078032    0.226355    0.104924
-0.111399    0.226355    0.103365
0.160238    0.186101    0.096817
0.152744    0.194031    0.122595
0.135398    0.228936    0.142677
-0.158721    0.181346    0.098084
-0.17225    0.239627    0.094752
-0.168068    0.222957    0.100911
-0.125989    0.253382    0.101894
-0.12184    0.253382    0.114261
-0.101018    0.253382    0.099513
-0.046228    0.253382    0.096429
0.011175    0.253382    0.105999
0.163376    0.226355    0.074283
0.173437    0.226355    0.067074
-0.033181    0.226355    0.090275
0.121378    0.226355    0.100718
0.135204    0.226355    0.076285
0.162304    0.218249    0.092547
0.185075    0.234271    0.066885
0.174007    0.252884    0.089762
0.16769    0.248718    0.102818
-0.171826    0.179351    0.080647
-0.182503    0.19426    0.071094
-0.076903    0.253382    0.092718
-0.00756    0.253382    0.092895
-0.084044    0.253382    0.083327
0.181497    0.253382    0.068025
0.114132    0.253382    0.101508
0.078386    0.253382    0.099031
-0.129979    0.226355    0.070292
0.01045    0.226355    0.059102
-0.102592    0.226355    0.068662
0.085499    0.226355    0.059545
-0.000893    0.226355    0.067081
-0.052386    0.226355    0.067957
0.189828    0.22885    0.049417
0.192582    0.233764    0.035004
-0.172533    0.187275    0.071384
-0.185107    0.230584    0.063606
-0.053319    0.253382    0.073009
-0.142973    0.253382    0.045522
0.060899    0.253382    0.061113
-0.120313    0.253382    0.052461
0.121843    0.253382    0.059318
-0.03675    0.253382    0.050395
0.053939    0.253382    0.06267
-0.02474    0.226355    0.027939
0.051512    0.226355    0.047579
0.117063    0.226355    0.018308
0.172604    0.226355    0.022077
0.069143    0.226355    0.034551
-0.026796    0.226355    0.03854
0.18221    0.211891    0.039622
0.194819    0.222444    0.023296
0.105097    0.253382    0.027106
0.031944    0.253382    0.050517
0.181602    0.253382    0.017926
-0.01379    0.253382    0.047752
0.131112    0.253382    0.034917
-0.097184    0.253382    0.044878
0.121613    0.253382    0.049086
-0.184909    0.198255    0.027328
-0.194293    0.179365    0.026783
-0.066537    0.226355    0.022097
-0.136915    0.226355    0.017994
-0.177768    0.226355    0.014591
-0.138777    0.226355    0.031613
-0.176414    0.226355    0.033244
0.01261    0.226355    0.012155
-0.11023    0.226355    0.025319
0.184971    0.182097    -0.026483
0.194654    0.252464    -0.021854
-0.165552    0.253382    -0.004505
0.040199    0.253382    0.010226
-0.005625    0.253382    0.004315
-0.172906    0.253382    0.01433
-0.02207    0.253382    0.023081
0.102969    0.253382    0.012698
-0.137879    0.253382    0.00872
-0.186276    0.195028    0.008621
-0.196613    0.213206    -0.004947
-0.195517    0.214674    0.010045
0.065965    0.226355    -0.007019
-0.167937    0.226355    -0.012156
0.180497    0.226355    -0.037567
0.047018    0.226355    -0.008014
0.105758    0.226355    -0.003202
0.012178    0.226355    -0.00122
0.185294    0.204425    -0.022061
0.194649    0.212573    -0.021924
0.064189    0.253382    -0.01705
0.15865    0.253382    0.008746
0.083757    0.253382    -0.022415
0.171091    0.253382    0.000953
0.008703    0.253382    -0.017321
0.140744    0.253382    -0.011731
0.155173    0.253382    -0.01545
0.165357    0.253382    -0.004912
-0.190265    0.179351    -0.01581
-0.194262    0.210057    -0.026215
-0.101606    0.226355    -0.050157
-0.121216    0.226355    -0.016465
0.085955    0.226355    -0.031184
0.041908    0.226355    -0.045066
-0.167954    0.226355    -0.041856
-0.111502    0.226355    -0.039502
0.182362    0.180295    -0.043134
0.188112    0.239153    -0.054968
0.186078    0.227442    -0.060815
-0.105423    0.253382    -0.022432
-0.082426    0.253382    -0.027666
-0.165136    0.253382    -0.024332
-0.088111    0.253382    -0.019871
0.069248    0.253382    -0.04289
-0.1021    0.253382    -0.02333
-0.181875    0.206287    -0.041374
-0.192993    0.248151    -0.032853
-0.1885    0.220127    -0.056367
0.151777    0.226355    -0.054008
0.06556    0.226355    -0.055695
0.064256    0.226355    -0.0656
0.025222    0.226355    -0.069283
-0.139914    0.226355    -0.061017
0.117996    0.226355    -0.064126
0.169278    0.179351    -0.083972
0.178752    0.184244    -0.081875
0.123161    0.253382    -0.081235
0.1168    0.253382    -0.079837
-0.15741    0.253382    -0.062942
0.079388    0.253382    -0.071378
0.16263    0.253382    -0.077946
-0.055549    0.253382    -0.068335
-0.17821    0.182174    -0.059669
-0.184607    0.197265    -0.067853
-0.18304    0.194566    -0.07109
-0.156478    0.226355    -0.102087
0.060493    0.226355    -0.081855
-0.029233    0.226355    -0.084668
-0.099674    0.226355    -0.076084
0.048378    0.226355    -0.088693
0.166909    0.192377    -0.086026
0.166613    0.228868    -0.103053
-0.108935    0.253382    -0.083467
-0.175895    0.253382    -0.074772
-0.135185    0.253382    -0.076867
0.06697    0.253382    -0.087522
-0.108397    0.253382    -0.105022
-0.090131    0.253382    -0.081311
-0.171166    0.195439    -0.07423
-0.170735    0.244377    -0.096523
-0.008471    0.226355    -0.105134
-0.108594    0.226355    -0.100784
0.150635    0.226355    -0.095601
-0.062894    0.226355    -0.101535
-0.07117    0.226355    -0.10501
0.154462    0.208057    -0.104355
0.151681    0.234093    -0.125041
-0.072155    0.253382    -0.109918
-0.07132    0.253382    -0.110339
-0.033187    0.253382    -0.115693
0.108954    0.253382    -0.093489
0.14389    0.253382    -0.095345
-0.13334    0.218417    -0.130799
-0.146442    0.192242    -0.12989
-0.129349    0.226355    -0.127796
0.107987    0.226355    -0.124022
-0.127138    0.226355    -0.111988
-0.012091    0.226355    -0.116613
0.137765    0.203271    -0.127324
0.125117    0.182166    -0.150565
-0.019532    0.253382    -0.14021
-0.054178    0.253382    -0.133443
-0.106283    0.253382    -0.124541
-0.051635    0.253382    -0.140173
-0.145932    0.187941    -0.116221
-0.155806    0.233889    -0.11905
-0.141099    0.214963    -0.136076
0.094478    0.226355    -0.146665
0.057393    0.226355    -0.149728
-0.044397    0.226355    -0.143502
0.129044    0.179351    -0.145912
0.116415    0.232596    -0.158082
0.111063    0.253382    -0.141121
0.100372    0.253382    -0.148644
0.054044    0.253382    -0.138899
-0.119581    0.195917    -0.144121
-0.122649    0.222801    -0.153305
-0.011157    0.226355    -0.160352
0.021852    0.226355    -0.154347
0.072511    0.22191    -0.171997
0.101503    0.24134    -0.168326
0.098017    0.18385    -0.170013
-0.075727    0.253382    -0.167845
-0.097766    0.253382    -0.164606
-0.100272    0.218248    -0.157235
-0.122415    0.194368    -0.153464
-0.018705    0.226355    -0.170168
0.085162    0.197646    -0.165877
0.071386    0.197177    -0.182897
0.06756    0.207086    -0.184748
0.055193    0.253382    -0.177999
-0.076768    0.19605    -0.17066
-0.054263    0.24504    -0.188358
-0.074346    0.209992    -0.181371
0.019352    0.224601    -0.186084
0.047228    0.21814    -0.190247
0.007928    0.253382    -0.186766
-0.050015    0.217846    -0.179968
-0.056626    0.226628    -0.187536
-0.073284    0.1943    -0.181741
0.022839    0.205515    -0.185417
0.022523    0.240796    -0.194967
-0.004078    0.253382    -0.192384
-0.027353    0.236079    -0.194252
-0.015417    0.225298    -0.195124
0.001168    0.225348    -0.186992
0.010809    0.241338    -0.197042
