0.030669    -0.242748    0.144748
0.020468    -0.212561    0.149823
0.050613    -0.190265    0.134827
0.060382    -0.169329    0.129967
0.010294    -0.395336    0.154884
0.049802    -0.168495    0.135231
0.057918    -0.25701    0.131193
0.033494    -0.286154    0.143343
0.075577    -0.289043    0.122409
0.063427    -0.32857    0.128453
0.042254    -0.140883    0.138985
-0.047453    -0.332786    -0.020568
-0.050864    -0.343986    0.005395
-0.028087    -0.333016    -0.067792
0.012322    -0.331973    -0.006301
-0.0576    -0.358478    -0.083221
-0.094466    -0.400024    -0.047276
-0.063752    -0.388039    0.029955
0.019102    -0.339546    -0.070457
-0.127493    -0.403419    -0.005683
0.008111    -0.356802    -0.096721
-0.026152    -0.389729    0.047775
-0.131027    -0.072193    -0.003602
-0.130965    0.052014    -0.003126
-0.127412    -0.364416    0.006816
-0.125431    -0.256578    0.011599
-0.126199    -0.352161    0.009744
-0.13398    -0.366644    -0.040013
-0.134806    0.007698    -0.033733
-0.134517    -0.242056    -0.035933
-0.015844    -0.378279    -0.111822
-0.134888    -0.222544    -0.03293
-0.133663    -0.022907    -0.023626
-0.133927    -0.275516    -0.025627
-0.130301    -0.075222    -0.000158
-0.129767    0.004255    0.001131
-0.130581    -0.368075    -0.000834
-0.107082    0.075631    0.043335
-0.112181    -0.081647    0.03669
-0.112359    -0.36105    0.036458
-0.110355    -0.334861    0.039069
-0.105489    -0.212791    0.04541
-0.131286    -0.240818    -0.060478
-0.133916    0.065715    -0.0405
-0.13033    -0.195187    -0.065815
-0.120849    -0.331805    -0.088703
-0.125034    -0.323907    -0.078601
0.025509    -0.36659    -0.096771
-0.127685    0.097939    0.008427
-0.09087    -0.280404    0.06021
-0.096981    -0.137003    0.055521
-0.119751    -0.087932    -0.091355
-0.123961    -0.051723    -0.08119
-0.125421    -0.055679    -0.077666
0.054537    -0.373259    -0.072129
-0.140696    0.097939    -0.040549
-0.090589    0.018245    0.060426
-0.080015    0.069339    0.06854
-0.088673    0.015005    0.061896
-0.11753    -0.049044    -0.095762
-0.101214    -0.390692    -0.117025
-0.111148    -0.111468    -0.104079
0.021579    -0.403419    0.046464
-0.147581    -0.139684    0.001377
-0.150339    0.041845    -0.019573
-0.148282    -0.157541    -0.003949
-0.147837    -0.182566    -0.000564
-0.149704    0.023462    -0.014746
-0.147913    -0.177133    -0.001146
-0.146062    0.105434    -0.020545
-0.148556    0.070153    -0.060016
-0.133924    0.121639    -0.065361
-0.132355    0.089668    0.038427
-0.123035    -0.077176    0.050573
-0.115791    -0.29177    0.060013
-0.111501    0.056698    0.065603
-0.111878    -0.245775    0.065112
-0.119451    -0.032617    0.055243
-0.112072    0.130601    0.033599
-0.055195    -0.297842    0.081199
-0.067268    -0.390386    0.076199
-0.071681    -0.401387    0.074371
-0.108084    -0.004775    -0.108072
-0.106634    -0.041741    -0.109962
-0.099514    -0.169619    -0.11924
0.093742    -0.403419    0.028334
-0.150775    -0.231977    -0.022884
-0.151318    -0.339564    -0.027004
-0.147774    -0.401103    -9e-05
-0.150878    -0.171843    -0.023664
-0.149779    -0.186694    -0.015314
-0.151351    -0.038551    -0.027254
-0.134435    -0.396001    0.034448
-0.139069    -0.285606    0.023258
-0.136516    -0.355226    0.029423
-0.147133    0.077514    0.003792
-0.14251    -0.3035    0.014952
-0.142849    -0.392297    0.014133
-0.150793    0.061785    -0.043027
-0.148205    -0.012593    -0.062684
-0.149257    -0.098781    -0.054693
-0.148769    -0.040382    -0.058398
-0.139592    0.074303    -0.08804
-0.138272    -0.092902    0.025184
-0.137403    0.067909    0.027283
-0.134009    -0.362763    0.035476
-0.138495    -0.074163    0.024644
-0.134509    -0.219139    0.034268
-0.142964    0.009893    0.013856
-0.100969    0.166178    0.011344
-0.124216    -0.177379    0.049033
-0.127024    -0.055068    0.045374
-0.127761    -0.050878    0.044413
-0.132641    -0.064422    0.038054
-0.113002    -0.377421    0.063647
-0.125192    -0.115256    0.047762
-0.088528    0.022567    0.083515
-0.103714    -0.141231    0.071862
-0.105362    -0.047564    0.070597
-0.103479    -0.103465    0.072042
-0.104495    -0.109474    0.071263
-0.10872    -0.153722    0.068021
0.053578    -0.179983    0.070935
0.054055    -0.376148    0.070569
0.070062    -0.323856    0.058286
0.086401    -0.136063    0.039901
0.081727    -0.266795    0.045992
0.094309    -0.30607    0.029596
-0.061796    -0.037959    0.078465
-0.04907    0.028102    0.083737
-0.124558    0.119364    -0.091716
-0.093868    -0.122455    -0.123954
-0.091802    -0.130133    -0.125539
-0.083897    0.031154    -0.131605
0.042198    -0.403419    -0.098588
0.107371    -0.208439    -0.001089
0.106868    -0.250963    0.000123
0.095772    -0.390519    0.026912
0.109177    -0.388092    -0.014737
0.109617    -0.383786    -0.018081
-0.130546    -0.405106    -0.013964
-0.15041    -0.096002    -0.045934
-0.152022    -0.177412    -0.033688
-0.151323    0.002079    -0.038998
-0.149169    -0.154785    -0.05536
-0.150124    -0.185697    -0.048109
-0.150029    -0.083613    -0.048824
-0.086074    0.156722    -0.042562
-0.135539    0.081023    -0.097826
-0.141873    -0.045783    -0.082533
-0.14707    -0.118968    -0.069985
-0.080288    0.15594    -0.063384
-0.117846    -0.403849    0.049422
-0.090277    -0.065789    0.082173
-0.093092    -0.388228    0.080012
-0.0928    -0.245792    0.080237
-0.086451    -0.044049    0.085108
-0.101262    -0.398036    0.073744
-0.080245    0.122115    0.072115
-0.06982    0.204554    0.014421
0.070329    -0.277107    0.058082
0.070874    0.054927    0.057664
0.046205    -0.144299    0.075266
0.04945    -0.106352    0.073921
0.025047    0.046682    0.08403
0.088681    -0.002326    0.03693
0.081876    0.086404    0.045798
0.086872    -0.004739    0.039287
0.102423    0.017339    0.010855
0.10428    -0.014838    0.006373
-0.023229    -0.310598    0.088697
-0.022181    -0.277618    0.088835
-0.020415    -0.337968    0.089068
-0.075678    -0.060511    -0.137912
-0.078488    -0.185312    -0.135756
-0.081293    -0.282912    -0.133604
0.025221    -0.403419    -0.137259
0.107409    -0.376777    -0.064737
0.107604    -0.276264    -0.063253
0.107833    -0.27503    -0.061514
0.110616    0.088156    -0.025671
0.108004    0.037288    -0.005829
0.109699    -0.056895    -0.047342
0.110588    -0.021185    -0.040588
0.109724    -0.177482    -0.047154
-0.149238    -0.386073    -0.054831
-0.149068    -0.324231    -0.056124
-0.085314    0.198077    -0.017707
-0.146194    -0.328937    -0.072101
-0.147041    -0.300388    -0.070056
-0.085786    0.204384    -0.063321
-0.07672    -0.023929    0.090752
-0.058587    0.023716    0.098262
-0.073342    0.000848    0.092151
-0.08055    -0.008335    0.089166
-0.066777    -0.066144    0.09487
-0.081515    -0.208409    0.088766
-0.072218    -0.405835    0.06194
-0.071842    0.136619    0.011786
0.023659    -0.100144    0.084605
0.039553    -0.380105    0.078021
0.02489    -0.096694    0.084095
-0.028604    0.006244    0.08799
-0.032024    0.001341    0.087539
-0.034764    0.023026    0.087179
-0.068984    0.150368    -0.081554
-0.127994    -0.270678    -0.110153
-0.132869    -0.250789    -0.103801
-0.123792    -0.038165    -0.115629
-0.114595    0.037227    -0.127614
-0.129185    -0.017934    -0.108601
-0.125566    -0.11348    -0.113317
-0.059065    -0.007322    -0.14564
-0.055139    0.071627    -0.147266
-0.086714    0.097939    -0.140665
0.0685    -0.07815    -0.125529
0.06628    -0.401272    -0.127232
0.076341    -0.252758    -0.119055
0.088218    -0.350058    -0.103577
0.083059    -0.280905    -0.1103
0.103661    -0.334455    -0.07391
0.101858    -0.34475    -0.078262
0.095722    -0.179725    -0.093076
0.10275    -0.198762    -0.07611
0.10099    -0.031315    -0.080358
-0.151288    -0.40353    -0.038676
-0.084884    0.197671    -0.014441
-0.083448    0.211395    -0.033565
-0.136289    -0.37428    -0.096015
-0.139525    -0.206522    -0.088202
-0.138744    -0.096929    -0.090088
-0.135496    -0.023752    -0.097929
-0.133741    -0.1019    -0.102166
-0.134148    -0.092882    -0.101184
-0.050078    -0.05615    0.101787
-0.054195    -0.312398    0.100082
-0.068522    -0.251908    0.094148
-0.052367    -0.079627    0.100839
-0.051458    0.039222    0.101216
-0.063283    -0.199698    0.096318
-0.048518    0.118939    0.089189
-0.04992    0.185011    0.032186
-0.063145    0.097939    -0.010311
0.006211    -0.30036    0.087868
-0.011133    -0.154565    0.090152
-0.005133    -0.294037    0.089362
0.014012    -0.140412    0.086841
0.01299    -0.200816    0.086976
0.106338    0.097939    0.025371
-0.078593    0.155244    -0.115094
-0.117888    -0.265704    -0.123323
-0.117315    -0.34054    -0.124069
-0.126765    -0.360663    -0.111754
-0.117004    -0.385034    -0.124475
-0.112038    -0.166252    -0.130946
-0.119694    -0.31731    -0.12097
-0.0508    -0.28358    -0.149063
-0.061195    -0.281471    -0.144758
-0.05942    -0.366118    -0.145493
-0.086598    0.063699    -0.151039
-0.083866    -0.054119    -0.153135
-0.081894    -0.351277    -0.154648
-0.085341    -0.054339    -0.152003
-0.084949    -0.225275    -0.152304
-0.088074    0.025577    -0.149906
0.054302    0.018259    -0.136424
0.055068    -0.102204    -0.135836
0.07777    0.091648    -0.117193
0.090825    -0.253273    -0.100179
0.07899    0.014803    -0.115603
-0.092133    -0.407872    -0.072336
0.043648    0.097939    -0.052241
-0.104154    -0.406418    -0.085848
-0.034007    -0.188868    0.104488
-0.018873    0.013788    0.10648
-0.039934    -0.056899    0.103707
-0.028284    -0.053097    0.105241
-0.01878    0.039099    0.106492
-0.040735    -0.027912    0.103602
-0.041266    -0.406505    0.068036
-0.042031    0.102746    0.035604
0.034191    0.097939    -0.008807
0.09874    0.063619    0.051847
0.100763    -0.051144    0.049211
0.109568    -0.211255    0.037735
0.102498    0.064402    0.04695
0.103687    -0.212937    0.0454
0.109792    -0.298599    0.037444
0.086414    0.111017    0.055394
0.068036    -0.145302    0.081348
0.067925    0.058512    0.081433
0.060601    0.060681    0.087053
0.065138    -0.171316    0.083572
0.077547    0.01173    0.07405
0.08212    0.01252    0.070541
0.050025    0.177395    0.036813
0.121186    -0.224535    0.010143
0.123573    -0.304754    0.00438
0.119818    -0.15794    0.013444
0.122128    -0.226265    0.007868
0.123898    -0.297168    0.003596
0.123572    -0.045349    0.004382
0.117213    0.10599    0.007476
0.125845    -0.050662    -0.010625
0.124045    0.096983    0.003047
0.127757    -0.061028    -0.025155
0.127604    -0.151869    -0.023989
0.126997    -0.190649    -0.019377
0.12768    0.015186    -0.024567
-0.126701    0.111701    -0.108558
-0.091104    -0.406807    -0.095916
-0.104814    -0.020632    -0.13706
-0.104961    -0.297347    -0.136948
-0.088294    -0.336007    -0.149737
-0.098076    -0.197668    -0.142231
-0.102289    -0.218544    -0.138998
-0.10919    -0.144187    -0.133702
-0.013943    0.077732    -0.155963
-0.034608    -0.009353    -0.153242
-0.063868    -0.211044    -0.162118
-0.060921    -0.359277    -0.163339
-0.080627    -0.377843    -0.155177
-0.07104    -0.243269    -0.159148
-0.078618    -0.155437    -0.156009
-0.056793    -0.273775    -0.165049
0.048043    -0.13827    -0.140548
0.048987    -0.276016    -0.140157
0.043536    -0.244928    -0.142415
0.124205    0.046691    -0.067877
0.124374    -0.028376    -0.066592
0.127551    0.076545    -0.042459
0.124513    0.066186    -0.065534
0.126009    -0.122683    -0.054168
0.126313    0.033091    -0.051861
0.099209    0.147664    -0.035766
0.062706    0.12187    -0.042966
-0.085429    -0.407953    -0.082244
0.013528    0.097939    0.100134
-0.01608    -0.390284    0.106848
-0.032069    -0.251554    0.104743
-0.016309    -0.114933    0.106818
-0.045354    -0.378729    0.102994
-0.03286    -0.226356    0.104639
-0.021556    -0.057767    0.106127
-0.067891    -0.407914    0.091049
0.04706    0.139256    0.013697
0.063243    0.146434    -0.027158
0.095931    -0.184065    0.055508
0.093441    -0.186975    0.058753
0.08864    0.027269    0.065011
0.095621    -0.265262    0.055913
0.098587    -0.327156    0.052048
0.087937    -0.266354    0.065927
0.115406    -0.276672    0.024097
0.117862    -0.270334    0.018167
0.111574    -0.35252    0.033346
0.117762    -0.196256    0.018408
0.110801    -0.050176    0.035213
0.117234    -0.174368    0.019684
0.086931    -0.050069    0.06685
0.076419    -0.291729    0.074915
0.086883    -0.289029    0.066886
0.073877    -0.365317    0.076866
0.081937    -0.103196    0.070681
0.069352    -0.293484    0.080338
0.047725    -0.143619    0.093104
0.045281    -0.271103    0.094117
0.052861    -0.076169    0.090977
0.055667    -0.395626    0.089815
0.053969    -0.044046    0.090518
0.058249    -0.105202    0.088745
0.035903    0.182822    0.043664
0.124388    -0.122022    0.000443
0.124706    -0.026591    -0.001976
0.125317    -0.250885    -0.006616
0.126202    -0.210217    -0.013335
0.124951    -0.398115    -0.003832
0.123821    0.108443    -0.005677
0.127996    -0.221704    -0.039077
0.12547    -0.319021    -0.058267
0.127403    -0.051181    -0.043584
0.12827    -0.381698    -0.036992
0.12709    -0.17258    -0.045957
0.128305    0.019217    -0.036733
-0.124695    0.118545    -0.108878
-0.035182    0.187224    -0.104483
-0.016711    -0.218904    -0.155599
-0.017914    -0.023017    -0.15544
-0.019251    -0.028713    -0.155264
-0.068115    -0.017155    -0.160359
-0.065761    -0.111753    -0.161334
-0.070735    -0.00698    -0.159274
-0.060017    -0.061615    -0.163713
-0.073645    0.063381    -0.158069
-0.063148    -0.061585    -0.162416
-0.045374    -0.406921    -0.127342
0.002241    -0.329526    -0.154434
-0.011022    -0.398337    -0.15618
0.025744    -0.241771    -0.149784
0.024258    0.037503    -0.1504
0.040475    0.085981    -0.143683
0.118824    0.087962    -0.081886
0.093277    0.143876    -0.073622
0.123006    -0.275841    -0.071792
0.122326    -0.043897    -0.073432
0.120293    -0.337268    -0.07834
0.123824    -0.113128    -0.069815
0.118766    -0.395358    -0.082028
0.118478    -0.305934    -0.082723
-0.099399    -0.414729    -0.015739
0.053034    0.111341    -0.071956
-0.12602    0.140337    0.028012
0.035966    0.055843    0.097975
0.04358    -0.036091    0.094821
0.042377    -0.064611    0.095319
0.034129    -0.160132    0.098736
0.032219    -0.2857    0.099527
0.02522    -0.169636    0.102426
0.042135    0.15001    0.06258
-0.011394    -0.350036    0.107395
0.01392    0.073159    0.104062
-0.009514    -0.079989    0.107148
-0.005284    -0.30346    0.106591
0.015111    -0.021546    0.103906
-0.003064    -0.196018    0.106299
0.000914    0.117669    0.09418
-0.030075    0.166311    0.040227
0.044072    0.122962    0.017592
-0.094528    0.192849    0.011561
0.04347    0.208132    0.018451
0.041391    0.199844    0.020839
0.087538    -0.407048    -0.035088
-0.036657    0.153063    -0.103873
0.001667    0.045635    -0.154509
-0.010005    -0.0748    -0.156046
-0.010062    -0.327517    -0.156054
-0.044205    -0.121465    -0.169188
-0.036983    -0.376515    -0.170139
-0.0223    -0.270228    -0.172072
-0.041159    -0.074003    -0.169589
-0.031951    -0.239932    -0.170801
-0.023537    -0.292864    -0.171909
0.103586    0.043636    -0.111576
0.093801    0.107765    -0.114923
0.069321    0.104697    -0.141441
0.071138    -0.106023    -0.14501
0.073012    -0.072222    -0.143572
0.077786    -0.22713    -0.139909
0.076047    -0.01258    -0.141244
0.06819    0.06811    -0.147272
0.078594    -0.226573    -0.139289
0.113109    -0.165306    -0.095683
0.113886    -0.008457    -0.093809
0.114417    -0.086861    -0.092527
0.096931    0.127382    -0.089912
0.11502    -0.143788    -0.091071
0.102641    -0.404753    -0.08192
0.077922    0.121713    -0.122266
-0.106211    0.141678    0.054731
0.009979    -0.167767    0.104581
0.020608    -0.031662    0.103182
0.017676    -0.370009    0.103568
0.016791    -0.401919    0.103684
0.024373    0.040265    0.102686
0.015546    -0.158381    0.103848
0.002046    -0.403931    0.099841
-0.040796    -0.413958    0.094189
0.024915    0.122262    0.033036
0.088952    -0.406567    -0.004129
0.030425    0.204493    0.035444
-0.040138    0.126441    -0.152973
-0.040486    0.097939    -0.169104
-0.034393    -0.07121    -0.17048
-0.042918    0.091292    -0.169357
-0.020228    -0.075911    -0.172345
-0.017548    0.091959    -0.172697
-0.016352    -0.024702    -0.172855
-0.023417    -0.0094    -0.171925
0.096817    -0.019241    -0.120396
0.095143    0.033859    -0.122578
0.104214    -0.146174    -0.110757
0.099247    -0.027185    -0.11723
0.080482    -0.28453    -0.13784
0.081708    -0.334008    -0.136899
0.070606    -0.151692    -0.145419
0.061203    -0.238697    -0.152634
0.075316    -0.288673    -0.141805
0.076813    -0.269279    -0.140656
0.092955    -0.282095    -0.12543
0.092702    -0.245566    -0.125759
0.094583    -0.128677    -0.123308
0.106043    -0.271998    -0.108373
0.102229    -0.269002    -0.113343
0.102699    -0.243045    -0.112731
0.106797    -0.365251    -0.107391
0.100197    -0.35084    -0.115992
-0.088099    -0.41852    -0.128232
0.025359    0.105626    -0.098895
0.000292    0.182824    0.041078
0.101263    0.121265    0.041869
-0.017037    0.191074    -0.11803
-0.013199    0.15854    -0.10849
0.014526    -0.080285    -0.170026
0.013662    0.091261    -0.170139
0.023894    -0.362722    -0.168792
0.023521    -0.150844    -0.168841
0.012261    -0.124971    -0.170324
0.008743    0.011261    -0.170787
0.0005    0.127887    -0.154272
0.057974    0.060381    -0.154902
-0.007912    -0.080867    -0.17298
-0.003042    -0.259975    -0.172339
0.000115    -0.288565    -0.171923
-0.005312    -0.04941    -0.172638
-0.011138    -0.304985    -0.173404
0.000477    -0.211722    -0.171875
0.004875    -0.404381    -0.160431
0.072846    -0.405761    -0.108567
0.028698    0.212222    -0.090782
-0.051999    0.137431    0.091046
-0.036028    0.222388    0.023787
0.074471    0.198126    -0.051466
-0.037349    0.199193    -0.116083
0.025713    -0.359376    -0.168265
0.038672    -0.385924    -0.162897
0.026468    0.020317    -0.167952
0.053279    -0.337866    -0.156847
0.036769    -0.266504    -0.163685
0.035675    -0.152039    -0.164139
0.042191    -0.005814    -0.16144
0.049777    -0.231559    -0.158297
0.054501    -0.031121    -0.156341
0.055415    -0.033507    -0.155962
0.038562    -0.065093    -0.162943
0.057395    -0.228696    -0.155142
0.040528    -0.405391    -0.138228
-0.118384    0.174334    -0.06249
0.004136    -0.419671    0.084616
0.112091    0.137227    0.008282
-0.047716    0.193477    -0.118748
-0.024314    0.124184    -0.166872
0.057109    0.19363    -0.095921
0.047896    0.140613    0.08184
0.060259    -0.4161    0.023016
-0.116838    0.148586    -0.101875
0.039053    0.123505    -0.157651
-0.129911    0.160789    -0.019861
-0.035241    0.184786    0.066134
0.08217    0.179329    0.017635
-0.082387    0.144185    -0.13923
-0.067525    0.227938    -0.015223
-0.034709    -0.420697    0.068277
0.053247    0.18076    0.049326
0.031105    0.138391    -0.155711
-0.014021    0.156272    0.089142
0.105138    0.159192    -0.064193
0.048579    -0.419353    -0.110624
0.018565    0.163665    0.081151
0.078706    0.172784    0.031595
0.084915    -0.420343    -0.066028
0.0413    0.225557    -0.004604
0.010067    0.15732    -0.152071
0.042304    0.227154    -0.05659
0.045263    0.231339    -0.035461
0.035998    0.245883    -0.011806
-0.056594    0.354454    -0.007681
-0.05155    0.287904    -0.065159
-0.030607    0.303588    0.014563
-0.06084    0.395912    -0.017932
-0.050011    0.363303    -0.067166
-0.032206    0.28294    -0.079943
-0.010099    0.346513    0.018429
0.032016    0.255358    -0.005811
0.035792    0.312002    -0.052293
-0.035638    0.39662    -0.024187
-0.042782    0.406156    -0.081208
0.014161    0.337319    -0.077761
-0.019362    0.350644    0.01762
0.019051    0.368468    0.007968
0.038474    0.348488    -0.021453
0.029942    0.309796    -0.062934
-0.027851    0.39662    -0.009075
-0.020572    0.395316    -0.083502
0.020318    0.350924    -0.073039
-0.068527    0.414492    -0.007438
-0.042363    0.423105    0.021725
-0.059043    0.446786    0.007614
-0.026421    0.428248    0.027903
0.031968    0.435565    -0.078112
0.04998    0.445836    -0.042369
-0.010833    0.453958    0.026279
0.03879    0.460145    -0.01875
0.024911    0.467949    -0.003958
-0.054846    0.476683    -0.033953
-0.047483    0.478402    -0.055815
-0.036744    0.478402    -0.012572
-0.05449    0.466185    -0.029381
0.023183    0.45765    -0.058154
0.002048    0.451734    -0.069644
0.011035    0.451734    -0.059303
-0.058923    -0.341434    -0.013851
-0.063902    -0.349998    -0.00119
-0.073262    -0.371894    0.01102
-0.092718    -0.382599    -0.035105
-0.065524    -0.373746    0.022136
0.0241    -0.33891    -0.001505
-0.121625    -0.403419    -0.0376
0.016545    -0.356168    0.026622
-0.123443    -0.403419    -0.062544
0.045055    -0.351777    -0.007173
-0.131612    -0.308469    -0.008042
-0.131431    -0.228945    -0.006671
-0.132286    -0.202634    -0.013166
-0.120431    -0.357775    0.023671
-0.128757    -0.366809    0.00357
-0.134485    -0.10801    -0.036173
-0.133509    -0.164144    -0.043592
-0.134364    -0.008889    -0.037093
0.017186    -0.361704    -0.097323
0.040593    -0.366413    0.018993
-0.132466    -0.012458    -0.014532
-0.133253    0.072173    -0.020513
-0.127755    -0.086327    0.005989
-0.12752    -0.105815    0.006555
-0.120611    0.035424    0.023236
-0.113063    0.07211    0.035541
-0.114342    -0.235848    0.033874
-0.115503    -0.225681    0.032361
-0.100633    -0.336943    0.051738
-0.099531    -0.141869    0.053174
-0.132613    -0.044362    -0.050395
-0.132511    0.020456    -0.051171
-0.131436    -0.299021    -0.059332
-0.130031    -0.334469    -0.066537
-0.130359    -0.319575    -0.065744
-0.095191    -0.403419    -0.083574
0.016481    -0.385149    0.043131
-0.080182    -0.350266    0.068412
-0.096593    -0.232225    0.055819
-0.088365    -0.111944    0.062133
-0.126267    0.00438    -0.075624
-0.125173    0.024772    -0.078264
-0.078205    -0.403419    -0.100801
0.05972    -0.400714    0.012093
-0.022578    -0.403419    0.057626
-0.078272    -0.203869    0.069877
-0.077983    -0.127984    0.0701
-0.112428    -0.344583    -0.102412
-0.105925    -0.26129    -0.110885
-0.110266    -0.223499    -0.105229
0.036321    -0.382868    -0.097912
-0.13512    0.125145    -0.02542
-0.136613    0.121134    -0.047195
-0.107568    0.144794    0.025883
0.050109    -0.403419    0.065219
-0.057621    -0.222786    0.080195
-0.063413    -0.372478    0.077795
-0.067935    -0.274081    0.075923
-0.107017    -0.153828    -0.109463
-0.104743    0.049097    -0.112426
0.043821    -0.397539    -0.095684
-0.106877    0.172125    -0.04544
-0.109572    0.148205    0.017939
-0.073222    0.206669    0.011421
0.060973    -0.384107    0.065261
0.065614    -0.351527    0.0617
0.058363    -0.387661    0.067263
0.090323    -0.329708    0.03479
0.094085    -0.202712    0.029888
-0.050608    -0.263683    0.083099
-0.049828    -0.215058    0.083423
-0.043921    -0.258837    0.08587
-0.105158    0.157411    -0.080621
-0.093687    -0.034451    -0.124093
-0.087427    -0.054914    -0.128897
-0.014499    -0.403419    -0.126453
0.085361    -0.403419    -0.05148
0.105888    -0.205576    0.002491
0.102358    -0.29817    0.011012
0.110765    -0.367217    -0.0268
0.11044    -0.374344    -0.024335
0.111221    -0.310301    -0.030265
-0.129525    -0.404157    0.024709
-0.145901    -0.109994    -0.073465
-0.147122    -0.237767    -0.070106
-0.141432    -0.17031    -0.08576
-0.142749    -0.032756    -0.081898
-0.144477    -0.114824    -0.077169
-0.079405    0.153374    -0.065517
-0.110625    -0.404585    0.045294
-0.07687    0.138776    0.062468
0.062773    -0.104273    0.06388
0.069411    0.005393    0.058786
0.069223    -0.075781    0.058931
0.048799    -0.223739    0.074191
0.043138    0.016895    0.076536
0.079626    -0.288096    0.04873
0.084499    0.05683    0.04238
0.089409    0.019383    0.035982
0.101681    -0.064593    0.012646
0.100177    -0.127507    0.016278
0.099106    -0.082535    0.018865
-0.0323    -0.175419    0.087503
-0.038607    -0.254697    0.086672
-0.110447    0.139423    -0.093315
-0.081232    -0.27301    -0.13365
-0.086873    -0.328232    -0.129322
-0.02589    -0.403419    -0.138819
0.108101    -0.293709    -0.059483
0.108835    -0.396678    -0.053907
0.107516    -0.243283    -0.063923
0.109856    0.013456    -0.019896
0.107762    -0.00576    -0.003985
0.107682    -0.292745    -0.003379
0.111345    -0.06989    -0.034839
0.110892    -0.15016    -0.038279
-0.097492    -0.407755    -0.003216
-0.086296    0.120141    -0.040875
-0.142066    -0.092441    -0.084015
-0.138168    -0.049344    -0.094738
-0.13795    -0.256755    -0.095338
-0.145008    -0.254969    -0.075714
-0.138335    -0.030365    -0.093984
-0.074951    0.148034    -0.073778
-0.075848    -0.407021    0.042414
-0.07003    0.156387    0.014147
0.026917    -0.327314    0.083255
0.032061    -0.137167    0.081124
0.027101    -0.020242    0.083179
-0.030821    0.029948    0.087698
-0.019311    -0.0931    0.089213
-0.030155    -0.010591    0.087785
-0.095428    0.155579    -0.097424
-0.056202    -0.047058    -0.146826
-0.063504    -0.215104    -0.143801
-0.068792    -0.17178    -0.141612
0.070062    -0.337623    -0.12433
0.064289    -0.301861    -0.128761
0.070997    -0.053877    -0.123613
0.078456    -0.139137    -0.116299
0.089148    -0.294982    -0.102365
0.095853    -0.119935    -0.092761
0.099744    -0.16554    -0.083366
0.097124    -0.396223    -0.08969
0.10487    -0.154735    -0.070992
0.104604    -0.068014    -0.071634
0.113048    0.097939    -0.011322
-0.085063    0.138937    -0.015798
-0.041711    0.097939    -0.062432
-0.132586    -0.172764    -0.104239
-0.13577    -0.177961    -0.099011
-0.131515    0.010887    -0.105703
-0.131775    -0.065377    -0.105277
-0.12493    0.018718    -0.116487
-0.037286    0.097939    0.091498
-0.057549    -0.40642    0.062325
-0.063458    0.164992    0.021796
-0.003591    -0.308949    0.089159
0.007114    -0.367809    0.087749
-0.008465    0.026791    0.089801
0.014266    -0.116198    0.086808
0.006833    0.054745    0.087786
0.015672    0.093321    0.086622
-0.082495    0.16501    -0.104927
-0.050668    -0.234747    -0.149118
-0.060509    -0.398083    -0.145042
-0.043698    -0.248955    -0.152005
0.057961    -0.053403    -0.133616
0.05267    -0.054629    -0.137676
0.073203    0.070151    -0.12192
0.085909    -0.055863    -0.106586
0.09152    0.0217    -0.099273
0.121548    0.097939    -0.049024
-0.082146    0.097939    -0.024206
0.059335    0.097939    -0.055771
-0.123565    -0.205899    -0.119052
-0.123798    -0.22942    -0.118669
-0.13122    -0.00073    -0.106482
-0.136844    -0.244555    -0.096977
-0.128333    -0.23664    -0.110913
-0.068711    0.213039    -0.072909
-0.046012    0.139845    0.077043
-0.01559    0.097939    0.005418
-0.007575    0.097939    -0.018565
0.063096    0.172748    0.026698
0.055603    0.150261    0.052461
0.104562    0.132776    -0.004478
-0.052157    0.202196    -0.100897
-0.098039    -0.405295    -0.114688
-0.02586    -0.012065    -0.154394
-0.023784    -0.010006    -0.154667
0.044891    -0.047249    -0.141854
0.04347    -0.222932    -0.142442
0.039612    -0.270546    -0.14404
0.11989    0.106027    -0.064547
0.061557    0.165027    -0.051692
-0.121979    -0.247539    -0.120823
-0.111552    -0.243601    -0.132121
-0.108925    -0.211795    -0.134967
-0.119688    0.010393    -0.122996
-0.111425    -0.050569    -0.131929
-0.14285    0.130533    -0.052008
-0.008051    0.097939    0.097926
-0.037659    -0.406749    0.066402
0.050953    0.134083    0.008624
0.06292    0.098804    -0.024705
0.031421    0.203714    0.03176
0.074043    0.187552    -0.017179
-0.051746    0.179263    -0.115851
-0.082936    -0.405307    -0.12721
-0.013614    0.043479    -0.156006
-0.012873    -0.175147    -0.156104
-0.079138    -0.405177    -0.154479
0.015962    -0.010701    -0.152627
0.012401    -0.093147    -0.153096
0.019702    0.027203    -0.152135
0.027805    -0.088405    -0.14893
0.03843    0.089222    -0.14453
0.107881    0.104509    -0.098302
0.091328    0.15642    -0.05655
0.060658    0.128637    -0.054485
-0.114123    -0.056665    -0.129335
-0.117803    -0.056134    -0.125348
-0.117203    -0.071449    -0.125998
-0.11291    -0.225859    -0.130324
-0.11286    -0.215331    -0.130378
-0.141372    0.138812    -0.040358
0.037445    0.133143    0.07516
-0.031931    -0.404974    0.087203
-0.023042    0.194813    0.049
-0.009596    0.103904    0.106379
0.060441    0.202777    -0.011032
0.098738    -0.404051    0.04022
0.057014    -0.405157    0.065272
0.114019    -0.404609    -0.022872
-0.043704    0.171106    -0.124326
-0.069702    -0.40885    -0.092716
-0.011649    0.068213    -0.156263
-0.003048    -0.00197    -0.15513
-0.053664    -0.405584    -0.164726
0.083177    0.147576    -0.090665
0.069823    0.122637    -0.12788
0.066172    0.205227    -0.04674
-0.069755    0.218257    -0.003818
-0.095542    -0.038749    -0.14618
-0.095448    -0.072176    -0.146248
-0.100941    -0.121714    -0.141942
-0.09782    -0.215318    -0.1442
-0.102407    -0.070029    -0.140882
-0.035113    0.121577    0.100146
-0.009975    0.159232    0.071187
-0.004478    0.122481    0.041706
0.012569    0.202075    0.038151
0.093315    -0.406172    -0.003124
0.072577    -0.408189    -0.015136
-0.032873    0.179394    -0.122809
0.029646    0.097939    -0.160637
0.040235    0.160505    -0.122773
0.109045    -0.095836    -0.104575
0.102468    -0.15785    -0.113945
0.06885    -0.407286    -0.085733
-0.063439    0.219274    0.004715
-0.084875    -0.088093    -0.153907
-0.095383    -0.184043    -0.146295
-0.097782    0.017164    -0.144227
-0.089755    -0.125084    -0.150034
-0.08803    -0.052802    -0.151281
-0.044131    0.124918    0.098013
-0.024575    -0.415646    0.056591
0.044044    0.201096    0.030596
-0.017963    0.118445    -0.160591
0.013914    0.110964    -0.162451
0.026382    0.19803    -0.104864
-0.026513    -0.412219    -0.117815
0.09697    -0.074753    -0.12178
0.100823    -0.106728    -0.11629
0.100062    -0.113846    -0.117374
-0.082556    -0.419564    -0.12872
-0.081931    -0.09202    -0.155948
-0.077181    -0.057788    -0.158118
-0.072445    -0.105968    -0.160281
-0.071277    -0.20741    -0.160478
-0.069483    -0.192563    -0.161296
0.011019    0.152752    -0.104835
-0.081289    0.18643    0.039562
0.053515    -0.409992    0.08532
0.005508    0.204431    -0.106434
0.035153    0.105705    -0.163265
0.073213    0.119584    -0.138876
0.105344    0.013531    -0.110047
0.09634    -0.001835    -0.122918
0.106937    -0.186458    -0.107769
0.090189    -0.069649    -0.129598
0.083096    -0.083215    -0.136349
-0.112315    -0.419673    -0.09681
-0.061839    -0.070935    -0.165126
-0.068118    -0.157182    -0.162258
-0.061181    -0.224796    -0.165427
-0.06577    -0.013637    -0.162991
-0.073594    -0.018708    -0.15942
-0.097786    0.173503    -0.102285
0.044397    0.136983    0.084712
0.114927    -0.414386    -0.003729
0.038827    -0.40399    -0.155917
0.096223    -0.08743    -0.123085
0.09827    -0.257807    -0.120159
0.095986    -0.01656    -0.123424
0.075289    -0.213123    -0.143779
0.075397    -0.07624    -0.143677
0.041654    0.214712    -0.075108
-0.045774    -0.141778    -0.169945
-0.035967    -0.003954    -0.172243
-0.054368    -0.049741    -0.167932
-0.056868    -0.185535    -0.167012
-0.044869    -0.213198    -0.169821
-0.130576    0.16171    -0.036673
0.038846    -0.417335    0.080886
0.119469    0.134566    -0.041372
0.005243    -0.413778    -0.162097
0.093925    -0.062096    -0.126283
0.083148    -0.247005    -0.136567
0.090662    -0.134998    -0.129396
0.062925    -0.107691    -0.151974
0.073838    -0.054739    -0.145093
-0.120393    -0.420796    -0.067194
-0.042128    -0.193672    -0.170799
-0.031873    -0.171793    -0.173202
-0.043405    -0.127412    -0.1705
-0.042102    -0.053775    -0.170468
-0.034807    -0.098587    -0.172175
-0.07062    0.178158    -0.122714
-0.053493    0.170002    0.07205
0.057533    0.182827    0.0438
0.000777    0.131798    -0.164617
0.091927    0.004418    -0.128189
0.089125    -0.002871    -0.130863
0.064386    -0.223063    -0.151053
0.05162    -0.033358    -0.159103
0.06799    -0.206126    -0.14878
-0.008909    0.014121    -0.174281
-0.020416    -0.097858    -0.173916
-0.028842    -0.01339    -0.173648
-0.028087    -0.107844    -0.173337
0.03123    0.15209    0.083067
0.111229    0.147268    -0.001528
0.009843    -0.417582    -0.155305
0.063943    -0.159094    -0.151625
0.054247    -0.262337    -0.157753
0.07248    -0.240068    -0.14623
0.04918    -0.244889    -0.160275
0.046917    -0.093872    -0.161138
0.079855    0.183853    -0.079115
-0.023016    -0.239596    -0.173833
-0.014936    -0.195972    -0.17409
-0.02182    0.001556    -0.173537
-0.056422    0.229641    -0.069282
0.103624    0.15738    0.004421
0.031616    -0.418062    -0.148269
0.052038    -0.245066    -0.159149
0.066724    -0.015315    -0.149868
0.026263    -0.238096    -0.169018
0.042791    -0.248618    -0.162713
0.027003    -0.213032    -0.168736
-0.001852    -0.091903    -0.17438
0.000741    -0.07867    -0.173944
0.011679    -0.092987    -0.172103
-0.016884    -0.056204    -0.173694
-0.040673    0.15174    -0.154123
0.107157    0.158605    -0.051262
0.062306    -0.420034    -0.102085
0.037365    -0.163972    -0.165097
0.046048    -0.061596    -0.161777
0.010416    -0.014111    -0.17199
0.015115    0.011409    -0.171201
0.014352    -0.061646    -0.171329
0.013221    -0.19011    -0.171844
0.003795    -0.206394    -0.17343
0.018802    -0.192467    -0.170904
-0.00871    -0.063767    -0.173955
0.031113    0.166366    0.074205
0.09283    -0.420737    -0.035314
0.03019    -0.101792    -0.16784
0.030248    -0.175345    -0.167817
0.001077    -0.143531    -0.173558
0.002166    -0.262148    -0.173375
0.00766    -0.166519    -0.172453
-0.062153    0.236806    -0.053701
-0.043261    0.238044    0.010991
-0.035734    0.244316    -0.079804
-0.061905    0.310353    -0.022327
-0.060158    0.330338    -0.049758
-0.039513    0.255188    0.010158
-0.06254    0.340867    -0.027149
-0.05731    0.31268    -0.056632
-0.033    0.310986    -0.079614
-0.020327    0.256566    0.017493
0.018328    0.257281    0.008523
0.039773    0.315324    -0.031321
-0.06542    0.400813    -0.037106
-0.029207    0.39662    -0.057076
-0.0095    0.260753    -0.084392
0.029819    0.255338    -0.063095
0.007757    0.358665    0.01437
0.033409    0.311846    -0.007994
0.037216    0.376525    -0.048855
0.005783    0.39662    -0.050087
-0.048173    0.398447    -0.070996
0.007119    0.387555    -0.080677
0.042351    0.402133    -0.024488
-0.031115    0.430046    -0.092428
0.038979    0.410574    -0.06549
-0.019153    0.441921    -0.094902
0.0509    0.431008    -0.030669
0.029714    0.450128    0.013798
0.017527    0.450028    -0.088399
-0.060883    0.458429    -0.011671
0.024043    0.46318    -0.068051
-0.053934    0.473792    -0.019529
-0.042954    0.466864    -0.003268
0.012562    0.463863    0.00252
-0.018748    0.478402    -0.045143
-0.00141    0.463724    0.008942
-0.049376    0.451734    -0.013552
-0.002517    0.451734    -0.029223
