0.042615    -0.674476    -0.168344
0.004532    -0.459471    -0.173393
-0.004028    -0.343371    -0.174527
-0.00462    -0.361004    -0.174606
0.028566    -0.548969    -0.170207
0.036747    -0.258853    -0.169122
0.037416    -0.383957    -0.169034
0.031694    -0.429354    -0.169792
0.036131    -0.599986    -0.169204
0.009143    -0.495105    -0.172781
0.003735    -0.367413    -0.173498
0.006781    -0.393423    -0.173095
0.00436    -0.407783    -0.173415
0.02302    -0.634551    -0.170942
0.020806    -0.337553    -0.171235
0.012107    -0.309291    -0.172389
0.032196    -0.317365    -0.169726
0.034998    -0.489321    -0.169354
0.027525    -0.477332    -0.170345
0.044193    -0.603196    -0.167949
0.071174    -0.596985    -0.156791
0.048791    -0.531247    -0.166048
0.048141    -0.483165    -0.166317
0.046661    -0.650706    -0.166929
0.044468    -0.59371    -0.167835
0.063977    -0.650398    -0.159768
0.066704    -0.463762    -0.15864
0.069276    -0.642321    -0.157576
-0.016941    -0.029779    -0.173155
-0.009389    0.017057    -0.174157
-0.009772    -0.277462    -0.174106
-0.024904    -0.087101    -0.172098
-0.027025    -0.075265    -0.171816
-0.00991    -0.168984    -0.174088
-0.005452    -0.420599    -0.17468
-0.005382    -0.185241    -0.174689
-0.016944    -0.25532    -0.173154
-0.026138    -0.158868    -0.171934
-0.013139    -0.144196    -0.17366
-0.018228    -0.425453    -0.172984
-0.007549    -0.331485    -0.174401
-0.013956    -0.170693    -0.173551
-0.034195    -0.24992    -0.170865
-0.02684    -0.57952    -0.171841
-0.044964    -0.198206    -0.169435
-0.030392    -0.663956    -0.17137
-0.038104    -0.477554    -0.170346
-0.053505    -0.123333    -0.168302
-0.051253    -0.549845    -0.168601
-0.043493    -0.125027    -0.169631
-0.038559    -0.479583    -0.170285
-0.038154    -0.33644    -0.170339
-0.046824    -0.561652    -0.169189
-0.041802    -0.181504    -0.169855
-0.03126    -0.62097    -0.171254
-0.015873    -0.610343    -0.173297
-0.019167    -0.66855    -0.172859
-0.048845    -0.389367    -0.16892
0.086179    -0.573282    -0.150586
0.070469    -0.322388    -0.157083
0.07884    -0.364227    -0.153621
0.084666    -0.286154    -0.151212
0.071208    -0.300173    -0.156777
0.080156    -0.269217    -0.153077
0.08436    -0.31235    -0.151338
0.074326    -0.395791    -0.155488
-0.003568    -0.678588    -0.160757
-0.037094    0.048758    -0.17048
-0.001122    0.001271    -0.174142
-0.087941    -0.551854    -0.154247
-0.097592    -0.290959    -0.150262
-0.093325    -0.397947    -0.152024
-0.086464    -0.581834    -0.154857
-0.093722    -0.113055    -0.15186
-0.092474    -0.675452    -0.152375
-0.094863    -0.411889    -0.151389
-0.079998    -0.648442    -0.157527
-0.088146    -0.504045    -0.154163
-0.093554    -0.397123    -0.151929
-0.095491    -0.111912    -0.151129
-0.099568    -0.649474    -0.149445
-0.097631    -0.099225    -0.150245
-0.083448    -0.603278    -0.156102
-0.064907    -0.083868    -0.163759
-0.070451    -0.028238    -0.16147
-0.080083    -0.063587    -0.157492
-0.082693    -0.028324    -0.156414
-0.078032    0.00086    -0.158339
-0.058086    -0.201674    -0.166576
-0.056254    -0.481633    -0.167332
-0.08423    -0.196278    -0.15578
-0.076282    -0.289516    -0.159062
-0.07934    -0.103641    -0.157799
-0.062694    -0.190147    -0.164673
-0.080088    -0.137304    -0.15749
-0.061219    -0.407383    -0.165282
-0.061191    -0.020626    -0.165294
0.096123    -0.605557    -0.143942
0.091845    -0.421307    -0.147228
0.100583    -0.508027    -0.140516
0.094608    -0.421057    -0.145105
0.106155    -0.464044    -0.136236
0.102656    -0.499234    -0.138923
0.101222    -0.676016    -0.140025
0.092706    -0.484157    -0.146566
0.092543    -0.632546    -0.146692
-0.097625    -0.678588    -0.139227
-0.104734    -0.678588    -0.126095
0.012621    -0.158776    -0.17232
0.013784    -0.012313    -0.172166
0.021825    0.010037    -0.1711
0.01009    -0.063288    -0.172656
0.003403    0.065412    -0.173542
-0.118824    0.036045    -0.13467
-0.128889    -0.103953    -0.126939
-0.105464    -0.465318    -0.144933
-0.10782    -0.348489    -0.143123
-0.116604    -0.110065    -0.136375
-0.112233    0.004312    -0.139733
-0.111301    0.01804    -0.140449
-0.119148    0.00919    -0.134421
-0.100857    -0.12471    -0.148472
-0.11988    -0.029339    -0.133859
-0.09973    -0.031807    -0.149337
-0.125849    -0.144032    -0.129274
-0.113815    -0.145338    -0.138518
-0.126627    -0.172866    -0.128677
0.108677    -0.304733    -0.134299
0.090477    -0.271154    -0.148279
0.112261    -0.459039    -0.131546
0.11567    -0.314957    -0.128927
0.106905    -0.443784    -0.13566
0.125191    -0.383335    -0.121613
0.119211    -0.482184    -0.126207
0.109834    -0.416598    -0.13341
0.123904    -0.530561    -0.122603
0.082098    -0.678588    -0.147599
0.019012    -0.678588    -0.130814
0.008498    -0.678588    -0.121308
-0.137779    -0.554909    -0.12011
-0.128529    -0.216062    -0.127216
-0.124415    -0.529178    -0.130376
-0.111448    -0.502002    -0.140336
-0.123441    -0.570728    -0.131124
-0.114422    -0.513431    -0.138052
-0.137127    -0.625118    -0.120611
-0.121305    -0.653028    -0.132764
-0.110884    -0.524142    -0.140769
-0.116424    -0.642958    -0.136514
-0.108629    -0.551726    -0.142501
-0.138565    -0.289768    -0.119507
-0.130328    -0.397678    -0.125834
-0.112363    -0.461014    -0.139633
0.026961    -0.111059    -0.170419
0.027892    -0.08487    -0.170296
0.034747    -0.125334    -0.169387
0.003591    0.07579    -0.172057
0.017782    0.066618    -0.171636
0.129814    -0.359109    -0.117105
0.149896    -0.049421    -0.090961
0.141779    -0.313149    -0.101529
0.132336    -0.279189    -0.113823
0.150261    -0.06447    -0.090487
0.128055    -0.507389    -0.119396
0.145734    -0.163602    -0.096381
0.13166    -0.45997    -0.114703
0.138831    -0.289505    -0.105367
-0.003053    -0.678588    -0.107637
0.083838    -0.678588    -0.118846
-0.15437    -0.678588    -0.091826
0.110955    -0.678588    -0.117433
-0.157706    -0.432111    -0.094633
-0.153494    -0.636031    -0.100117
-0.143883    -0.294207    -0.11263
-0.141764    -0.517082    -0.115388
-0.146319    -0.394864    -0.109458
-0.154864    -0.591023    -0.098333
-0.153805    -0.449142    -0.099712
-0.13893    -0.010824    -0.119079
-0.143079    -0.513557    -0.113676
-0.141701    -0.554101    -0.115471
-0.141119    -0.521445    -0.116228
-0.145252    -0.411485    -0.110847
-0.145375    -0.634265    -0.110688
-0.159853    -0.638107    -0.091839
-0.151158    -0.616849    -0.103158
-0.094963    0.07579    -0.141095
0.071167    0.015807    -0.156794
0.083438    -0.0855    -0.15172
0.084621    0.024363    -0.15123
-0.151351    0.045318    -0.102906
0.13679    -0.472025    -0.108023
0.155908    -0.46888    -0.083135
0.140059    -0.603636    -0.103769
0.151838    -0.219512    -0.088433
0.156411    -0.465786    -0.082481
0.153403    -0.516491    -0.086396
0.147007    -0.227952    -0.094723
0.152293    -0.443952    -0.087841
0.145813    -0.367798    -0.096277
0.157315    -0.637484    -0.081303
0.146775    -0.597822    -0.095025
0.153351    -0.442816    -0.086463
0.142872    -0.412089    -0.100106
0.145681    -0.593101    -0.096449
0.15454    0.012912    -0.084916
0.132774    -0.164211    -0.113252
0.145331    -0.075561    -0.096905
0.055821    -0.678588    -0.085271
0.037434    -0.678588    -0.09792
0.091452    -0.678588    -0.112793
0.116353    -0.678588    -0.113794
0.139943    -0.678588    -0.084222
-0.060267    -0.678588    -0.080605
-0.15311    -0.006516    -0.100617
-0.162287    -0.457864    -0.088669
-0.161975    -0.252315    -0.089075
-0.157454    -0.141159    -0.094961
-0.158643    -0.156933    -0.093414
-0.148833    -0.186442    -0.106185
-0.148352    -0.014358    -0.106811
-0.144306    -0.071692    -0.112079
-0.153173    -0.121139    -0.100535
-0.161077    -0.475232    -0.090245
-0.147535    -0.121117    -0.107875
-0.158925    -0.144974    -0.093047
-0.167723    -0.174453    -0.081592
-0.161616    0.038742    -0.089543
0.076912    0.051335    -0.154418
-0.112566    0.07579    -0.121118
0.060941    -0.093778    -0.161023
0.067639    -0.04989    -0.158253
0.065625    -0.036328    -0.159086
0.1147    -0.068392    -0.129672
0.091734    -0.060116    -0.147313
0.089955    -0.047454    -0.148679
-0.162652    0.049036    -0.088194
0.126816    0.00074    -0.120366
0.10224    0.002098    -0.139243
0.116393    0.006761    -0.128371
0.158988    -0.047459    -0.078035
0.158612    -0.177777    -0.078944
0.15918    -0.07718    -0.077573
0.164832    -0.333683    -0.063932
0.166388    -0.085542    -0.060178
0.169092    -0.115016    -0.053652
0.159872    -0.558853    -0.075903
0.162507    -0.395234    -0.069544
0.166599    -0.087624    -0.059667
0.170381    -0.152736    -0.050539
0.168788    0.005377    -0.054384
0.166484    -0.127233    -0.059944
0.164399    -0.004377    -0.064977
0.159445    -0.571898    -0.076933
0.131471    -0.038406    -0.114948
0.145615    -0.012832    -0.096534
0.133612    -0.000462    -0.112162
0.019016    -0.678588    -0.062788
-0.063988    -0.678588    -0.074898
-0.159667    -0.678588    -0.038736
-0.152775    -0.678588    -0.072808
-0.006111    -0.678588    -0.066075
0.115722    -0.678588    -0.079571
-0.17215    -0.634741    -0.071927
-0.183627    -0.573352    -0.044228
-0.169553    -0.511126    -0.078194
-0.173315    -0.403754    -0.069115
-0.183314    -0.581903    -0.044984
-0.175598    -0.359627    -0.063605
-0.17831    -0.578274    -0.05706
-0.169596    -0.194269    -0.07809
-0.17181    -0.569586    -0.072746
-0.170739    -0.114773    -0.075331
-0.169051    -0.559887    -0.079404
-0.17624    -0.663202    -0.062057
-0.170164    -0.124295    -0.076719
-0.170009    -0.623004    -0.077093
-0.174249    -0.273476    -0.06686
0.107298    0.06677    -0.135358
-0.032272    0.07579    -0.119129
0.023362    0.07579    -0.109749
-0.124558    0.07579    -0.109075
-0.091571    0.07579    -0.091019
-0.152969    0.07579    -0.088865
0.170667    -0.586568    -0.04985
0.160337    -0.619376    -0.074781
0.161743    -0.543724    -0.071388
0.161552    -0.672771    -0.071848
0.171063    -0.350951    -0.048893
0.169283    -0.537645    -0.05319
0.174142    -0.407233    -0.041464
0.170281    -0.228639    -0.050782
0.173511    -0.434061    -0.042987
0.172376    -0.203054    -0.045725
0.171172    -0.541201    -0.048632
0.159357    -0.645545    -0.077145
0.175969    -0.276143    -0.037054
0.174429    -0.201196    -0.040771
0.161532    0.041936    -0.071896
-0.05269    -0.678588    -0.04141
0.10816    -0.678588    -0.056871
0.103752    -0.678588    -0.06364
0.085764    -0.678588    -0.035948
-0.010053    -0.678588    -0.041697
0.150479    -0.678588    -0.072264
0.155135    -0.678588    -0.063864
-0.181352    -0.26117    -0.049718
-0.17098    0.008485    -0.074748
-0.181327    0.002971    -0.04978
-0.184736    -0.322077    -0.041552
-0.17899    -0.104209    -0.05542
-0.183973    -0.359525    -0.043394
-0.183017    -0.323325    -0.0457
-0.173863    -0.080555    -0.067791
-0.182261    -0.166192    -0.047524
-0.177475    0.038754    -0.059076
-0.185283    -0.104872    -0.040232
-0.185763    -0.490027    -0.039075
-0.183296    -0.031833    -0.045027
-0.18371    -0.381831    -0.044029
0.084574    -0.165783    -0.15125
0.128353    0.07579    -0.062086
-0.107323    0.07579    -0.076831
0.046339    0.07579    -0.06398
0.177971    -0.216907    -0.026486
0.17768    -0.50418    -0.028703
0.1783    -0.303096    -0.023983
0.179638    0.038268    -0.013803
0.179325    -0.271954    -0.016186
0.181618    -0.074641    0.00126
0.177572    -0.315989    -0.029522
0.179577    -0.05815    -0.014268
0.182066    -0.062498    0.004666
0.178747    -0.351091    -0.020587
0.180166    -0.003405    -0.009791
0.179307    -0.090484    -0.016321
0.1796    -0.306569    -0.014093
0.177274    -0.305398    -0.031788
0.180794    0.029857    -0.005011
0.181827    0.068195    0.002849
0.048544    -0.678588    -0.020932
-0.035629    -0.678588    -0.0187
-0.100724    -0.678588    -0.011676
0.054961    -0.678588    -0.025994
-0.01823    -0.678588    -0.018301
-0.082609    -0.678588    -0.004831
-0.037781    -0.678588    -0.015133
-0.190414    -0.305732    -0.012699
-0.189574    -0.633729    -0.01909
-0.189579    -0.415882    -0.019054
-0.191156    -0.526623    -0.007055
-0.187834    -0.611346    -0.032329
-0.193228    -0.633303    0.008704
-0.189326    -0.313433    -0.020977
-0.19051    -0.309921    -0.011968
-0.190696    -0.664206    -0.010559
-0.187656    -0.616666    -0.033682
-0.188697    -0.23195    -0.025766
-0.19002    -0.342441    -0.0157
-0.191649    -0.549005    -0.003307
-0.189703    -0.532811    -0.018114
-0.053923    0.07579    -0.051616
-0.031318    0.07579    -0.055244
-0.017974    0.07579    -0.046319
-0.038311    0.07579    -0.036338
0.180145    -0.458337    -0.009951
0.183012    -0.601968    0.011864
0.179188    -0.42612    -0.017228
0.182034    -0.226083    0.004424
0.18177    -0.197895    0.002416
0.182469    -0.22351    0.00773
0.183036    -0.535256    0.012044
0.181603    -0.168553    0.001147
0.18263    -0.134208    0.008957
0.178863    -0.655439    -0.0197
0.18232    -0.264549    0.0066
0.180476    -0.294012    -0.007429
0.180832    -0.305262    -0.004723
0.179912    -0.389095    -0.011719
0.180957    0.056317    -0.00377
0.170471    0.07579    -0.02571
-0.193303    -0.282107    0.009279
-0.191646    -0.230417    -0.003332
-0.193849    -0.454804    0.013432
-0.192995    -0.274864    0.006931
-0.193292    -0.442704    0.009194
-0.191351    -0.231654    -0.005576
-0.188835    -0.095582    -0.024714
-0.189266    -0.002486    -0.021437
-0.190717    0.031214    -0.010398
-0.193646    -0.237131    0.011884
-0.193903    -0.209104    0.013843
-0.191369    -0.111672    -0.005435
-0.192486    -0.085907    0.003062
-0.191859    0.020778    -0.001711
-0.191292    -0.233245    -0.006022
0.110245    -0.678588    0.006541
0.008065    -0.678588    0.010777
-0.018162    -0.678588    0.004632
0.098549    -0.678588    -0.021132
-0.024742    -0.678588    -0.003331
0.118062    -0.678588    0.009446
0.14782    -0.678588    -0.007338
0.048751    0.07579    -0.031134
0.181678    -0.42503    0.026094
0.182474    -0.481448    0.020026
0.179291    -0.160224    0.044273
0.182336    -0.488664    0.021081
0.17949    -0.08132    0.042763
0.182131    -0.411139    0.02264
0.183148    -0.02177    0.014895
0.182739    -0.446162    0.018007
0.182388    -0.459479    0.020684
0.180369    -0.015838    0.036064
0.181415    -0.199833    0.028093
0.180519    -0.000603    0.03492
0.18042    -0.320913    0.035676
0.181973    -0.241341    0.023842
0.182173    0.072044    0.022323
-0.19102    -0.384313    0.035912
-0.193313    -0.581935    0.018445
-0.190872    -0.353694    0.037036
-0.188444    -0.629541    0.055534
-0.192362    -0.378418    0.025686
-0.192605    -0.260855    0.023841
-0.190264    -0.677792    0.041674
-0.193831    -0.54218    0.0145
-0.192566    -0.441126    0.024135
-0.192342    -0.1896    0.025841
-0.193888    -0.107491    0.014066
-0.190596    -0.366792    0.039142
-0.193521    -0.405509    0.016856
-0.190151    -0.54896    0.042529
0.01082    -0.678588    0.032134
-0.058312    -0.678588    0.018898
0.034707    -0.678588    0.021023
0.115491    -0.678588    0.021963
-0.130437    -0.678588    0.049123
-0.1027    -0.678588    0.041683
-0.068874    -0.678588    0.027224
-0.115863    -0.678588    0.035117
-0.117814    0.07579    -0.020524
-0.190323    0.052747    0.041223
0.178497    -0.390054    0.050322
0.176935    -0.181099    0.062224
0.18229    -0.670943    0.021428
0.181136    -0.485294    0.030222
0.181272    -0.570704    0.029185
0.181468    -0.591901    0.027692
0.177404    -0.26277    0.058654
0.17725    -0.255785    0.059822
0.17989    -0.643714    0.039712
0.181181    -0.643193    0.029879
0.179177    -0.223104    0.045148
0.179558    -0.596172    0.042245
0.178631    -0.549453    0.0493
0.181014    -0.670004    0.031153
0.177667    0.063511    0.056647
0.176996    0.07579    0.05163
-0.188248    -0.067208    0.057032
-0.189193    -0.220393    0.049827
-0.188403    -0.542545    0.055851
-0.192193    -0.14346    0.026977
-0.188883    -0.455424    0.052189
-0.188777    -0.198247    0.053002
-0.190984    -0.250982    0.03619
-0.187661    -0.341663    0.061503
-0.191427    -0.120504    0.032814
-0.192516    0.027857    0.024512
-0.188389    -0.183202    0.055956
-0.188932    -0.222848    0.051818
-0.192753    0.032458    0.02271
-0.187959    -0.491279    0.059229
0.160095    0.07579    0.0091
0.04575    -0.678588    0.048652
0.043931    -0.678588    0.041771
0.064663    -0.678588    0.04148
0.080245    -0.678588    0.036825
0.079891    -0.678588    0.034296
-0.055005    -0.678588    0.060461
0.149278    -0.678588    0.055381
0.162739    -0.096369    0.096791
0.170932    -0.431637    0.077044
0.172288    -0.166481    0.073778
0.17301    -0.394703    0.072038
0.172964    -0.349621    0.072148
0.166168    -0.265852    0.088526
0.170477    -0.035962    0.078143
0.175293    -0.224548    0.066535
0.167427    -0.136442    0.085492
0.165658    -0.023985    0.089755
0.174319    -0.020719    0.068884
0.166608    -0.181666    0.087467
0.173044    -0.319851    0.071955
0.167185    -0.09168    0.086077
0.175397    -0.326397    0.066285
0.066706    0.07579    0.032455
-0.187071    -0.359893    0.063772
-0.18145    -0.358744    0.077318
-0.182012    -0.648761    0.075962
-0.186044    -0.17764    0.066246
-0.18586    -0.42854    0.06669
-0.182766    -0.58757    0.074145
-0.183478    -0.126719    0.072429
-0.178289    -0.541369    0.084934
-0.186824    -0.002471    0.064367
-0.182199    -0.630951    0.075513
-0.184    -0.237873    0.071172
-0.175528    -0.474885    0.091588
-0.184331    -0.189261    0.070375
-0.187329    -0.658543    0.06315
-0.08451    -0.678588    0.065809
-0.016223    -0.678588    0.074146
-0.063725    -0.678588    0.084043
0.009214    -0.678588    0.075144
-0.142393    -0.678588    0.082421
0.07208    -0.678588    0.07323
-0.090231    -0.678588    0.088659
-0.121475    0.07579    0.035133
-0.156761    0.07579    0.048561
0.161144    -0.324159    0.100636
0.16148    -0.291588    0.099826
0.164195    -0.204616    0.093282
0.166997    -0.534686    0.086529
0.171046    -0.649704    0.07677
0.165663    -0.422485    0.089745
0.175851    -0.675163    0.065192
0.164802    -0.453812    0.09182
0.166096    -0.616342    0.0887
0.16078    -0.368287    0.101512
0.171813    -0.583353    0.074921
0.165508    -0.254772    0.090117
0.172727    -0.677664    0.07272
0.164111    -0.395932    0.093485
0.166688    0.058279    0.087274
0.115976    0.07579    0.078125
0.064899    0.07579    0.088879
0.111107    0.07579    0.081313
-0.17082    -0.028396    0.102935
-0.169006    -0.466361    0.107306
-0.170664    -0.122881    0.103311
-0.17436    -0.138733    0.094405
-0.172679    -0.373832    0.098454
-0.171199    -0.373056    0.102021
-0.176154    -0.332264    0.09008
-0.177461    -0.301592    0.086931
-0.174887    -0.313415    0.093134
-0.175009    -0.257256    0.092841
-0.179348    -0.03505    0.082384
-0.173382    -0.451244    0.096761
-0.173137    -0.158767    0.09735
-0.17173    -0.03109    0.100741
0.165969    0.07579    0.012308
-0.083727    -0.678588    0.098984
0.01397    -0.678588    0.108094
0.096798    -0.678588    0.078635
-0.026315    -0.678588    0.10652
0.16758    -0.678588    0.073914
-0.039425    -0.678588    0.103548
-0.073489    0.07579    0.016211
0.140989    -0.192265    0.130385
0.156949    -0.573965    0.109574
0.156606    -0.526532    0.110021
0.150354    -0.153984    0.118173
0.157487    -0.244609    0.108873
0.154803    0.005066    0.112373
0.157767    -0.115696    0.108508
0.150859    -0.186574    0.117515
0.147717    -0.425796    0.121613
0.157952    -0.595924    0.108266
0.155607    -0.103036    0.111324
0.152543    -0.467584    0.115319
0.141578    -0.05778    0.129617
0.157404    -0.250754    0.10898
0.157588    -0.27854    0.108741
0.006665    0.07579    0.101417
-0.148241    0.07579    0.079867
0.038513    0.07579    0.104299
-0.161327    -0.1661    0.117727
-0.156371    -0.322121    0.124189
-0.16637    -0.06152    0.11115
-0.155089    -0.615884    0.125861
-0.148196    -0.587784    0.13485
-0.151158    -0.461804    0.130988
-0.14478    -0.540502    0.139305
-0.164915    -0.133734    0.113048
-0.146768    -0.64076    0.136712
-0.15457    -0.589406    0.126538
-0.161935    -0.227267    0.116934
-0.166742    -0.425826    0.110666
-0.160125    -0.466327    0.119295
-0.155738    -0.393218    0.125014
-0.160566    -0.339857    0.118719
0.136216    -0.678588    0.109995
-0.082629    -0.678588    0.123547
-0.122471    -0.678588    0.137275
-0.12231    -0.678588    0.133208
-0.062829    -0.678588    0.115627
-0.082437    0.07579    0.005003
-0.162108    0.048534    0.116708
0.144548    -0.463661    0.125744
0.134166    -0.223022    0.139282
0.150708    -0.641932    0.117712
0.140818    -0.283989    0.130608
0.134894    -0.161748    0.138333
0.151373    -0.633102    0.116844
0.148554    -0.487618    0.12052
0.14183    -0.306096    0.129288
0.139655    -0.639302    0.132125
0.134081    -0.582514    0.139393
0.137712    -0.327351    0.134658
0.128768    -0.057319    0.14632
0.135607    -0.520147    0.137403
0.13324    -0.619781    0.14049
0.09564    0.07579    0.109127
-0.10431    0.07579    0.115327
-0.083824    0.07579    0.11215
-0.14463    -0.030733    0.1395
-0.160743    0.023639    0.118489
-0.153474    -0.235285    0.127967
-0.146945    -0.028064    0.136481
-0.142483    -0.521695    0.142299
-0.149359    -0.401616    0.133334
-0.147514    -0.428015    0.135739
-0.143245    -0.224179    0.141306
-0.159995    -0.123779    0.119463
-0.140234    -0.371199    0.145232
-0.154242    -0.254422    0.126966
-0.149187    -0.329153    0.133557
-0.149062    -0.287266    0.133721
-0.139935    -0.370493    0.145622
0.026389    0.07579    0.050621
0.141558    -0.678588    0.127969
-0.033596    -0.678588    0.13679
0.076294    -0.678588    0.133457
0.138927    -0.678588    0.132503
-0.152875    0.074386    0.128748
0.110079    -0.411744    0.161048
0.108758    -0.635756    0.162061
0.121107    -0.509537    0.152595
0.104515    -0.563645    0.165313
0.10848    -0.609581    0.162274
0.118828    -0.517598    0.154342
0.11336    -0.440572    0.158533
0.122655    -0.426259    0.151408
0.100859    -0.579238    0.168115
0.105614    -0.563803    0.164471
0.109753    -0.384061    0.161298
0.113969    -0.304905    0.158066
0.112289    -0.364411    0.159353
0.123992    -0.043678    0.150383
0.00942    0.07579    0.140003
-0.045244    0.07579    0.136675
-0.135716    -0.410348    0.149545
-0.136249    -0.22333    0.149137
-0.127611    -0.319797    0.155758
-0.137721    -0.408708    0.148008
-0.118658    -0.207967    0.162621
-0.131568    0.006525    0.152725
-0.108464    -0.022853    0.170435
-0.114101    -0.220015    0.166113
-0.133319    -0.487285    0.151383
-0.123171    -0.369838    0.159161
-0.129951    0.028011    0.153964
-0.130598    -0.078795    0.153469
-0.118555    -0.24794    0.1627
-0.13317    -0.205067    0.151497
-0.137987    -0.067911    0.147804
-0.030642    -0.678588    0.157265
0.021003    -0.678588    0.160582
-0.0775    -0.678588    0.157506
-0.137632    0.065574    0.148077
0.089115    -0.106347    0.177117
0.093869    -0.393399    0.173473
0.105276    -0.354181    0.164729
0.090642    -0.272661    0.175947
0.113259    -0.098746    0.15861
0.11134    -0.06181    0.160081
0.095568    -0.093604    0.17217
0.115346    -0.125558    0.15701
0.093283    -0.226889    0.173922
0.119804    -0.077203    0.153594
0.100591    -0.119746    0.16832
0.108462    -0.298164    0.162287
0.101498    -0.256777    0.167625
0.103231    -0.195439    0.166297
0.111279    -0.678588    0.149895
0.091068    -0.678588    0.163671
0.092977    0.073242    0.174157
0.063903    0.07579    0.162186
-0.038514    0.07579    0.150567
-0.105986    -0.566905    0.172334
-0.131768    -0.65758    0.152572
-0.112495    -0.234106    0.167345
-0.121214    -0.646449    0.160661
-0.100014    -0.372117    0.176912
-0.10418    -0.532935    0.173718
-0.100677    -0.131091    0.176404
-0.123626    -0.661631    0.158813
-0.114187    -0.323718    0.166047
-0.132359    -0.670676    0.152119
-0.100772    -0.48909    0.176331
-0.112111    -0.193829    0.167639
-0.099709    -0.058203    0.177146
-0.105756    -0.655016    0.17251
-0.098676    0.07579    0.1769
0.052253    -0.636338    0.19246
0.082163    -0.56847    0.180049
0.054224    -0.670805    0.191642
0.072044    -0.587511    0.184248
0.049113    -0.60965    0.193763
0.088777    -0.418819    0.177304
0.085118    -0.502209    0.178822
0.080504    -0.237198    0.180737
0.068924    -0.396009    0.185542
0.052113    -0.610071    0.192518
0.088194    -0.018702    0.177546
0.081811    -0.40276    0.180195
0.050612    -0.593379    0.193141
0.080074    -0.37559    0.180916
-0.091168    -0.678588    0.17915
-0.008969    -0.678588    0.179714
-0.091291    0.050333    0.180667
-0.084243    0.013606    0.183588
-0.089123    -0.275594    0.181566
-0.089419    0.036194    0.181443
-0.063369    -0.030475    0.192238
-0.095571    -0.6066    0.178894
-0.070941    -0.041513    0.1891
-0.068442    -0.110853    0.190135
-0.095338    0.024736    0.17899
-0.077727    -0.29872    0.186288
-0.066604    -0.135898    0.190897
-0.098684    -0.010649    0.177604
-0.089566    -0.062972    0.181382
-0.063633    -0.032915    0.192128
-0.072092    -0.151848    0.188623
-0.026511    0.07579    0.19187
0.043953    -0.466092    0.195904
0.051197    -0.483851    0.192898
0.051435    -0.491513    0.192799
0.045774    -0.19062    0.195148
0.055662    -0.242068    0.191045
0.04963    -0.335936    0.193548
0.067395    -0.016338    0.186177
0.060166    -0.15456    0.189176
0.062979    -0.012474    0.188009
0.061328    -0.265464    0.188694
0.056273    -0.109606    0.190791
0.063728    -0.353207    0.187698
0.069092    -0.15075    0.185473
0.054813    -0.162997    0.191398
0.015713    -0.678588    0.186971
-0.077928    -0.542602    0.186204
-0.056602    -0.405173    0.195041
-0.071146    -0.546028    0.189015
-0.076419    -0.497434    0.18683
-0.090108    -0.584069    0.181158
-0.056025    -0.277944    0.195281
-0.08756    -0.560125    0.182214
-0.066649    -0.553042    0.190878
-0.096547    -0.664682    0.17849
-0.057851    -0.291725    0.194524
-0.057636    -0.105251    0.194613
-0.065314    -0.575364    0.191432
-0.05658    -0.440931    0.19505
-0.08517    -0.590939    0.183204
0.070908    0.071252    0.184719
0.028738    -0.630241    0.198021
0.033781    -0.607646    0.197359
0.010557    -0.564094    0.200407
0.040602    -0.565906    0.196464
0.011113    -0.474965    0.200335
0.039394    -0.63791    0.196622
0.019462    -0.468787    0.199238
0.017245    -0.568909    0.19953
0.000958    -0.62836    0.201667
0.043075    0.032045    0.196139
0.032249    -0.295266    0.19756
0.022434    -0.312671    0.198848
0.033602    -0.38776    0.197382
0.024347    -0.410168    0.198597
0.025049    -0.641445    0.198505
-0.036152    -0.123435    0.198438
-0.043239    -0.014874    0.197506
-0.033603    0.02587    0.198773
-0.030538    -0.007617    0.199176
-0.017159    -0.010253    0.200934
-0.042866    0.010351    0.197555
-0.046651    -0.309126    0.197058
-0.050252    -0.103378    0.196584
-0.046621    -0.335454    0.197062
-0.053816    -0.231416    0.196116
-0.047861    -0.198606    0.196899
-0.049826    -0.342477    0.196641
-0.034417    -0.024579    0.198666
-0.036289    -0.287613    0.19842
0.033515    0.046398    0.197394
0.028917    -0.066889    0.197997
0.0034    -0.348543    0.201347
0.006641    -0.267538    0.200922
0.018647    0.032478    0.199345
0.021494    -0.065696    0.198972
0.021403    -0.187684    0.198984
0.008188    -0.267739    0.200718
0.01871    -0.085387    0.199337
0.00699    -0.142853    0.200876
0.000707    0.019862    0.2017
0.004843    -0.419885    0.201158
-0.00157    -0.241571    0.201999
0.008298    -0.356079    0.200704
0.00166    -0.082151    0.201575
0.017581    -0.180171    0.199485
-0.012611    -0.623469    0.201532
-0.008507    -0.045894    0.202071
-0.030653    -0.457982    0.199161
-0.046657    -0.655862    0.197057
-0.019756    -0.393036    0.200593
-0.017492    -0.204224    0.20089
-0.005668    -0.554646    0.202445
-0.028644    -0.460866    0.199425
-0.032853    -0.452453    0.198871
-0.039162    -0.492204    0.198042
-0.01058    -0.488123    0.201799
-0.026807    -0.467391    0.199666
-0.020441    -0.214726    0.200503
-0.034019    -0.477301    0.198718
0.009377    0.056295    0.200562
0.000333    -0.175479    -0.173949
0.043775    -0.214405    -0.168122
0.063038    -0.221238    -0.160156
0.097012    -0.240961    -0.143259
0.109917    -0.13845    -0.133346
0.116752    -0.20283    -0.128096
0.117311    -0.211147    -0.127667
0.092404    -0.208449    -0.146799
0.08293    -0.119161    -0.15193
0.124282    -0.257019    -0.122312
0.050965    -0.137326    -0.165149
-0.04605    0.045411    -0.169291
-0.033329    0.039523    -0.162308
-0.006005    0.07579    -0.173313
-0.023018    0.039523    -0.158975
-0.127745    0.057271    -0.127818
-0.093587    0.039523    -0.143095
-0.011061    0.07579    -0.165978
-0.037689    0.07579    -0.14013
-0.157119    0.045573    -0.095398
0.030934    0.039523    -0.129725
0.072168    0.07123    -0.156381
0.043826    0.07579    -0.129831
-0.053493    0.039523    -0.111101
-0.007635    0.039523    -0.110124
0.050226    0.039523    -0.11091
0.060307    0.07579    -0.101985
0.047867    0.07579    -0.110053
-0.098731    0.07579    -0.088392
-0.00837    0.07579    -0.081019
-0.091282    0.07579    -0.0857
0.002517    0.039523    -0.085771
0.058903    0.039523    -0.101981
0.092538    0.039523    -0.098455
-0.160154    0.039523    -0.037142
0.106652    0.039523    -0.041506
0.164579    0.039523    -0.036769
0.04724    0.039523    -0.058153
0.059728    0.07579    -0.067413
-0.003827    0.07579    -0.066239
0.066519    0.07579    -0.070168
-0.183525    0.064698    -0.044475
-0.156271    0.039523    -0.052439
0.042889    0.039523    -0.071991
0.035443    0.039523    -0.06961
0.177684    0.06573    -0.028671
-0.190409    0.039523    0.004927
-0.021784    0.039523    -0.023981
0.017774    0.039523    -0.019425
0.026248    0.07579    -0.039132
-0.096532    0.07579    -0.055056
-0.100252    0.07579    -0.068464
-0.164485    0.07579    -0.055164
0.175069    0.039523    0.005775
-0.085165    0.039523    0.010692
0.130683    0.039523    -0.008017
0.109527    0.039523    -0.014021
0.176571    0.07579    0.010627
0.151103    0.07579    -0.014635
-0.190645    0.068054    -0.010945
0.043592    0.039523    0.025995
-0.039873    0.039523    0.042022
-0.095635    0.039523    0.021004
0.101284    0.039523    0.016873
-0.131164    0.07579    -0.003471
-0.187847    0.07579    -0.025935
0.05894    0.039523    0.052267
-0.077276    0.039523    0.051748
-0.058204    0.039523    0.050978
0.024222    0.039523    0.035195
0.082445    0.07579    0.017848
0.137717    0.07579    0.005094
-0.083664    0.039523    0.075014
-0.155318    0.039523    0.068507
-0.180222    0.039523    0.064885
-0.024778    0.039523    0.063434
0.026186    0.07579    -0.014282
-0.120562    0.07579    0.043482
-0.172009    0.044624    0.10007
-0.112518    0.039523    0.101855
0.008326    0.039523    0.104888
0.027156    0.039523    0.098427
0.052929    0.07579    0.073233
0.006688    0.07579    0.077447
0.133228    0.07579    0.07478
0.041303    0.07579    0.001765
-0.08662    0.07579    0.020968
0.153568    0.073494    0.113983
-0.0295    0.039523    0.131759
-0.103802    0.039523    0.122117
-0.076696    0.07579    0.058764
-0.039493    0.07579    0.083636
0.074455    0.07579    0.105133
0.004812    0.07579    0.0986
-0.102626    0.07579    0.012835
0.128976    0.065102    0.14605
-0.026554    0.039523    0.136031
0.038038    0.039523    0.142083
0.047941    0.07579    0.131762
0.108362    0.07579    0.129421
0.079748    0.07579    0.050726
0.120794    0.046054    0.152834
-0.053625    0.039523    0.167262
-0.08518    0.07579    0.134128
-0.054187    0.07579    0.135022
-0.079111    0.07579    0.055617
0.092622    0.039523    0.167254
0.115666    0.039523    0.152001
0.009817    0.07579    0.14918
-0.048967    0.07579    0.154629
0.044294    0.07579    0.17601
-0.058632    0.039523    0.191239
-0.059961    0.07579    0.181425
0.00921    0.039523    0.18958
0.033656    0.047286    0.197375
-0.010692    0.050537    0.201784
-0.064861    0.039523    -0.154538
-0.070721    0.039523    -0.149092
0.099542    0.039523    -0.139728
0.014108    0.039523    -0.133857
-0.068689    0.039523    -0.11446
-0.010967    0.039523    -0.115599
-0.089588    0.039523    -0.083234
0.078126    0.039523    -0.088091
0.070862    0.039523    -0.088331
0.066317    0.039523    -0.056001
0.145436    0.039523    -0.060669
-0.040699    0.039523    -0.051342
-0.154707    0.039523    -0.054154
-0.133128    0.039523    -0.043525
-0.123582    0.039523    -0.067918
-0.14269    0.039523    0.004682
-0.122742    0.039523    -0.02552
-0.11917    0.039523    0.003635
0.044396    0.039523    -0.02096
0.130667    0.039523    -0.018403
-0.071136    0.039523    -0.001073
0.125197    0.039523    -0.012909
-0.037765    0.039523    -0.001714
-0.159716    0.039523    0.038607
-0.113263    0.039523    0.034876
-0.155657    0.039523    0.03247
0.033047    0.039523    0.050443
0.062892    0.039523    0.059789
-0.009738    0.039523    0.046759
0.059229    0.039523    0.04996
-0.150462    0.039523    0.074621
-0.161532    0.039523    0.099378
0.049408    0.039523    0.075412
-0.163135    0.039523    0.089442
-0.018352    0.134892    -0.025816
0.111296    0.039523    0.072767
0.150998    0.039523    0.070017
0.007795    0.039523    0.085054
0.020716    0.07579    -0.014101
-0.065124    0.039523    0.126278
-0.126827    0.039523    0.141077
-0.01745    0.039523    0.126507
0.032902    0.112409    0.030587
0.009547    0.07579    0.00581
-0.038131    0.100047    -0.011799
-0.043712    0.10158    0.030156
0.120061    0.039523    0.118339
0.030254    0.039523    0.140532
0.035697    0.138655    -0.000892
-0.016771    0.07579    0.023079
-0.035942    0.078784    0.04247
-0.050874    0.039523    0.151083
0.040896    0.138655    0.003443
-0.05207    0.155142    -0.009361
0.052121    0.039523    0.160453
-0.00675    0.135643    0.055771
0.043242    0.139771    0.032894
-0.035386    0.167259    -0.008565
-0.093515    0.039523    0.177576
-0.056148    0.146585    0.026782
0.043577    0.167259    0.025253
-0.040357    0.151134    0.052672
-0.040997    0.167259    0.040747
-0.045956    0.167259    0.011773
0.001536    0.148397    0.065563
0.018211    0.096446    -0.020608
0.023374    0.092397    -0.016642
0.034983    0.097245    0.025586
0.022578    0.139278    -0.030376
-0.047145    0.08876    0.01219
-0.023032    0.164429    -0.035136
0.002369    0.134303    0.054976
0.021499    0.167259    -0.024876
-0.019306    0.136841    0.053274
-0.057528    0.151351    0.011348
-0.043108    0.160555    0.050217
-0.032119    0.149951    0.059006
-0.026645    0.167259    0.02971
0.036897    0.138655    -0.010318
0.004827    0.167259    0.031798
