-0.098565    0.159734    0.085356
-0.09176    0.181031    0.093649
-0.114679    0.156046    0.063269
-0.075929    0.116305    0.105801
-0.091752    0.181891    0.056158
-0.102717    0.181891    -0.001019
-0.122649    0.181891    0.034593
-0.054869    0.174623    0.118159
-0.074535    0.181891    -0.033143
-0.111111    0.145453    -0.069011
-0.127046    0.164898    0.032203
-0.107472    0.103125    0.009144
-0.061133    0.181891    -0.066313
-0.052255    0.181891    0.115156
-0.121251    0.105511    -0.047405
-0.103874    0.131912    -0.078441
-0.129765    0.129174    0.011535
-0.066916    0.103125    0.102818
-0.04088    0.181891    -0.043281
-0.049393    0.181891    -0.018586
-0.088623    0.12526    -0.096061
-0.043858    0.103125    0.093943
-0.014031    0.181891    0.067162
-0.006714    0.181891    -0.028317
-0.022878    0.181891    -0.070294
-0.015814    0.181891    -0.046852
-0.065148    0.103125    -0.112873
0.024464    0.181891    0.122235
0.004096    0.181891    -0.057372
-0.00451    0.133638    -0.130688
-0.066234    0.103125    -0.10133
0.031788    0.181891    -0.074977
0.027692    0.181891    -0.02162
0.021    0.120727    -0.128518
0.0459    0.17938    0.121874
0.043446    0.181891    0.026225
0.013707    0.173251    -0.129478
0.056338    0.157563    0.11755
0.065319    0.181891    0.03883
0.056778    0.12461    -0.117367
0.03251    0.103125    0.120158
0.083714    0.181891    0.035146
0.081149    0.181891    0.077533
0.063771    0.103125    0.086232
0.090204    0.181891    -0.079859
0.066121    0.142158    -0.113328
0.108899    0.119166    0.071893
0.080327    0.142482    -0.102428
0.108676    0.128419    0.072184
0.097773    0.181891    0.056468
0.089459    0.103125    0.064324
0.114765    0.181891    0.007608
0.124577    0.175662    0.039373
0.111778    0.103125    0.001649
0.100035    0.103125    -0.055656
0.124511    0.142491    -0.039529
0.131107    0.109018    0.001326
0.131113    0.114167    -0.001289
-0.109573    0.140058    0.071015
-0.111347    0.181891    -0.037532
-0.114052    0.136216    0.064783
-0.082969    0.181891    0.015578
-0.121445    0.181891    -0.030875
-0.097243    0.181891    -0.026198
-0.104678    0.103125    -0.000661
-0.065805    0.181891    -0.053608
-0.070427    0.181891    -0.04384
-0.102016    0.166913    -0.080862
-0.126008    0.103125    0.028691
-0.072834    0.103125    0.086132
-0.0407    0.181891    0.122891
-0.040005    0.181891    0.089484
-0.115708    0.165714    -0.060786
-0.109791    0.109384    -0.070731
-0.124215    0.103125    -0.019631
-0.093503    0.103125    -0.072095
-0.031682    0.125946    0.127115
-0.040572    0.181891    0.007112
-0.088543    0.147352    -0.096122
-0.128839    0.103125    0.014048
-0.03978    0.103125    0.098406
-0.005808    0.181891    0.062848
-0.013205    0.181891    0.126415
-0.01406    0.181891    -0.030822
-0.015996    0.181891    -0.116454
-0.039707    0.103125    -0.120907
-0.030192    0.102518    0.095298
0.011149    0.181891    0.077741
0.010696    0.181891    0.107532
-0.01578    0.162912    -0.129205
-0.042263    0.103125    -0.098747
-0.097974    0.082612    -0.040358
0.027432    0.132306    0.127674
0.022553    0.181891    -0.107853
4.8e-05    0.156963    -0.131276
-0.129277    0.072102    0.019049
-0.086811    0.082889    -0.059627
0.036186    0.131824    0.125898
0.040545    0.181891    -0.005843
0.010402    0.170423    -0.129913
-0.04246    0.096829    -0.090217
-0.090498    0.061939    0.115919
0.023687    0.103125    0.104101
0.055361    0.181891    -0.037373
0.041089    0.181891    -0.117883
-0.00232    0.098368    -0.100151
-0.141966    0.064684    0.019488
-0.078957    0.078953    -0.086091
0.036812    0.103125    0.10225
0.078184    0.181891    0.010156
0.047158    0.170021    -0.121352
0.028561    0.102402    -0.095974
-0.118793    0.061375    -0.088023
-0.043048    0.05451    0.15235
0.015941    0.080205    0.111682
0.089734    0.123677    0.095207
0.089875    0.181891    0.069438
0.057508    0.103125    -0.090643
-0.149751    0.044981    -0.074703
-0.092356    0.040438    0.145392
-0.063411    0.062325    -0.132335
0.089992    0.103125    0.092314
0.108967    0.181891    -0.035127
0.083537    0.103125    -0.090172
-0.169615    0.041287    -0.01944
-0.158882    0.03712    0.072178
0.033557    0.039852    0.169231
0.04447    0.074048    0.118998
0.095359    0.103125    0.083017
0.100789    0.14999    -0.082463
0.014597    0.069802    -0.134271
-0.178361    0.029358    0.026587
-0.078825    0.022991    0.167749
-0.032472    0.044324    -0.164778
0.11532    0.147777    0.06172
0.105423    0.123048    -0.076424
0.067904    0.075219    -0.105118
-0.134886    0.024952    -0.125897
-0.148405    0.020725    0.113206
0.044276    0.023719    0.180355
0.076423    0.080871    0.081161
0.12576    0.103125    0.034919
0.115194    0.11251    -0.062023
0.090536    0.082376    -0.057171
-0.164905    0.021046    -0.089172
-0.19683    0.004223    0.00483
-0.081058    0.004357    0.178253
0.028341    0.022807    -0.18315
0.09798    0.097162    0.018811
0.102918    0.103125    -0.01466
0.09887    0.076276    -0.072745
-0.173843    0.005202    -0.090485
-0.199564    -0.007341    0.019722
-0.097039    -0.000681    0.174034
0.0695    0.049154    0.1473
0.094187    0.071569    0.093541
0.100957    0.084421    -0.005504
0.090939    0.058528    -0.121471
-0.172486    -0.007364    -0.104468
-0.18013    -0.007586    0.089119
-0.010219    -0.011586    0.202429
0.099271    0.051771    0.125525
0.130263    0.15324    -0.007744
0.091585    0.050685    -0.132815
-0.162874    -0.017603    -0.123331
-0.206584    -0.023643    0.006683
-0.086741    -0.021142    0.186112
0.120641    0.030169    0.133923
0.124734    0.074671    0.016137
-0.204724    -0.019504    -0.013853
-0.028481    -0.018859    -0.202653
-0.167404    -0.030656    0.122246
0.004705    -0.031228    0.208523
0.121067    0.05026    0.107609
0.119511    0.048493    -0.112592
-0.202768    -0.031972    -0.04967
-0.045662    -0.037261    -0.204469
-0.190854    -0.043607    0.086599
-0.004369    -0.04001    0.210433
0.166453    0.01257    0.097091
0.138463    0.057395    0.066273
0.068313    0.018455    -0.175092
-0.168145    -0.041788    -0.124736
-0.083933    -0.041933    -0.191827
-0.208137    -0.053509    0.029282
-0.065688    -0.045004    0.199622
0.12569    -0.003295    0.154269
0.05973    0.013666    -0.181514
0.144065    0.064597    -0.004475
0.160788    0.002602    -0.113529
-0.1295    -0.057541    -0.165923
0.066246    -0.059968    -0.20056
-0.205332    -0.277058    0.054966
-0.208087    -0.345266    0.034042
-0.205962    -0.170014    0.05018
-0.210835    -0.137349    0.01317
-0.206939    -0.491858    0.04276
-0.209032    -0.179254    0.026865
-0.185801    -0.137318    0.10215
-0.192797    -0.339167    0.085261
-0.193676    -0.250735    0.08314
-0.192698    -0.356668    0.085501
-0.184677    -0.437069    0.104865
-0.189144    -0.366663    0.094081
-0.195473    -0.221003    0.078802
-0.177697    -0.103    0.114615
-0.156572    -0.368247    0.142147
-0.173132    -0.23568    0.120564
-0.166685    -0.126776    0.128967
-0.169156    -0.209619    0.125746
-0.173993    -0.139062    0.119443
-0.128915    -0.203999    0.166724
-0.146806    -0.337191    0.152997
-0.118829    -0.131769    0.174464
-0.147567    -0.535897    0.152413
-0.116128    -0.183894    0.176536
-0.140082    -0.461627    0.158156
-0.089516    -0.114724    0.191035
-0.088377    -0.187964    0.191507
-0.092644    -0.359255    0.189739
-0.099444    -0.405584    0.186922
-0.069749    -0.202163    0.199223
-0.066799    -0.084553    0.200445
-0.076183    -0.286338    0.196558
-0.034421    -0.168072    0.208037
-0.047135    -0.462111    0.206363
-0.030863    -0.361466    0.208505
-0.037293    -0.379204    0.207659
-0.048441    -0.261172    0.206191
-0.028838    -0.272504    0.208772
0.132179    -0.004332    0.149783
0.191665    -0.006029    0.059734
0.136828    -0.04292    -0.158967
0.185273    0.00297    -0.066114
-0.209385    -0.362836    -0.024184
-0.210525    -0.143642    -0.015526
-0.212089    -0.522249    -0.003648
-0.211607    -0.078029    -0.007306
-0.208247    -0.211444    -0.032823
-0.209805    -0.360102    -0.020991
-0.19826    -0.078158    -0.072073
-0.19756    -0.234187    -0.073764
-0.198951    -0.305324    -0.070405
-0.195467    -0.355986    -0.078816
-0.204931    -0.160257    -0.05597
-0.192593    -0.088717    -0.085755
-0.183823    -0.424867    -0.10663
-0.178098    -0.364914    -0.114092
-0.179168    -0.532358    -0.112697
-0.177846    -0.462235    -0.114419
-0.183455    -0.199791    -0.10711
-0.168165    -0.323754    -0.127037
-0.154512    -0.124573    -0.144829
-0.139956    -0.172921    -0.158253
-0.119668    -0.101125    -0.173822
-0.138942    -0.195135    -0.15903
-0.125586    -0.080391    -0.16928
-0.133939    -0.195604    -0.16287
-0.129595    -0.236353    -0.166204
-0.064766    -0.112358    -0.201287
-0.086086    -0.232829    -0.192457
-0.103131    -0.076587    -0.185398
-0.075341    -0.293012    -0.196907
-0.060796    -0.276823    -0.202931
-0.067786    -0.258048    -0.200036
-0.007016    -0.51863    -0.211644
-0.000531    -0.29361    -0.212498
-0.044872    -0.139429    -0.206659
-0.009717    -0.472209    -0.211288
-0.042476    -0.173111    -0.206975
-0.010008    -0.322985    -0.21125
-0.02689    -0.188866    -0.209027
0.032499    -0.076792    -0.208289
0.026441    -0.124479    -0.209086
0.033494    -0.079915    -0.208157
0.022137    -0.24125    -0.209653
0.032484    -0.077755    -0.20829
0.04802    -0.218547    -0.206245
0.105075    -0.243847    -0.184593
0.081247    -0.10909    -0.194461
0.075787    -0.246939    -0.196722
0.102873    -0.398893    -0.185505
0.090084    -0.217458    -0.190801
0.079849    -0.308206    -0.19504
0.14682    -0.239643    -0.152983
0.140752    -0.372961    -0.15764
0.142399    -0.295102    -0.156376
0.138939    -0.270932    -0.159031
0.139577    -0.251008    -0.158542
0.141628    -0.090685    -0.156968
0.143836    -0.281177    -0.155273
-0.211182    -0.550043    0.010536
-0.209485    -0.40972    0.023418
-0.209625    -0.591925    0.022359
-0.206349    -0.572959    0.047238
-0.208466    -0.572216    0.03116
-0.210849    -0.224548    0.01306
-0.2025    -0.266019    0.061839
-0.194222    -0.443874    0.081821
-0.19729    -0.292164    0.074415
-0.18812    -0.568029    0.096553
-0.200834    -0.259727    0.065861
-0.199168    -0.350249    0.069883
-0.172553    -0.275328    0.121319
-0.179818    -0.54721    0.111851
-0.180305    -0.16862    0.111216
-0.171373    -0.598495    0.122858
-0.174885    -0.244939    0.11828
-0.167797    -0.442428    0.127517
-0.17862    -0.405187    0.113412
-0.108904    -0.16498    0.182079
-0.112113    -0.313384    0.179617
-0.11843    -0.261705    0.17477
-0.13539    -0.558496    0.161756
-0.127    -0.435792    0.168194
-0.111497    -0.575707    0.180089
-0.094102    -0.517036    0.189135
-0.067292    -0.505416    0.200241
-0.065378    -0.5691    0.201034
-0.092888    -0.515695    0.189638
-0.065959    -0.328288    0.200793
-0.080831    -0.528    0.194632
-0.012358    -0.42969    0.210942
-0.00744    -0.464582    0.211589
-0.007348    -0.318859    0.211601
-0.034875    -0.448781    0.207977
-0.012577    -0.491186    0.210913
-0.010258    -0.427456    0.211218
-0.002014    -0.545005    0.212304
0.006384    -0.285307    0.211729
0.016412    -0.132776    0.210408
0.018748    -0.252165    0.210101
0.037807    -0.154485    0.207591
0.011284    -0.136468    0.211084
0.042001    -0.16424    0.207039
0.106967    -0.018783    0.17584
0.190745    0.006191    0.04271
0.158569    -0.061075    -0.139501
0.180225    -0.002272    -0.083656
-0.208286    -0.406182    -0.03253
-0.205548    -0.409234    -0.053326
-0.209373    -0.47602    -0.024276
-0.207719    -0.524229    -0.03684
-0.208313    -0.607463    -0.032328
-0.208503    -0.513401    -0.030878
-0.199348    -0.554534    -0.069446
-0.201274    -0.518923    -0.064796
-0.188436    -0.279349    -0.095789
-0.192447    -0.402029    -0.086106
-0.185734    -0.434785    -0.102312
-0.195811    -0.511123    -0.077985
-0.198887    -0.558677    -0.070559
-0.164623    -0.443161    -0.131652
-0.166432    -0.592297    -0.129295
-0.154438    -0.330612    -0.144926
-0.162448    -0.506257    -0.134488
-0.167308    -0.398821    -0.128153
-0.15913    -0.384464    -0.138812
-0.138425    -0.591069    -0.159427
-0.148357    -0.133795    -0.151805
-0.134899    -0.39566    -0.162133
-0.114832    -0.582069    -0.177534
-0.14081    -0.516127    -0.157597
-0.148526    -0.579504    -0.151675
-0.090104    -0.523793    -0.190793
-0.096645    -0.291805    -0.188085
-0.098549    -0.262562    -0.187296
-0.09246    -0.216242    -0.189818
-0.083237    -0.368008    -0.193637
-0.095502    -0.542817    -0.188558
-0.074617    -0.471138    -0.197207
-0.026668    -0.511595    -0.209056
-0.0291    -0.420717    -0.208736
-0.011381    -0.594124    -0.211069
-0.045746    -0.493719    -0.206544
-0.03449    -0.317675    -0.208026
-0.01413    -0.578895    -0.210707
0.020303    -0.443743    -0.209895
0.028222    -0.562822    -0.208852
0.004063    -0.363608    -0.212033
0.007961    -0.376271    -0.21152
0.0103    -0.167144    -0.211212
0.002953    -0.13006    -0.212179
0.07495    -0.462722    -0.197069
0.080891    -0.473088    -0.194608
0.075156    -0.407052    -0.196983
0.081217    -0.413311    -0.194473
0.069171    -0.566241    -0.199462
0.061561    -0.581864    -0.202613
0.100825    -0.598212    -0.186353
0.119504    -0.40872    -0.173947
0.11269    -0.563474    -0.179176
0.110362    -0.492493    -0.180963
0.124663    -0.410122    -0.169987
0.11706    -0.492882    -0.175823
0.129927    -0.517153    -0.165948
0.160538    -0.272809    -0.136976
0.167484    -0.266932    -0.127925
0.155131    -0.172906    -0.144021
0.153917    -0.195888    -0.145603
0.15483    -0.184241    -0.144413
0.150513    -0.346949    -0.150038
-0.212109    -0.617182    0.002367
-0.184825    -0.617182    0.051199
-0.168599    -0.617182    0.071524
-0.184022    -0.617182    0.040206
-0.174897    -0.617182    0.06326
-0.1255    -0.617182    0.070986
-0.109913    -0.617182    0.020352
-0.119963    -0.617182    -0.065086
-0.108362    -0.617182    0.136461
-0.128557    -0.617182    0.035469
-0.136463    -0.617182    0.160618
-0.113381    -0.617182    0.064268
-0.069555    -0.617182    0.003179
-0.070472    -0.617182    0.030742
-0.059329    -0.617182    0.013839
-0.07215    -0.617182    -0.038899
-0.071359    -0.617182    0.005164
-0.057072    -0.617182    0.136963
-0.082025    -0.617182    0.136981
-0.055389    -0.617182    -0.183665
-0.066806    -0.617182    -0.058572
-0.032757    -0.617182    0.128642
-0.041257    -0.617182    0.137456
-0.012676    -0.617182    -0.104819
-0.014617    -0.617182    0.143977
-0.000495    -0.617182    0.029884
-0.014469    -0.617182    0.1675
-0.001086    -0.617182    -0.011916
-0.00438    -0.617182    0.141332
-0.030742    -0.617182    0.14797
0.054502    -0.354817    0.205393
0.051063    -0.169285    0.205846
0.02861    -0.574041    0.208802
0.05483    -0.292484    0.20535
0.054556    -0.548959    0.205386
0.016253    -0.581037    0.210429
0.022433    -0.413525    0.209616
0.200519    -0.035517    0.060214
0.199842    -0.018462    0.049158
0.196668    -0.002113    -0.026612
-0.204376    -0.617182    -0.046465
-0.177725    -0.617182    -0.059174
-0.164432    -0.617182    -0.015606
-0.181039    -0.617182    -0.087088
-0.169101    -0.617182    -0.043624
-0.147441    -0.617182    0.090212
-0.140742    -0.617182    -0.12563
-0.145667    -0.617182    -0.029796
-0.140189    -0.617182    -0.011423
-0.146078    -0.617182    -0.070238
-0.09945    -0.617182    -0.028965
-0.098179    -0.617182    0.08849
-0.098409    -0.617182    0.082949
-0.093127    -0.617182    -0.122871
-0.093443    -0.617182    -0.060903
-0.0647    -0.617182    -0.180044
-0.10424    -0.617182    0.007184
-0.102641    -0.617182    -0.007857
-0.053511    -0.617182    0.044944
-0.012798    -0.617182    -0.199002
-0.052743    -0.617182    0.149635
-0.042562    -0.617182    0.036203
-0.022193    -0.617182    -0.186582
-0.043789    -0.617182    -0.045964
-0.047069    -0.617182    0.067651
-0.040697    -0.617182    -0.078383
-0.037643    -0.617182    -0.146758
-0.030833    -0.617182    -0.036924
0.003728    -0.617182    -0.057163
0.038396    -0.617182    -0.189432
0.023849    -0.617182    -0.055246
0.010502    -0.617182    0.073803
0.035193    -0.617182    -0.200449
0.003655    -0.617182    -0.033146
0.004609    -0.617182    0.162721
0.033868    -0.617182    -0.047166
0.027842    -0.617182    -0.133761
0.075011    -0.617182    -0.073226
0.085539    -0.617182    -0.063527
0.091129    -0.617182    -0.06947
0.055981    -0.617182    0.08767
0.097078    -0.617182    -0.172347
0.055227    -0.617182    -0.107421
0.057435    -0.617182    0.007341
0.06557    -0.617182    -0.049784
0.074328    -0.617182    -0.127598
0.124421    -0.617182    -0.0994
0.132825    -0.617182    -0.094062
0.113009    -0.617182    -0.139118
0.134016    -0.617182    -0.071812
0.141125    -0.617182    -0.106775
0.14097    -0.617182    -0.088702
0.157436    -0.515688    -0.141019
0.173751    -0.431597    -0.119759
0.170659    -0.568544    -0.123788
0.178369    -0.253662    -0.113742
0.167739    -0.484941    -0.127593
0.169497    -0.616564    -0.125302
0.173867    -0.352109    -0.119608
0.046526    -0.617182    0.06696
0.034276    -0.617182    0.062454
0.02671    -0.617182    0.179101
0.038354    -0.617182    0.072881
0.047111    -0.617182    0.02359
0.048414    -0.617182    0.072516
0.044186    -0.617182    0.025438
0.027249    -0.617182    0.155359
0.051053    -0.617182    -0.065948
0.083371    -0.260082    0.19358
0.078736    -0.081603    0.1955
0.055706    -0.543061    0.20504
0.07291    -0.338371    0.197913
0.073298    -0.215477    0.197753
0.058154    -0.321175    0.204026
0.125678    -0.042275    0.167466
0.182201    0.024134    -0.027828
0.180741    -0.028895    -0.104159
0.071541    -0.617182    0.137039
0.104948    -0.617182    -0.093175
0.068466    -0.617182    0.147395
0.077257    -0.617182    0.188774
0.072696    -0.617182    0.150783
0.093326    -0.617182    -0.000348
0.10444    -0.617182    -0.021171
0.063959    -0.617182    0.196201
0.133471    -0.617182    -0.002355
0.131593    -0.617182    0.158952
0.138591    -0.617182    -0.039346
0.139598    -0.617182    -0.025584
0.136791    -0.617182    0.062842
0.186868    -0.158954    -0.099583
0.20148    -0.129328    -0.064298
0.204147    -0.062235    -0.057857
0.185246    -0.120868    -0.103499
0.18972    -0.301849    -0.092694
0.195402    -0.207571    -0.078975
0.184176    -0.323186    -0.106083
0.157355    -0.617182    -0.03467
0.174567    -0.617182    -0.052734
0.163153    -0.617182    -0.108709
0.176005    -0.617182    -0.080369
0.085183    -0.47304    0.192829
0.095641    -0.335182    0.188497
0.057491    -0.602363    0.204301
0.090286    -0.519398    0.190715
0.083361    -0.369728    0.193584
0.101879    -0.277242    0.185913
0.177642    -0.049209    0.113242
0.201974    -0.05329    -0.061573
0.141404    -0.530522    0.15714
0.125677    -0.394383    0.169208
0.11932    -0.592766    0.174086
0.136249    -0.586871    0.161096
0.12263    -0.537822    0.171546
0.125346    -0.547825    0.169462
0.202104    -0.360124    -0.062792
0.197517    -0.330003    -0.073867
0.197568    -0.589897    -0.073743
0.196176    -0.423324    -0.077106
0.204681    -0.079747    -0.056568
0.203848    -0.201981    -0.058579
0.18211    -0.617182    0.06044
0.170892    -0.617182    0.034273
0.163627    -0.617182    0.131151
0.112951    -0.236742    0.178973
0.148675    -0.073816    0.151561
0.139633    -0.153757    0.158499
0.126266    -0.339098    0.168756
0.108417    -0.268871    0.182452
0.135261    -0.086043    0.161854
0.120011    -0.295142    0.173556
0.211324    -0.047768    -0.001918
0.160102    -0.258362    0.137545
0.159838    -0.409404    0.137889
0.151164    -0.220103    0.149192
0.150479    -0.221461    0.150085
0.160873    -0.5797    0.136541
0.165452    -0.55705    0.130574
0.210704    -0.150103    -0.014157
0.209546    -0.173152    -0.022952
0.210275    -0.182016    -0.017415
0.205658    -0.183768    -0.052477
0.205575    -0.444698    -0.053106
0.210044    -0.136471    -0.019172
0.201998    -0.617182    -0.04011
0.184159    -0.617182    0.022875
0.177898    -0.450391    0.114357
0.180547    -0.285779    0.110905
0.182657    -0.169387    0.108155
0.157191    -0.155104    0.141339
0.16153    -0.139498    0.135685
0.183183    -0.432652    0.10747
0.203294    -0.479235    0.059919
0.202425    -0.062393    0.062018
0.194163    -0.156109    0.081968
0.202071    -0.190748    0.062871
0.20402    -0.17033    0.058167
0.197675    -0.273102    0.073486
0.202599    -0.34578    0.061597
0.207482    -0.218535    0.038622
0.211238    -0.214659    0.010099
0.212419    -0.525524    0.001133
0.206041    -0.08607    0.04957
0.212219    -0.236725    0.002647
0.211929    -0.41897    0.004851
0.211189    -0.540972    -0.010476
0.209512    -0.430319    -0.02321
0.208626    -0.378897    -0.029934
0.208678    -0.399744    -0.029544
0.208504    -0.577934    -0.030864
0.211887    -0.533327    -0.005172
0.188426    -0.617182    0.093267
0.185406    -0.115835    0.103113
0.189018    -0.570229    0.094391
0.188647    -0.60018    0.095286
0.196298    -0.60779    0.076812
0.199029    -0.591629    0.070217
0.185277    -0.099275    0.103424
0.188342    -0.261286    0.096024
0.209081    -0.538557    0.026481
0.205832    -0.282084    0.051153
0.211301    -0.567551    0.009618
0.209436    -0.555044    0.023782
0.205561    -0.247251    0.053215
0.205968    -0.144336    0.050124
-0.098273    0.088775    0.016597
-0.097788    0.087756    -0.020283
-0.039361    0.096662    0.091501
-0.102266    0.082056    -0.034129
-0.122704    0.069783    0.056707
-0.049646    0.082457    0.094601
-0.144292    0.062428    0.025509
-0.11296    0.069837    -0.074483
-0.140954    0.065703    -0.016471
-0.098776    0.064271    0.105537
-0.01695    0.06804    0.137337
0.015754    0.084748    -0.098671
-0.12569    0.051177    0.10005
-0.08999    0.065687    -0.109833
0.053879    0.090984    -0.084197
-0.124889    0.053513    -0.097182
-0.076691    0.05295    0.140135
-0.086498    0.048232    -0.139871
-0.018607    0.07051    -0.132386
-0.101905    0.045682    -0.131326
-0.088742    0.032293    0.155991
-0.071885    0.043159    -0.152926
0.063587    0.077688    -0.102422
-0.097981    0.038641    -0.143195
-0.121937    0.021759    0.140984
-0.031712    0.059536    -0.147473
0.086597    0.097212    0.050753
-0.186312    0.02256    -0.005773
-0.060486    0.024216    -0.174336
-0.089416    0.010225    0.171279
0.071665    0.056995    0.136824
0.061228    0.068565    -0.123336
-0.176206    0.020595    -0.062538
-0.068608    0.016736    -0.175999
-0.099096    0.009498    0.167057
-0.031622    0.02645    -0.179926
0.092877    0.078294    0.073196
0.037965    0.047936    -0.160342
-0.129904    0.0076    -0.14474
-0.185635    -0.007595    0.075837
-0.022621    0.00231    0.195513
0.033591    0.03485    -0.173229
0.098229    0.098011    -0.016928
-0.203261    -0.013202    -0.008571
-0.006452    0.002262    -0.197658
-0.131433    -0.012124    0.154057
0.059512    0.020448    0.177547
0.106727    0.075137    0.066058
0.10449    0.051691    -0.121621
-0.131549    -0.006069    -0.151093
-0.20248    -0.020579    0.032694
-0.091895    -0.029499    0.185965
0.120033    0.029355    0.135168
0.121388    0.076847    0.009856
-0.206519    -0.028817    -0.015872
-0.022753    -0.028451    -0.205533
-0.173921    -0.038852    0.116711
0.022772    -0.023402    0.204412
0.053497    -0.004672    -0.193697
0.117439    0.054516    -0.105211
-0.182919    -0.028216    -0.098507
-0.039853    -0.02894    -0.203389
-0.19424    -0.049821    0.079596
-0.054628    -0.051229    0.204634
0.154914    0.030411    0.092981
0.084342    -0.020022    -0.18684
0.147799    0.026253    -0.107443
-0.189416    -0.042697    -0.089898
-0.092676    -0.044715    -0.188422
-0.20712    -0.057777    0.03937
-0.061902    -0.043089    0.201041
0.112479    0.000413    0.162646
0.060197    0.017345    -0.179118
0.142542    0.065681    -0.004655
0.148044    0.008048    -0.125189
-0.116492    -0.06116    -0.176236
0.057233    -0.042588    -0.202938
-0.206894    -0.255449    0.043102
-0.206701    -0.25068    0.044565
-0.20602    -0.212937    0.049738
-0.206132    -0.14982    0.04889
-0.205901    -0.33837    0.050648
-0.206498    -0.073017    0.046112
-0.186398    -0.119004    0.100708
-0.19437    -0.304983    0.081465
-0.192523    -0.119784    0.085924
-0.19546    -0.077494    0.078834
-0.195264    -0.285702    0.079306
-0.191886    -0.262023    0.08746
-0.184616    -0.09465    0.105011
-0.154537    -0.14759    0.144799
-0.151937    -0.472603    0.148188
-0.173623    -0.224737    0.119925
-0.167253    -0.285426    0.128226
-0.166714    -0.167573    0.128929
-0.151261    -0.482499    0.149069
0.127882    -0.008929    0.155263
0.161021    0.042176    0.054958
0.156944    0.051042    0.039518
0.162898    -0.00675    -0.116585
-0.208035    -0.11056    -0.03444
-0.211357    -0.313032    -0.009208
-0.210803    -0.186207    -0.013411
-0.211396    -0.471159    -0.008908
-0.210115    -0.083573    -0.018642
-0.210404    -0.301615    -0.016447
-0.199426    -0.360433    -0.069258
-0.203375    -0.271521    -0.059724
-0.190218    -0.089764    -0.091488
-0.200286    -0.139519    -0.067182
-0.187719    -0.115139    -0.09752
-0.203138    -0.343125    -0.060298
-0.157936    -0.154155    -0.140367
-0.171857    -0.062282    -0.122225
-0.170062    -0.377402    -0.124564
-0.165946    -0.187297    -0.129928
-0.162133    -0.102362    -0.134898
-0.18137    -0.55667    -0.109828
-0.183995    -0.579901    -0.106406
-0.115341    -0.444969    -0.177143
-0.136868    -0.224789    -0.160622
-0.136468    -0.096883    -0.160929
-0.118342    -0.377646    -0.17484
-0.12037    -0.376896    -0.173283
-0.129278    -0.103845    -0.166447
-0.056065    -0.088808    -0.20489
-0.063839    -0.35279    -0.20167
-0.059407    -0.247489    -0.203506
-0.09788    -0.129144    -0.187573
-0.070199    -0.06838    -0.199037
-0.065282    -0.074242    -0.201073
-0.031796    -0.264773    -0.208381
-0.003286    -0.526568    -0.212135
-0.008966    -0.249432    -0.211387
-0.011072    -0.26683    -0.21111
-0.001268    -0.322538    -0.212401
-0.013398    -0.294026    -0.210804
-0.020949    -0.236815    -0.209809
0.052275    -0.285019    -0.205684
0.048273    -0.160052    -0.206211
0.020286    -0.099915    -0.209897
0.053652    -0.247603    -0.205503
0.037838    -0.322017    -0.207585
0.021697    -0.14811    -0.209711
0.077195    -0.175593    -0.196139
0.086661    -0.282661    -0.192219
0.084394    -0.327331    -0.193158
0.081447    -0.137876    -0.194378
0.105433    -0.341005    -0.184445
0.102606    -0.254271    -0.185615
0.134495    -0.063483    -0.162442
0.143442    -0.526974    -0.155575
0.128254    -0.149306    -0.167232
0.142679    -0.511701    -0.156161
0.145533    -0.302465    -0.153971
0.129406    -0.337849    -0.166347
0.120706    -0.143059    -0.173024
-0.211571    -0.436626    0.007575
-0.211117    -0.505785    0.011024
-0.212267    -0.599823    0.002291
-0.207213    -0.52204    0.040678
-0.209902    -0.536804    0.020253
-0.211995    -0.390608    0.004361
-0.191225    -0.475849    0.089058
-0.199975    -0.364905    0.067933
-0.203952    -0.191442    0.058334
-0.190381    -0.524472    0.091093
-0.199305    -0.30018    0.069552
-0.200156    -0.381959    0.067497
-0.179892    -0.360789    0.111755
-0.175987    -0.41662    0.116844
-0.170104    -0.334708    0.12451
-0.1719    -0.353187    0.122171
-0.168214    -0.598372    0.126974
-0.179938    -0.257763    0.111694
-0.161083    -0.554278    0.136267
0.178549    -0.004416    0.089814
0.162397    -0.01444    -0.121998
0.171143    0.041077    -0.00949
-0.206212    -0.305244    -0.048279
-0.207817    -0.316062    -0.036092
-0.206806    -0.547039    -0.043768
-0.207307    -0.336256    -0.039966
-0.209603    -0.391686    -0.022531
-0.205976    -0.578139    -0.050073
-0.209231    -0.579353    -0.025356
-0.18694    -0.342819    -0.0994
-0.188835    -0.29003    -0.094827
-0.202237    -0.538531    -0.062472
-0.18622    -0.307307    -0.101137
-0.204932    -0.608981    -0.055967
-0.191196    -0.38882    -0.089127
-0.157364    -0.347582    -0.141113
-0.158009    -0.477321    -0.140272
-0.171065    -0.526164    -0.123257
-0.156248    -0.387649    -0.142568
-0.160376    -0.518123    -0.137188
-0.177549    -0.583787    -0.114807
-0.127076    -0.494549    -0.168137
-0.126022    -0.545648    -0.168945
-0.131239    -0.500142    -0.164942
-0.132789    -0.285276    -0.163753
-0.134704    -0.499717    -0.162283
-0.128334    -0.537076    -0.167172
-0.13325    -0.280405    -0.163399
-0.095387    -0.535394    -0.188606
-0.093087    -0.420704    -0.189558
-0.096153    -0.213411    -0.188288
-0.096003    -0.281761    -0.18835
-0.09293    -0.508951    -0.189623
-0.099187    -0.444326    -0.187032
-0.029257    -0.37566    -0.208715
-0.035535    -0.456172    -0.207889
-0.043105    -0.579147    -0.206892
-0.049864    -0.37328    -0.206002
-0.04429    -0.560379    -0.206736
-0.052362    -0.462953    -0.205673
0.031403    -0.50223    -0.208433
0.01741    -0.522695    -0.210276
0.004789    -0.593267    -0.211938
0.027504    -0.612394    -0.208946
0.003489    -0.239345    -0.212109
0.004109    -0.270456    -0.212027
0.03359    -0.454024    -0.208145
0.081144    -0.582703    -0.194504
0.055637    -0.385309    -0.205067
0.060474    -0.27477    -0.203063
0.06526    -0.571284    -0.201082
0.059303    -0.605854    -0.203548
0.096895    -0.588933    -0.187981
0.112908    -0.410163    -0.179009
0.126678    -0.607911    -0.168441
0.117816    -0.525808    -0.175243
0.120555    -0.591572    -0.17314
0.134696    -0.540754    -0.162288
0.137396    -0.554926    -0.160216
0.153048    -0.457055    -0.146736
0.153981    -0.395938    -0.14552
0.176011    -0.11881    -0.116815
0.164273    -0.111044    -0.132109
0.154701    -0.526209    -0.144582
0.154879    -0.08988    -0.14435
0.153808    -0.118653    -0.145745
0.18009    -0.026857    0.104346
0.205078    -0.023667    0.018153
0.186928    0.013315    -0.041531
0.17457    -0.475722    -0.118692
0.174494    -0.269321    -0.118791
0.176208    -0.260262    -0.116558
0.176693    -0.494638    -0.115926
0.164991    -0.537464    -0.131173
0.172363    -0.313086    -0.121568
0.141509    -0.040296    0.155137
0.178174    0.031623    -0.014832
0.192112    -0.03919    -0.082614
0.197983    -0.109826    -0.072743
0.189464    -0.245616    -0.093313
0.199695    -0.163233    -0.068609
0.192421    -0.155239    -0.086173
0.194694    -0.162102    -0.080683
0.190208    -0.372723    -0.091518
0.134866    -0.048353    0.160968
0.205405    -0.039495    -0.042306
0.193851    -0.376162    -0.082719
0.192589    -0.525586    -0.085766
0.199787    -0.398326    -0.068385
0.186417    -0.581501    -0.10067
0.198813    -0.280185    -0.070739
0.20499    -0.545515    -0.055822
0.169062    -0.056469    0.125283
0.20575    -0.53968    -0.051774
0.206626    -0.327069    -0.045124
0.210095    -0.207292    -0.018777
0.208407    -0.29075    -0.0316
0.206773    -0.153182    -0.044007
0.208701    -0.30167    -0.029364
0.205542    -0.57383    -0.053354
0.195867    -0.118844    0.077852
0.199288    -0.426632    0.069592
0.196373    -0.103461    0.07663
0.202879    -0.221553    0.060922
0.198774    -0.386498    0.070832
0.200594    -0.106143    0.066439
0.210185    -0.088977    0.018095
0.211709    -0.261189    0.006518
0.209868    -0.132028    0.0205
0.210321    -0.100734    0.017065
0.209809    -0.389765    0.020949
0.211949    -0.449616    0.004697
0.208952    -0.585367    -0.02746
0.206894    -0.532684    -0.043088
0.210411    -0.239651    -0.016381
0.207967    -0.508165    -0.034943
0.208177    -0.573212    -0.033349
0.210289    -0.585137    -0.017309
0.208847    -0.58766    -0.028258
0.200583    -0.555621    0.066466
0.192488    -0.3962    0.086013
0.194625    -0.511318    0.080851
0.196438    -0.502871    0.076473
0.188859    -0.260897    0.094776
0.19924    -0.526737    0.069708
0.208566    -0.34938    0.030392
0.205378    -0.607929    0.0546
0.209299    -0.371108    0.024822
0.209238    -0.456899    0.025284
0.207115    -0.33853    0.041411
0.208269    -0.468044    0.032649
-0.136537    -0.201039    0.160876
-0.129905    -0.222971    0.165965
-0.13381    -0.352399    0.162969
-0.142219    -0.063077    0.156516
-0.144892    -0.135462    0.154465
-0.144446    -0.253    0.154807
-0.122208    -0.230026    0.171871
-0.08075    -0.193754    0.194666
-0.095507    -0.345787    0.188553
-0.101532    -0.062507    0.186057
-0.096855    -0.4069    0.187995
-0.071649    -0.082681    0.198436
-0.103634    -0.565255    0.185187
-0.027272    -0.204376    0.208978
-0.016088    -0.116844    0.210451
-0.035419    -0.289146    0.207906
-0.025597    -0.20615    0.209199
-0.031633    -0.342792    0.208404
-0.047369    -0.39011    0.206332
-0.114254    -0.248871    0.177974
-0.122421    -0.288747    0.171707
-0.11226    -0.220118    0.179504
-0.113522    -0.404383    0.178536
-0.106295    -0.453154    0.184081
-0.108196    -0.474533    0.182622
-0.139134    -0.578164    0.158883
-0.067602    -0.546783    0.200113
-0.070766    -0.253381    0.198802
-0.070735    -0.393048    0.198815
-0.069261    -0.465542    0.199425
-0.056797    -0.136906    0.204589
-0.101463    -0.605944    0.186086
-0.00869    -0.469026    0.211425
-0.00706    -0.511827    0.211639
-0.043698    -0.60704    0.206816
-0.00876    -0.481419    0.211415
-0.000314    -0.593292    0.212527
-0.018046    -0.577425    0.210193
0.02513    -0.228676    0.20926
0.012658    -0.47503    0.210903
0.038172    -0.107076    0.207543
0.036    -0.081481    0.207829
0.041999    -0.153725    0.207039
0.012001    -0.066315    0.210989
0.040952    -0.08573    0.207177
0.016329    -0.49016    0.210419
0.021366    -0.587166    0.209756
0.042681    -0.44196    0.206949
0.047988    -0.338882    0.206251
0.010593    -0.534652    0.211174
0.03045    -0.591355    0.20856
0.086964    -0.172053    0.192092
0.069356    -0.259815    0.199385
0.066287    -0.227233    0.200657
0.094222    -0.073536    0.189085
0.057132    -0.506942    0.204449
0.067453    -0.138512    0.200174
0.104977    -0.156908    0.18463
0.099786    -0.173113    0.18678
0.097572    -0.170911    0.187697
0.088872    -0.253322    0.191301
0.089242    -0.389242    0.191148
0.097736    -0.184133    0.187629
0.097788    -0.532097    0.187608
0.111722    -0.565684    0.179916
0.133081    -0.328675    0.163527
0.149112    -0.555613    0.151226
0.146255    -0.564778    0.153418
0.141362    -0.482906    0.157173
0.136716    -0.411659    0.160738
0.120807    -0.293106    0.172945
0.106395    -0.248054    0.184004
0.127473    -0.062289    0.16783
0.12925    -0.269513    0.166467
0.115531    -0.434114    0.176993
0.11506    -0.077697    0.177354
0.155821    -0.441187    0.143124
0.174595    -0.502572    0.11866
0.151066    -0.569068    0.149321
0.166779    -0.383083    0.128846
0.168573    -0.364211    0.126507
0.157731    -0.213497    0.140635
0.155316    -0.202179    0.143782
0.176779    -0.081093    0.115816
0.180479    -0.509621    0.110993
0.166638    -0.086559    0.129029
0.176212    -0.376649    0.116554
0.168209    -0.07057    0.126982
0.160072    -0.160233    0.137585
