-0.053879    -0.466464    0.108479
0.004003    -0.452194    0.123534
0.015522    -0.461046    0.122192
0.008575    -0.474361    0.122978
-0.07557    -0.484315    0.088467
-0.113869    -0.480314    0.031653
-0.088401    -0.451597    0.086243
0.012168    -0.485246    0.118165
0.071354    -0.430509    0.111567
-0.024726    -0.488292    0.112012
0.098412    -0.41815    0.100317
0.087685    -0.439927    0.104803
0.064186    -0.412857    0.114537
0.032333    -0.440914    0.12773
0.101274    -0.467067    0.076016
-0.11829    -0.47203    -0.013004
-0.092452    -0.48992    0.058624
0.059793    -0.434176    0.116356
0.004242    -0.43957    0.137771
0.119367    -0.471816    0.044842
-0.109683    -0.471515    -0.047534
-0.092547    -0.491475    0.050149
-0.105308    -0.451597    -0.065132
-0.007919    -0.492075    0.03504
0.000113    -0.492075    0.101284
0.02773    -0.492034    0.102054
-0.048468    -0.492075    0.060291
-0.068584    -0.492075    0.046544
0.142468    -0.408558    0.004618
-0.043324    -0.416503    0.119311
0.023916    -0.492075    0.097598
-0.062004    -0.492075    0.031728
0.029203    -0.492075    0.067278
0.122271    -0.484088    0.024692
-0.087633    -0.461402    -0.08348
-0.054908    -0.380811    0.114513
-0.020315    -0.400514    0.128842
-0.090965    -0.393795    0.099198
-0.084591    -0.492075    -0.000233
0.070941    -0.492075    0.075818
0.129086    -0.473275    -0.001918
-0.080248    -0.45376    -0.091415
-0.08378    -0.401558    0.102554
-0.084196    -0.492075    -0.000932
-0.068048    -0.492075    -0.03664
-0.075137    -0.492075    -0.039139
-0.039505    -0.492075    -0.063528
0.009543    -0.492075    -0.08212
0.073743    -0.492075    0.057707
0.10656    -0.49091    0.042916
0.138387    -0.423956    0.014517
-0.067697    -0.400753    0.109215
0.060015    -0.492075    -0.001801
-0.047849    -0.492075    -0.033279
0.049382    -0.492075    -0.029124
0.066521    -0.492075    -0.060494
0.066209    -0.492075    -0.069512
0.007751    -0.492075    0.000151
0.118392    -0.48962    0.008834
0.109439    -0.388732    0.084406
0.120648    -0.419726    0.057345
0.134057    -0.425919    0.024971
-0.107046    -0.435552    -0.069496
-0.028327    -0.469859    -0.120916
0.076781    -0.492075    -0.023853
0.085974    -0.492075    -0.026762
0.075746    -0.492075    0.002172
0.052788    -0.492075    -0.093523
0.10742    -0.451597    -0.083485
0.138645    -0.395358    0.013894
-0.097777    -0.379212    -0.091875
-0.125824    -0.380684    -0.024163
-0.115527    -0.43678    -0.049021
-0.0172    -0.480829    -0.120867
0.095511    -0.470226    -0.08538
-0.127946    -0.375022    -0.017366
-0.004891    -0.487524    -0.117487
0.080349    -0.457991    -0.098501
0.011596    -0.486564    -0.119074
0.142354    -0.391146    -0.006795
0.013677    -0.451597    -0.12826
0.061517    -0.463187    -0.111035
0.001597    -0.386064    -0.139772
0.052817    -0.466938    -0.114639
0.129027    -0.423381    -0.038969
0.117898    -0.400033    -0.065838
0.102994    -0.398312    -0.098754
-0.008967    -0.421888    -0.135396
-0.045885    -0.379877    -0.120104
-0.007083    -0.428567    -0.136176
-0.134623    -0.3784    0.000535
-0.11481    -0.414799    0.0489
-0.111691    -0.377786    0.056428
0.139155    -0.390743    -0.014517
-0.080191    -0.409641    -0.105894
-0.108937    -0.421508    0.063077
0.100597    -0.425233    -0.100843
0.011405    -0.442321    -0.138253
0.074564    -0.37624    -0.112002
0.080079    -0.406819    -0.109807
0.062222    -0.388286    -0.117204
0.066344    -0.419582    -0.115497
-0.12824    -0.373039    -0.013047
0.065129    -0.431058    -0.116
-0.120542    -0.364592    0.015464
0.050243    -0.421883    -0.122166
-0.105967    -0.37306    0.065001
-0.002307    -0.365612    -0.130753
-0.079789    -0.364753    0.096203
0.088352    -0.372183    -0.103592
-0.017731    -0.371281    0.12649
0.134518    -0.371067    -0.017092
0.127455    -0.364484    -0.022987
0.044776    -0.37271    0.120158
0.106496    -0.368962    0.079319
0.088301    0.200705    -0.029925
0.05729    0.219346    0.041201
-0.027548    0.207418    0.07429
0.049497    0.213198    0.060106
0.052249    0.229523    0.015292
0.019883    0.203772    0.086983
-0.028681    0.225302    0.046101
0.074967    0.213413    -0.022583
0.091555    0.206966    -0.006555
0.001862    0.220435    0.065762
0.049045    0.23498    0.011467
-0.061815    0.205621    0.058796
0.008504    0.23806    0.045685
0.046665    0.268926    0.0142
-0.072226    0.205303    0.035153
0.044022    0.244723    -0.022434
0.007093    0.258793    0.04577
-0.0535    0.222    0.01788
0.041068    0.275222    -0.029512
0.022402    0.210298    -0.077679
0.03858    0.260938    -0.033205
-0.078011    0.210185    0.001264
0.014371    0.271347    -0.04517
0.00398    0.225818    -0.059456
-0.016688    0.260947    -0.040344
0.003391    0.27298    -0.047723
-0.072792    0.205297    -0.035662
-0.022777    0.204679    -0.082365
-0.063485    0.204723    -0.060279
-0.04651    0.21404    -0.057785
-0.060173    -0.458174    0.104965
-0.072046    -0.457235    0.095855
0.016731    -0.451597    0.130699
0.025227    -0.466785    0.120914
0.028815    -0.480086    0.119024
-0.088435    -0.486391    0.07186
-0.114881    -0.468688    0.033132
-0.106769    -0.486148    0.039329
-0.116686    -0.460992    0.023331
-0.093747    -0.488017    0.061642
0.035845    -0.386334    0.126277
0.045762    -0.398727    0.122168
0.02856    -0.389965    0.129294
-0.117749    -0.477826    -0.012644
0.108618    -0.457149    0.066445
-0.119742    -0.454966    -0.001974
0.101991    -0.479401    0.073238
-0.11818    -0.451597    -0.016979
-0.109103    -0.489287    -0.014066
0.120793    -0.460657    0.041399
0.047071    -0.377047    0.121044
0.103302    -0.488149    0.061075
-0.108191    -0.452277    -0.051136
-0.028879    -0.492075    0.097495
0.002076    -0.492075    0.014795
-0.061629    -0.492075    0.077094
-0.057604    -0.492075    0.050295
-0.098804    -0.491892    0.026665
-0.065731    -0.451597    -0.106305
-0.090732    -0.408827    0.099363
0.01347    -0.492075    0.080965
-0.087035    -0.492075    0.030245
0.031796    -0.492075    0.096318
0.128931    -0.47508    -0.000465
-0.098277    -0.410717    -0.090667
-0.068483    -0.388908    0.10889
-0.05766    -0.397465    0.113373
-0.065279    -0.483845    -0.098672
-0.033031    -0.492075    0.008176
0.06484    -0.492075    0.074293
0.126871    -0.464114    -0.018739
-0.082473    -0.459336    -0.089708
-0.054875    -0.409287    0.114527
-0.082071    -0.492075    -0.017295
-0.088275    -0.492075    -0.042656
-0.079918    -0.492075    -0.049296
-0.019945    -0.492075    -0.072812
-0.012534    -0.492075    -0.082216
0.071801    -0.492075    0.055289
0.115436    -0.454148    -0.056186
-0.094298    -0.426744    -0.099084
-0.052402    -0.46431    -0.110943
0.066975    -0.492075    -0.000966
0.040678    -0.492075    -0.036597
0.065205    -0.492075    -0.029213
-0.041419    -0.492075    -0.058017
0.045997    -0.492075    -0.090547
0.095073    -0.492075    0.040601
0.11554    -0.464666    -0.055933
0.128784    -0.419339    0.037701
0.127939    -0.392333    0.039743
-0.094347    -0.377555    -0.099029
-0.095845    -0.393422    0.094158
-0.050501    -0.489702    -0.101281
0.032729    -0.492075    -0.019371
-0.058228    -0.492075    -0.025339
0.08055    -0.492075    0.008933
0.098876    -0.492016    0.04667
0.143194    -0.409705    -0.003499
-0.132024    -0.447041    0.00734
-0.113855    -0.397455    -0.053059
-0.123065    -0.401171    -0.030823
-0.066903    -0.413195    0.109544
-0.02205    -0.491912    -0.104365
0.106978    -0.468984    -0.070436
-0.121605    -0.423157    -0.034347
0.11295    -0.491709    -0.002685
-0.091564    -0.413948    -0.101179
0.100683    -0.489857    -0.062164
-0.089892    -0.432497    -0.101875
0.031453    -0.462058    -0.121949
0.096889    -0.451597    -0.100499
-0.100742    -0.415676    0.082862
0.040273    -0.461726    -0.119835
0.115609    -0.383424    -0.071364
0.122563    -0.429123    -0.054573
0.140653    -0.402594    -0.010901
-0.005116    -0.388216    -0.136991
-0.055328    -0.399365    -0.116192
-0.009362    -0.384648    -0.135232
-0.121293    -0.401459    0.033247
-0.113842    -0.413645    0.051237
-0.118302    -0.399101    0.040468
0.118077    -0.423932    -0.065405
-0.037551    -0.429778    -0.123556
0.002916    -0.444472    -0.140168
0.10689    -0.373756    -0.080926
-0.080564    -0.393386    -0.105739
-0.125089    -0.373842    0.017681
0.081361    -0.399138    -0.109276
0.052173    -0.391411    -0.121366
0.07112    -0.391608    -0.113518
-0.116688    -0.365987    -0.028988
-0.093312    -0.363065    -0.08047
-0.090346    -0.35954    0.079806
-0.087124    -0.368896    -0.097926
0.045511    -0.420077    -0.124126
-0.053623    -0.363369    -0.107923
0.053026    -0.373759    -0.117678
0.022411    -0.373618    -0.131912
-0.021825    -0.37116    0.124709
0.131023    -0.371775    -0.026727
0.106273    -0.360161    -0.0668
0.117247    -0.370351    0.055718
0.102003    -0.360618    0.07603
0.093253    0.200906    -0.017318
0.069878    0.209259    0.048559
-0.043407    0.207136    0.068158
0.063015    0.204601    0.067832
0.092287    0.206931    0.001892
0.024216    0.214203    0.069021
0.089563    0.202158    0.017033
0.060317    0.21726    -0.043556
0.061232    0.222411    -0.022069
0.097182    0.203779    -0.003681
0.042276    0.235533    0.027177
0.01768    0.247226    0.041946
0.036007    0.262252    0.033783
-0.01568    0.254298    0.038907
-0.068511    0.20688    0.038221
0.043424    0.266945    -0.023877
-0.02311    0.277164    0.03583
-0.046564    0.226688    0.017085
0.01232    0.228176    -0.054144
0.016034    0.230515    -0.049171
-0.033619    0.235113    0.026016
0.012293    0.340054    0.04132
0.044743    0.282189    -0.016659
0.024388    0.363435    0.037088
0.045627    0.342477    0.011505
0.008132    0.358619    0.041854
-0.021011    0.366839    0.033647
0.045452    0.357639    -0.014014
0.03479    0.364965    0.029452
-0.035532    0.306145    0.014335
-0.038113    0.292468    0.003162
-0.087106    0.204317    0.00124
0.036879    0.317453    -0.029217
-0.038113    0.371296    0.000373
-0.036004    0.3422    -0.014429
0.034765    0.295405    -0.031331
0.029027    0.367029    -0.036262
-0.033652    0.280123    -0.022707
-0.004768    0.335635    -0.042688
-0.032703    0.25726    -0.027221
-0.00554    0.344947    -0.042482
0.010588    0.304173    -0.043631
-0.012525    0.276034    -0.042068
0.005689    0.25719    -0.047737
-0.064408    0.206025    -0.053181
-0.006982    0.217608    -0.068868
-0.046408    0.227277    -0.017109
-0.034012    0.233443    -0.029171
-0.004237    -0.449242    0.133968
-0.112922    -0.44915    0.049937
0.118697    -0.443508    0.062055
-0.02101    -0.446647    -0.130407
-0.055074    -0.440436    -0.116298
0.056976    -0.446164    0.117523
-0.110493    -0.448676    -0.061176
-0.11496    -0.443583    -0.05039
0.106997    -0.448782    -0.092155
0.048495    -0.45078    -0.12289
-0.104761    -0.373755    -0.070214
-0.065257    -0.373755    -0.110278
-0.114409    -0.358186    0.008443
-0.105797    -0.301303    -0.022554
-0.087548    -0.062803    -0.017891
-0.105359    -0.329093    -0.032665
-0.084441    -0.010903    -0.013653
-0.091561    -0.129571    -0.023286
-0.088067    -0.339037    -0.07086
-0.090669    -0.293389    -0.059145
-0.086378    -0.254083    -0.06037
-0.075621    -0.035896    -0.044543
-0.09106    -0.197652    -0.043348
-0.09086    -0.346776    -0.067246
-0.085228    -0.269094    -0.064732
-0.08157    -0.182383    -0.057373
-0.075221    0.031985    -0.034515
-0.094601    -0.2614    -0.047282
-0.089084    -0.211616    -0.048976
-0.049848    -0.087264    -0.079606
-0.046779    -0.095413    -0.082121
-0.055325    -0.210303    -0.087663
-0.048037    -0.076051    -0.07963
-0.066498    -0.348863    -0.093847
-0.048444    -0.164365    -0.087447
-0.043623    -0.003469    -0.075559
-0.045742    -0.218294    -0.093924
-0.043742    -0.26737    -0.099554
-0.060162    -0.239724    -0.087553
-0.061164    -0.324733    -0.094726
-0.085043    -0.191277    0.05091
-0.071106    -0.048178    0.05245
-0.093512    -0.28609    0.051215
-0.076273    -0.124282    0.05552
-0.09467    -0.330129    0.056164
-0.075796    0.042327    0.027823
-0.103476    -0.334268    0.039419
-0.092427    -0.15386    0.025611
-0.103917    -0.330663    0.036675
-0.100724    -0.285377    0.034775
-0.105509    -0.288506    0.017871
-0.094917    -0.140312    0.003969
-0.087591    -0.047528    0.001243
-0.099691    -0.200766    -0.00265
-0.109537    -0.325452    -0.005696
-0.087775    -0.049866    0.008202
-0.096184    -0.235916    -0.038479
-0.072841    0.108292    -0.020578
-0.071026    0.09759    -0.03062
-0.088915    -0.13373    -0.03443
-0.10162    -0.225193    -0.010092
-0.084079    -0.003059    -0.002911
-0.074814    0.114272    -0.007572
-0.071781    -0.17062    -0.068697
-0.079712    -0.330404    -0.078611
-0.071196    -0.138596    -0.065706
-0.081787    -0.321298    -0.075519
-0.083743    -0.350095    -0.076779
-0.06749    -0.093551    -0.064382
-0.062392    -0.000273    -0.059064
-0.068132    -0.296897    -0.086449
-0.080057    -0.312754    -0.076295
-0.06888    -0.280205    -0.083837
-0.063886    0.028713    -0.054333
-0.06717    0.09084    -0.039165
-0.0812    -0.233596    -0.066103
-0.07209    0.007503    -0.043805
-0.070454    -0.011802    -0.049687
-0.07689    -0.090796    -0.051015
-0.068936    0.014176    -0.048213
-0.068988    -0.010894    -0.052083
0.005843    -0.358186    -0.122648
-0.023825    -0.170192    -0.098834
-0.025801    -0.223992    -0.102702
-0.032553    -0.252031    -0.103185
-0.027874    -0.164835    -0.097311
-0.022032    -0.245255    -0.105451
-0.033425    -0.073637    -0.087846
-0.034441    -0.086502    -0.088432
-0.040268    -0.342138    -0.108377
-0.030187    0.029863    -0.080278
-0.036415    0.007316    -0.078738
-0.034196    -0.113882    -0.09107
-0.039627    -0.291475    -0.104128
-0.054893    -0.044619    -0.071515
-0.047703    0.064063    -0.066567
-0.059455    -0.119909    -0.07536
-0.062887    -0.192862    -0.080075
-0.058008    -0.139597    -0.079006
-0.05613    0.001725    -0.065102
-0.059512    -0.158558    -0.079619
-0.063113    -0.175094    -0.077866
-0.066801    -0.1892    0.073899
-0.070149    -0.317391    0.084867
-0.069687    -0.299421    0.083322
-0.083978    -0.327702    0.072189
-0.055302    -0.057441    0.070684
-0.061509    0.100117    0.045653
-0.071487    0.014658    0.041866
-0.067447    0.042179    0.044518
-0.077911    -0.048881    0.040774
-0.068966    -0.077684    0.059281
-0.05722    0.003961    0.061909
-0.078717    -0.234251    0.067014
-0.075714    0.067634    0.020409
-0.074786    0.070779    0.022913
-0.102967    -0.250057    0.015625
-0.089124    -0.067148    0.011483
0.04548    -0.310462    -0.107
0.038139    -0.279351    -0.106423
0.041683    -0.114841    -0.092025
0.022861    -0.278808    -0.110473
0.028984    -0.286419    -0.109454
0.041819    -0.179578    -0.097281
-0.062678    0.115096    -0.018253
-0.043075    0.115096    -0.019262
0.00769    0.115096    0.001748
-0.023973    0.115096    0.00696
-0.076444    0.115096    0.002308
0.027873    0.115096    -0.036093
-0.036249    0.115096    -0.046184
0.017843    -0.303812    -0.113423
7.2e-05    -0.19938    -0.105177
0.002041    -0.312849    -0.114137
0.01264    0.031448    -0.086949
0.017379    -0.267955    -0.110592
-0.011614    -0.264678    -0.10983
-0.007889    0.075803    -0.082993
-0.01664    0.026959    -0.084641
-0.007321    0.089407    -0.082033
0.04859    0.115096    -0.050376
-0.01256    0.115096    -0.059681
-0.052876    -0.33949    0.099004
-0.047509    -0.05639    0.076289
-0.064838    -0.335723    0.091754
-0.04352    -0.155802    0.087656
-0.048902    -0.047871    0.074707
-0.038362    0.115096    0.034329
-0.056314    0.115096    0.041707
-0.012297    0.115096    0.058489
-0.021541    0.115096    0.02098
-0.060178    0.115096    0.02053
0.058818    -0.373755    -0.116237
0.065798    -0.216328    -0.087556
0.056319    -0.043386    -0.07726
0.060455    -0.225484    -0.091476
0.061943    -0.209452    -0.089155
0.067559    -0.208024    -0.085782
0.027423    0.060387    -0.081521
0.02886    0.09656    -0.078179
0.021644    -0.212649    -0.10539
0.020905    0.040577    -0.084887
0.045262    -0.040133    -0.083347
0.044356    -0.072653    -0.086835
0.04317    0.095847    -0.072156
0.045733    -0.048461    -0.083835
0.050998    0.115096    0.00105
0.063368    0.115096    -0.002593
0.066161    0.115096    -0.01598
0.012662    0.115096    -0.028958
0.074508    0.115096    0.022039
-0.037887    0.115096    0.013057
0.070555    0.115096    0.010055
0.054194    0.115096    -0.048466
-0.003551    0.030837    -0.086998
0.001053    -0.006974    -0.089983
-0.007987    -0.10478    -0.097707
-0.004755    -0.241097    -0.108471
0.009458    0.115096    -0.060689
0.002107    0.115096    -0.072979
-0.013561    -0.321744    0.11212
-0.014099    -0.313712    0.111319
-0.019676    -0.264737    0.105821
-0.023269    -0.144405    0.095021
-0.02521    -0.352972    0.111552
-0.040175    -0.064145    0.08123
-0.038829    -0.183444    0.092885
-0.040736    -0.29607    0.102053
-0.035721    -0.058885    0.083322
0.017597    0.115096    0.050001
-0.021338    0.115096    0.032417
0.058993    0.115096    0.031166
0.00522    0.115096    0.065127
0.08529    -0.233879    -0.07159
0.078756    -0.080173    -0.060958
0.078087    -0.293109    -0.085406
0.084192    -0.284188    -0.078306
0.069484    0.070104    -0.053449
0.075899    -0.198166    -0.076992
0.066956    -0.115653    -0.076721
0.066484    -0.015308    -0.065987
0.062656    -0.003277    -0.068471
0.019416    0.115096    -0.084019
0.092577    0.007559    0.006426
0.098941    -0.073032    -0.000764
0.102588    -0.119217    0.009643
0.088282    0.0155    -0.026108
0.097755    -0.081192    -0.020254
0.082317    0.108709    -0.01993
0.091187    0.015622    -0.015228
0.079858    0.112635    0.026055
0.08827    0.036432    0.017912
0.084678    0.048967    0.027493
0.086611    0.030869    0.025799
0.081318    0.000479    -0.045102
0.096424    -0.163203    -0.044786
0.075489    0.090612    -0.040962
0.081961    -0.007633    -0.04527
0.013998    -0.145415    0.099062
0.013798    0.053143    0.083383
0.019508    -0.313532    0.112338
0.00059    -0.228691    0.105638
0.013228    -0.296819    0.111018
0.011168    -0.284998    0.110085
-0.008982    -0.135342    0.098109
-0.009069    -0.036843    0.090033
-0.009246    -0.032445    0.089626
-0.010014    0.115096    0.06761
0.062095    0.059218    0.0602
0.07001    -0.008132    0.059806
0.072811    -0.273241    0.086611
0.090515    -0.234205    0.064383
0.088834    -0.163311    0.056097
0.092247    -0.23594    0.061657
0.073094    0.109285    0.040308
0.043591    0.113319    0.068466
0.051376    0.040778    0.070586
0.042334    -0.060987    0.085086
0.047991    -0.027076    0.078727
0.090382    -0.232116    -0.066137
0.080239    -0.012925    -0.049087
0.091654    -0.225166    -0.062835
0.092935    -0.241232    -0.063155
0.095401    -0.269125    -0.063289
0.065796    0.115096    -0.064032
0.114686    -0.272422    -6e-05
0.114693    -0.272517    -0.015208
0.09457    -0.017672    -0.01074
0.107347    -0.179488    -0.002138
0.097091    -0.049595    -0.007746
0.113981    -0.265338    0.014025
0.097355    -0.086738    0.021587
0.119402    -0.350115    0.019659
0.114574    -0.342028    0.035212
0.110398    -0.226694    0.015607
0.118492    -0.33503    -0.020308
0.099474    -0.142883    -0.032661
0.107377    -0.238346    -0.032289
0.112372    -0.317491    -0.037798
0.102682    -0.159667    -0.025809
0.106776    -0.256934    -0.040206
0.103365    -0.354013    0.061048
0.089576    -0.107202    0.045951
0.101207    -0.35315    0.064649
0.087545    -0.044755    0.039606
0.091558    -0.077652    0.037851
-0.033234    0.115362    -0.073289
0.028325    -0.115374    0.093794
0.023588    -0.280733    0.108582
0.035224    -0.050212    0.086619
0.041822    -0.234291    0.0999
0.040072    -0.201565    0.097693
0.010979    0.043789    0.084122
-0.008516    -0.217862    0.104783
0.0104    0.107406    0.079098
0.002613    0.070944    0.081977
0.023693    0.095033    0.077835
0.019493    -0.250956    0.107245
0.021349    -0.151696    0.098633
-0.022914    0.115096    0.073234
0.079682    -0.259521    0.078208
0.075979    -0.272295    0.083337
0.075542    -0.029953    0.056711
0.078544    -0.318757    0.085961
0.087459    -0.252101    0.069602
0.06604    -0.315008    0.094561
0.062692    -0.135862    0.080159
0.057146    -0.197243    0.088958
0.072411    -0.292044    0.088789
0.051886    -0.275514    0.099132
0.087862    0.115096    0.018363
0.056319    0.118756    -0.071286
0.016636    0.174513    -0.091947
0.033469    0.15367    -0.083396
0.069822    0.159566    -0.067833
0.083536    0.141703    -0.036232
0.082951    0.117693    -0.033252
0.085821    0.132382    -0.029012
0.076413    0.166113    -0.057894
-0.003027    0.115096    0.078993
0.082215    0.123344    0.034208
0.087732    0.143898    0.02465
0.085107    0.136371    0.02961
-0.056702    0.128716    0.065957
0.026615    0.182579    -0.088425
0.027952    0.172252    -0.087089
0.050073    0.150008    -0.076241
0.042626    0.187465    -0.082163
0.096761    0.154692    0.004826
0.094949    0.16424    -0.0128
0.091238    0.164576    -0.021823
0.092463    0.18817    -0.023181
0.083865    0.169547    -0.040531
0.074804    0.178356    0.062009
0.094227    0.182334    0.016
0.087307    0.163237    0.029213
0.083925    0.18787    0.041884
-0.064291    0.115951    0.047889
0.011154    0.118684    0.088134
0.016039    0.142493    0.087915
0.04142    0.121372    0.075802
0.024772    0.179017    0.087065
0.046469    0.166032    0.077094
0.037552    0.179753    0.081827
0.03486    0.169811    0.082189
0.054507    0.199745    -0.077197
0.069785    0.147277    0.064765
-0.048498    0.191483    0.074315
-0.042277    0.155504    0.074165
-0.054328    0.178836    0.070942
-0.059652    0.199801    0.070237
-0.077603    0.117603    -0.021211
-0.003883    0.159443    0.090367
-0.009504    0.165044    0.088463
-0.013708    0.170259    0.087117
0.011137    0.196726    0.093961
-0.027567    0.197557    0.083233
0.012932    0.20228    -0.080225
0.062399    0.20228    -0.065926
0.010235    0.20228    -0.074025
-0.005373    0.20228    -0.083887
-0.02165    0.20228    -0.077757
0.011802    0.20228    -0.074499
-0.063862    0.18375    0.065157
-0.061722    0.20228    0.050067
-0.032483    0.20228    0.031051
0.004232    0.20228    0.055906
-0.031664    0.20228    0.057271
-0.030825    0.20228    0.064609
0.02747    0.20228    0.056906
-0.025551    0.20228    0.042934
-0.026341    0.20228    0.062788
-0.030025    0.20228    0.029703
-0.043379    0.20228    0.053317
0.016867    0.20228    0.059746
0.018424    0.20228    0.054484
0.006273    0.175507    0.093642
0.002698    0.140676    0.090983
-0.007095    0.20228    0.034552
0.095953    0.200173    -0.012765
-0.067147    0.11986    0.047057
0.072994    0.20228    0.057454
0.02859    0.20228    0.040665
0.026298    0.20228    0.023277
-0.005702    0.20228    0.007297
0.02493    0.20228    0.006652
0.013226    0.20228    0.012366
-0.021528    0.20228    0.01919
-0.01587    0.20228    0.024327
-0.032068    0.20228    0.005849
0.067873    0.20228    0.01155
0.059862    0.20228    0.052542
0.054122    0.20228    0.017798
-0.036106    0.20228    0.012381
-0.016206    0.20228    0.014906
-0.043048    0.20228    0.012066
-0.05629    0.20228    0.00507
-0.001645    0.200231    0.092602
-0.062665    0.12486    0.059021
-0.009649    0.20228    0.07028
0.002841    0.20228    0.082241
-0.009284    0.20228    0.086614
0.001132    0.20228    0.082964
0.051371    0.20228    0.072241
0.082305    0.20228    0.041679
0.076685    0.20228    0.004478
0.05423    0.20228    0.003508
-0.058247    0.20228    -0.063154
-0.081646    0.129485    -0.016021
-0.065205    0.122441    -0.054425
-0.085523    0.171383    -0.014324
-0.022279    0.138399    -0.083006
-0.057745    0.192504    -0.072415
-0.015468    0.122474    -0.084621
-0.053004    0.129876    -0.069634
-0.018948    0.191853    -0.088436
-0.00118    0.12707    -0.090887
-0.026078    0.176683    -0.084334
0.001344    0.199156    0.09436
-0.068097    0.133036    0.047526
-0.069659    0.169442    0.050414
-0.076852    0.1407    0.027791
0.006358    0.20228    0.092906
0.027679    0.20228    0.083612
-0.009802    0.20228    0.087698
0.094028    0.20228    0.013342
0.099487    0.20228    0.001888
0.081127    0.20228    -0.022587
-0.015927    0.20228    -0.056267
0.038255    0.20228    -0.035409
0.016759    0.20228    -0.052211
0.07826    0.20228    -0.049825
0.058891    0.20228    -0.040691
0.089063    0.20228    -0.021599
0.058339    0.20228    -0.05439
0.076091    0.20228    -0.056085
-9.6e-05    0.20228    -0.051985
0.073523    0.20228    -0.025467
0.062915    0.20228    -0.02433
-0.064456    0.140275    -0.059494
-0.065088    0.150988    -0.059928
-0.06773    0.149545    -0.053287
-0.089151    0.167366    0.001795
-0.060627    0.149029    -0.066636
-0.08152    0.142885    0.016922
-0.082663    0.152523    0.015925
-0.086523    0.146341    0.005476
-0.012099    0.20228    0.084312
-0.02248    0.20228    0.080332
0.090197    0.20228    -0.01933
-0.023185    0.20228    -0.044832
-0.017823    0.20228    -0.044287
-0.009408    0.20228    -0.020957
-0.032847    0.20228    -0.043833
-0.015274    0.20228    -0.008804
-0.052468    0.20228    -0.006645
-0.02221    0.20228    -0.013473
0.049344    0.20228    -0.009667
0.087337    0.20228    -0.033089
0.083707    0.20228    -0.037343
0.01776    0.20228    -0.003544
-0.058631    0.20228    -0.005686
-0.007393    0.20228    -0.010862
-0.066846    0.20228    -0.050335
-0.0475    0.20228    -0.017638
-0.025147    0.20228    -0.045813
0.069608    0.20228    -0.013848
0.024129    0.20228    -0.013693
0.011436    0.20228    -0.027279
0.09782    0.20228    -0.00331
-0.022141    0.20228    -0.002917
0.016671    0.266717    0.040807
0.033044    0.264567    0.034025
0.02551    0.260464    0.037146
0.046995    0.254008    0.009644
-0.02003    0.280123    0.015742
-0.001144    0.238454    0.043372
0.009551    0.280123    0.005621
-0.014387    0.269737    0.037886
0.050339    0.278377    -0.003427
0.050807    0.279501    -0.002295
0.049524    0.23841    0.00354
-0.009414    0.280123    0.032739
0.047961    0.245938    -0.009167
-0.024619    0.280123    0.010468
0.038116    0.280123    0.003199
-0.032114    0.278163    0.023031
-0.031796    0.262041    0.023799
0.017467    0.280123    -0.020842
0.026117    0.280123    -0.021639
0.047449    0.3792    -0.003581
-0.037574    0.262426    0.009848
0.030777    0.248591    -0.036818
0.032527    0.280123    -0.027639
0.001229    0.280123    -0.040495
-0.041917    0.271634    -0.001217
0.013292    0.260603    -0.04406
-0.016204    0.280123    -0.037227
-0.03117    0.262504    -0.027163
-0.002561    0.264173    -0.044637
-0.017509    0.393334    0.034723
-0.005642    0.234321    -0.043362
-0.006379    0.261486    -0.043056
-0.000841    0.398589    0.039636
0.043273    0.404077    -0.015011
0.022728    0.409205    0.036614
-0.030048    0.404874    -0.0215
0.001507    0.415639    0.041854
-0.038113    0.412463    0.001291
0.013604    0.422622    0.040419
0.041526    0.426111    0.01032
-0.006569    0.426467    0.00696
0.022573    0.426467    -0.031474
-0.002447    0.426467    -0.009164
-0.090793    -0.090076    -0.014104
-0.086108    -0.054135    -0.020621
-0.105973    -0.309593    -0.024426
-0.083019    0.002031    -0.015013
-0.097424    -0.212422    -0.026684
-0.086561    -0.302642    0.065868
-0.082218    -0.21544    0.059619
-0.09524    -0.311004    0.052156
-0.099552    -0.329993    0.047688
-0.091777    -0.330857    0.06129
-0.089091    -0.280712    0.058023
-0.079335    -0.014245    0.031876
-0.102138    -0.324183    0.041335
-0.111018    -0.350132    0.016113
-0.074622    0.047226    0.030711
-0.090698    -0.126386    0.023682
-0.097597    -0.174245    0.003192
-0.10317    -0.244819    -0.005419
-0.096929    -0.165789    -0.004932
-0.111747    -0.353439    -0.015362
-0.104876    -0.266428    -0.002608
-0.075488    0.03532    -0.032963
-0.088143    -0.111316    -0.030472
-0.076613    0.061043    -0.020918
-0.084783    -0.06681    -0.029435
-0.101399    -0.222391    -0.009831
-0.087286    -0.043674    -0.007387
-0.077833    0.076043    0.005811
-0.077898    0.075218    -0.001748
-0.051075    0.003581    0.068097
-0.078327    -0.349366    0.080259
-0.055494    -0.091049    0.074245
-0.052778    -0.000542    0.066853
-0.049961    0.013245    0.068132
-0.07416    -0.005778    0.040464
-0.094729    -0.243677    0.042408
-0.069842    0.093805    0.032215
-0.070982    0.079479    0.032504
-0.076242    -0.193642    0.064954
-0.057707    0.060346    0.055125
-0.08227    -0.288961    0.06957
-0.075369    0.106059    0.009973
-0.083106    -0.005182    0.015036
-0.10157    -0.228261    0.014188
-0.08739    -0.067007    0.01791
-0.043746    -0.276077    0.098493
-0.048362    -0.274732    0.095705
-0.048767    -0.3237    0.099936
-0.04451    -0.160128    0.087479
-0.050906    -0.082944    0.076749
-0.039191    -0.340521    0.106788
-0.017662    -0.305809    0.109719
-0.033349    -0.34921    0.109063
-0.01519    -0.28831    0.10895
-0.036437    -0.334079    0.106999
-0.032879    -0.208449    0.097682
-0.041453    0.082946    0.06708
-0.034924    0.052135    0.073658
-0.035285    -0.109474    0.088186
0.001412    -0.267041    0.108667
0.011691    -0.117691    0.096873
0.010398    0.007866    0.086959
0.005152    -0.222801    0.105173
0.014596    -0.211699    0.104297
0.012504    0.063153    0.082593
-0.010286    0.091417    0.079221
-0.009901    -0.05183    0.091035
-0.024741    0.1051    0.074229
0.026311    -0.198755    0.101151
0.029788    -0.153963    0.096557
0.031012    -0.030848    0.086164
0.032367    -0.136719    0.094456
0.033416    -0.257021    0.10401
0.034041    -0.331167    0.109905
0.007202    -0.011801    0.088511
-0.001315    -0.017634    0.088972
-0.004542    -0.040889    0.090808
0.017705    -0.020338    0.088871
0.020475    0.084739    0.079539
0.026685    -0.060203    0.089724
0.033014    0.073175    0.077124
-0.025981    -0.121748    -0.094296
-0.025791    0.091485    -0.076915
-0.023545    -0.132647    -0.095839
-0.01914    -0.162946    -0.099497
-0.030972    -0.191092    -0.098627
0.04363    -0.305904    -0.107123
0.025572    -0.282913    -0.110082
0.040304    -0.141818    -0.0946
0.039767    -0.221208    -0.101234
0.022493    -0.298177    -0.112155
0.046117    -0.327796    -0.108246
0.015794    0.009459    -0.088686
0.013398    0.011772    -0.088503
0.014599    -0.030045    -0.091805
0.007384    -0.18657    -0.104165
0.009767    -0.347042    -0.116837
-0.011819    -0.123393    -0.098225
-0.01787    0.087971    -0.079324
-0.011107    -0.302582    -0.113064
-0.011014    -0.271186    -0.110523
0.06107    -0.355076    -0.102937
0.059253    -0.099419    -0.080675
0.067543    -0.228952    -0.0877
0.059425    -0.011456    -0.072555
0.063508    -0.276075    -0.094326
0.021659    -0.247866    -0.108266
0.019038    0.090901    -0.081273
0.027238    0.028032    -0.084216
0.025058    -0.056484    -0.091709
0.03858    0.02689    -0.081094
0.051176    -0.037405    -0.079683
0.043094    -0.085652    -0.088749
-0.004775    -0.208933    -0.105931
-0.005602    0.091668    -0.082194
-0.000205    -0.033484    -0.092077
0.001995    0.091685    -0.082193
0.092133    -0.35038    -0.077757
0.084176    -0.166401    -0.065169
0.092882    -0.295773    -0.07091
0.077173    -0.251876    -0.081716
0.075129    -0.207361    -0.078789
0.066492    -0.061669    -0.071156
0.063283    0.021983    -0.065023
0.06958    -0.021539    -0.063586
0.069753    -0.121576    -0.074585
0.085335    0.099283    -0.006378
0.098597    -0.068676    0.009776
0.084436    0.110664    -0.010688
0.082989    0.080251    -0.026105
0.094064    -0.022082    -0.015995
0.086262    0.042776    -0.025323
0.087954    0.061001    -0.013451
0.085518    0.05972    0.021077
0.08717    0.039018    0.02123
0.089486    0.004541    0.023105
0.096002    -0.102471    0.031434
0.089236    -0.034488    -0.036908
0.102744    -0.214288    -0.041909
0.088076    -0.032977    -0.03868
0.063796    0.085436    0.055571
0.064332    -0.001756    0.064772
0.067307    -0.045882    0.066725
0.068627    -0.051205    0.065999
0.083126    -0.023276    0.043868
0.081403    -0.040691    0.049603
0.076058    0.103929    0.036021
0.090629    -0.213431    0.060904
0.037421    0.058703    0.077008
0.043832    0.052493    0.073873
0.046913    0.007283    0.076217
0.105814    -0.30271    -0.050555
0.100686    -0.244587    -0.050259
0.100218    -0.307965    -0.061079
0.100611    -0.260445    -0.052893
0.082091    -0.045249    -0.050985
0.073398    0.035801    -0.053242
0.097669    -0.056922    -0.003318
0.116052    -0.28973    -0.01121
0.103305    -0.12829    -0.005595
0.107304    -0.178932    -0.005907
0.120319    -0.343764    -0.002758
0.109409    -0.214967    0.015721
0.105214    -0.196021    0.025599
0.107509    -0.231805    0.027951
0.117724    -0.318376    0.016238
0.112576    -0.304081    0.031092
0.109354    -0.246783    -0.027488
0.104857    -0.217769    -0.035417
0.10699    -0.203255    -0.023028
0.104739    -0.178756    -0.023955
0.107567    -0.209651    -0.022825
0.094305    -0.062585    -0.027451
0.087952    -0.051522    0.039969
0.089814    -0.103037    0.04488
0.107823    -0.332884    0.049988
0.095835    -0.201311    0.049972
0.087609    -0.072093    0.043812
0.076498    -0.212254    0.076113
0.089445    -0.24683    0.067028
0.083704    -0.337044    0.082843
0.095372    -0.356785    0.073379
0.075191    -0.153177    0.070823
0.075564    -0.350967    0.092341
0.067652    -0.33194    0.095175
0.067163    -0.223537    0.085572
0.062962    -0.320539    0.096843
0.057184    -0.056114    0.076068
0.053705    0.108439    0.063072
0.014756    0.318998    0.04066
0.045288    0.301838    -0.014625
0.018583    0.322004    0.039635
5.4e-05    0.295725    0.041854
0.047449    0.314051    -0.00283
-0.009133    0.284226    0.039665
0.044377    0.303059    -0.017712
-0.026255    0.316444    0.028651
-0.008717    0.361897    0.039777
-0.026776    0.353775    0.02813
-0.032928    0.295295    -0.021371
-0.037963    0.336384    0.005265
0.029255    0.335807    -0.036131
0.03158    0.299466    -0.034516
0.02205    0.332049    -0.04029
-0.007304    0.307732    -0.042009
-0.020801    0.295228    -0.035622
0.006838    0.368716    -0.043708
0.002025    0.378791    0.041854
-0.012943    0.381396    0.038305
-0.036928    0.38211    -0.01098
0.030505    0.391445    -0.035409
-0.021841    0.394479    -0.032574
-0.007053    0.405839    0.036975
-0.00821    0.412121    0.039913
0.00479    0.418623    -0.043708
-0.020347    0.420558    -0.035835
-0.021862    0.426262    0.02644
0.029289    0.426467    -0.000524
-0.016624    0.426467    0.016634
-0.003778    0.426467    -0.022474
-0.034411    0.397497    -0.008886
-0.013995    0.410366    0.037247
