-0.013336    0.246995    -0.043353
0.018708    0.24054    -0.059092
-0.034452    0.245892    -0.037351
-0.049946    0.236716    -0.045636
-0.036848    0.246784    -0.028072
-0.003935    0.223667    -0.077364
0.044231    0.246648    -0.016239
-0.053003    0.222415    -0.057065
0.077455    0.218119    -0.007318
0.063904    0.238789    -0.00775
-0.074821    0.22655    -0.012877
0.024696    0.213301    -0.072363
0.022377    0.264007    -0.01656
0.044372    0.208281    -0.057342
0.019566    0.273083    -0.018606
0.057537    0.206606    -0.041099
0.026351    0.267505    -0.00717
-0.000405    0.203903    -0.066265
-0.077562    0.220081    0.005963
0.064304    0.224089    0.042818
-0.0384    0.245731    0.033767
0.039867    0.246304    0.028529
0.037069    0.201487    -0.045918
-0.074785    0.209944    -0.001687
0.027398    0.245641    0.043554
0.057974    0.201196    0.001371
-0.003382    0.289767    -0.035027
0.03968    0.213156    0.065736
0.029703    0.199943    0.039319
-0.030338    0.199725    -0.02995
0.033336    0.223808    0.069782
-0.020485    0.246597    0.042828
0.01897    0.293884    -0.037594
0.025449    0.220539    0.07355
-0.01244    0.250611    0.035305
-0.027448    0.200363    -0.022914
0.016107    0.231874    0.070865
-0.008039    0.253795    0.032889
0.014507    0.295467    -0.044927
0.005781    0.23345    0.070735
-0.004862    0.243918    0.05493
-0.027625    0.212395    0.070786
-0.00874    0.222155    0.077147
-0.047511    0.208027    0.054662
0.043351    0.294708    0.0102
-0.004414    0.260409    0.02885
-0.051812    0.295395    -0.023795
0.012581    0.189715    -0.017813
0.010784    0.189958    0.019194
0.043256    0.295285    -0.050917
-0.015727    0.29149    0.034311
-0.0014    0.189996    -0.021788
0.01194    0.183513    0.018383
0.052639    0.295298    -0.041704
0.009742    0.279538    0.026636
0.02103    0.209704    0.01393
0.017605    0.296958    -0.076276
0.065487    0.29525    0.005704
-0.015241    0.162469    0.00038
-0.021231    0.177536    -0.005726
0.039986    0.296724    -0.066145
0.050033    0.295391    0.028258
-0.021833    0.169312    -0.0013
-0.028306    0.208963    -0.013168
-0.081189    0.299994    -0.028194
0.002565    0.20787    -0.040125
0.058405    0.30089    -0.065754
0.059729    0.295321    0.033268
0.040172    0.207795    0.020193
0.040014    0.304252    -0.082598
0.057251    0.295272    0.034449
0.043861    0.208493    0.030866
0.049269    0.302389    -0.075099
0.050683    0.295303    0.044579
0.047337    0.208472    0.025468
0.037322    0.307606    -0.086593
0.040711    0.295087    0.045038
-0.011348    0.208705    0.053581
0.053366    0.311243    -0.07997
0.045429    0.296296    0.059497
0.061941    0.21132    0.010943
0.019259    0.315198    -0.094394
-0.095166    0.311957    0.014786
0.006164    0.210786    -0.061356
0.05588    0.316414    -0.078203
-0.085941    0.318141    0.043472
0.029251    0.212751    -0.058877
0.060703    0.320252    -0.073296
-0.092317    0.322173    0.020566
0.009319    0.214274    -0.066616
0.094638    0.320968    -0.007299
-0.07118    0.323719    0.060803
-0.041334    0.215216    0.054465
0.084017    0.3181    0.04812
-0.067862    0.327426    0.060446
-0.058361    0.218658    -0.038566
0.047887    0.306058    0.081302
0.021907    0.2996    0.08285
0.001413    0.333324    -0.084569
0.024859    0.301908    0.086156
-0.042984    0.333735    0.07226
-0.050193    0.223349    -0.047241
0.077863    0.330348    0.041706
-0.079485    0.336127    0.008703
0.040437    0.22224    -0.056079
0.069694    0.337831    -0.032343
-0.022021    0.339208    -0.070608
-0.031888    0.334116    0.07656
0.000234    0.222596    0.069571
0.070423    0.339784    0.01924
-0.065187    0.338059    -0.040296
-0.003421    0.323484    0.093968
-0.056406    0.226252    -0.03601
0.056414    0.333897    0.06165
-0.014663    0.331844    0.085102
-0.001356    0.228106    0.065384
0.063101    0.342824    0.008405
-0.061738    0.342818    0.017388
0.054485    0.233298    0.020793
-0.060038    0.232154    0.003421
0.031143    0.343329    -0.04294
0.004756    0.343329    -0.016597
0.050676    0.343329    0.015418
0.04899    0.343329    0.018449
0.024349    0.343329    0.038662
0.019494    0.343329    -0.031288
-0.037401    0.343329    -0.031007
0.023448    0.343329    0.00054
-0.041049    0.343329    0.027675
-0.035211    0.343329    0.036039
0.054989    0.23526    -0.002752
-0.016997    0.236799    -0.048595
0.037872    0.238248    -0.02977
-0.033    0.237822    -0.036586
-0.03626    0.2371    0.036173
-0.01858    0.23951    -0.037451
-0.017724    0.239272    0.039291
0.025805    0.243317    -0.021565
0.02415    0.252215    -0.006614
-0.010999    0.249031    -0.024678
0.008937    0.257454    0.019904
-0.004858    0.263839    0.019077
-0.004832    0.276503    -0.018932
-0.021778    0.285452    -0.005474
0.003302    0.292475    0.026778
-0.005487    0.289766    0.024194
0.038424    0.301424    -0.010065
0.029712    0.301964    0.02852
0.039055    0.303524    0.027361
0.049156    0.30394    0.01886
-0.040452    0.303869    -0.032277
-0.009747    0.303608    -0.054783
0.017652    0.303675    -0.052257
0.054913    0.303112    -0.028188
0.061077    0.303323    0.030934
0.034656    0.303317    -0.05915
0.034193    0.304117    0.065121
-0.03037    0.303528    -0.063609
-0.068401    0.303867    0.023128
-0.073522    0.304572    -0.018916
0.047825    0.305979    -0.063784
-0.054662    0.305624    0.057646
0.083366    0.308015    0.010079
-0.062001    0.307839    -0.056765
-0.054454    0.310157    -0.066984
0.088    0.311328    0.000444
-0.08723    0.312824    0.011463
-0.069732    0.315675    -0.05396
-0.079317    0.318633    -0.036091
-0.075197    0.317567    -0.045896
0.044358    0.324336    -0.07006
0.007207    0.32397    0.082769
-0.084714    0.322592    -0.001934
0.071148    0.327227    -0.034278
0.067738    0.329381    0.034291
0.038477    0.326041    -0.071276
0.039357    0.332055    0.058273
-0.01185    0.331367    -0.070711
0.032307    0.331293    0.064444
-0.048851    0.331692    -0.051923
0.000139    0.333897    -0.008611
-0.014122    0.333897    0.013716
-0.016706    0.333897    -0.017504
-0.00384    0.333897    0.019588
-0.004536    0.333897    0.038314
-0.01183    0.333897    0.06049
0.006755    0.333897    -0.061304
-0.035041    0.333897    -0.038707
-0.01747    0.333897    -0.015312
0.017104    0.333897    0.001578
-0.017696    0.333897    0.023716
-0.042654    0.333897    0.043411
-0.005849    0.170896    -0.032222
-0.013136    0.168562    -0.031255
0.014672    0.198062    -0.025702
-0.020519    0.197139    -0.005437
-0.029428    0.188355    -0.006387
-0.029186    0.19683    -0.003179
-0.030996    0.173298    -0.005965
0.031069    0.187059    -0.002838
0.02119    0.19637    0.000159
-0.039737    0.166053    -0.017102
-0.035834    0.163924    -0.000607
0.026645    0.16278    -0.035134
-0.040113    0.161971    -0.018896
-0.012046    0.131509    -0.032049
0.034177    0.146562    -0.015965
-0.01548    0.180578    0.021334
0.029469    0.136064    -0.020411
-0.019322    0.184813    0.02706
0.031922    0.147647    -0.03303
-0.004263    0.19953    0.020833
0.030989    0.131018    -0.014082
-0.004543    0.176135    0.02939
0.034047    0.131356    -0.003253
-0.016345    0.167371    0.03047
0.003191    0.150495    0.037798
-0.011258    0.113675    -0.020164
-0.017455    0.133894    -0.039761
0.003323    0.178629    0.037549
-0.008099    0.032924    -0.03018
-0.003328    0.149028    0.045717
0.046049    0.149849    -0.0007
0.01567    0.095714    -0.019153
-0.008412    -0.011467    -0.034603
-0.017194    0.088358    -0.018908
-0.036516    0.128375    0.020439
0.011599    0.028527    -0.029205
-0.003465    0.028348    -0.031256
-0.029773    0.139771    0.021695
0.020266    0.111851    0.011626
-0.002505    -0.090881    -0.043359
0.00656    -0.003827    -0.034077
-0.014827    -0.032971    -0.034502
0.005053    0.134447    0.04337
0.023975    0.051302    0.016745
0.016758    -0.048437    -0.035371
-0.015904    -0.115345    -0.044032
-0.034411    0.118912    -0.012344
0.043277    0.132761    -0.001501
0.024181    0.018265    0.021883
-0.027004    0.074419    -0.000833
0.011905    -0.020538    0.034452
0.019844    -0.116923    -0.042823
0.039258    -0.051189    -0.003643
0.028268    -0.073242    -0.030708
0.030932    -0.090909    0.030957
-0.027338    0.015709    -0.01811
0.000995    0.115022    -0.033794
0.017697    0.0049    0.02908
0.025767    -0.088227    0.034587
0.031394    -0.073741    -0.027468
0.038447    -0.051028    -0.009687
0.037085    -0.029573    0.003728
0.034383    -0.105453    0.02884
-0.034162    -0.063095    -0.022115
-0.017654    0.101759    -0.026901
-0.024522    0.09528    0.021912
0.010714    0.06297    -0.034476
0.009231    0.04813    0.028154
-0.021488    0.126663    0.023857
0.041984    0.12894    0.001356
-0.016967    -0.151394    -0.053943
-0.020546    0.116651    0.013956
-0.032926    0.091349    0.003995
-0.003086    0.077842    -0.034361
-0.012422    0.101378    0.029708
0.000454    -0.046225    0.039226
-0.004587    -0.15228    -0.056461
-0.026162    -0.152266    -0.0504
-0.02914    0.047407    0.005319
-0.024428    0.006094    -0.03372
-0.026192    0.019692    0.030739
0.018002    0.043369    -0.033566
-8.8e-05    0.07393    0.027199
0.022653    0.001495    -0.035663
0.043949    -0.125506    0.022843
-0.030896    0.032229    0.003559
0.000876    0.070865    0.035431
-0.022784    0.032128    -0.031714
-0.026259    -0.010948    -0.034456
-0.018305    -0.105664    0.049597
-0.008364    0.010836    -0.040395
-0.012221    -0.00062    0.040788
-0.00731    -0.118246    0.047008
-0.000851    -0.064543    0.041015
0.032856    0.076606    -0.011127
0.01004    -0.164003    -0.059233
-0.03576    -0.146022    -0.041663
-0.026781    0.052493    0.011353
-0.001689    0.05329    0.037091
0.011837    -0.030889    0.044213
-0.020382    -0.069258    -0.044729
-0.029165    0.020649    0.028077
-0.012518    -0.059051    -0.046869
0.010408    -0.063932    -0.047637
-0.012562    -0.075396    0.048591
-0.005731    0.069152    0.026936
0.032066    0.098613    -0.004899
0.053413    -0.144947    0.012286
-0.036216    -0.018966    0.002239
0.029969    0.100544    0.011947
0.030873    0.088424    0.01292
-0.030836    -0.044088    -0.035103
-0.030981    -0.108829    0.04352
-0.023692    -0.116773    0.04127
0.003143    -0.153595    0.057104
0.031701    -0.066046    -0.037197
0.055332    -0.149984    -0.008488
-0.047185    -0.131654    -0.019194
-0.021897    -0.035965    0.030992
0.008025    -0.006807    0.042293
-0.011282    -0.121854    -0.05553
-0.037218    0.008577    -0.018307
-0.035537    -0.03138    -0.028201
-0.04858    -0.073011    0.010548
-0.036945    -0.115202    0.040926
-0.028876    -0.110079    0.035243
0.035048    -0.045489    -0.031149
0.057728    -0.156971    -0.005625
-0.050588    -0.145026    -0.020446
0.036623    0.053505    0.004797
0.004202    -0.113252    0.054407
-0.043825    -0.067274    -0.022104
-0.049494    -0.074887    0.005039
-0.046693    -0.069337    0.015801
-0.017387    -0.144682    0.051809
0.025526    -0.167111    0.055499
0.037058    0.030978    -0.012861
0.060321    -0.169347    -0.014293
-0.050031    -0.160271    -0.031611
-0.031157    -0.037119    0.021858
0.018913    -0.089582    0.047611
-0.048108    -0.109855    -0.023905
-0.047194    -0.111997    0.027471
0.032351    -0.174855    0.055138
0.040806    -0.012622    -0.015165
0.059126    -0.17161    -0.020224
-0.037065    -0.185503    -0.055703
0.040556    0.018044    0.001993
-0.055319    -0.128432    -0.01875
0.044054    -0.172166    0.045084
0.041042    -0.003769    -0.012291
0.011407    -0.212665    -0.075219
-0.034921    -0.207575    -0.065926
0.029148    -0.013717    0.032667
0.033198    0.013815    0.023938
0.041053    0.014378    0.001023
0.011843    -0.12562    0.056535
-0.018422    -0.158321    0.064553
0.003723    -0.193926    0.069758
-0.014911    -0.223691    -0.078844
0.032759    -0.205101    -0.065875
-0.045577    -0.125774    0.019099
0.041491    -0.050179    0.023375
0.050037    -0.077221    0.002699
0.050903    -0.0916    -0.007012
-0.062549    -0.142693    -0.001014
-0.042208    -0.1492    0.036617
0.044194    -0.137383    -0.04201
0.064138    -0.199795    -0.032141
-0.035128    -0.22008    -0.070719
0.050207    -0.113665    0.02138
-0.055386    -0.147132    -0.03192
-0.053027    -0.151114    0.019117
-0.024779    -0.194236    0.065234
0.064131    -0.206333    -0.037728
0.037804    -0.222879    -0.070735
0.033476    -0.129473    0.048182
-0.065408    -0.157201    -0.01119
-0.048466    -0.1617    0.048025
-0.042703    -0.180306    0.049372
-0.018915    -0.234831    -0.082583
0.059744    -0.211569    0.046568
-0.064895    -0.179407    -0.003863
-0.015572    -0.177108    -0.070968
-0.022635    -0.183285    0.071195
0.031649    -0.221172    0.072678
0.050872    -0.15823    -0.043097
0.074351    -0.221344    -0.027644
-0.033891    -0.252404    -0.084836
0.059218    -0.132613    0.005332
-0.070377    -0.173958    0.012766
-0.040006    -0.185642    0.064116
-0.024672    -0.222526    0.076114
0.039351    -0.196112    -0.06884
0.080064    -0.226492    -0.013894
-0.0563    -0.238136    -0.064751
0.062149    -0.14535    -0.009786
-0.068608    -0.176327    0.023039
-0.05095    -0.185029    0.055465
-0.064792    -0.197201    0.028376
0.027064    -0.207743    -0.078342
0.083894    -0.236074    0.013017
-0.050773    -0.250022    -0.074959
-0.037001    -0.199482    -0.071071
-0.057474    -0.184238    0.047883
-0.046145    -0.208139    0.069143
-0.021943    -0.233966    0.081924
0.028232    -0.210296    -0.078835
0.085807    -0.241303    -0.014029
-0.037197    -0.268674    -0.090858
0.066787    -0.159992    0.007194
-0.076707    -0.189327    0.002909
0.049359    -0.171432    0.051204
-0.002174    -0.256396    0.093573
0.065826    -0.168628    -0.023306
0.075214    -0.25019    -0.050566
0.063282    -0.250919    -0.065824
-0.076232    -0.217349    -0.016973
-0.073069    -0.199688    -0.032427
-0.016158    -0.218206    0.085238
0.0606    -0.25477    0.069946
-0.027247    -0.254889    0.088768
0.042364    -0.219543    -0.07666
0.075125    -0.258751    -0.056432
0.05677    -0.267033    -0.079309
-0.079116    -0.21967    -0.001669
-0.082539    -0.209456    -0.011817
-0.014717    -0.227915    0.089075
0.063397    -0.262816    0.072025
-0.042292    -0.254259    0.082257
0.002543    -0.236634    -0.094032
0.094599    -0.262828    -0.014679
-0.050448    -0.292679    -0.099564
0.072392    -0.17623    -0.0029
-0.068252    -0.220846    0.054922
0.044923    -0.206399    0.069307
0.035676    -0.267866    0.091195
-0.038855    -0.25999    0.086231
0.012762    -0.239311    -0.09374
0.078304    -0.27249    -0.061929
0.080472    -0.266276    0.054812
-0.088987    -0.25907    -0.031047
-0.088632    -0.226692    0.014245
0.044512    -0.223503    0.07744
-0.066124    -0.23599    0.06696
-0.067905    -0.244884    0.056608
0.065996    -0.215013    -0.05422
-0.058692    -0.298284    -0.106272
0.102246    -0.281087    0.017619
-0.057771    -0.291063    -0.092398
-0.077748    -0.230134    -0.048223
-0.040033    -0.256182    0.093319
0.075832    -0.211973    0.037172
0.042331    -0.285505    0.096855
-0.082636    -0.251277    0.038133
0.061581    -0.231101    -0.067968
0.009649    -0.300245    -0.12343
0.104145    -0.284464    0.014774
-0.084956    -0.293764    -0.075225
-0.075567    -0.238151    -0.056203
-0.049358    -0.24309    -0.083272
0.062389    -0.213668    0.05818
0.037038    -0.29206    0.104031
-0.099262    -0.269338    0.000695
0.03447    -0.260778    -0.097662
0.087767    -0.301119    -0.090122
0.095261    -0.295933    -0.068016
-0.078593    -0.243208    -0.055542
-0.064103    -0.251534    -0.076306
0.057577    -0.228774    0.069972
-0.06913    -0.257936    0.075867
-0.057714    -0.285351    0.088827
0.081499    -0.240476    -0.049961
-0.004991    -0.261129    -0.103805
0.093764    -0.303738    -0.088824
-0.111038    -0.295395    -0.03519
-0.087607    -0.248162    -0.045106
-0.049551    -0.272484    0.096962
0.034029    -0.255611    0.095553
0.037726    -0.297087    0.113052
-0.098618    -0.280946    0.032681
0.061711    -0.259994    -0.082589
-0.089832    -0.306941    -0.098187
0.119882    -0.298397    0.015329
-0.034643    -0.281478    -0.107412
-0.074989    -0.258983    0.071
0.030936    -0.26647    0.101851
0.085325    -0.236397    -0.038308
-0.009979    -0.299451    0.122242
-0.103077    -0.284718    0.02376
0.051568    -0.277733    -0.098583
-0.124434    -0.311069    -0.058958
0.121788    -0.301278    -0.033024
-0.075643    -0.262844    -0.072784
-0.085606    -0.262597    0.059708
0.077921    -0.247338    0.059274
-0.068006    -0.282386    0.090212
-0.085265    -0.303454    0.096086
0.076598    -0.260012    -0.069546
-0.100615    -0.311561    -0.095633
0.125294    -0.302579    0.020736
-0.090615    -0.273182    -0.06062
-0.061179    -0.283055    -0.095743
0.057602    -0.256861    0.084136
-0.06597    -0.286256    0.095825
-0.042227    -0.303833    0.121758
0.08985    -0.269788    -0.059154
-0.057593    -0.31635    -0.131029
0.07982    -0.313092    -0.114783
-0.132408    -0.307334    0.013917
-0.112725    -0.280513    0.002624
0.019948    -0.288327    0.118209
0.099985    -0.26422    0.03286
0.1208    -0.306135    0.052439
-0.111078    -0.298029    0.046203
-0.028577    -0.292402    -0.123524
0.029344    -0.317481    -0.141588
-0.128359    -0.304056    0.012699
-0.095906    -0.287147    0.068404
0.064508    -0.27505    0.088755
0.105853    -0.268934    -0.015314
0.045712    -0.310133    0.128771
-0.122188    -0.307711    0.053994
-0.007728    -0.293688    -0.128249
-0.146581    -0.318772    -0.001001
0.142642    -0.315336    0.004938
-0.106905    -0.287697    0.052039
0.063671    -0.282855    0.093803
0.110334    -0.276955    0.008586
0.059711    -0.313482    0.126947
0.064888    -0.297457    -0.117459
-0.043414    -0.325589    -0.146052
0.091172    -0.323072    -0.118421
-0.131337    -0.314389    0.051564
-0.073883    -0.296743    0.110264
0.078045    -0.285396    0.084666
0.104416    -0.274937    -0.034284
-0.012548    -0.31525    0.141584
0.079164    -0.297568    -0.107532
-0.030163    -0.327729    -0.150684
0.067229    -0.324813    -0.135488
0.149161    -0.324184    0.019395
-0.055456    -0.300936    0.126272
-0.034168    -0.302883    0.136919
-0.132124    -0.297168    0.015367
-0.044593    -0.316923    0.137137
0.136819    -0.304174    -0.039946
-0.052189    -0.332583    -0.148385
0.081675    -0.33279    -0.135502
-0.131199    -0.322791    0.073293
-0.124171    -0.302447    0.065177
0.100251    -0.29175    0.075127
0.136902    -0.321618    0.056641
0.125161    -0.293317    -0.027149
0.036514    -0.305024    -0.139106
-0.071534    -0.335028    -0.142331
0.111952    -0.334156    -0.113544
0.138177    -0.323564    0.058146
-0.094404    -0.307288    0.110532
0.099558    -0.301522    0.097879
-0.13789    -0.300571    -0.005303
-0.106342    -0.325572    0.109489
0.137915    -0.308091    -0.048459
-0.141919    -0.307927    -0.03834
0.021321    -0.337086    -0.158861
0.145043    -0.337622    0.069746
-0.106416    -0.309334    0.103311
0.118941    -0.307153    0.083193
0.081913    -0.326321    0.129025
-0.125482    -0.328902    0.090053
0.147256    -0.30996    -0.014958
-0.143048    -0.310801    -0.043564
-0.164996    -0.342798    -0.003543
0.162615    -0.338921    0.002343
-0.06891    -0.312382    0.134256
0.005753    -0.310605    0.149201
0.140177    -0.304053    0.01983
-0.086744    -0.33386    0.13269
0.007287    -0.316223    -0.154314
-0.02548    -0.344601    -0.163117
0.056892    -0.343566    -0.154444
0.143989    -0.343436    0.082075
-0.088435    -0.316166    0.126202
0.051209    -0.311457    0.140646
0.039044    -0.333595    0.154114
0.112672    -0.313219    -0.10142
-0.084855    -0.316075    -0.128762
-0.1359    -0.3468    -0.096098
0.150719    -0.347862    -0.07235
0.085027    -0.341977    0.140907
-0.132981    -0.317519    0.08168
0.124514    -0.315713    0.089925
-0.021868    -0.337161    0.158922
0.137567    -0.317865    -0.07415
-0.13728    -0.323404    -0.084068
-0.165889    -0.351301    -0.033289
0.17009    -0.354158    -0.012227
0.076212    -0.346302    0.148212
-0.160975    -0.323291    0.003266
0.143813    -0.319208    0.062087
-0.09423    -0.340846    0.132915
0.157308    -0.318529    -0.000562
-0.025974    -0.355239    -0.168785
0.012903    -0.356688    -0.171229
0.171467    -0.353945    0.001045
0.075973    -0.350104    0.150657
-0.161108    -0.327762    0.028281
0.137556    -0.318685    0.076052
-0.08462    -0.348825    0.146236
0.157909    -0.324363    -0.033238
-0.033087    -0.360097    -0.170093
0.088979    -0.359783    -0.149577
0.019928    -0.347344    0.165508
-0.104003    -0.330355    0.128634
0.043702    -0.329015    0.159819
-0.053457    -0.349164    0.159404
0.138561    -0.328945    -0.089263
-0.130569    -0.328054    -0.098595
0.026644    -0.361106    -0.171376
0.142719    -0.359637    0.097902
-0.05107    -0.332411    0.15938
-0.163987    -0.332632    -0.033032
0.159884    -0.327166    0.034199
0.018402    -0.333099    -0.166186
-0.058355    -0.335057    -0.158153
-0.009548    -0.390749    -0.169109
-0.012131    -0.399447    -0.16707
-0.021553    -0.38126    -0.169381
-0.078099    -0.439829    -0.140195
-0.072961    -0.436558    -0.143008
-0.11615    -0.366746    -0.129644
-0.112738    -0.419004    -0.119514
-0.112673    -0.442438    -0.113847
-0.134581    -0.391939    -0.101715
-0.145281    -0.379085    -0.091856
-0.149958    -0.37925    -0.08522
-0.151275    -0.413964    -0.064486
-0.154969    -0.374715    -0.075416
-0.166044    -0.401784    -0.016716
-0.16412    -0.409587    -0.01976
0.022194    -0.42834    -0.160103
0.041638    -0.374373    -0.16808
0.014264    -0.395809    -0.1675
0.070451    -0.449025    -0.141435
0.071631    -0.372018    -0.157082
0.102817    -0.382766    -0.135968
0.103125    -0.389344    -0.134127
0.101051    -0.37355    -0.139571
0.133543    -0.464721    -0.07993
0.144757    -0.367478    -0.09623
0.155291    -0.417663    -0.052918
0.147756    -0.470008    -0.044637
0.159198    -0.404796    -0.049994
0.160667    -0.428303    -0.018234
0.167095    -0.39324    -0.021398
0.172038    -0.378235    0.006188
0.167833    -0.387181    0.02486
0.151339    -0.465309    0.034294
0.155841    -0.372115    0.074711
0.159735    -0.365663    0.068575
0.14979    -0.364045    0.090848
0.146341    -0.363876    0.095396
0.105364    -0.378658    0.135093
0.114072    -0.40115    0.122923
0.112131    -0.438116    0.115396
0.078326    -0.369119    0.154994
0.053269    -0.376902    0.163741
0.028099    -0.394985    0.165919
0.041427    -0.376361    0.167799
0.039688    -0.369699    0.169328
-0.077222    -0.333471    0.1493
-0.167273    -0.335646    0.023212
0.166717    -0.334668    0.022553
0.038545    -0.337453    -0.166401
-0.079181    -0.335765    -0.150025
-0.031365    -0.477476    -0.149301
-0.007506    -0.458984    -0.156057
-0.043192    -0.414563    -0.159945
-0.06041    -0.472057    -0.140768
-0.090491    -0.459539    -0.126695
-0.102554    -0.484047    -0.111461
-0.084205    -0.403571    -0.145173
-0.116143    -0.469046    -0.101232
-0.123664    -0.478471    -0.088433
-0.140929    -0.465803    -0.063246
-0.158165    -0.419054    -0.045276
-0.147577    -0.48666    -0.031128
-0.15133    -0.482292    -0.0091
0.006982    -0.475789    -0.152845
0.01603    -0.474217    -0.151959
0.057412    -0.431554    -0.150496
0.052905    -0.460856    -0.146223
0.080978    -0.473515    -0.130584
0.086216    -0.398075    -0.144971
0.117625    -0.46638    -0.100149
0.117267    -0.417677    -0.116099
0.118964    -0.477794    -0.094775
0.137962    -0.483143    -0.06164
0.144734    -0.473133    -0.050351
0.158052    -0.425587    -0.042123
0.163231    -0.405033    -0.033267
0.155594    -0.456727    0.0147
0.160198    -0.435266    0.011556
0.147225    -0.461724    0.050189
0.153739    -0.448324    0.041241
0.139679    -0.42954    0.083199
0.128151    -0.470856    0.085086
0.08799    -0.448046    0.131497
0.095982    -0.442958    0.126607
0.088001    -0.45931    0.12874
0.050786    -0.411446    0.157533
0.047376    -0.405225    0.160249
0.001332    -0.390081    0.1704
0.029456    -0.467509    0.151583
-0.167281    -0.383817    0.034047
-0.172599    -0.375968    0.00529
-0.162646    -0.360046    0.059389
-0.158008    -0.340574    0.06784
0.149057    -0.335505    0.081217
0.005469    -0.342574    -0.173802
-0.063874    -0.341498    -0.160165
0.142508    -0.487468    -0.048014
-0.015102    -0.447261    0.157425
-0.004336    -0.43042    0.16213
-0.021413    -0.416443    0.162611
-0.027203    -0.402722    0.164527
-0.153275    -0.456463    0.032702
-0.149072    -0.481327    0.027758
-0.156769    -0.43697    0.035073
-0.148291    -0.345171    0.093513
0.149426    -0.340649    0.087796
0.077964    -0.34043    -0.153667
-0.04414    -0.339203    -0.166772
-0.147856    -0.48843    -0.023158
-0.046495    -0.439705    0.153392
-0.048561    -0.375989    0.165883
-0.152336    -0.390876    0.073683
-0.152247    -0.376808    0.081014
-0.155332    -0.424373    0.049508
-0.140852    -0.347393    0.105154
0.118583    -0.344938    0.128898
-0.080455    -0.389149    0.149916
-0.063574    -0.42538    0.149316
-0.072818    -0.46558    0.137065
-0.11025    -0.3919    0.128113
-0.113567    -0.439504    0.113955
-0.139606    -0.42762    0.083905
-0.133907    -0.430216    0.090505
-0.147344    -0.388741    0.086182
0.17446    -0.352838    -0.041858
-0.071484    -0.491249    -0.130574
-0.139945    -0.440907    0.078294
-0.149777    -0.385191    0.082738
-0.146881    -0.406117    0.079146
-0.161168    -0.353795    0.078462
0.144658    -0.350141    0.102436
-0.084507    -0.465718    0.129856
-0.091228    -0.470204    0.123606
-0.119112    -0.41971    0.113126
-0.115326    -0.47565    0.100276
0.037376    -0.353475    -0.175334
-0.078848    -0.351852    -0.159908
-0.148813    -0.490891    -0.005334
-0.039345    -0.355082    0.175891
-0.179058    -0.358531    0.026258
0.172827    -0.348123    0.03644
0.164397    -0.355027    -0.072018
-0.166456    -0.355137    -0.067169
0.056158    -0.491599    0.136759
-0.106821    -0.36146    0.14772
0.093054    -0.355709    0.155205
0.044499    -0.357714    -0.176261
-0.063964    -0.361231    -0.17056
-0.132746    -0.493558    -0.061802
-0.07958    -0.442592    0.147819
-0.064921    -0.372884    0.168491
-0.065078    -0.43134    0.156182
-0.02371    -0.379398    0.177676
-0.039788    -0.400027    0.171533
-0.021179    -0.396235    0.174723
-0.111366    -0.465343    0.119512
-0.113686    -0.389588    0.136212
-0.103699    -0.388994    0.144021
-0.14028    -0.365707    0.115963
-0.12937    -0.441484    0.106092
-0.173521    -0.365475    0.056473
-0.157526    -0.41304    0.071029
-0.176079    -0.365987    0.050039
-0.166421    -0.424056    0.042725
-0.16859    -0.424619    0.025417
-0.158066    -0.471509    0.035823
-0.172445    -0.414106    -0.011642
-0.166551    -0.450928    -0.001811
0.082106    -0.360689    0.162879
0.078635    -0.427414    -0.151304
0.087263    -0.36651    -0.160488
0.080461    -0.44587    -0.146682
0.042169    -0.454946    -0.160416
0.020197    -0.399087    -0.174216
0.034601    -0.378544    -0.17633
0.110434    -0.457596    -0.122037
0.124808    -0.389622    -0.12759
0.132264    -0.366925    -0.125945
0.150463    -0.364724    -0.102929
0.122287    -0.435561    -0.117126
0.145424    -0.450872    -0.081031
0.176906    -0.364882    -0.048515
0.157693    -0.410989    -0.071582
0.169505    -0.420908    -0.023888
0.171934    -0.407618    -0.025144
-0.003703    -0.403495    -0.175527
-0.014484    -0.414332    -0.171991
-0.017004    -0.385128    -0.177361
-0.083637    -0.364986    -0.162309
-0.054974    -0.381135    -0.170802
-0.074557    -0.445977    -0.149105
-0.101763    -0.42117    -0.137575
-0.119772    -0.432029    -0.121109
-0.146436    -0.364066    -0.108385
-0.135094    -0.416597    -0.106464
-0.134864    -0.409648    -0.108973
-0.168744    -0.402705    -0.04909
-0.159592    -0.385743    -0.079768
-0.169512    -0.381908    -0.057754
0.105342    -0.494733    0.101311
-0.045561    -0.481592    0.153741
-0.062076    -0.445281    0.154505
-0.088138    -0.442018    0.143028
-0.091998    -0.386534    0.153601
-0.102155    -0.467296    0.126104
-0.002697    -0.445546    0.167532
-0.006577    -0.435482    0.168986
0.020725    -0.367784    0.180336
0.014734    -0.371154    0.180467
0.031266    -0.382608    0.176055
-0.133858    -0.465551    0.09259
-0.140771    -0.448603    0.088971
-0.146674    -0.480441    0.063138
-0.162362    -0.427165    0.052211
-0.16258    -0.455683    0.025
-0.162197    -0.46993    0.006791
-0.159098    -0.481686    0.012897
-0.168077    -0.414255    -0.044594
-0.156772    -0.474828    -0.040646
0.067595    -0.388043    0.164209
0.072322    -0.446227    0.150064
0.086774    -0.389071    0.156052
0.105043    -0.376689    0.145992
0.093833    -0.366688    0.157035
0.138468    -0.370135    0.116916
0.135066    -0.387772    0.115743
0.138972    -0.391143    0.109582
0.162592    -0.440829    0.044744
0.161877    -0.382641    0.0759
0.164822    -0.38407    0.068066
0.172408    -0.418798    0.005046
0.171706    -0.40449    0.031599
0.055813    -0.469248    -0.151994
0.046108    -0.416558    -0.167053
0.068778    -0.460993    -0.148353
0.09529    -0.458211    -0.133505
0.10367    -0.477363    -0.122405
0.021723    -0.45055    -0.163967
0.004519    -0.472371    -0.161971
0.139111    -0.438792    -0.094174
0.145348    -0.444955    -0.084086
0.144761    -0.427531    -0.090391
0.168712    -0.396845    -0.052132
0.175685    -0.370066    -0.048841
0.178316    -0.387677    -0.006231
0.16207    -0.46475    -0.015347
-0.020272    -0.476741    -0.159044
-0.028974    -0.487963    -0.155707
-0.028867    -0.456723    -0.16182
-0.068219    -0.447231    -0.151469
-0.064462    -0.444679    -0.153559
-0.105808    -0.468523    -0.122921
-0.088474    -0.406592    -0.151325
-0.121667    -0.487582    -0.101397
-0.126147    -0.397568    -0.124173
-0.133716    -0.447707    -0.098369
-0.142469    -0.478235    -0.074326
-0.157095    -0.377048    -0.090195
0.146123    -0.494589    0.003787
0.002326    -0.388176    0.178778
0.010068    -0.432967    0.169017
0.015533    -0.416606    0.171491
0.04852    -0.419692    0.165479
0.055203    -0.411319    0.164465
0.08775    -0.462997    0.138208
0.084002    -0.479514    0.137055
0.096124    -0.428619    0.140168
0.125259    -0.467724    0.103105
0.128132    -0.431553    0.110861
0.149794    -0.464121    0.063858
0.150594    -0.487136    0.050287
0.154313    -0.488369    0.039334
0.155492    -0.482503    0.039074
0.156632    -0.476252    0.039682
-0.088187    -0.496726    -0.112645
-0.088878    -0.492052    0.129343
0.091039    -0.492403    -0.12741
-0.140234    -0.497663    0.022266
-0.015424    -0.493694    0.155161
0.137775    -0.495324    -0.071957
0.138692    -0.498037    -0.029581
0.049634    -0.494449    0.147642
-0.035493    -0.493535    -0.152533
0.13661    -0.498276    0.038677
-0.140559    -0.49752    0.06124
-0.141757    -0.496136    -0.061027
-0.033749    -0.49888    0.136855
0.145509    -0.496842    0.050641
0.067378    -0.5    -0.121359
-0.062764    -0.499699    0.138005
0.008993    -0.499457    -0.151805
-0.126146    -0.500685    0.051962
0.005306    -0.499663    0.152167
-0.025986    -0.500121    -0.148915
0.134946    -0.50149    0.002369
-0.131337    -0.502726    0.070538
-0.038432    -0.501886    -0.12724
-0.049305    -0.501441    0.124912
0.031563    -0.503034    -0.145022
-0.131312    -0.502082    0.00941
0.013531    -0.50458    0.145446
-0.013394    -0.504313    -0.145806
0.128515    -0.502149    0.026837
-0.143779    -0.505976    -0.009105
-0.089813    -0.502319    -0.093906
-0.007533    -0.506543    0.143002
0.125024    -0.506381    -0.071958
-0.04379    -0.502365    0.118765
0.079697    -0.507557    0.116152
-0.023462    -0.507235    -0.139388
0.12591    -0.502349    0.005767
-0.072843    -0.508925    -0.116762
-0.006386    -0.502338    -0.115997
-0.060601    -0.502338    -0.104002
-0.084776    -0.502338    -0.077729
0.012169    -0.502338    -0.068277
-0.04206    -0.502338    -0.07911
0.003942    -0.502338    -0.056384
-0.061967    -0.502338    -0.046503
-0.009549    -0.502338    -0.054821
-0.054334    -0.502338    -0.016715
-0.121478    -0.502338    -0.018568
-0.101777    -0.502338    -0.006438
0.008728    -0.502338    0.028132
-0.016627    -0.502338    0.026931
-0.01582    -0.502338    0.019332
-0.095753    -0.502338    0.017029
-0.024456    -0.502338    0.060027
-0.004178    -0.502338    0.053919
0.030107    -0.502338    0.062131
-0.013768    -0.502338    0.066923
-0.048271    -0.502338    0.065004
0.051639    -0.502338    0.092031
-0.039783    -0.502338    0.100371
0.032738    -0.502338    -0.094254
0.050846    -0.502338    -0.089725
0.106435    -0.502338    -0.063698
0.088161    -0.502338    -0.076587
0.011452    -0.502338    -0.035221
0.023834    -0.502338    -0.039967
0.042734    -0.502338    -0.04488
-0.073344    -0.502338    -0.002878
0.08953    -0.502338    -0.023342
-0.011092    -0.502338    -0.006003
0.122229    -0.502338    -0.020163
0.064387    -0.502338    0.015377
0.087203    -0.502338    0.000722
0.09142    -0.502338    0.026902
0.109764    -0.502338    0.058588
-0.095593    -0.502338    0.034796
0.093296    -0.502338    0.059898
0.026467    -0.502338    0.08181
0.08419    -0.502338    0.075564
0.075282    -0.502338    0.093131
-0.005224    -0.502338    0.118528
-0.117467    -0.508437    -0.074247
0.007016    -0.509454    0.135344
0.131888    -0.509395    0.035022
-0.007236    -0.510008    -0.1327
-0.113343    -0.510342    0.064113
-0.011212    -0.510342    0.128915
0.127057    -0.510101    -0.03726
-0.065346    -0.510339    -0.1082
-0.119786    -0.510356    0.041745
0.009331    -0.510325    0.110877
-0.006755    -0.510325    0.089483
-0.062921    -0.510325    0.101662
-0.01135    -0.510325    0.105498
-0.074515    -0.510325    0.07255
0.013601    -0.510325    0.070316
-0.021263    -0.510325    0.066309
0.01626    -0.510325    0.039244
-0.034832    -0.510325    0.039951
-0.081569    -0.510325    0.038877
-0.052032    -0.510325    0.022548
-0.061151    -0.510325    0.008014
-0.048744    -0.510325    0.013115
-0.022196    -0.510325    -0.015123
-0.039614    -0.510325    -0.032452
-0.003451    -0.510325    -0.022279
-0.109983    -0.510325    -0.004006
-0.083111    -0.510325    -0.057332
-0.059086    -0.510325    -0.058895
-0.05542    -0.510325    -0.043879
0.026947    -0.510325    -0.083487
-0.068241    -0.510325    -0.076181
0.042237    -0.510325    -0.107233
0.016306    -0.510325    -0.110444
0.001366    -0.510325    -0.095152
0.077997    -0.510325    -0.069539
-0.031019    -0.510325    -0.063216
0.088309    -0.510325    -0.082515
0.065899    -0.510325    -0.039753
0.095025    -0.510325    -0.055991
0.076938    -0.510325    -0.051658
-0.014478    -0.510325    -0.004901
0.003037    -0.510325    -0.000109
0.049498    -0.510325    -0.010503
-0.088027    -0.510325    -0.001391
-0.03469    -0.510325    0.032528
0.051041    -0.510325    0.025893
0.047951    -0.510325    0.025192
0.114257    -0.510325    0.040549
0.063208    -0.510325    0.055636
0.076269    -0.510325    0.043087
0.072832    -0.510325    0.077088
-0.030256    -0.510325    0.085388
