0.013975    -0.49903    -0.127593
0.017225    -0.48198    -0.127257
0.00186    -0.483254    -0.128846
0.002313    -0.454455    -0.128799
0.025752    -0.52721    -0.124497
-0.02729    -0.465775    -0.125619
-0.005732    -0.494358    -0.129071
-0.002201    -0.43985    -0.126135
0.033913    -0.462656    -0.124445
0.041485    -0.500507    -0.121553
-0.001964    -0.553505    -0.113837
0.031706    -0.545138    -0.113468
-0.033091    -0.472793    -0.124691
-0.028659    -0.50096    -0.1254
-0.02392    -0.40156    -0.112759
-0.012414    -0.441804    -0.125371
0.017372    -0.404273    -0.114662
-0.010268    -0.394725    -0.113116
-0.005543    -0.431735    -0.123777
0.03989    -0.453453    -0.122162
0.041586    -0.452171    -0.121514
0.057239    -0.532963    -0.110385
0.002926    -0.556557    0.101725
-0.000973    -0.556557    -0.071292
0.014353    -0.556557    -0.016277
0.016193    -0.556557    -0.075483
0.001146    -0.556557    -0.092118
-0.020607    -0.529581    -0.123568
0.033148    -0.556557    -0.044954
0.037541    -0.556557    -0.030737
0.029129    -0.556557    -0.027758
0.045716    -0.556557    -0.089758
-0.039738    -0.496786    -0.122834
-0.040009    -0.476375    -0.122713
-0.03752    -0.411958    -0.112341
-0.044306    -0.422269    -0.112291
0.031029    -0.423185    -0.117499
0.034181    -0.409524    -0.112432
-0.018703    -0.376706    -0.107083
0.061923    -0.466145    -0.11363
0.064788    -0.506622    -0.111555
0.071039    -0.555453    -0.086883
0.025459    -0.556557    0.031736
0.011765    -0.556557    0.038202
0.021023    -0.556557    0.091188
0.025604    -0.556557    -0.098435
0.000532    -0.556557    0.040332
-0.002836    -0.556557    0.029582
-0.003838    -0.556557    0.024065
-0.021393    -0.556557    0.08729
-0.007191    -0.556557    -0.058833
-0.028223    -0.549244    -0.11216
0.045422    -0.556557    0.022788
0.042624    -0.556557    0.020509
0.050211    -0.556557    -0.035335
0.044469    -0.556557    0.075523
-0.06353    -0.498774    -0.112193
-0.064633    -0.523479    -0.111699
-0.058518    -0.436452    -0.11004
-0.052599    -0.405486    -0.103724
-0.045269    -0.380319    -0.09977
-0.004748    -0.372352    -0.108262
0.037749    -0.399767    -0.10831
0.038695    -0.383413    -0.103322
0.080052    -0.478831    -0.100506
0.088307    -0.471615    -0.09453
0.078392    -0.532811    -0.095862
0.056688    -0.556557    -0.061593
0.058904    -0.556557    -0.027354
0.059676    -0.556557    0.024005
0.062048    -0.556557    -0.042245
-0.019404    -0.553928    0.11141
-0.018049    -0.556557    -0.090121
-0.01671    -0.556557    -0.012873
-0.016582    -0.556557    -0.012661
-0.028768    -0.556557    -0.083126
-0.022848    -0.556557    0.024608
-0.045275    -0.532508    -0.115341
0.05787    -0.555386    0.096885
-0.081961    -0.478872    -0.098788
-0.070821    -0.47678    -0.107839
-0.062651    -0.39652    -0.095714
-0.061202    -0.375741    -0.090024
0.010489    -0.325924    -0.101985
0.008041    -0.344817    -0.102238
-0.022421    -0.307088    -0.100239
-0.021173    -0.334645    -0.100438
0.06281    -0.405466    -0.097927
0.077668    -0.440904    -0.098731
-0.040265    -0.324432    -0.094301
-0.052749    -0.287272    -0.088717
0.100635    -0.456263    -0.079687
0.090245    -0.482379    -0.092474
0.070277    -0.556557    -0.010655
0.076553    -0.556557    -0.002814
0.067029    -0.556557    0.025599
0.021    -0.527208    0.124735
0.059499    -0.529921    0.110429
-0.022453    -0.545846    0.115252
-0.031827    -0.556557    -0.079239
-0.038732    -0.556557    0.084565
-0.029588    -0.556557    0.047345
-0.026688    -0.556557    0.099278
-0.039917    -0.556557    0.083191
-0.046134    -0.556208    -0.101673
-0.088292    -0.519585    -0.093643
-0.08249    -0.512834    -0.098358
-0.082232    -0.427872    -0.090477
-0.08076    -0.432786    -0.093346
-0.06649    -0.367566    -0.083204
-0.070137    -0.291656    -0.07511
-0.072721    -0.315106    -0.073011
0.007353    -0.283791    -0.102309
-0.009631    -0.272707    -0.102287
-0.016546    -0.278592    -0.101179
0.039592    -0.361502    -0.097332
-0.032899    -0.308055    -0.097596
0.082418    -0.431457    -0.092211
0.070461    -0.383564    -0.085243
-0.054922    -0.322885    -0.087474
-0.067112    -0.298183    -0.077568
0.107152    -0.469298    -0.071668
0.109097    -0.471636    -0.069274
0.094651    -0.439984    -0.08217
0.08155    -0.552435    -0.079745
0.081573    -0.556557    -0.027371
0.082003    -0.556557    0.057976
0.083666    -0.545773    0.082756
0.027035    -0.47475    0.12566
0.036056    -0.487425    0.124216
0.050516    -0.494751    0.118014
0.065571    -0.488577    0.11128
-0.009904    -0.492212    0.128014
0.002161    -0.485385    0.129261
-0.035225    -0.554951    0.10675
-0.043022    -0.556557    -0.072629
-0.055001    -0.556557    -0.05792
-0.045763    -0.556557    -0.025849
-0.056034    -0.556557    -0.025124
-0.068178    -0.539755    -0.099309
0.06941    -0.52299    0.108986
-0.099506    -0.516394    -0.081433
-0.09737    -0.493277    -0.084384
-0.090687    -0.421069    -0.079841
-0.096023    -0.432795    -0.077755
-0.086881    -0.378897    -0.066237
-0.077003    -0.308926    -0.068466
-0.080118    -0.314392    -0.064163
0.025694    -0.314296    -0.099932
0.024048    -0.312489    -0.100561
-0.02577    -0.244311    -0.105076
0.061056    -0.374396    -0.089301
-0.071879    -0.249357    -0.079127
0.112378    -0.492467    -0.063116
0.116258    -0.455878    -0.054441
0.095555    -0.407548    -0.067467
0.112541    -0.529699    -0.055055
0.088943    -0.556557    0.049076
0.088299    -0.556557    0.051875
0.090835    -0.533014    0.085159
0.018828    -0.467444    0.126974
0.010899    -0.464321    0.128244
0.054271    -0.471115    0.116334
0.038917    -0.504408    0.123202
0.069725    -0.492135    0.10873
-0.026814    -0.481411    0.126266
-0.012061    -0.461963    0.127791
-0.05053    -0.549854    0.103696
-0.061009    -0.556557    0.068273
-0.067717    -0.556557    0.059963
-0.069252    -0.556557    0.015507
-0.06371    -0.556557    0.081251
-0.082286    -0.546587    -0.08334
0.09446    -0.49615    0.088404
-0.10605    -0.480342    -0.072393
-0.103556    -0.465434    -0.075838
-0.091143    -0.533483    -0.084324
-0.099429    -0.394208    -0.055663
-0.088938    -0.390818    -0.068627
-0.080409    -0.351052    -0.063806
-0.087268    -0.301685    -0.054286
0.020112    -0.240738    -0.107101
-0.009213    -0.237311    -0.10926
0.0254    -0.272395    -0.100044
-0.053727    -0.235541    -0.09617
0.07176    -0.369059    -0.079975
-0.061486    -0.238436    -0.090614
-0.080095    -0.250536    -0.070949
0.115774    -0.512971    -0.055523
0.110635    -0.447138    -0.064104
0.10833    -0.435521    -0.061738
0.08254    -0.372559    -0.069203
0.111841    -0.540129    -0.043551
0.102639    -0.556557    -0.032287
0.099279    -0.542676    0.065064
0.024896    -0.414216    0.11599
0.044392    -0.443689    0.118453
0.048953    -0.415901    0.10837
0.073671    -0.430352    0.098277
0.087333    -0.439441    0.090271
-0.01087    -0.435685    0.123678
-0.019922    -0.449398    0.126385
-0.030771    -0.456657    0.125644
-0.040819    -0.48541    0.121807
-0.061703    -0.523856    0.1136
-0.07404    -0.556557    0.000195
-0.073614    -0.556557    -0.04814
-0.077465    -0.556557    0.055515
0.113023    -0.476767    0.06276
-0.114967    -0.502602    -0.05873
-0.116516    -0.502431    -0.054673
-0.089554    -0.556023    -0.066852
-0.113498    -0.447128    -0.059238
-0.103862    -0.404947    -0.05323
-0.104178    -0.380212    -0.034226
-0.096464    -0.331873    -0.034775
-0.092156    -0.247114    -0.055551
0.000415    -0.232121    -0.111094
0.031687    -0.258637    -0.10001
0.050667    -0.277034    -0.089889
0.057319    -0.325515    -0.085073
-0.046397    -0.227828    -0.101558
-0.09595    -0.221483    -0.060641
0.124702    -0.471305    -0.033017
0.127207    -0.46909    -0.017376
0.112141    -0.414511    -0.039622
0.115481    -0.41969    -0.035505
0.128239    -0.524438    -0.00808
0.105595    -0.556557    0.003435
0.113714    -0.531392    0.050773
0.007551    -0.392763    0.113027
0.040124    -0.416846    0.112592
0.042767    -0.417257    0.111529
0.066573    -0.430841    0.104212
0.09095    -0.405008    0.072242
0.091708    -0.425681    0.08051
-0.021518    -0.416602    0.117508
-0.015975    -0.404404    0.114841
-0.048618    -0.486903    0.118828
-0.061384    -0.50131    0.113953
-0.085187    -0.526059    0.095208
-0.080638    -0.556557    0.009589
-0.082972    -0.556557    0.035957
0.120448    -0.510778    0.044377
0.116175    -0.476602    0.055565
-0.124169    -0.475566    -0.034635
-0.118693    -0.479922    -0.048973
-0.112803    -0.534105    -0.04927
-0.085782    -0.556557    -0.054247
-0.104574    -0.396589    -0.045175
-0.116092    -0.413941    -0.027869
-0.09846    -0.302743    -0.029548
-0.100132    -0.343766    -0.02517
-0.09908    -0.246263    -0.041616
0.018092    -0.214916    -0.113712
0.049298    -0.243012    -0.096898
-0.055393    -0.205503    -0.10382
0.05668    -0.282341    -0.085535
0.059815    -0.300043    -0.083266
-0.087462    -0.204586    -0.079772
-0.109866    -0.210609    -0.037671
0.12894    -0.494846    -0.006548
0.129254    -0.458507    -0.004591
0.115552    -0.416483    -0.031417
0.120717    -0.435078    -0.030235
0.077423    -0.341116    -0.067291
0.073412    -0.317986    -0.072227
0.113874    -0.549604    -0.016356
0.113347    -0.543854    0.033864
0.011568    -0.379915    0.109004
0.062707    -0.375783    0.088814
0.095861    -0.391936    0.059568
0.106455    -0.425301    0.059968
-0.035117    -0.413545    0.113212
-0.03248    -0.411598    0.113668
-0.079923    -0.507699    0.100599
-0.069466    -0.478747    0.108169
-0.090338    -0.528645    0.088231
-0.092094    -0.556079    0.063812
0.117725    -0.45718    0.051507
0.124049    -0.480502    0.03495
-0.128812    -0.518314    -0.002184
-0.126403    -0.490076    -0.025486
-0.104648    -0.556557    0.00224
-0.114862    -0.407816    -0.024539
-0.114245    -0.406123    -0.026158
-0.105477    -0.367233    -0.014654
-0.101739    -0.343232    -0.012862
-0.101114    -0.302827    -0.018914
-0.107645    -0.220816    -0.036136
0.001023    -0.181522    -0.125454
0.036517    -0.232947    -0.104162
0.056636    -0.265411    -0.086488
-0.05264    -0.18547    -0.11189
-0.077429    -0.197953    -0.091239
-0.103771    -0.189283    -0.065407
0.127347    -0.478132    0.016358
0.126214    -0.4522    0.027321
0.114521    -0.40228    -0.014118
0.118989    -0.418689    -0.013639
0.087183    -0.283481    -0.05528
0.084979    -0.317858    -0.057993
0.11751    -0.544804    0.005804
0.116695    -0.542518    0.025056
0.008113    -0.369497    0.10703
0.06156    -0.353891    0.082991
0.079627    -0.368715    0.072099
0.117057    -0.449525    0.051695
0.114592    -0.427119    0.041554
-0.046128    -0.396173    0.104092
-0.041691    -0.392293    0.10469
-0.071994    -0.471988    0.106339
-0.078605    -0.482925    0.101553
-0.105323    -0.514835    0.073917
-0.094209    -0.514069    0.087595
0.127249    -0.493446    0.017307
0.128692    -0.517827    0.003347
-0.127872    -0.48357    -0.011277
-0.127635    -0.462748    -0.013573
-0.124317    -0.527354    -0.026779
-0.101682    -0.556557    -0.034179
-0.118687    -0.416651    -0.010239
-0.114884    -0.397839    0.001314
-0.10324    -0.357782    -0.014277
-0.101314    -0.286158    -0.01698
-0.107223    -0.244723    -0.010556
-0.112221    -0.218432    -0.023725
0.011653    -0.17798    -0.125495
-0.007413    -0.189547    -0.122698
-0.047026    -0.183201    -0.115197
0.071811    -0.243305    -0.0814
-0.064297    -0.20003    -0.101054
-0.096418    -0.176214    -0.082696
-0.117754    -0.176306    -0.046412
-0.124658    -0.176032    -0.025814
0.121276    -0.428403    0.015393
0.115625    -0.401535    0.00102
0.089614    -0.310863    -0.050744
0.090642    -0.32574    -0.048446
0.085822    -0.265127    -0.058235
0.008224    -0.345989    0.102512
0.039379    -0.318231    0.094697
0.049559    -0.301471    0.090144
0.062633    -0.349254    0.081208
0.071209    -0.315552    0.07424
0.103658    -0.395802    0.046991
0.105147    -0.386704    0.036354
0.001677    -0.341826    0.103242
0.00041    -0.313275    0.103111
-0.062442    -0.425267    0.104653
-0.05973    -0.412078    0.102314
-0.090922    -0.503129    0.09164
-0.096525    -0.48874    0.084745
-0.111029    -0.491932    0.066131
-0.118974    -0.477386    0.048369
-0.122866    -0.516858    0.039668
-0.113711    -0.505838    0.060135
-0.128363    -0.500745    0.010156
-0.126945    -0.513551    0.019011
-0.111464    -0.553504    -0.020996
-0.123912    -0.52916    0.019822
-0.120249    -0.421495    0.010462
-0.100456    -0.353737    0.025301
-0.10243    -0.313611    0.008737
-0.10237    -0.3052    0.009107
-0.115834    -0.214473    0.001329
-0.117247    -0.200529    -0.021282
0.036714    -0.199591    -0.113483
0.077082    -0.245834    -0.075603
0.110923    -0.391275    0.020137
0.120681    -0.430241    0.025871
0.096279    -0.315131    -0.035842
0.095171    -0.297235    -0.03832
0.094819    -0.235791    -0.056615
0.014787    -0.287376    0.101461
0.018424    -0.271242    0.100879
0.03792    -0.294723    0.09535
0.062171    -0.315736    0.081584
0.056166    -0.294714    0.086463
0.080045    -0.324882    0.064265
0.084407    -0.299794    0.058239
0.082757    -0.33699    0.060518
0.088823    -0.30815    0.052139
-0.021134    -0.336592    0.100884
-0.011115    -0.310064    0.10192
-0.074911    -0.419165    0.093636
-0.071647    -0.404197    0.091116
-0.086123    -0.418386    0.083615
-0.093508    -0.433155    0.080715
-0.107612    -0.416442    0.050997
-0.105185    -0.411405    0.053163
-0.124972    -0.471466    0.031332
-0.126073    -0.476687    0.024458
-0.12457    -0.440733    0.015627
-0.118212    -0.418491    0.018161
-0.10932    -0.381582    0.012118
-0.099606    -0.293082    0.026373
-0.099671    -0.294001    0.025964
-0.115013    -0.216076    0.006987
-0.121037    -0.193453    0.009885
0.049111    -0.182761    -0.114513
0.064841    -0.209396    -0.096744
0.104581    -0.356013    -0.002816
0.101801    -0.302085    -0.012665
0.099561    -0.343369    -0.026655
0.097171    -0.263428    -0.036727
0.102343    -0.270238    -0.00928
0.096766    -0.233466    -0.053563
0.029868    -0.256878    0.10167
0.066879    -0.255187    0.081566
0.090533    -0.245659    0.058328
0.103409    -0.367912    0.027983
0.09341    -0.336549    0.042771
-0.002032    -0.250374    0.106877
-0.031136    -0.340697    0.097854
-0.038825    -0.328518    0.094917
-0.085628    -0.397173    0.075335
-0.08845    -0.404934    0.075115
-0.105745    -0.390186    0.038179
-0.107786    -0.39528    0.036912
-0.088596    -0.34928    0.053021
-0.092584    -0.350124    0.044103
-0.107412    -0.236104    0.022399
-0.1245    -0.175162    0.025272
0.014069    0.024646    -0.124194
0.004815    0.049611    -0.115954
-0.021887    0.041706    -0.116739
0.072505    -0.190545    -0.098135
-0.041587    0.020206    -0.120096
0.09394    -0.204003    -0.071149
-0.084278    0.018077    -0.095661
0.098656    -0.216751    -0.059858
-0.10286    0.019055    -0.074544
-0.124396    0.015529    -0.033954
-0.114309    0.017986    -0.05784
-0.123438    0.027578    -0.010933
0.103153    -0.299055    -0.000817
0.102952    -0.307122    0.001135
0.102799    -0.257472    -0.022002
0.103743    -0.263761    -0.007511
0.012447    -0.23862    0.108456
0.033891    -0.25487    0.100465
0.066323    -0.240062    0.086231
0.083515    -0.25492    0.06461
0.098275    -0.274983    0.030033
0.094635    -0.275414    0.039564
-0.01505    -0.249931    0.105627
-0.042336    -0.310214    0.093577
-0.044297    -0.327262    0.092828
-0.073584    -0.355734    0.073835
-0.094166    -0.3718    0.052802
-0.091164    -0.299379    0.047279
-0.103804    -0.242667    0.032884
-0.097537    -0.232018    0.052749
-0.114319    -0.195188    0.039596
0.018013    0.061225    -0.110311
-0.005123    0.0325    -0.122839
-0.051947    0.061996    -0.098687
0.075344    -0.189549    -0.096473
-0.067714    0.045512    -0.096168
0.097195    -0.187861    -0.075219
0.111705    -0.196446    -0.044454
-0.113305    0.016338    -0.061813
-0.111876    0.050803    -0.030507
-0.121358    0.036334    0.000148
0.101    -0.333326    0.020013
0.102821    -0.28255    0.002401
0.109897    -0.238264    -0.001729
0.121289    -0.18934    -0.016637
0.009586    -0.231849    0.110492
0.070405    -0.2245    0.087757
0.089303    -0.226163    0.067771
0.094648    -0.262647    0.043298
-0.007439    -0.216953    0.114287
-0.025962    -0.240757    0.106333
-0.055412    -0.302976    0.086453
-0.087012    -0.356738    0.057692
-0.078625    -0.335676    0.065812
-0.079474    -0.341247    0.064767
-0.096516    -0.249732    0.045439
-0.106834    -0.191046    0.059577
0.018165    0.070704    -0.106021
-0.000554    0.110666    -0.089267
0.060347    0.015944    -0.114153
-0.025055    0.069604    -0.105201
-0.051571    0.079062    -0.090248
0.093655    -0.1866    -0.080215
-0.067423    0.067557    -0.085393
-0.061659    0.071225    -0.087878
0.122577    -0.17935    -0.028808
-0.091669    0.071594    -0.055695
-0.079001    0.086322    -0.061508
-0.097053    0.070976    -0.046346
-0.124771    0.023701    0.013453
-0.127013    0.021073    0.00554
-0.107717    0.069097    -0.009035
-0.101479    0.079438    -0.022598
0.115734    -0.207538    0.01697
0.114769    -0.208514    0.023867
0.12586    -0.174185    0.019933
0.040575    -0.224621    0.105065
0.061141    -0.221225    0.09637
0.083423    -0.230012    0.074207
-0.013535    -0.203971    0.117011
-0.040834    -0.249021    0.098741
-0.058524    -0.302098    0.084201
-0.061793    -0.285087    0.081834
-0.074109    -0.3071    0.07137
-0.07525    -0.263695    0.071737
-0.093068    -0.227345    0.06271
-0.099496    -0.192286    0.070142
0.008413    0.105207    -0.090892
-0.003745    0.100397    -0.094105
0.044488    0.047384    -0.107878
-0.029367    0.112511    -0.083133
-0.058114    0.111655    -0.066523
-0.075833    0.113401    -0.044403
-0.103571    0.071646    -0.028405
-0.109905    0.048229    0.039221
-0.097968    0.087529    0.017482
-0.099788    0.086994    -0.004765
0.121411    -0.185433    0.027973
0.026636    -0.18283    0.121797
0.054604    -0.195481    0.107503
0.103042    -0.188811    0.066672
0.113977    -0.195089    0.039459
0.001289    -0.175077    0.127767
-0.028915    -0.22541    0.109139
-0.078446    -0.245089    0.07418
-0.089621    -0.210958    0.07363
-0.090122    -0.17154    0.092204
0.03502    0.088666    -0.092569
0.033292    0.085987    -0.094563
0.06873    0.025767    -0.104032
-0.036344    0.125373    -0.071795
-0.056054    0.119015    -0.062967
-0.074012    0.123938    -0.033922
-0.106274    0.038051    0.056474
-0.090202    0.077278    0.053707
-0.101042    0.08553    0.004169
-0.098196    0.078176    0.034811
-0.086185    0.1148    -0.010072
0.007229    -0.179818    0.12588
0.038133    -0.178523    0.120814
0.081918    -0.178858    0.095463
0.113302    -0.182027    0.052939
-0.028629    -0.186926    0.120863
-0.035678    -0.204553    0.112294
-0.072246    -0.257881    0.077197
-0.07492    -0.219346    0.08629
0.016214    0.123547    -0.080238
0.041754    0.113867    -0.077447
-0.026357    0.136301    -0.06903
0.065931    0.056552    -0.092133
0.089703    0.021552    -0.089591
0.09806    0.031774    -0.073367
0.109953    0.01694    -0.067195
0.118909    0.03736    -0.018401
0.124193    0.029151    -0.001976
0.115097    0.05295    0.001202
-0.065097    0.142951    -0.025075
-0.093967    0.040732    0.073199
-0.083509    0.086667    0.055644
-0.074243    0.125588    0.030553
0.102141    0.053323    0.053408
0.116096    0.02667    0.044243
-0.062956    -0.217186    0.095637
-0.069024    -0.184835    0.10291
0.030921    0.114504    -0.081258
0.053798    0.077125    -0.089865
0.067277    0.068009    -0.085343
0.098571    0.04262    -0.066437
0.105882    0.054993    -0.042145
0.115787    0.047261    -0.014958
0.108621    0.060138    -0.029865
0.111781    0.061114    0.004188
-0.086411    0.047181    0.078751
-0.085148    0.038134    0.085562
-0.090504    0.068281    0.060598
-0.066957    0.119909    0.050288
-0.052943    0.139547    0.048724
0.114858    0.034718    0.03922
0.084683    0.062386    0.072575
-0.05745    -0.185275    0.110467
0.011985    0.155126    -0.062332
-0.01921    0.153147    -0.061837
0.060118    0.111897    -0.065319
0.092693    0.063926    -0.061118
0.090711    0.079376    -0.050178
0.102669    0.073742    -0.028691
0.107965    0.069689    -0.007538
0.102166    0.080911    0.009281
-0.057321    0.163004    -0.015344
-0.055302    0.057595    0.099355
-0.067809    0.046346    0.09539
-0.060735    0.101334    0.07094
-0.064346    0.15195    0.008826
-0.067057    0.148352    -0.001482
0.091491    0.038453    0.078127
0.098049    0.067228    0.048623
0.081987    0.085143    0.05832
0.077855    0.07645    0.070923
0.022394    0.023161    0.12354
0.046113    0.022656    0.117088
0.082856    0.02347    0.094271
-0.001966    0.015778    0.128712
-0.011798    0.015874    0.12766
-0.031404    0.052103    0.111024
0.000825    0.179676    -0.055014
-0.004916    0.17956    -0.054747
-0.027134    0.174092    -0.049396
-0.038988    0.174647    -0.040521
0.071146    0.109738    -0.053839
0.083406    0.111131    -0.030328
0.088318    0.11008    -0.011395
0.103314    0.076186    0.019551
-0.04375    0.203862    -0.022531
-0.053474    0.031182    0.110801
-0.060108    0.085249    0.080632
-0.041883    0.114076    0.07727
-0.058885    0.161415    0.010935
-0.043562    0.147986    0.051239
0.088415    0.107458    0.021393
0.075863    0.105448    0.05067
0.063719    0.09289    0.073217
0.063759    0.065566    0.089564
0.005253    0.037383    0.121006
0.046185    0.040728    0.109801
0.06855    0.044881    0.095786
-0.004359    0.061238    0.111718
0.010594    0.197426    -0.049653
-0.018018    0.18367    -0.050915
-0.02958    0.214051    -0.035784
0.074212    0.122019    -0.035903
0.086643    0.115314    -0.005691
-0.041791    0.201148    -0.026808
-0.047131    0.070103    0.097188
-0.036658    0.075813    0.098344
-0.045081    0.08444    0.090831
-0.049784    0.194734    0.012507
-0.05407    0.164251    0.022561
-0.036145    0.175379    0.042789
-0.048922    0.204829    -0.000109
0.066268    0.114655    0.056569
0.055011    0.106748    0.071986
0.023044    0.101846    0.090332
0.03633    0.069921    0.101723
-0.007987    0.088376    0.098809
-0.020285    0.067707    0.107204
0.039588    0.148532    -0.053755
0.077749    0.121977    -0.028057
0.070207    0.142412    0.002422
-0.021964    0.095153    0.094194
-0.021563    0.123156    0.079237
-0.012024    0.203435    0.047875
-0.040825    0.216754    0.020817
-0.031621    0.2112    0.035281
0.07718    0.124699    0.024338
0.049797    0.119441    0.06772
0.008418    0.083143    0.101486
0.034704    0.10805    0.083019
-0.020069    0.226047    -0.03835
0.057886    0.153022    -0.028209
-0.00182    0.130852    0.07729
-0.014225    0.154167    0.062615
-0.015436    0.220824    0.041999
0.048956    0.137278    0.05452
0.035426    0.128861    0.069898
0.031182    0.169732    -0.048082
0.059443    0.161151    0.00861
-0.006619    0.1541    0.063437
-0.030674    0.221729    0.032701
0.048069    0.148751    0.046807
0.030445    0.201167    -0.039152
0.049609    0.173507    -0.027006
0.050853    0.191483    -0.010846
0.013645    0.150457    0.064382
0.003475    0.210645    0.047302
0.046549    0.177979    0.029871
0.027659    0.154938    0.057009
0.046001    0.2028    -0.017578
0.050066    0.196592    0.008578
0.007021    0.185486    0.052947
0.04218    0.193261    0.029551
0.033899    0.181746    0.042426
0.019252    0.164704    0.055429
0.029143    0.180195    0.046777
-0.002492    -0.162302    -0.129296
0.001424    -0.088353    -0.128891
-0.002042    -0.084771    -0.129249
-0.022408    -0.122745    -0.126401
-0.017883    -0.146082    -0.127126
-0.049107    -0.101025    -0.118644
-0.053404    -0.10262    -0.116722
-0.049781    -0.095135    -0.118343
-0.089728    -0.087721    -0.092476
-0.079124    -0.168441    -0.101093
-0.094503    -0.042322    -0.088344
-0.109472    -0.154544    -0.067667
-0.103365    -0.086981    -0.076103
-0.123636    -0.147171    -0.03603
-0.113995    -0.156444    -0.061275
-0.12639    -0.047519    -0.02562
-0.127585    -0.0944    -0.014058
0.02882    -0.03678    -0.126059
0.026519    0.010287    -0.126297
0.028676    -0.080549    -0.126074
-0.023706    0.011171    -0.126193
-0.01146    -0.00209    -0.128154
-0.062072    0.004733    -0.112845
-0.041985    -0.0126    -0.121829
-0.045809    -0.07096    -0.120119
-0.073853    -0.061733    -0.105376
-0.09109    0.012335    -0.091369
-0.110738    -0.075515    -0.065918
-0.112488    -0.094155    -0.0635
-0.12361    0.009596    -0.036098
-0.120033    -0.075093    -0.045463
-0.121502    -0.07979    -0.041617
-0.128548    -0.099599    -0.00474
-0.128982    -0.142976    -0.000545
0.034908    -0.03955    -0.124064
0.048153    -0.168021    -0.119006
0.050546    -0.12012    -0.118092
-0.129323    0.003715    0.004158
-0.127881    -0.143386    0.013163
0.05136    -0.084823    -0.117781
0.050861    -0.039591    -0.117972
-0.125607    -0.014734    0.02737
-0.1249    -0.070118    0.031786
-0.124269    -0.12157    0.035727
0.063264    -0.055308    -0.112659
0.0663    -0.053552    -0.110461
-0.113978    -0.128584    0.059539
-0.121643    -0.125637    0.042402
-0.123032    -0.077512    0.039296
0.080112    -0.008909    -0.100462
0.084013    -0.040996    -0.097638
0.103443    -0.057455    -0.076232
0.101838    -0.05871    -0.078206
0.119893    -0.167726    -0.046315
0.122574    -0.140482    -0.040319
0.123168    -0.146209    -0.038993
0.129308    -0.120554    -0.004252
0.128584    -0.067723    -0.008776
-0.116393    -0.054305    0.054139
-0.119654    -0.026374    0.046849
-0.115194    -0.062635    0.05682
0.127424    -0.070673    0.015618
0.125962    -0.155049    0.029761
0.090441    -0.108623    -0.092233
0.097189    -0.085856    -0.083929
0.11452    -0.112088    -0.058328
0.120938    -0.014148    -0.043977
0.11758    -0.04977    -0.051486
0.124087    -0.004385    -0.036862
0.12903    0.004059    -0.005989
0.128905    -0.108332    0.001291
0.127562    -0.058432    0.014279
0.128114    -0.020039    0.008936
-0.109956    -0.120345    0.068217
-0.096545    -0.146432    0.084721
0.11862    -0.010678    0.049165
0.123389    0.002515    0.036677
0.124476    -0.037472    0.033831
-0.099756    -0.060998    0.080768
-0.090343    -0.052013    0.092354
0.120896    -0.128039    0.043204
0.114486    -0.021607    0.059989
0.021685    -0.148925    0.126517
0.029025    -0.038104    0.125342
0.025365    -0.143347    0.125928
0.048588    -0.113898    0.118876
0.06588    -0.06095    0.111142
0.093934    -0.157344    0.089058
0.089372    -0.149276    0.092765
0.069661    -0.159655    0.108782
0.096705    -0.046792    0.085302
0.095805    -0.056584    0.086545
0.000713    -0.164653    0.129112
0.000694    -0.090258    0.12911
-0.071515    -0.070115    0.106686
-0.069364    -0.0401    0.108243
-0.063649    -0.119642    0.11238
-0.081191    -0.027579    0.099681
-0.080851    -0.049375    0.099928
0.100397    0.003594    0.080202
0.101035    -0.018534    0.07932
0.106655    -0.009952    0.071558
0.014975    -0.028617    0.127591
0.014763    -0.079191    0.127625
0.043609    -0.04431    0.121103
0.067537    0.015127    0.1104
0.069004    -0.094966    0.109316
0.084726    0.012624    0.09654
0.073083    -0.00218    0.106001
-0.028251    0.007944    0.126118
-0.029154    -0.085451    0.126024
-0.058103    -0.002726    0.115206
-0.060363    -0.082892    0.114343
-0.045267    0.007193    0.120108
-0.034657    -0.082169    0.12416
-0.037416    -0.04182    0.123107
-0.000885    -0.165305    -0.129129
0.001657    -0.015484    -0.128867
-0.019381    -0.082817    -0.126886
-0.035621    -0.097622    -0.124286
-0.028883    -0.045075    -0.125364
-0.061532    -0.154912    -0.113087
-0.055175    -0.061543    -0.11593
-0.07554    -0.118747    -0.104005
-0.082435    -0.154204    -0.098402
-0.085187    -0.146816    -0.096166
-0.095638    -0.080316    -0.086776
-0.103461    -0.139514    -0.075969
-0.114273    -0.151975    -0.060546
-0.115856    -0.145072    -0.0564
-0.120162    -0.126113    -0.045125
-0.12877    -0.148475    -0.002589
-0.126488    -0.024941    -0.024672
0.02403    -0.12938    -0.126554
0.029008    -0.065323    -0.126039
-0.018686    -0.037489    -0.126997
-0.014421    -0.050791    -0.12768
-0.004013    -0.039186    -0.129346
-0.041413    0.010619    -0.122085
-0.038789    -0.091538    -0.123259
-0.086979    -0.029352    -0.09471
-0.086928    0.006776    -0.094751
-0.071332    -0.075055    -0.107424
-0.105336    0.01259    -0.07338
-0.110771    -0.011646    -0.065872
-0.118608    -0.00455    -0.049195
-0.121047    -0.077983    -0.042809
-0.129    -0.124919    -0.000371
-0.128328    -0.036596    -0.00687
-0.12865    -0.042526    -0.003756
0.039576    -0.050699    -0.122282
0.045535    -0.106243    -0.120006
-0.128165    -0.095907    0.011392
-0.125744    -0.14498    0.026513
-0.127218    -0.12444    0.017309
0.050677    -0.003706    -0.118042
0.050336    -0.07839    -0.118172
-0.12521    -0.062027    0.029849
-0.126847    -0.045966    0.019621
0.074316    -0.137364    -0.104658
0.083502    -0.134218    -0.098009
0.075341    -0.124048    -0.103916
-0.112443    -0.143339    0.062969
-0.117357    -0.102416    0.051984
0.074769    0.001449    -0.10433
0.074938    0.00454    -0.104208
0.070512    0.007464    -0.107412
0.104912    -0.150303    -0.074424
0.104711    -0.094219    -0.074671
0.123168    -0.151194    -0.038992
0.122269    -0.086439    -0.041001
0.129393    -0.141816    -0.00372
0.128442    -0.038172    -0.009661
0.127202    -0.069101    -0.017404
-0.116273    -0.044859    0.054408
-0.115669    -0.009232    0.055757
0.127008    -0.116135    0.019635
0.125949    -0.14309    0.029879
0.128093    -0.161767    0.009139
0.090586    -0.028421    -0.092054
0.097321    -0.030831    -0.083766
0.110947    -0.143944    -0.066315
0.113508    0.01397    -0.060589
0.128041    0.001529    -0.012168
0.126928    0.009161    -0.019117
0.126234    -0.034913    -0.023454
0.12837    -0.096123    0.006459
0.128827    -0.038164    0.002043
-0.10812    -0.100766    0.070476
-0.10447    -0.161407    0.074967
-0.096512    -0.147507    0.084761
0.121426    0.011112    0.041816
0.117241    -0.022233    0.052774
-0.09048    -0.014803    0.092184
-0.108241    0.007496    0.070327
-0.096616    -0.008815    0.084633
0.121936    -0.139413    0.040482
0.113947    -0.030094    0.0614
0.025566    -0.080115    0.125895
0.023408    -0.097618    0.126241
0.062445    -0.080558    0.112678
0.067572    -0.023025    0.110385
0.042322    -0.145374    0.121678
0.087668    -0.105143    0.09415
0.091266    -0.024445    0.091227
0.103059    -0.149993    0.076525
0.099396    -0.083784    0.081586
0.100358    -0.136991    0.080256
0.001439    -0.055848    0.129187
0.002773    -0.127339    0.129325
-0.073771    -0.146553    0.105053
-0.069988    -0.047034    0.107791
-0.086163    -0.10095    0.096082
-0.078242    -0.092963    0.101816
-0.086693    -0.141554    0.095698
0.100611    -0.008193    0.079907
0.109797    -0.065901    0.067218
0.01953    -0.023259    0.126862
0.007613    -0.066673    0.12877
0.020373    -0.069935    0.126727
0.055284    -0.002551    0.115881
0.049546    -0.002139    0.118448
0.079828    -0.071122    0.10052
0.070099    -0.003028    0.108426
-0.002981    -0.008123    0.12873
-0.010515    0.015433    0.127951
-0.027355    -0.13554    0.12621
-0.05592    -0.024922    0.11604
-0.055121    -0.070809    0.116345
-0.058145    -0.150779    0.11519
-0.032854    -0.035873    0.124849
-0.051107    -0.163967    0.117878
-0.035504    0.227829    -0.010227
-0.039103    0.227829    -0.001405
0.001022    0.227829    -0.022719
-0.023705    0.227829    -0.003072
0.013335    0.227829    -0.015587
-0.007328    0.227829    0.023731
0.021846    0.227829    -0.032778
0.038254    0.227829    0.010133
0.008228    0.23134    -0.041553
-0.027418    0.253409    -0.028037
-0.040014    0.241902    -0.008552
-0.015395    0.250265    -0.03638
-0.038775    0.244495    -0.011466
-0.028086    0.244308    0.029403
0.000984    0.246455    0.040351
-0.01053    0.28624    -0.036067
0.005098    0.23772    -0.024709
-0.006635    0.259264    -0.024359
-0.011624    0.279944    -0.022299
-0.016625    0.308831    -0.018835
-0.022452    0.337789    -0.01157
-0.031248    0.274206    -0.020407
-0.038572    0.258483    0.001543
-0.024184    0.263823    0.028878
-0.037035    0.284547    -0.004274
0.012118    0.257375    -0.036571
0.013199    0.255485    -0.021434
0.004888    0.369725    -0.02473
-0.00128    0.260226    -0.025216
-0.009539    0.372536    -0.023231
-0.016989    0.337674    -0.018539
-0.023992    0.310883    -0.007537
-0.020569    0.373069    -0.014395
-0.024736    0.236632    0.004278
-0.029612    0.302739    -0.022667
-0.035232    0.293308    0.012532
-0.010226    0.283602    0.035999
-0.023402    0.259323    0.009157
-0.007329    0.320358    0.024072
-0.012986    0.333942    0.021588
0.005081    0.252782    0.024607
-0.002633    0.299364    0.024963
0.020187    0.256678    -0.033022
0.000817    0.374046    -0.031649
0.021032    0.290038    -0.013921
-0.024698    0.318414    0.004517
0.012766    0.2284    0.040952
-0.033052    0.293842    0.017405
-0.006725    0.28746    0.036782
-0.021831    0.252204    0.01267
-0.011521    0.364795    0.02247
-0.005025    0.336641    0.024716
-0.013661    0.34367    0.0211
0.004242    0.360396    0.024742
0.005838    0.313142    -0.036873
0.018951    0.372557    -0.016482
0.015103    0.231814    0.020071
0.014737    0.325324    0.020369
0.023839    0.245698    -0.00818
-0.020674    0.374046    -0.027041
0.040749    0.235079    -0.008929
0.021484    0.2565    0.032293
-0.009085    0.374046    0.027112
0.035254    0.236912    0.021883
-0.014665    0.327199    -0.040384
-6.6e-05    0.348069    -0.042871
0.02451    0.255954    -0.005688
0.024685    0.360563    -0.004598
-0.028243    0.374046    0.000677
0.039991    0.24491    -0.00485
0.027095    0.237322    0.031239
0.022892    0.326094    0.010418
-3.4e-05    0.374046    0.030603
0.000553    0.32251    -0.040902
-0.01218    0.331132    -0.043242
0.022207    0.308684    0.012131
-0.00731    0.342243    -0.043227
0.025269    0.236262    -0.000327
0.025056    0.374046    -0.008271
-0.038091    0.335614    -0.024476
0.035877    0.298283    -0.011089
-0.039242    0.326788    -0.01684
0.024596    0.352122    0.005956
-0.019614    0.325717    0.037666
-0.001177    0.371242    0.037937
0.033324    0.288286    0.017229
0.028864    0.335115    -0.035041
0.024022    0.357216    -0.032917
-0.038685    0.337025    0.023517
0.037143    0.301612    0.00323
-0.044758    0.333643    -0.010626
-0.035983    0.324016    0.020995
-0.025155    0.36025    0.031324
-0.006592    0.343785    0.043071
0.018237    0.336291    0.041213
0.031447    0.352035    -0.027612
-0.036562    0.360842    0.01623
-0.038667    0.36804    -0.000538
0.031492    0.307909    -0.020356
0.033597    0.3142    -0.016187
0.037893    0.348268    -0.019607
0.031409    0.37047    0.021443
0.039785    0.350629    0.013852
0.04109    0.349249    0.011234
0.04074    0.354979    0.006685
