-0.052403    0.23274    0.004143
-0.044892    0.22334    -0.00789
-0.051296    0.251602    0.002305
-0.048798    0.226948    -0.017241
-0.041251    0.15672    0.011945
-0.04931    0.242393    0.017911
-0.050807    0.256112    -0.001312
-0.043368    0.220444    -0.003559
-0.041517    0.167753    0.007797
-0.036955    0.169428    0.020804
-0.03487    0.213248    0.021383
-0.037888    0.283165    0.027603
-0.045837    0.303677    -0.007247
-0.042406    0.241471    -0.030968
-0.042437    0.154636    0.005387
-0.041381    0.176748    -0.005692
-0.044781    0.089077    0.016674
-0.035493    0.187559    0.02155
-0.041493    0.245913    0.031232
-0.039817    0.30227    0.024315
-0.046215    0.3087    -0.004374
-0.035593    0.224847    -0.032632
-0.036797    0.2084    -0.016545
-0.033363    0.317594    -0.032725
-0.041016    0.178383    -0.007889
-0.042069    0.152194    -0.00904
-0.031349    0.150924    0.029691
-0.026038    0.220546    0.034852
-0.027574    0.274522    0.039393
-0.034327    0.310968    0.031469
-0.033846    0.329299    -0.020603
-0.028889    0.241874    -0.043984
-0.038931    0.153051    -0.017985
-0.030895    0.196593    -0.026865
-0.050165    0.077613    7.8e-05
-0.053845    0.046551    0.014953
-0.03731    0.089445    0.029714
-0.025788    0.174853    0.03297
-0.01973    0.248978    0.047587
-0.03013    0.28939    0.035354
-0.035503    0.332342    0.004927
-0.027136    0.274967    -0.039653
-0.042635    0.097692    -0.01794
-0.032373    0.122556    -0.030481
-0.056014    0.042063    0.007348
-0.050639    0.040043    0.026578
-0.038975    0.053737    0.037743
-0.025891    0.156938    0.033921
-0.009624    0.263705    0.048671
-0.018435    0.315954    0.042577
-0.028527    0.337382    -0.003783
-0.024385    0.219405    -0.035565
-0.023623    0.136943    -0.036809
-0.04754    0.059126    -0.023621
-0.026188    0.104782    -0.036689
-0.038538    0.09438    -0.026705
-0.05747    0.039407    0.00094
-0.062979    0.003663    0.018973
-0.038696    0.052253    0.038547
-0.033487    0.087481    0.034845
-0.020737    0.187665    0.036083
-0.00958    0.24878    0.050725
-0.019412    0.329355    0.034528
-0.010958    0.339246    -0.013875
-0.019512    0.106158    -0.040611
-0.018373    0.286456    -0.042629
-0.030092    0.097324    -0.035293
-0.043067    0.063699    -0.029564
-0.068162    -0.006687    0.006813
-0.064454    0.007664    -0.003457
-0.064696    -0.021611    0.034117
-0.043163    0.038262    0.037977
-0.019401    0.127721    0.039594
0.001337    0.222821    0.044862
0.001331    0.32251    0.046616
-0.012214    0.33772    -0.023909
-0.012025    0.15703    -0.041203
-0.020824    0.101408    -0.040742
-0.052754    0.027736    -0.028822
-0.027946    0.053658    -0.046509
-0.042343    0.052049    -0.03387
-0.07585    -0.029935    0.000434
-0.079478    -0.048778    0.015044
-0.074235    -0.02483    -0.00128
-0.057715    -0.01408    0.040803
-0.038614    0.026794    0.045977
-0.004561    0.179253    0.041414
0.006418    0.225709    0.049153
0.003459    0.296968    0.046336
-0.002335    0.338844    -0.019941
-0.009335    0.197644    -0.039941
-0.006505    0.073262    -0.050082
-0.000358    0.276417    -0.048146
-0.030331    0.027323    -0.052181
-0.016334    0.029301    -0.057539
-0.008123    0.316041    -0.045722
-0.083091    -0.05926    0.015668
-0.078194    -0.042574    -0.010914
-0.083069    -0.083663    0.043209
-0.061437    -0.043601    0.050115
-0.014316    0.057815    0.051641
-0.004625    0.15184    0.042666
0.014164    0.231176    0.050954
0.013739    0.307503    0.044522
-0.005528    0.331612    -0.036283
-0.000467    0.117394    -0.044797
-0.00254    0.074395    -0.050405
0.003288    0.260073    -0.050004
-0.07043    -0.046223    -0.039056
-0.042691    0.015193    -0.046191
-0.025511    0.022976    -0.055302
-0.061517    -0.01993    -0.038655
0.00504    0.293445    -0.046128
-0.091485    -0.077376    -0.002282
-0.088953    -0.098793    0.041383
-0.087202    -0.09209    0.040341
-0.047672    -0.025866    0.056784
-0.027002    0.043543    0.049598
-0.007316    0.087747    0.047435
0.007426    0.195957    0.040269
0.022346    0.264249    0.044254
0.005914    0.339377    0.015839
0.008884    0.115423    -0.043779
0.010339    0.055344    -0.052719
0.000987    0.036964    -0.058026
0.011256    0.274882    -0.046922
-0.045518    0.002211    -0.0481
-0.02164    -0.032615    -0.073342
-0.011696    0.002878    -0.064702
-0.061043    -0.044728    -0.05117
0.004677    0.321016    -0.046175
-0.096011    -0.090165    0.001798
-0.091966    -0.081172    -0.009179
-0.103445    -0.145806    0.043345
-0.099331    -0.130789    0.041475
-0.066764    -0.069255    0.057634
-0.041315    -0.045411    0.068856
-0.016799    0.036806    0.055491
0.009489    0.147337    0.042233
0.006692    0.108658    0.044379
0.023699    0.321748    0.04029
0.010329    0.330795    -0.036471
0.007664    0.150248    -0.042339
0.006447    0.091964    -0.04681
0.006779    -0.006114    -0.067998
0.015444    0.244806    -0.049977
-0.081452    -0.074722    -0.038632
-0.055167    -0.040443    -0.056398
-0.030938    -0.031859    -0.069252
-0.013425    -0.018193    -0.070681
0.010884    -0.030274    -0.074574
-0.075732    -0.065891    -0.043941
0.012931    0.288688    -0.044857
-0.107493    -0.13337    0.01413
-0.10254    -0.113484    -0.005935
-0.103099    -0.117935    -0.011944
-0.112776    -0.17329    0.03306
-0.088843    -0.113448    0.052472
-0.074032    -0.088124    0.059262
-0.02843    -0.011728    0.063927
-0.010815    0.033387    0.057557
0.000536    0.07546    0.050482
0.012787    0.177003    0.039902
0.028693    0.243031    0.043936
0.016345    0.338395    -0.016067
0.021252    0.114923    -0.039458
0.014909    0.12376    -0.041649
0.016078    0.034895    -0.056262
0.024589    -0.020793    -0.068384
0.020271    0.27589    -0.043399
-0.082812    -0.087332    -0.047201
-0.046329    -0.077237    -0.079089
-0.029529    -0.055115    -0.077522
-0.006868    -0.052115    -0.081635
-0.078428    -0.085997    -0.052412
0.022601    0.2993    -0.040851
-0.113699    -0.160763    0.019523
-0.111503    -0.148987    -0.019658
-0.106164    -0.128269    -0.012475
-0.108166    -0.185415    0.04816
-0.078994    -0.139631    0.078242
-0.08279    -0.14694    0.076907
-0.042798    -0.059389    0.073635
-0.028741    -0.050448    0.076038
0.005874    0.071576    0.050461
0.016058    0.151806    0.03979
0.030907    0.220948    0.031311
0.034702    0.291318    0.03098
0.03116    0.323499    -0.034276
0.015172    0.188072    -0.038368
0.024974    0.027598    -0.054382
0.030019    0.000603    -0.059372
0.034585    -0.061879    -0.078085
-0.100631    -0.138968    -0.044764
-0.108667    -0.151286    -0.035043
-0.062318    -0.081246    -0.068654
-0.033574    -0.069445    -0.081475
-0.010213    -0.081008    -0.091769
0.003948    -0.076696    -0.091016
0.026508    -0.066354    -0.083188
-0.092037    -0.124002    -0.053523
0.028314    0.288379    -0.036748
-0.115685    -0.156568    0.000421
-0.114675    -0.16067    -0.012027
-0.113816    -0.230856    0.037376
-0.109915    -0.234725    0.046766
-0.110798    -0.356419    0.043723
-0.10489    -0.405291    0.05762
-0.107049    -0.4371    0.05217
-0.10675    -0.229845    0.054445
-0.103658    -0.534425    0.059629
-0.109931    -0.252404    0.046595
-0.105639    -0.248814    0.056984
-0.108367    -0.288288    0.050103
-0.112544    -0.229201    0.040459
-0.093262    -0.160451    0.067756
-0.071267    -0.107488    0.072161
-0.040497    -0.062633    0.075932
-0.018078    -0.010007    0.067657
0.001317    0.052267    0.054456
0.023401    0.139665    0.036824
0.042055    0.234858    0.031425
0.039992    0.304632    0.024087
0.035225    0.328794    -0.01944
0.025846    0.20178    -0.031379
0.023784    0.164769    -0.035088
0.022656    0.135404    -0.03764
0.035444    0.007853    -0.053866
0.039348    -0.009164    -0.057022
0.054295    -0.070608    -0.069945
0.0298    0.269312    -0.038579
-0.106678    -0.168569    -0.046241
-0.051665    -0.086808    -0.079363
-0.028877    -0.108525    -0.097301
-0.040875    -0.096551    -0.088433
-0.01599    -0.092362    -0.094808
-0.011285    -0.102139    -0.098393
0.017765    -0.090611    -0.094043
0.045834    -0.097877    -0.086811
0.029485    -0.091438    -0.091486
-0.091446    -0.14374    -0.064045
-0.085135    -0.137682    -0.069277
-0.116333    -0.308469    0.029843
-0.11677    -0.337393    0.025894
-0.118754    -0.299495    0.011659
-0.118478    -0.306682    0.013592
-0.116338    -0.348698    0.028922
-0.117685    -0.313894    0.019456
-0.118456    -0.332384    0.013195
-0.116368    -0.433376    0.026838
-0.116037    -0.504894    0.027784
-0.118455    -0.22448    0.015569
-0.114987    -0.177287    -0.025598
-0.105318    -0.559433    0.055432
-0.115439    -0.229239    0.033469
-0.115366    -0.547823    0.031261
-0.105125    -0.530722    0.056114
-0.112471    -0.446181    0.039011
-0.110371    -0.40974    0.044353
-0.11176    -0.529348    0.040105
-0.11148    -0.537588    0.04072
-0.110348    -0.372505    0.044689
-0.104687    -0.534249    0.057145
-0.115576    -0.292489    0.032665
-0.101668    -0.326983    0.06328
-0.103255    -0.244701    0.061599
-0.086074    -0.556268    0.082523
-0.098673    -0.320117    0.067215
-0.099007    -0.489629    0.065982
-0.096495    -0.388959    0.069729
-0.0996    -0.295035    0.066126
-0.098589    -0.316805    0.067341
-0.093042    -0.4994    0.07371
-0.102082    -0.530343    0.061783
-0.089061    -0.172875    0.075785
-0.059383    -0.147063    0.096283
-0.072665    -0.136178    0.081964
-0.030373    -0.085044    0.088928
-0.007161    -0.039783    0.077866
0.012575    0.015801    0.061379
0.019369    0.064367    0.048315
0.030281    0.141177    0.031457
0.046277    0.261262    0.018524
0.039913    0.32803    0.009983
0.0322    0.220963    -0.029758
0.032016    0.137786    -0.029806
0.040683    0.020319    -0.046255
0.040348    0.001619    -0.052286
0.052718    -0.0582    -0.065479
0.057933    -0.087146    -0.07468
0.040226    0.258259    -0.030123
-0.108112    -0.189781    -0.049719
-0.070976    -0.139784    -0.084627
-0.07357    -0.127652    -0.078038
-0.041268    -0.152456    -0.10647
-0.047101    -0.100398    -0.087107
-0.012615    -0.122991    -0.104543
-0.02388    -0.11727    -0.101325
0.007074    -0.152386    -0.11419
0.003259    -0.141661    -0.111439
0.03765    -0.143743    -0.105132
0.028716    -0.127826    -0.10365
0.061608    -0.135348    -0.090134
-0.088071    -0.154981    -0.073394
-0.096051    -0.167832    -0.065638
-0.119068    -0.403961    0.006981
-0.119518    -0.51856    0.001048
-0.116959    -0.456498    0.021841
-0.118523    -0.531352    0.008322
-0.117934    -0.398315    0.01571
-0.116166    -0.547984    0.025854
-0.12022    -0.294375    0.000636
-0.119663    -0.27227    0.005349
-0.119781    -0.289993    0.004064
-0.119634    -0.359964    0.003644
-0.116744    -0.332869    -0.026184
-0.11905    -0.206626    -0.011449
-0.119039    -0.264094    -0.010266
-0.117974    -0.215853    -0.019412
-0.116473    -0.244934    -0.030172
-0.119766    -0.229801    -0.005501
-0.117325    -0.313221    -0.022204
-0.117365    -0.231503    -0.023696
-0.116414    -0.472656    -0.025625
-0.118988    -0.287361    -0.010147
-0.116647    -0.372206    -0.026063
-0.091465    -0.209889    0.077126
-0.089013    -0.212583    0.080308
-0.088645    -0.459874    0.079626
-0.099607    -0.2177    0.066479
-0.093718    -0.377338    0.073404
-0.089854    -0.239523    0.079086
-0.092727    -0.362332    0.074765
-0.087239    -0.362612    0.081916
-0.093138    -0.366792    0.074209
-0.09011    -0.437086    0.077825
-0.095158    -0.332197    0.071739
-0.079032    -0.17613    0.087083
-0.052372    -0.123481    0.092438
-0.03363    -0.093662    0.090494
-0.012912    -0.054629    0.081759
0.01647    0.026406    0.058199
0.027358    0.080899    0.04099
0.032512    0.10996    0.031243
0.044576    0.271265    0.019073
0.03379    0.334306    -0.000378
0.044688    0.227076    -0.027015
0.033633    0.199398    -0.023087
0.043316    0.055068    -0.031704
0.046931    0.00852    -0.044232
0.059746    -0.040299    -0.050734
0.074474    -0.077306    -0.052385
0.076426    -0.128218    -0.07595
0.080615    -0.133472    -0.073087
-0.113542    -0.271514    -0.037732
-0.111736    -0.228759    -0.042415
-0.104727    -0.309176    -0.058734
-0.104792    -0.387149    -0.057993
-0.107518    -0.360369    -0.051612
-0.114635    -0.24579    -0.035288
-0.107766    -0.318468    -0.051328
-0.111026    -0.243792    -0.044017
-0.104886    -0.356384    -0.057996
-0.109875    -0.228022    -0.046913
-0.104069    -0.375091    -0.05983
-0.064475    -0.171514    -0.097525
-0.050465    -0.163413    -0.104228
-0.018397    -0.160892    -0.113864
0.01996    -0.177991    -0.115818
0.045004    -0.159578    -0.10597
0.044645    -0.168797    -0.107369
0.070033    -0.166421    -0.092456
-0.084583    -0.164467    -0.079891
-0.120077    -0.334244    -0.000846
-0.118958    -0.347578    -0.009054
-0.119286    -0.346926    -0.006572
-0.119227    -0.299572    -0.008059
-0.115584    -0.555947    -0.030098
-0.118311    -0.414284    -0.012502
-0.118702    -0.468098    -0.008354
-0.119223    -0.439313    -0.005025
-0.119047    -0.360146    -0.008099
-0.117887    -0.484307    -0.014186
-0.112886    -0.571069    0.025282
-0.110054    -0.394764    -0.045233
-0.1102    -0.473247    -0.044291
-0.116068    -0.222567    -0.032002
-0.112112    -0.343881    -0.040643
-0.106495    -0.515385    -0.052921
-0.11244    -0.407083    -0.039378
-0.113459    -0.415421    -0.036856
-0.115496    -0.462549    -0.031586
-0.114836    -0.480591    -0.033044
-0.115481    -0.315391    -0.032722
-0.110157    -0.571194    0.034992
-0.076866    -0.365071    0.091105
-0.069243    -0.321488    0.097111
-0.07481    -0.369414    0.092667
-0.071594    -0.208237    0.095716
-0.079304    -0.34282    0.089314
-0.072519    -0.332153    0.09456
-0.080869    -0.302354    0.088259
-0.079246    -0.439275    0.089011
-0.082884    -0.303273    0.08671
-0.076281    -0.249792    0.091969
-0.064645    -0.199069    0.101081
-0.081622    -0.190999    0.087442
-0.07114    -0.184477    0.094456
-0.03584    -0.142777    0.105567
-0.00194    -0.082568    0.093429
0.018131    -0.036474    0.075447
0.026607    0.026455    0.053988
0.030156    0.067709    0.041734
0.035365    0.15682    0.024017
0.046256    0.224453    0.012046
0.046186    0.29994    0.004598
0.045581    0.303414    -0.009194
0.039725    0.14391    -0.017155
0.046909    0.063201    -0.023291
0.048769    0.039783    -0.030101
0.057179    -0.012088    -0.040546
0.078519    -0.087496    -0.053104
0.079507    -0.107787    -0.061841
0.088945    -0.166437    -0.074612
0.048368    0.253446    -0.016257
-0.103057    -0.380787    -0.061216
-0.100777    -0.29836    -0.064575
-0.102178    -0.435745    -0.062103
-0.103866    -0.38929    -0.060121
-0.102321    -0.483163    -0.061693
-0.095866    -0.464774    -0.070193
-0.102445    -0.511939    -0.061396
-0.097505    -0.461451    -0.068072
-0.102125    -0.546335    -0.061651
-0.100861    -0.491962    -0.063554
-0.067899    -0.180487    -0.096314
-0.045983    -0.186946    -0.109275
-0.054552    -0.166844    -0.103001
-0.028222    -0.176249    -0.11451
0.012623    -0.188307    -0.118087
0.032564    -0.169061    -0.112409
0.073818    -0.192615    -0.093686
0.09709    -0.18715    -0.068259
0.088186    -0.172358    -0.076819
-0.094579    -0.267678    -0.072796
-0.096845    -0.269905    -0.069834
-0.090795    -0.267236    -0.077729
-0.095416    -0.261873    -0.071733
-0.093703    -0.295834    -0.073805
-0.084771    -0.443325    -0.084753
-0.096126    -0.270583    -0.070767
-0.09178    -0.343537    -0.076088
-0.087996    -0.338167    -0.081044
-0.088467    -0.219344    -0.080989
-0.113334    -0.571291    -0.021102
-0.099492    -0.576689    -0.054174
-0.090722    -0.580624    0.063004
-0.067605    -0.557787    0.097516
-0.06253    -0.321161    0.102264
-0.068688    -0.532956    0.096774
-0.073751    -0.43123    0.093256
-0.060228    -0.502553    0.103376
-0.070552    -0.529283    0.095357
-0.067711    -0.55895    0.09743
-0.074714    -0.453533    0.092437
-0.061025    -0.340179    0.10335
-0.068601    -0.392623    0.097348
-0.059832    -0.580086    0.094124
-0.054244    -0.168437    0.103344
-0.021948    -0.094436    0.094653
0.018087    -0.050793    0.079674
0.020762    -0.02041    0.069848
0.030403    0.036972    0.049346
0.039848    0.114421    0.020371
0.041909    0.128612    0.013704
0.052929    0.2346    0.000142
0.046482    0.301699    -0.002344
0.039481    0.163199    -0.015449
0.041841    0.100859    -0.018418
0.055751    0.016462    -0.028319
0.06756    -0.02412    -0.029118
0.076919    -0.063551    -0.038984
0.103675    -0.137053    -0.035908
0.10371    -0.148709    -0.044985
0.107606    -0.188492    -0.050521
-0.07947    -0.579729    -0.079198
-0.079116    -0.200941    -0.08997
-0.075088    -0.31953    -0.092633
-0.0781    -0.292521    -0.090419
-0.062413    -0.497138    -0.101718
-0.068582    -0.319268    -0.097626
-0.075283    -0.284645    -0.092609
-0.060417    -0.521764    -0.10316
-0.068815    -0.204029    -0.097864
-0.083895    -0.198976    -0.08631
-0.072125    -0.253938    -0.095144
-0.066358    -0.280398    -0.099474
-0.036197    -0.461148    -0.113591
-0.046277    -0.354149    -0.109748
-0.032142    -0.283544    -0.115821
-0.037803    -0.463821    -0.112918
-0.047914    -0.284129    -0.109286
-0.043285    -0.352005    -0.110993
-0.045361    -0.27242    -0.11038
-0.047092    -0.336823    -0.109464
-0.043127    -0.352024    -0.111059
-0.04118    -0.224489    -0.112261
-0.017103    -0.276724    -0.118103
-0.005236    -0.20101    -0.119884
-0.012842    -0.405641    -0.118291
-0.011309    -0.366581    -0.118606
-0.001298    -0.227194    -0.120327
-0.010617    -0.35445    -0.118732
-0.009215    -0.447167    -0.118649
-0.001458    -0.327182    -0.120017
-0.006914    -0.338288    -0.119266
-0.008577    -0.301058    -0.119155
-0.010992    -0.415586    -0.118506
0.005862    -0.209705    -0.119777
0.013587    -0.24813    -0.118648
0.024219    -0.396493    -0.11682
0.018163    -0.386805    -0.117645
0.012391    -0.321981    -0.118593
0.011246    -0.223281    -0.119028
0.026925    -0.394812    -0.116468
0.024209    -0.306636    -0.117081
0.028671    -0.493426    -0.115954
0.013719    -0.241899    -0.118649
0.049724    -0.353248    -0.108322
0.043852    -0.207072    -0.111208
0.035414    -0.215081    -0.114678
0.054292    -0.27524    -0.106672
0.051936    -0.405142    -0.107245
0.052815    -0.256018    -0.107344
0.047513    -0.347311    -0.109256
0.057569    -0.451865    -0.104767
0.047995    -0.29714    -0.109212
0.050327    -0.303985    -0.108225
0.043687    -0.258    -0.111118
0.069196    -0.223809    -0.097501
0.083177    -0.262691    -0.086632
0.064859    -0.259669    -0.1007
0.069986    -0.279291    -0.096695
0.06936    -0.328021    -0.096999
0.080234    -0.419691    -0.088324
0.0775    -0.218585    -0.091147
0.076226    -0.347759    -0.091659
0.07976    -0.247418    -0.089309
0.083989    -0.250346    -0.086053
0.087928    -0.438434    -0.080662
0.092032    -0.284636    -0.076037
0.091501    -0.424351    -0.076071
0.089883    -0.444448    -0.078085
0.094297    -0.209017    -0.07344
0.097091    -0.214276    -0.069774
0.089207    -0.322999    -0.079538
0.08901    -0.445136    -0.079221
0.092228    -0.381437    -0.075326
0.087433    -0.344572    -0.081748
0.085381    -0.3892    -0.084213
-0.084232    -0.213931    -0.085997
-0.071606    -0.407809    -0.094986
-0.083068    -0.482457    -0.085922
-0.082173    -0.27718    -0.087349
-0.07068    -0.527756    -0.095264
-0.065314    -0.495817    -0.099497
-0.08469    -0.358921    -0.085123
-0.074339    -0.418487    -0.092851
-0.076492    -0.528803    -0.090801
-0.084381    -0.2572    -0.085727
-0.112709    -0.577681    -0.003464
-0.100628    -0.587396    0.004817
-0.092564    -0.584703    0.049201
-0.073975    -0.589782    0.062763
-0.039286    -0.240761    0.112995
-0.045789    -0.243939    0.110291
-0.032906    -0.205703    0.115747
-0.059425    -0.552856    0.103686
-0.039238    -0.245091    0.113001
-0.046658    -0.297617    0.109765
-0.05097    -0.242509    0.10815
-0.03388    -0.227194    0.115277
-0.054157    -0.339573    0.106529
-0.052851    -0.282498    0.107246
-0.070311    -0.582626    0.081414
-0.033181    -0.162137    0.111214
-0.00611    -0.146669    0.112583
-0.010431    -0.11141    0.101318
0.021837    -0.066941    0.08509
0.038548    -0.039721    0.068585
0.04053    0.026823    0.044499
0.046167    0.043051    0.032265
0.038279    0.195965    0.014448
0.056091    0.034459    0.01675
0.046067    0.285367    -0.006824
0.041887    0.21949    -0.011483
0.042899    0.128622    -0.010963
0.061565    0.01559    -0.011531
0.071951    -0.029819    -0.022867
0.079129    -0.053962    -0.024556
0.087727    -0.093289    -0.040016
0.109957    -0.172017    -0.039451
0.111632    -0.182113    -0.038713
0.107509    -0.357539    -0.051657
0.108048    -0.428406    -0.049825
0.108032    -0.285633    -0.050932
0.106011    -0.312998    -0.055605
0.109665    -0.22929    -0.047412
0.108337    -0.423916    -0.049159
0.104071    -0.498386    -0.058902
0.106688    -0.391094    -0.053386
0.105924    -0.491116    -0.054482
0.112344    -0.237117    -0.040886
-0.078874    -0.574458    -0.082757
-0.055783    -0.482714    -0.105411
-0.057693    -0.263139    -0.105301
-0.040663    -0.48676    -0.111662
-0.048343    -0.407159    -0.108728
-0.057158    -0.283872    -0.105458
-0.055495    -0.301591    -0.106092
-0.051643    -0.50382    -0.107061
-0.039161    -0.539488    -0.11212
-0.057941    -0.342932    -0.104951
-0.056215    -0.548851    -0.105027
-0.027685    -0.450363    -0.116208
-0.014258    -0.455302    -0.117961
-0.027078    -0.425891    -0.116358
-0.029686    -0.258929    -0.116497
-0.014991    -0.503771    -0.117725
-0.029291    -0.418337    -0.116089
-0.026524    -0.321347    -0.116733
-0.018007    -0.559054    -0.117168
-0.022188    -0.318821    -0.117311
-0.028193    -0.341119    -0.116456
-0.028271    -0.329116    -0.116481
0.023863    -0.483124    -0.116616
0.016706    -0.45677    -0.117635
0.009882    -0.358325    -0.118818
0.005943    -0.311642    -0.119471
0.003124    -0.266586    -0.119973
0.00927    -0.522007    -0.118426
0.002883    -0.560467    -0.119155
0.006508    -0.372099    -0.119222
0.01282    -0.468378    -0.118113
0.015283    -0.519924    -0.11764
0.044427    -0.40189    -0.110365
0.04642    -0.479368    -0.1093
0.041547    -0.441958    -0.111434
0.034981    -0.476268    -0.114048
0.041775    -0.471454    -0.111248
0.034158    -0.514977    -0.114268
0.0416    -0.434154    -0.111436
0.046659    -0.561589    -0.108946
0.044242    -0.516915    -0.110086
0.039986    -0.472792    -0.111985
0.072983    -0.560604    -0.093379
0.062679    -0.350414    -0.102044
0.066249    -0.397051    -0.099137
0.06069    -0.401639    -0.103385
0.077848    -0.508321    -0.089835
0.062196    -0.339933    -0.102453
0.063374    -0.309013    -0.10166
0.064162    -0.414365    -0.100675
0.063967    -0.343786    -0.10108
0.072956    -0.562033    -0.093394
0.061887    -0.349376    -0.102656
0.102161    -0.26677    -0.06292
0.102434    -0.278255    -0.062511
0.086971    -0.538525    -0.081439
0.101156    -0.562074    -0.06284
0.099918    -0.366048    -0.065376
0.094051    -0.425096    -0.072745
0.098492    -0.541316    -0.066409
0.092637    -0.428417    -0.074571
0.10216    -0.428967    -0.062158
0.092843    -0.555328    -0.073706
-0.062759    -0.565529    -0.100268
-0.101556    -0.581937    -0.038095
-0.087902    -0.585646    -0.054578
-0.080941    -0.592416    0.028036
-0.080406    -0.592143    0.040627
-0.057039    -0.594229    0.002013
-0.036582    -0.595457    0.008467
-0.063753    -0.593064    0.040523
-0.077508    -0.592088    0.047983
-0.033382    -0.290773    0.115286
-0.034152    -0.454128    0.11446
-0.052716    -0.48395    0.106678
-0.048464    -0.557056    0.108213
-0.052024    -0.528835    0.106826
-0.032001    -0.239103    0.116018
-0.050285    -0.461649    0.107755
-0.033496    -0.44193    0.11477
-0.036102    -0.477443    0.11358
-0.038317    -0.370477    0.112994
-0.059113    -0.587176    0.081594
-0.02574    -0.183404    0.115741
0.006697    -0.107611    0.100657
0.008243    -0.121312    0.10461
0.028524    -0.074928    0.08572
0.037681    -0.017186    0.061254
0.060758    0.012028    0.018876
0.041106    0.176199    0.00797
0.051998    0.063049    0.005558
0.059751    0.024134    0.010346
0.040075    0.20693    0.005072
0.042257    0.164674    -0.00325
0.045065    0.102049    -0.006266
0.064738    0.005805    -0.00487
0.070049    -0.018387    -0.018666
0.083115    -0.061498    -0.021709
0.109522    -0.145742    -0.027226
0.103839    -0.125261    -0.023197
0.118712    -0.191562    -0.011004
0.114921    -0.332926    -0.033945
0.115576    -0.389744    -0.031941
0.112002    -0.343143    -0.040916
0.115471    -0.285109    -0.032977
0.111559    -0.353335    -0.041909
0.11383    -0.299613    -0.03683
0.1144    -0.532027    -0.033714
0.107183    -0.539495    -0.05108
0.11357    -0.317683    -0.037322
0.114132    -0.290149    -0.036171
0.114817    -0.493317    -0.032996
-0.037334    -0.573283    -0.108154
0.025981    -0.570566    -0.113026
0.078028    -0.57244    -0.084569
-0.052217    -0.570113    -0.103558
-0.091483    -0.587988    -0.039221
-0.060495    -0.593993    -0.004356
-0.06618    -0.593646    -0.003293
-0.021376    -0.595245    0.034935
-0.039665    -0.593354    0.058628
-0.030943    -0.45431    0.115768
-0.020744    -0.340817    0.117438
-0.012572    -0.253959    0.118765
-0.012908    -0.238296    0.118766
-0.028648    -0.34296    0.116392
-0.008367    -0.292308    0.119207
-0.007712    -0.274164    0.119346
-0.022399    -0.392981    0.11707
-0.02382    -0.447805    0.116724
-0.028388    -0.378416    0.116323
-0.001087    -0.20069    0.12043
-0.02057    -0.569275    0.114334
-0.00623    -0.178087    0.117638
0.021145    -0.098508    0.095993
0.016157    -0.11792    0.102539
0.037354    -0.079755    0.083959
0.045769    -0.035515    0.061795
0.053    -0.004272    0.042243
0.076031    -0.04221    0.022472
0.062714    0.016917    0.000477
0.063721    0.005209    0.013934
0.084578    -0.060574    -0.00803
0.094966    -0.089242    -0.007599
0.114444    -0.162234    -0.015281
0.118082    -0.323535    -0.016235
0.116665    -0.410795    -0.025084
0.116611    -0.306636    -0.02778
0.11763    -0.303749    -0.020106
0.116852    -0.197831    -0.028336
0.116596    -0.226434    -0.029653
0.119531    -0.22111    -0.00748
0.116121    -0.383963    -0.029807
0.117669    -0.235939    -0.021298
0.11566    -0.511745    -0.030498
0.118063    -0.244753    -0.01811
-0.05851    -0.584691    -0.086652
0.020505    -0.577132    -0.110719
0.065639    -0.576638    -0.091656
-0.046639    -0.582599    -0.096966
-0.088711    -0.591953    -0.028426
-0.081923    -0.592052    -0.040718
-0.069266    -0.592264    -0.054138
-0.020607    -0.596099    -0.017846
-0.039434    -0.59264    0.072385
-0.028075    -0.593696    0.058991
-9.5e-05    -0.491899    0.11972
-0.004831    -0.562079    0.118894
-0.01595    -0.432883    0.117803
-0.008681    -0.446412    0.118721
-0.022419    -0.498809    0.116761
-0.00088    -0.248918    0.120318
-0.001056    -0.35806    0.11998
-0.019892    -0.493771    0.117108
-0.004289    -0.350034    0.119578
-0.003063    -0.342872    0.11976
-0.010976    -0.459235    0.118382
-0.008776    -0.579711    0.111073
0.020059    -0.16362    0.113989
0.038312    -0.094467    0.088817
0.052035    -0.059351    0.06653
0.051141    -0.01301    0.048857
0.076444    -0.049957    0.027386
0.074401    -0.031376    0.014667
0.090373    -0.074488    0.00269
0.112887    -0.145484    0.00107
0.095211    -0.092153    0.012449
0.1146    -0.165834    0.017543
0.119755    -0.320631    -0.003592
0.119487    -0.454987    -0.002675
0.119129    -0.361221    -0.007452
0.11826    -0.469544    -0.011682
0.119447    -0.468288    -0.002688
0.117249    -0.496295    -0.018773
0.119426    -0.445293    -0.003353
0.119958    -0.269025    -0.003183
0.119566    -0.497604    -0.001143
0.119339    -0.474835    -0.003367
0.112759    -0.567546    -0.03307
-0.01392    -0.596118    -0.023243
-0.035059    -0.594658    -0.036141
-0.021343    -0.581218    -0.107594
0.040662    -0.583746    -0.09762
0.086387    -0.581103    -0.0675
-0.004494    -0.592245    0.088386
-0.009475    -0.594048    0.058944
0.005901    -0.39444    0.119237
0.003255    -0.516666    0.119233
0.000591    -0.248788    0.120357
0.014973    -0.294542    0.118332
0.000812    -0.526936    0.119525
0.006193    -0.463419    0.119
0.002194    -0.511201    0.119388
0.000809    -0.398986    0.119895
0.001672    -0.331097    0.119977
0.015339    -0.376044    0.118048
0.006592    -0.235069    0.119607
-0.001238    -0.58028    0.111628
0.007327    -0.192287    0.119287
0.030656    -0.190052    0.115934
0.045214    -0.097551    0.086962
0.059473    -0.083444    0.071843
0.07616    -0.076645    0.049792
0.074584    -0.051679    0.033364
0.089423    -0.07647    0.01542
0.100525    -0.114729    0.0241
0.108594    -0.138866    0.018424
0.11804    -0.190332    0.014925
0.118064    -0.305784    0.016765
0.118373    -0.307265    0.014386
0.11965    -0.396973    0.002712
0.120204    -0.262102    0.001469
0.118835    -0.42398    0.008314
0.119183    -0.441801    0.005276
0.118207    -0.299604    0.015814
0.119719    -0.218411    0.006106
0.11926    -0.279442    0.008259
0.118766    -0.377696    0.009854
0.116264    -0.566841    -0.014438
-0.040698    -0.591921    -0.084168
-0.030446    -0.593778    -0.056613
-0.000796    -0.581405    -0.110021
0.045856    -0.591072    -0.083837
0.073    -0.591268    -0.060455
0.001303    -0.593806    0.06388
0.007717    -0.59426    0.055792
0.02284    -0.339094    0.117168
0.025612    -0.474695    0.116411
0.020859    -0.515685    0.116918
0.030245    -0.478123    0.115791
0.02406    -0.508541    0.116517
0.011329    -0.518146    0.118166
0.02064    -0.458845    0.117111
0.02838    -0.256027    0.116678
0.027366    -0.557275    0.115941
0.027402    -0.552227    0.115951
0.029692    -0.490321    0.115828
0.028675    -0.572454    0.1118
0.033412    -0.182255    0.113847
0.062531    -0.114023    0.081341
0.07846    -0.082437    0.050248
0.08492    -0.083903    0.038965
0.088902    -0.08755    0.032668
0.092831    -0.098211    0.031563
0.109759    -0.170251    0.039351
0.116156    -0.392445    0.029355
0.116616    -0.346901    0.026855
0.117271    -0.46287    0.019337
0.117701    -0.560331    0.01393
0.117664    -0.434058    0.016984
0.116648    -0.272608    0.028243
0.116416    -0.528035    0.024398
0.116932    -0.519635    0.020668
0.118435    -0.47729    0.010178
0.116389    -0.239864    0.030933
0.115743    -0.570257    -0.006429
-0.014118    -0.594208    -0.055781
-0.00046    -0.594855    -0.047252
0.005316    -0.594861    -0.046514
0.004915    -0.59262    -0.082336
0.022075    -0.592013    -0.089767
0.031189    -0.593013    -0.069409
0.019195    -0.59408    -0.056092
0.056874    -0.592349    -0.065482
0.014899    -0.59628    -0.019244
0.068717    -0.592242    -0.055444
0.065573    -0.592601    -0.050191
0.023939    -0.596256    -0.006795
0.082162    -0.592394    -0.026007
0.01964    -0.593875    0.059418
0.024249    -0.592115    0.087659
0.042403    -0.39759    0.111217
0.033346    -0.384213    0.11501
0.037748    -0.39769    0.113145
0.0511    -0.283511    0.107968
0.047361    -0.227769    0.10969
0.041285    -0.42475    0.111596
0.033668    -0.456143    0.114654
0.04748    -0.24713    0.109581
0.049599    -0.270771    0.10863
0.053657    -0.243515    0.107033
0.038479    -0.212458    0.113417
0.038602    -0.572397    0.108067
0.057399    -0.185736    0.104382
0.069373    -0.113844    0.076024
0.075135    -0.138774    0.081053
0.08131    -0.087101    0.049271
0.097734    -0.127804    0.042984
0.092888    -0.111697    0.042024
0.10308    -0.179092    0.05837
0.111772    -0.362721    0.041325
0.11052    -0.435036    0.043805
0.108295    -0.479105    0.048848
0.114291    -0.51319    0.034117
0.111987    -0.346219    0.040931
0.108928    -0.46603    0.047417
0.115525    -0.406189    0.03194
0.110548    -0.495048    0.043288
0.114462    -0.322364    0.035134
0.112087    -0.35275    0.04064
0.113452    -0.556619    0.035817
0.111033    -0.580296    -0.005568
0.036815    -0.595484    -0.003431
0.085954    -0.592319    -0.013964
0.04537    -0.593429    0.052755
0.022482    -0.595588    0.027236
0.027255    -0.590919    0.091785
0.036804    -0.54751    0.113072
0.052332    -0.324465    0.107331
0.04228    -0.543571    0.110816
0.056934    -0.410789    0.105157
0.057271    -0.391474    0.105078
0.053122    -0.299881    0.10708
0.052176    -0.537927    0.106735
0.035409    -0.509259    0.113768
0.041438    -0.434561    0.111502
0.043485    -0.418845    0.110703
0.045994    -0.574353    0.104037
0.065384    -0.167839    0.096246
0.095097    -0.14397    0.059399
0.082088    -0.150639    0.079648
0.09583    -0.179026    0.068229
0.109244    -0.201811    0.048633
0.107347    -0.419718    0.051581
0.111387    -0.332252    0.042482
0.105232    -0.43431    0.056577
0.108044    -0.286641    0.050896
0.104004    -0.407996    0.059739
0.107969    -0.426658    0.050028
0.107626    -0.413798    0.050953
0.110785    -0.272414    0.044385
0.112378    -0.205431    0.04104
0.10133    -0.569739    0.058041
0.107011    -0.582438    0.012047
0.07755    -0.592842    0.014364
0.016477    -0.59677    0.001895
0.073223    -0.592061    0.054271
0.056817    -0.593042    0.05014
0.048422    -0.582121    0.096985
0.066657    -0.437969    0.098675
0.06477    -0.435199    0.100133
0.071404    -0.231605    0.095777
0.063049    -0.272386    0.102041
0.069356    -0.215679    0.097406
0.073466    -0.215097    0.094255
0.063322    -0.354319    0.101536
0.061699    -0.396553    0.102629
0.071201    -0.28974    0.095724
0.068002    -0.278583    0.098219
0.075733    -0.239138    0.092429
0.077736    -0.174784    0.087865
0.087864    -0.168694    0.076485
0.097994    -0.499347    0.067256
0.09835    -0.37144    0.067395
0.098761    -0.344519    0.066986
0.100048    -0.38496    0.065119
0.094113    -0.460422    0.072497
0.089635    -0.544146    0.07794
0.09731    -0.367244    0.068769
0.102777    -0.423071    0.061382
0.089392    -0.507579    0.078429
0.102308    -0.28955    0.062622
0.096338    -0.470776    0.069548
0.09586    -0.576183    0.060502
0.050709    -0.594402    0.018864
0.022909    -0.596218    0.010871
0.075884    -0.588327    0.063782
0.084378    -0.255015    0.085738
0.073163    -0.418559    0.093753
0.07719    -0.369863    0.090839
0.060915    -0.551065    0.102674
0.072409    -0.467884    0.094154
0.069272    -0.556323    0.096242
0.084356    -0.490201    0.084906
0.078866    -0.479815    0.089156
0.080935    -0.305595    0.088197
0.075288    -0.518616    0.091762
0.063338    -0.542199    0.100846
0.091013    -0.403097    0.076807
0.08822    -0.319224    0.080842
0.090627    -0.38995    0.077373
0.089098    -0.311395    0.079734
0.089885    -0.250166    0.078997
0.09302    -0.351501    0.074434
0.094238    -0.348426    0.072861
0.090161    -0.378392    0.078034
0.095997    -0.211128    0.071216
0.097551    -0.226597    0.069117
0.085269    -0.223613    0.085137
0.093183    -0.589542    0.029161
0.083788    -0.581392    0.070191
