-0.001035    -0.472792    -0.069116
0.001342    -0.472933    -0.069911
-0.04338    -0.471647    -0.07534
-0.029565    -0.47216    -0.077772
0.010317    -0.463284    -0.039502
-0.012257    -0.468492    -0.099394
0.03222    -0.472996    -0.062269
-0.046802    -0.472707    -0.049997
-0.047249    -0.465097    -0.095555
0.046106    -0.470459    -0.081829
-0.058654    -0.472495    -0.056922
-0.018225    -0.456457    -0.108793
-0.033986    -0.457657    -0.1047
-0.066388    -0.446552    -0.093257
0.031267    -0.471202    -0.050767
-0.018118    -0.457378    -0.024679
-0.084344    -0.455808    -0.071618
-0.006788    -0.452103    -0.112142
0.002564    -0.440126    -0.117773
-0.052547    -0.424704    -0.111993
0.034591    -0.459254    -0.103724
-0.078099    -0.451143    -0.081841
0.047163    -0.472565    -0.065615
0.059149    -0.45753    -0.093
-0.064493    -0.472939    -0.025975
-0.088539    -0.440415    -0.07677
-0.102753    -0.443946    -0.053735
-0.004217    -0.419687    -0.125407
0.019774    -0.426015    -0.121484
-0.039624    -0.404856    -0.122597
0.058366    -0.439127    -0.103026
-0.082214    -0.423029    -0.093321
0.069435    -0.47013    -0.065881
0.0826    -0.434066    -0.087427
-0.054194    -0.470941    -0.020153
-0.10693    -0.446582    -0.040758
-0.109823    -0.405017    -0.067778
-0.119453    -0.40666    -0.046087
0.024672    -0.420552    -0.122505
-0.050494    -0.409732    -0.116833
0.035422    -0.420402    -0.120316
-0.092329    -0.393533    -0.094444
0.0883    -0.462421    -0.0619
0.066385    -0.391854    -0.114858
-0.029411    -0.458865    -0.015493
-0.104215    -0.466174    -0.008167
-0.108353    -0.455449    -0.024799
-0.123456    -0.392485    -0.045276
-0.127091    -0.401325    -0.025042
-0.004172    -0.383443    -0.132361
0.027271    -0.402593    -0.126492
-0.052022    -0.390733    -0.120873
0.057082    -0.403932    -0.115605
-0.069577    -0.362352    -0.113411
-0.068629    -0.348731    -0.114592
0.09132    -0.466266    -0.051881
0.09108    -0.42512    -0.084011
-0.012365    -0.456992    -0.014846
-0.095244    -0.469983    -0.012548
-0.120077    -0.434151    -0.004287
-0.122685    -0.420182    -0.023984
-0.115577    -0.35281    -0.067168
-0.127767    -0.37409    -0.036527
-0.131614    -0.375775    -0.011391
-0.020184    -0.361167    -0.130846
-0.016126    -0.347169    -0.131754
0.005878    -0.363286    -0.132673
-0.065978    -0.368594    -0.115726
0.038335    -0.3593    -0.127441
-0.087603    -0.359395    -0.099677
-0.088216    -0.353618    -0.099399
0.099259    -0.448827    -0.056815
0.093103    -0.41209    -0.086792
0.086107    -0.383956    -0.100006
0.023847    -0.456992    -0.014333
-0.075595    -0.473348    0.009028
-0.120973    -0.427483    0.018935
-0.129255    -0.403588    0.004456
-0.095454    -0.344326    -0.09376
-0.116979    -0.383227    -0.06194
-0.130281    -0.370534    -0.022578
-0.130128    -0.343887    -0.029136
-0.131847    -0.342747    0.016314
-0.007394    -0.338479    -0.132102
0.015549    -0.35878    -0.13152
-0.063813    -0.33804    -0.116205
-0.051259    -0.313742    -0.111988
0.056899    -0.347104    -0.120101
-0.079219    -0.316803    -0.095733
0.091505    -0.470666    -0.009958
0.108981    -0.433011    -0.050701
0.1034    -0.406272    -0.075657
0.091697    -0.381892    -0.095786
0.030502    -0.457673    -0.006612
-0.09743    -0.469667    0.010289
-0.106099    -0.464819    0.011772
-0.125647    -0.409609    0.02084
-0.129724    -0.361682    0.028602
-0.10241    -0.329089    -0.077744
-0.123596    -0.338149    -0.046072
-0.122971    -0.315585    -0.013943
-0.122749    -0.310827    -0.002576
-0.127283    -0.329741    0.020024
-0.020491    -0.31735    -0.122747
1.8e-05    -0.304053    -0.120639
0.031649    -0.311778    -0.119265
-0.036901    -0.333962    -0.125772
-0.079862    -0.302807    -0.088923
0.056238    -0.304677    -0.106412
-0.098808    -0.296873    -0.06349
-0.094747    -0.306296    -0.074325
0.11288    -0.418375    -0.05464
0.115364    -0.437162    -0.030393
0.10279    -0.383109    -0.082517
0.083844    -0.318751    -0.093064
0.039954    -0.462962    -0.002741
-0.075822    -0.472564    0.028017
-0.108063    -0.429467    0.056805
-0.118806    -0.408358    0.046588
-0.126126    -0.351096    0.042076
-0.115069    -0.329291    -0.05837
-0.115866    -0.3015    -0.029279
-0.124401    -0.31584    0.003779
-0.111767    -0.297364    0.036468
-0.00559    -0.292479    -0.116439
0.038643    -0.306251    -0.114311
-0.057155    -0.282757    -0.100163
0.078198    -0.307115    -0.092144
0.051448    -0.469892    0.004638
0.122681    -0.40619    -0.038588
0.115871    -0.441911    -0.011261
0.104346    -0.342712    -0.082243
0.091137    -0.308269    -0.080189
0.104174    -0.333596    -0.078096
-0.011878    -0.456992    0.012287
-0.104258    -0.450199    0.043237
-0.116327    -0.415018    0.048415
-0.1179    -0.3831    0.059726
-0.108968    -0.310891    0.055883
-0.110857    -0.290551    -0.035027
-0.11466    -0.288642    0.013773
-0.011306    -0.27818    -0.113073
0.040034    -0.292814    -0.109227
-0.062127    -0.290507    -0.098309
-0.099849    -0.279994    -0.056603
0.095478    -0.470078    0.006435
0.121794    -0.389725    -0.049868
0.122597    -0.421255    -0.022684
0.110985    -0.452725    0.01358
0.091389    -0.29941    -0.07465
0.024609    -0.456992    0.008811
-0.091937    -0.443077    0.070506
-0.101363    -0.404474    0.079017
-0.105159    -0.353727    0.080705
-0.097181    -0.304608    0.070159
-0.113982    -0.291218    -0.022503
-0.112517    -0.290228    0.030867
0.011645    -0.273652    -0.112957
-0.031446    -0.273474    -0.109837
0.099347    -0.296298    -0.062499
0.088309    -0.470645    0.027583
0.128125    -0.346297    -0.037582
0.131421    -0.395165    -0.003425
0.114502    -0.442157    0.020871
0.112882    -0.317159    -0.052297
-0.034099    -0.465791    0.02901
-0.077454    -0.466106    0.070743
-0.08877    -0.4381    0.078067
-0.098192    -0.357954    0.089601
-0.104668    -0.388234    0.079846
-0.090285    -0.314524    0.084978
-0.110857    -0.271579    0.027592
-0.023466    -0.271398    -0.1114
0.059227    -0.272362    -0.097629
-0.098349    -0.264422    -0.058289
-0.110635    -0.277365    -0.029275
0.082454    -0.471182    0.033408
0.131502    -0.375702    -0.012255
0.131533    -0.394918    0.003028
0.111147    -0.44214    0.035454
0.112733    -0.299705    -0.036326
0.023964    -0.458276    0.021523
-0.073866    -0.445448    0.088104
-0.072477    -0.400068    0.107709
-0.090646    -0.355147    0.097483
-0.092464    -0.341133    0.096551
-0.074633    -0.29409    0.089531
-0.092288    -0.268503    0.066188
0.032321    -0.257191    -0.110565
-0.036463    -0.256908    -0.108892
0.107009    -0.288814    -0.043496
0.079415    -0.468926    0.059701
0.132984    -0.377599    -0.000614
0.124057    -0.410776    0.030784
0.100332    -0.453209    0.049416
0.120729    -0.315785    -0.031522
-0.025337    -0.464935    0.035109
-0.071292    -0.465426    0.078604
-0.058924    -0.441509    0.101655
-0.073614    -0.362263    0.110316
-0.071905    -0.358496    0.111753
-0.068616    -0.320972    0.105751
-0.101276    -0.260353    0.053578
0.014952    -0.254536    -0.113915
-0.048496    -0.259795    -0.103466
-0.113253    -0.254393    -0.020127
0.052503    -0.472577    0.042287
0.13268    -0.368575    0.004755
0.132091    -0.370605    0.008819
0.098869    -0.436233    0.066194
0.119495    -0.306863    -0.01642
-0.012085    -0.458104    0.029443
-0.051232    -0.43724    0.106839
-0.052707    -0.40558    0.116991
-0.059053    -0.355786    0.11896
-0.055268    -0.360426    0.120396
-0.05712    -0.325268    0.114027
-0.086562    -0.255717    0.075647
-0.001163    -0.221372    -0.119977
-0.01315    -0.243343    -0.115597
-0.018522    -0.248286    -0.114259
0.011826    -0.208758    -0.120181
0.00061    -0.181507    -0.125133
0.043485    -0.227336    -0.110087
0.052161    -0.229387    -0.106213
0.041808    -0.188741    -0.116064
0.070653    -0.215597    -0.096832
0.066483    -0.20832    -0.101192
0.076096    -0.223806    -0.091347
-0.034611    -0.209849    -0.116157
-0.031765    -0.202825    -0.118297
-0.062989    -0.194561    -0.106066
-0.061656    -0.224191    -0.102366
-0.066419    -0.248172    -0.094889
-0.09896    -0.24674    -0.061412
-0.101007    -0.230287    -0.062161
-0.113786    -0.236565    -0.031504
-0.109142    -0.248775    -0.038683
-0.120481    -0.21399    -0.004491
-0.122957    -0.197453    -0.001702
-0.120681    -0.193186    0.023121
-0.117431    -0.228568    0.013529
0.038114    -0.471362    0.046705
0.130378    -0.351699    0.025654
0.122771    -0.395018    0.045347
0.083868    -0.442219    0.081614
0.128786    -0.336563    0.02732
0.127763    -0.325552    0.004891
-0.025335    -0.47122    0.085553
-0.036533    -0.444103    0.109807
-0.058644    -0.421981    0.110289
-0.037367    -0.388898    0.126996
-0.054447    -0.297373    0.104323
-0.111594    -0.215423    0.043782
-0.109377    -0.208254    0.051505
-0.111079    -0.212236    0.046079
-0.089289    -0.203911    0.082911
-0.093636    -0.210127    0.075955
-0.074528    -0.233552    0.090997
-0.06607    -0.228662    0.098266
-0.006919    -0.170287    -0.125734
0.031566    -0.188381    -0.120182
0.021073    -0.206776    -0.119217
0.05043    -0.209831    -0.109606
0.059523    -0.21687    -0.104877
0.052117    -0.214178    -0.108313
0.074838    -0.198362    -0.096368
0.0835    -0.228491    -0.084919
0.106468    -0.265076    -0.039578
-0.074459    -0.19654    -0.096949
-0.055833    -0.191294    -0.109906
-0.043061    -0.1674    -0.118466
-0.087924    -0.217076    -0.081956
-0.090876    -0.170075    -0.087871
-0.09323    -0.165299    -0.085795
-0.106449    -0.221062    -0.054342
-0.115252    -0.168603    -0.050423
-0.1259    -0.170409    -0.005551
-0.123451    -0.175637    -0.01908
-0.127826    -0.159809    0.001186
-0.123054    -0.180559    0.017331
-0.122255    -0.192683    0.011659
-0.118642    -0.199919    0.031891
-0.117381    -0.160219    0.048055
0.040495    -0.472756    0.055203
0.116331    -0.390983    0.06297
0.124404    -0.387833    0.043698
0.082512    -0.430552    0.089355
0.121689    -0.31679    0.026988
0.116714    -0.297375    0.011524
-0.015683    -0.440941    0.1157
-0.029959    -0.40447    0.125685
-0.024406    -0.373373    0.129965
-0.023537    -0.379609    0.129913
-0.018625    -0.322032    0.124684
-0.099708    -0.195435    0.071094
-0.104994    -0.176365    0.068166
-0.080793    -0.18647    0.093694
-0.085564    -0.157121    0.094711
-0.077416    -0.184537    0.096594
-0.056536    -0.205798    0.107629
-0.059799    -0.169948    0.111184
-0.057455    -0.240655    0.102478
-0.043877    -0.248877    0.106977
-0.043642    -0.223827    0.110502
-0.039182    -0.205773    0.114821
-0.031941    -0.152881    -0.124661
-0.012088    -0.167265    -0.125438
-0.017451    -0.149595    -0.126986
0.045793    -0.133567    -0.121966
0.080693    -0.13231    -0.102403
0.092659    -0.226124    -0.073905
0.090392    -0.204825    -0.081283
-0.084535    -0.20028    -0.088622
-0.074321    -0.141894    -0.105765
-0.073175    -0.17282    -0.101715
-0.102066    -0.153308    -0.076771
-0.116775    -0.15265    -0.052017
-0.125034    -0.155473    0.026596
-0.120082    -0.148092    0.04554
0.037643    -0.471762    0.076981
0.073027    -0.458289    0.08195
0.12003    -0.34564    0.057172
0.105396    -0.400317    0.075394
0.076032    -0.422641    0.098181
0.116473    -0.330942    0.056525
-0.005186    -0.467664    0.047583
-0.008787    -0.451117    0.112297
-0.027295    -0.396099    0.128054
-0.002616    -0.350622    0.133441
-0.011721    -0.321782    0.125502
-0.017497    -0.305064    0.118704
-0.091519    -0.151494    0.090893
-0.05692    -0.131004    0.117708
-0.053535    -0.232488    0.105219
-0.030166    -0.230543    0.114989
-0.013258    -0.171658    0.124726
-0.00522    -0.124244    -0.130984
0.094231    -0.142791    -0.089166
0.106802    -0.195259    -0.061884
0.099711    -0.209966    -0.068071
0.109752    -0.256054    -0.034702
-0.041695    -0.13012    -0.124033
-0.091589    -0.153171    -0.090453
-0.129168    -0.136992    -0.013102
-0.125728    -0.133081    0.036869
-0.107694    -0.133961    0.073456
0.032501    -0.470248    0.088818
0.050317    -0.433427    0.108951
0.098971    -0.381444    0.087565
0.073039    -0.401368    0.106887
0.051747    -0.401807    0.118364
0.114266    -0.325677    0.056929
0.004177    -0.462079    0.038272
0.001348    -0.448169    0.114525
0.003492    -0.401462    0.129895
0.018916    -0.371751    0.130731
0.016971    -0.298862    0.116533
0.006353    -0.2918    0.116214
-0.015332    -0.15099    0.127089
-0.012063    -0.220855    0.118608
-0.006255    -0.201793    0.121804
-0.018047    -0.224798    0.117318
0.100279    -0.12568    -0.083762
0.108076    -0.238784    -0.044558
0.106522    -0.215772    -0.055912
0.112811    -0.260244    -0.017164
-0.116191    -0.129561    -0.060627
0.108097    -0.290955    0.041882
0.020673    -0.471849    0.083022
0.042699    -0.445699    0.106528
0.010944    -0.468863    0.098881
0.099854    -0.377559    0.086584
0.070912    -0.373089    0.112029
0.049506    -0.365686    0.122632
0.108106    -0.32127    0.065723
0.105768    -0.328516    0.07303
0.018369    -0.440642    0.115473
0.008013    -0.344876    0.132883
0.033496    -0.374692    0.128733
0.004974    -0.340684    0.133217
-0.075155    -0.122525    0.106883
-0.007802    -0.14545    0.128787
0.085132    -0.121106    -0.098772
0.120444    -0.167431    -0.038276
0.117108    -0.159538    -0.048939
0.118698    -0.159177    -0.045217
-0.079545    -0.124612    -0.103514
-0.130121    -0.124048    0.011793
0.092691    -0.368601    0.095466
0.082865    -0.357029    0.103391
0.056551    -0.35109    0.120131
0.086783    -0.30734    0.085316
0.041432    -0.313572    0.115993
0.031713    -0.293552    0.112818
0.024268    -0.262253    0.11159
0.017363    -0.225918    0.117265
0.013005    -0.221017    0.118464
0.012316    -0.118494    -0.12878
0.120686    -0.141149    -0.046377
0.114367    -0.240911    -0.024849
0.115698    -0.246323    -0.009498
-0.091559    -0.120883    -0.093744
-0.121928    -0.121195    0.045912
0.083153    -0.319128    0.093764
0.06437    -0.340137    0.116787
0.057702    -0.310428    0.108034
0.041111    -0.268916    0.105833
0.025524    -0.163181    0.124192
0.01647    -0.191194    0.121811
-0.009128    -0.111547    -0.128655
0.126923    -0.123477    -0.034718
0.120006    -0.219335    -0.002922
0.117831    -0.238722    -0.00066
0.118218    -0.235726    -0.000623
-0.058037    -0.115127    -0.115313
0.088295    -0.288824    0.074677
0.06541    -0.312415    0.104349
-0.07996    -0.02118    0.100925
-0.090288    -0.014528    0.093001
-0.076197    -0.033709    0.103812
-0.082697    -0.011304    0.098825
-0.080651    -0.06719    0.100395
-0.079207    -0.107018    0.101503
-0.05675    -0.061201    0.115847
-0.060328    -0.014004    0.114365
-0.051392    -0.008132    0.118066
-0.050552    -0.088449    0.118414
-0.064174    0.003424    0.112771
0.072321    -0.276014    0.087582
0.028678    -0.142213    0.126451
-0.025751    -0.083531    -0.126467
-0.005502    0.022154    -0.129133
-0.00988    -0.09408    -0.128556
-0.005079    0.065699    -0.129188
-0.007399    -0.001176    -0.128883
0.031462    -0.105625    -0.125715
0.020706    0.006936    -0.127131
0.026506    0.015696    -0.126367
0.028485    0.043945    -0.126107
0.008274    -0.09542    -0.128768
0.053915    -0.002142    -0.117021
0.062741    -0.006296    -0.113365
0.059414    -0.063202    -0.114743
0.049492    -0.075601    -0.118853
0.049117    -0.079818    -0.119009
0.078194    -0.029482    -0.10228
0.086869    -0.007971    -0.095624
0.074272    -0.066593    -0.10529
0.083396    -0.081506    -0.098289
0.083333    -0.073143    -0.098337
0.10037    -0.114322    -0.080683
0.129762    -0.139373    -0.006282
0.123439    -0.191351    0.00395
0.122261    -0.194355    0.009993
-0.111663    -0.108897    -0.065967
-0.042848    0.001582    -0.121605
-0.046133    -0.042854    -0.120244
-0.044165    -0.046334    -0.12106
-0.046626    -0.00267    -0.12004
-0.047842    -0.106025    -0.119537
-0.078015    -0.058961    -0.102418
-0.068211    0.010171    -0.10994
-0.073639    -0.032166    -0.105775
-0.074437    0.022941    -0.105163
-0.071646    -0.03924    -0.107305
-0.127378    -0.116597    0.01883
-0.064929    -0.116815    0.112458
0.079663    -0.266246    0.081948
0.042591    -0.231313    0.109913
0.039349    -0.199642    0.115591
-0.004153    0.079187    -0.12931
-0.024838    0.022271    -0.126587
-0.031777    -0.004848    -0.125673
-0.02823    0.031602    -0.12614
-0.026209    -0.030912    -0.126406
-0.025368    0.056553    -0.126517
0.012664    -0.026776    -0.12819
0.014011    0.077522    -0.128012
0.0002    -0.003855    -0.129831
0.010487    0.100838    -0.128476
0.02457    0.059493    -0.126622
0.051421    0.052306    -0.118054
0.039578    -0.061455    -0.122959
0.057007    0.077187    -0.11574
0.05455    0.086751    -0.116758
0.048317    0.061385    -0.11934
0.045592    0.07203    -0.120469
0.073613    0.066395    -0.105796
0.086537    0.077598    -0.095879
0.080966    0.074984    -0.100153
0.07721    0.051717    -0.103036
0.069501    -0.035278    -0.10895
0.105522    -0.091182    -0.073969
0.09188    0.015112    -0.091749
0.103837    -0.104474    -0.076166
0.096109    -0.046691    -0.086237
0.108133    -0.097559    -0.070566
0.106925    -0.114379    -0.072141
0.127409    -0.150873    0.013008
0.125098    -0.175224    0.006976
0.121511    -0.188361    0.021496
-0.107699    -0.108966    -0.071132
-0.058408    -0.068699    -0.11516
-0.061881    -0.045055    -0.113721
-0.059544    0.03058    -0.114689
-0.056175    0.088103    -0.116085
-0.053465    0.06061    -0.117207
-0.084872    0.027121    -0.097156
-0.073359    0.084636    -0.10599
-0.073488    0.077445    -0.105891
-0.082814    -0.03565    -0.098736
-0.084248    -0.044575    -0.097635
-0.088445    -0.049933    -0.094415
-0.103866    -0.112453    0.076128
-0.086333    0.084749    0.096036
-0.079034    0.017814    0.101635
-0.078047    0.061543    0.102393
-0.068925    -0.071806    0.109392
-0.066148    -0.086483    0.111523
-0.100883    -0.037966    0.080016
-0.09212    0.060767    0.091436
-0.096014    -0.026029    0.086361
-0.093955    -0.036208    0.089044
-0.094553    -0.088026    0.088265
-0.031806    0.026904    0.12567
-0.009372    -0.078837    0.128623
-0.02228    -0.061665    0.126924
-0.008888    -0.115978    0.128687
-0.023707    -0.089257    0.126736
-0.016477    -0.061356    0.127688
-0.054179    0.055745    0.116911
-0.049104    0.051148    0.119014
-0.04851    0.0688    0.11926
-0.039481    0.033536    0.123
-0.03823    -0.017097    0.123518
0.056521    -0.225739    0.104906
0.037622    -0.140307    0.124427
0.054081    -0.150954    0.116153
0.109566    0.034837    -0.068699
0.105001    0.071754    -0.074648
0.100409    0.064568    -0.080632
0.100575    0.101299    -0.080416
0.103528    0.059066    -0.076567
0.108965    0.076192    -0.069481
0.127006    -0.145913    0.02088
0.103984    -0.253315    0.049635
0.10834    -0.222655    0.049251
-0.109953    -0.097909    -0.068195
-0.109262    0.009634    -0.069095
-0.111217    -0.07105    -0.066547
-0.106301    -0.036845    -0.072955
-0.104616    -0.021894    -0.075151
-0.124723    -0.002532    -0.035324
-0.123619    0.062363    -0.037989
-0.124801    -0.022321    -0.035135
-0.12116    -0.078959    -0.043926
-0.124725    0.065321    -0.035317
-0.12053    0.006813    -0.045445
-0.129685    0.009481    -0.001305
-0.128185    -0.103141    -0.012699
-0.129004    -0.079847    -0.006477
-0.128614    -0.050136    -0.009444
-0.129421    0.02403    -0.003314
-0.126773    0.02232    0.023429
-0.126779    0.014391    0.023382
-0.126951    -0.092538    0.022076
-0.128373    -0.105168    0.011275
-0.128968    -0.071846    0.006757
-0.116132    0.038137    0.056063
-0.113492    -0.079889    0.062436
-0.11823    -0.023473    0.050998
-0.116727    -0.095023    0.054627
-0.11279    -0.024873    0.064132
-0.119514    -0.063724    0.047898
-0.112396    0.039461    0.065011
-0.107915    -0.045331    0.070852
-0.103121    0.075802    0.077099
-0.105831    0.067369    0.073567
-0.106583    0.028923    0.072587
0.058494    -0.131335    0.11701
0.015931    -0.063236    0.127759
0.027416    -0.11549    0.126247
0.010304    -0.0277    0.1285
0.011466    -0.006593    0.128347
0.007803    -0.096075    0.12883
-0.017153    -0.004165    0.127599
0.058739    -0.244957    0.101294
0.063479    -0.195099    0.105604
0.071796    -0.208832    0.097033
0.047867    0.110503    -0.122402
0.117375    -0.035242    -0.05306
0.113231    -0.097672    -0.063065
0.119083    -0.049591    -0.048937
0.116086    -0.053349    -0.056171
0.117596    -0.032621    -0.052526
0.128401    -0.12437    0.02486
0.10676    -0.22476    0.052368
0.113077    -0.166784    0.056276
0.114434    -0.175897    0.049989
-0.11375    0.099617    -0.061814
-0.117793    0.062954    -0.052053
-0.122673    0.085917    -0.040272
-0.124584    0.093295    -0.035658
-0.119658    0.093524    -0.04755
-0.102321    0.025941    -0.078141
-0.09296    -0.061288    -0.090341
-0.10458    0.063431    -0.075198
-0.110272    0.091543    -0.067779
-0.096494    -0.000316    -0.085735
-0.126029    0.033722    -0.029083
-0.128267    0.082594    -0.012079
-0.126001    0.03744    -0.029294
-0.125463    0.047591    -0.033384
-0.127631    0.031293    -0.01691
-0.129536    0.098444    0.002441
-0.128364    -0.033889    0.01134
-0.128087    0.009983    0.01345
-0.1281    0.084773    0.013351
-0.128095    0.059044    0.013382
-0.129731    0.093316    0.000954
-0.124648    0.049713    0.035504
-0.115621    0.09498    0.057297
-0.124803    0.076434    0.03513
-0.124255    0.094551    0.036453
-0.117524    0.089311    0.052702
0.039697    0.055024    0.12291
0.035009    -0.109241    0.124852
0.043978    -0.089328    0.121137
0.039852    -0.034381    0.122846
0.034837    -0.043278    0.124923
0.037883    0.002199    0.123662
-0.00836    -0.007405    0.128756
-0.027155    0.072874    0.126282
-0.00053    -0.003882    0.129787
-0.000153    0.03655    0.129837
-0.003982    -0.069984    0.129333
-0.027327    0.103611    0.126433
0.099142    -0.241279    0.062308
0.094841    -0.249721    0.06616
0.071517    -0.145202    0.107389
0.073674    -0.154543    0.104245
0.075064    0.111413    -0.108445
0.115834    0.079779    -0.056779
0.122357    0.09788    -0.041032
0.124646    -0.075804    -0.035506
0.114757    0.077119    -0.05938
0.118331    0.072617    -0.050751
0.120604    -0.128983    0.049973
-0.119192    0.104529    -0.049991
-0.117962    0.105583    0.053953
0.081351    -0.132267    0.101905
0.032592    0.078082    0.125566
0.02835    0.098462    0.126124
0.016672    0.078307    0.127662
0.033492    0.00486    0.125447
0.031575    -0.008598    0.1257
0.024526    0.078914    0.126628
0.092056    -0.162261    0.087957
0.101476    -0.174776    0.07308
0.003467    0.11671    -0.133457
0.127733    -0.007734    -0.016133
0.129159    -0.106525    -0.005304
0.127233    -0.094747    -0.019928
0.128314    -0.105046    -0.011721
0.126098    0.03501    -0.028547
0.126766    -0.054076    -0.023479
0.103388    -0.144299    0.07692
-0.05183    0.117288    -0.122238
0.093523    -0.128774    0.092568
0.068826    -0.06179    0.109469
0.072599    -0.036095    0.106574
0.069167    -0.074405    0.109207
0.072887    -0.06013    0.106353
0.075587    -0.112361    0.104281
0.085436    -0.08982    0.096724
0.058153    0.038546    0.115265
0.038209    0.090932    0.123527
0.064159    0.041079    0.112778
0.059779    -0.04475    0.114592
0.052628    0.01499    0.117554
-0.02341    0.12975    -0.128331
0.005503    0.126769    -0.131677
0.041845    0.119159    -0.126374
0.128797    0.046188    -0.008049
0.129159    0.09557    -0.0053
0.127305    0.085344    -0.019385
0.129441    -0.011936    -0.003161
0.129775    0.091307    -0.000621
0.128803    0.068726    -0.008008
-0.103422    0.109707    -0.080599
-0.079844    0.116885    0.106083
0.088402    -0.084195    0.094448
-0.018916    0.157005    -0.119887
-0.036193    0.148059    -0.119518
0.003979    0.156718    -0.121949
0.039866    0.131649    -0.123835
0.056655    0.124678    -0.119361
0.080586    0.142301    -0.09719
0.129161    -0.061023    0.005288
0.129582    0.030353    0.002092
0.129494    -0.059705    0.002756
0.12847    -0.102215    0.010536
0.129771    -0.098073    0.000653
0.127445    -0.109395    0.018322
-0.058275    0.123849    -0.118984
-0.115348    0.118525    -0.067769
-0.046823    0.133376    0.120339
-0.088533    0.147053    0.089123
0.078663    0.091965    0.101921
0.085717    -0.01748    0.096508
0.086242    -0.05466    0.096105
0.075568    0.062581    0.104296
0.087404    -0.012226    0.095214
0.074322    0.059638    0.105252
-0.007698    0.176657    -0.113386
-0.046707    0.17601    -0.10371
0.036956    0.165929    -0.112272
0.078309    0.156987    -0.092852
0.092632    0.148728    -0.083056
0.128351    0.046334    0.01144
0.127039    0.048011    0.021404
0.125895    0.001947    0.030095
0.129441    0.089804    0.00316
0.125568    -0.033908    0.032574
0.126334    -0.043009    0.026761
-0.121237    0.115608    0.054246
-0.068214    0.130265    -0.111669
-0.089826    0.140693    -0.090766
-0.042982    0.145083    0.117765
-0.076256    0.157707    0.09413
-0.098405    0.124796    0.088453
0.096033    -0.002929    0.086337
0.105926    0.089598    0.073442
0.104074    0.068021    0.075856
0.101721    0.046964    0.078923
0.094241    0.093479    0.088671
0.101947    0.080666    0.078628
0.099835    -0.054869    0.081381
0.099996    -0.06479    0.081171
0.099403    -0.095329    0.081944
0.10795    0.050911    0.070805
0.105969    -0.076386    0.073386
-0.023101    0.16815    -0.114915
0.011991    0.178427    -0.11208
-0.067914    0.17955    -0.08934
0.034252    0.18175    -0.106292
0.074409    0.182785    -0.082666
0.103431    0.150881    -0.067819
0.122709    -0.04942    0.040183
0.122584    -0.045654    0.040484
0.116495    -0.080837    0.055185
0.124175    -0.093002    0.036643
0.120196    -0.038785    0.04625
0.121343    -0.039439    0.043482
-0.078508    0.162693    -0.09002
-0.107065    0.12773    -0.075583
-0.118821    0.130828    -0.052675
-0.098419    0.157469    -0.070794
-0.015728    0.13414    0.127887
-0.053866    0.180645    0.098664
-0.098323    0.159721    0.069703
0.069727    0.112444    0.113008
0.114954    -0.002442    0.058904
0.12022    0.077752    0.046191
0.116217    0.089011    0.055856
0.116989    -0.024851    0.053992
0.113312    -0.041266    0.062869
-0.017702    0.202502    -0.099696
0.021398    0.200105    -0.100505
-0.033585    0.202649    -0.095491
-0.065806    0.210565    -0.071559
0.029385    0.191879    -0.103479
0.06114    0.229165    -0.062573
0.086494    0.170807    -0.077576
0.108235    0.154723    -0.057709
0.132551    0.112964    -0.006683
-0.125023    0.148617    -0.001027
-0.127525    0.130138    0.028553
-0.10883    0.149801    0.060501
-0.115323    0.127443    -0.064028
-0.120228    0.158574    -0.012377
-0.09686    0.178423    -0.058882
-0.017976    0.156627    0.120136
-0.063341    0.165572    0.100153
-0.095454    0.160829    0.072695
0.119274    0.10436    0.049631
0.030505    0.135235    0.125579
-0.017456    0.232318    -0.08361
0.033865    0.218323    -0.086282
-0.027419    0.224534    -0.085349
-0.053222    0.211548    -0.080552
-0.063696    0.231375    -0.057731
0.076165    0.212921    -0.05773
0.089032    0.178071    -0.069322
0.113943    0.158746    -0.040474
-0.12819    0.135558    0.009856
-0.126867    0.127018    0.036522
-0.075691    0.219399    -0.052643
-0.112615    0.166808    -0.035175
-0.116965    0.16432    -0.0197
7.4e-05    0.133992    0.129997
-0.023822    0.165092    0.116099
-0.039469    0.206481    0.090831
-0.065964    0.192773    0.083459
-0.085086    0.188991    0.067027
0.046136    0.139982    0.118273
-0.000437    0.236582    -0.083789
0.037896    0.253319    -0.066474
-0.031542    0.255481    -0.068097
-0.064531    0.241523    -0.048958
0.074681    0.21593    -0.057014
0.104503    0.175518    -0.045324
0.125414    0.137222    -0.026749
-0.115914    0.169901    0.009955
-0.107725    0.171845    0.041526
-0.111462    0.178074    -0.017814
-0.116799    0.168517    0.007632
-0.103134    0.190878    -0.03162
-0.001591    0.189305    0.108901
-0.028792    0.229183    0.082083
-0.051798    0.214321    0.07977
-0.080812    0.200837    0.062313
0.059745    0.146652    0.110263
0.046004    0.160237    0.111078
-0.012593    0.251232    -0.07582
-0.039089    0.26719    -0.058161
-0.071513    0.241379    -0.039177
0.059387    0.239663    -0.056979
0.085178    0.21542    -0.040596
0.119723    0.155238    -0.024613
-0.103226    0.183417    0.03985
-0.080118    0.237084    -0.02324
-0.105439    0.191285    -0.020142
-0.093734    0.214507    0.013693
0.004173    0.18883    0.10876
0.043269    0.18063    0.10306
-0.011863    0.212665    0.09497
-0.049644    0.239802    0.064939
-0.070222    0.224756    0.055055
0.073194    0.147818    0.100576
0.060041    0.183526    0.093303
-0.015565    0.273684    -0.06567
0.023076    0.251766    -0.073337
0.041073    0.248145    -0.066985
0.055903    0.259193    -0.047694
0.087976    0.220821    -0.026276
0.131991    0.119698    0.014595
0.129256    0.134442    0.00457
-0.093472    0.191738    0.053743
-0.095962    0.212851    0.003572
-0.092051    0.208583    0.033581
0.021182    0.229051    0.084885
0.037781    0.212448    0.088069
-0.001517    0.220074    0.092327
-0.044442    0.259428    0.05827
-0.061957    0.247597    0.048013
0.074354    0.136607    0.104331
0.078301    0.170004    0.086358
0.071165    0.197202    0.076475
0.01585    0.283225    -0.062407
0.037956    0.282281    -0.051752
-0.048229    0.295807    -0.037333
0.067145    0.253689    -0.03586
0.107002    0.190839    -0.010103
0.111163    0.184088    -0.000986
0.126132    0.134504    0.02814
-0.074579    0.239798    0.033555
0.001555    0.218377    0.09324
0.024933    0.233354    0.081262
0.045978    0.22625    0.076177
-0.02781    0.267064    0.06424
-0.059737    0.258719    0.043032
0.123673    0.128812    0.042693
0.107263    0.144682    0.066173
0.093619    0.134897    0.089237
0.063854    0.229364    0.059297
-0.021901    0.28531    -0.059609
-0.008692    0.31351    -0.056181
0.042604    0.309023    -0.039568
-0.052023    0.311754    -0.023998
-0.059894    0.298682    -0.007149
0.090397    0.223506    -0.002089
0.115235    0.169448    0.016555
-0.064675    0.261037    0.033546
0.025851    0.238883    0.078197
-0.00345    0.270257    0.068754
-0.043856    0.291373    0.044535
0.113844    0.139921    0.056881
0.091737    0.175262    0.06771
0.076984    0.195192    0.072271
-0.017224    0.282498    -0.062261
0.04862    0.311617    -0.030729
-0.057909    0.304542    -0.011691
0.077914    0.245807    -0.014603
0.100668    0.204369    0.002658
-0.062588    0.28325    0.014434
0.025599    0.243635    0.076085
-0.013127    0.294378    0.060126
-0.036631    0.312786    0.043745
0.106972    0.164688    0.051096
0.103896    0.16631    0.056764
0.068285    0.251799    0.035234
-0.014184    0.327509    -0.053271
-0.043398    0.329933    -0.032657
0.073967    0.255959    -0.011067
0.085355    0.231705    0.006715
-0.057252    0.284518    0.028077
0.030792    0.270925    0.061204
0.054751    0.2701    0.041473
-0.016953    0.292691    0.059784
0.096269    0.195222    0.042111
0.071709    0.252061    0.026676
0.036918    0.332246    -0.040037
-0.036966    0.331875    -0.04
-0.052099    0.326947    0.01729
0.024249    0.288755    0.057761
0.049988    0.308237    0.030249
0.00297    0.310626    0.057617
-0.043538    0.315202    0.036032
0.002372    0.336722    -0.054393
0.051154    0.31963    -0.02238
-0.041866    0.34209    -0.034535
-0.050448    0.337493    0.019939
0.033511    0.308589    0.047381
0.054907    0.300992    0.023637
-0.029096    0.330514    0.046039
0.032361    0.349926    -0.045485
-0.042397    0.351648    -0.044525
-0.045781    0.33965    0.029432
0.051645    0.317443    0.022037
-0.023679    0.339331    0.048898
0.047716    0.352541    -0.042792
-0.030822    0.351025    -0.050969
-0.048636    0.350496    0.031163
0.002923    0.336964    0.05432
0.043249    0.354851    -0.051198
-0.064632    0.356545    -0.018904
0.050701    0.337377    0.019326
-0.033946    0.352215    0.053226
-0.026482    0.359473    -0.061493
0.043135    0.347136    0.032881
-0.002787    0.350148    0.056596
0.046422    0.360798    -0.04337
-0.043423    0.361617    -0.042011
0.045478    0.349878    0.032126
-0.001942    0.354033    0.067268
0.060352    0.360178    -0.025879
-0.058286    0.361126    0.021167
0.011756    0.355001    0.065976
-0.021682    0.364298    -0.049481
0.042591    0.355972    0.051703
-0.024499    0.364433    -0.048314
0.041748    0.360797    0.047675
-0.025078    0.367904    -0.048689
0.054204    0.361487    0.027327
0.04548    0.367904    -0.040375
-0.061471    0.367904    0.006831
0.006819    0.367904    -0.057693
-0.014805    0.367904    0.052654
0.033408    0.367904    0.047148
0.041165    0.373707    -0.049749
0.02805    0.392093    -0.056365
0.048226    0.395503    -0.039803
0.060678    0.382591    -0.019959
-0.037021    0.37418    -0.052872
-0.023093    0.387991    -0.058833
-0.05075    0.420227    -0.032716
-0.059291    0.378884    -0.024212
-0.062023    0.398924    -0.005192
-0.062362    0.381286    0.015249
-0.056402    0.390809    0.028275
-0.050625    0.378239    0.039326
-0.041661    0.386805    0.047825
0.014044    0.414372    -0.059401
0.034305    0.439353    -0.047278
0.024961    0.427697    -0.054042
0.05073    0.399657    -0.035901
0.059225    0.406822    -0.017547
0.05778    0.4314    -0.014162
-0.031417    0.443709    -0.048981
-0.046484    0.375088    -0.045207
-0.015721    0.424175    -0.058226
-0.058786    0.435291    -0.003735
-0.058555    0.435387    0.005423
-0.056095    0.423274    0.021087
-0.047999    0.44711    0.032173
-0.037292    0.438395    0.045099
-0.021023    0.394129    0.05907
-0.003381    0.42516    -0.059788
0.003297    0.443417    -0.058078
0.024498    0.448493    -0.040367
0.037987    0.448177    -0.03534
0.056612    0.447361    -0.011607
-0.020048    0.448997    -0.03433
-0.007255    0.451049    -0.005157
-0.014513    0.416696    -0.059121
-0.048384    0.448068    -0.022413
-0.042221    0.448763    0.008137
-0.019411    0.450293    0.00576
-0.026923    0.448631    0.035926
-0.018611    0.415599    0.057897
0.006623    0.447794    -0.056979
0.061722    0.392817    0.011851
-0.012573    0.447911    -0.054432
-0.009086    0.449908    0.024238
0.036962    0.377916    0.052478
0.050996    0.420101    0.032415
0.056245    0.434348    0.01802
-0.000102    0.369222    0.065015
0.049401    0.448313    0.004958
0.060424    0.406207    0.012122
-0.001265    0.450613    0.015351
0.046908    0.404515    0.040137
0.017465    0.403747    0.05957
0.053985    0.424559    0.025866
0.006015    0.3812    0.063586
-0.004319    0.409662    0.061126
0.051649    0.447807    0.024656
0.018946    0.449721    0.021596
0.003431    0.451077    0.007749
0.002125    0.42425    0.060039
-0.018205    -0.456992    -0.00868
0.009106    -0.456992    0.01495
