0.004169    0.223904    -0.145231
0.056905    0.214633    -0.13287
-0.019609    0.230057    -0.143198
0.003048    0.199393    -0.13956
0.04745    0.187864    -0.112261
0.007343    0.238279    -0.134805
0.023289    0.175655    -0.101819
-0.008973    0.19712    -0.135422
0.081004    0.227312    -0.120023
0.033452    0.178218    -0.102763
-0.044273    0.237254    -0.138102
-0.028998    0.183279    -0.112332
0.102956    0.211001    -0.103179
0.075104    0.189223    -0.098499
-0.02284    0.256883    -0.130298
-0.004983    0.241843    -0.132649
0.006875    0.273434    -0.1324
-0.057145    0.217339    -0.132771
0.031718    0.150425    -0.096713
-0.039381    0.18496    -0.110998
0.123804    0.23794    -0.076076
0.089535    0.190701    -0.090155
0.046447    0.252326    -0.123815
-0.05304    0.238279    -0.124158
-0.00844    0.289728    -0.132194
-0.03552    0.29258    -0.128341
0.024606    0.267713    -0.130066
0.028425    0.316997    -0.129563
-0.053056    0.178838    -0.095626
-0.025044    0.158193    -0.099068
0.088464    0.238279    -0.10553
0.105629    0.192521    -0.073748
0.054411    0.269618    -0.120517
-0.071953    0.238279    -0.119707
-0.054992    0.241682    -0.120276
-0.102596    0.210263    -0.103455
-0.086999    0.195949    -0.101792
-0.029262    0.150359    -0.097731
0.071369    0.300128    -0.111828
0.067737    0.292107    -0.114614
0.083682    0.177781    -0.066877
-0.071763    0.300925    -0.111524
-0.078367    0.291699    -0.106457
-0.118262    0.207947    -0.083298
0.045635    -0.00193    -0.189447
0.018376    0.008618    -0.193036
0.040053    -0.098327    -0.190182
0.019023    0.010177    -0.192951
0.038726    0.005242    -0.190357
0.069645    0.001916    -0.180901
0.07279    0.032597    -0.179598
0.091288    -0.038533    -0.171936
0.093725    -0.098434    -0.170927
-0.07919    0.183392    -0.084596
0.138847    0.216928    -0.042475
0.097624    0.238562    -0.089879
0.092309    0.285945    -0.095759
0.079948    0.310272    -0.105244
0.110097    0.18935    -0.058361
0.027057    0.318659    -0.122568
0.135602    -0.091326    -0.140206
0.130307    0.006611    -0.144269
0.128475    -0.084605    -0.145675
0.125788    -0.026422    -0.147737
0.149478    -0.045533    -0.123518
0.148666    0.013619    -0.124577
0.163375    0.034152    -0.105408
0.139398    -0.090565    -0.136655
-0.108391    0.238279    -0.092906
-0.076308    0.266169    -0.108038
-0.025044    0.313629    -0.116845
-0.110893    0.19748    -0.078823
0.011352    -0.118948    -0.19396
0.019391    -0.044487    -0.192902
0.024295    -0.07069    -0.192256
0.002302    0.022131    -0.195152
0.042227    -0.118574    -0.189896
0.057152    -0.053538    -0.186076
0.062807    -0.01951    -0.183733
0.056381    -0.025191    -0.186395
0.06197    -0.067566    -0.18408
-0.00191    0.033251    -0.195204
-0.031475    -0.003849    -0.191311
-0.029847    -0.022667    -0.191526
-0.01484    0.036634    -0.193501
-7.7e-05    -0.128732    -0.195445
0.10539    -0.127035    -0.163389
0.099029    -0.058377    -0.16827
0.124359    -0.104191    -0.148833
0.1079    -0.026318    -0.161463
0.142244    0.23474    -0.026859
0.09612    0.280013    -0.091838
0.0972    0.290555    -0.090431
0.116132    0.274974    -0.064997
0.088732    0.150514    -0.050988
0.0585    0.318261    -0.104697
0.16635    -0.112805    -0.101532
0.166467    -0.033615    -0.101378
0.145369    -0.104748    -0.128874
0.166392    -0.021856    -0.101476
-0.094894    0.254827    -0.093436
-0.102924    0.258766    -0.082972
-0.128885    0.222589    -0.066525
-0.09824    0.187266    -0.070732
-0.041009    -0.029779    -0.190056
-0.028207    -0.040909    -0.191741
-0.050097    -0.133655    -0.188859
-0.040584    -0.054056    -0.190112
-0.062592    0.158805    -0.079896
0.11748    0.238864    -0.061742
0.122465    0.261649    -0.049707
0.085092    0.318659    -0.095172
0.122116    0.189023    -0.019156
0.177923    -0.014517    -0.076835
0.172296    -0.010612    -0.09042
0.179771    0.017975    -0.072373
0.177126    0.020214    -0.078758
0.181414    0.027405    -0.068406
-0.10595    0.313251    -0.079029
-0.106207    0.318659    -0.078539
-0.028237    0.308175    -0.095545
-0.004878    0.308175    -0.09477
-0.140035    0.22453    -0.039607
-0.114903    0.191783    -0.056075
-0.075216    -0.031018    -0.178594
-0.063006    -0.032111    -0.183651
-0.063317    0.009714    -0.183522
-0.091147    0.036652    -0.171994
-0.073404    0.018902    -0.179344
0.145419    0.233845    0.002744
0.129651    0.312729    -0.02776
0.103381    0.318659    -0.064452
0.108159    0.17974    -0.020979
0.187114    0.003489    -0.054646
0.183506    -0.067237    -0.063355
0.187935    0.015264    -0.052664
0.176086    -0.081238    -0.081269
0.186913    -0.105511    -0.05513
-0.117681    0.272958    -0.061258
-0.093463    0.318659    -0.078792
0.024805    0.308175    -0.101798
0.082091    0.308175    -0.065723
-0.001891    0.308175    -0.083474
-0.141346    0.230385    -0.033679
-0.094251    0.146576    -0.037662
-0.116696    -0.026551    -0.154713
-0.124836    0.019222    -0.148467
-0.130439    0.013608    -0.144168
-0.109125    -0.008597    -0.160523
-0.092777    -0.081788    -0.171319
-0.097514    0.0367    -0.169357
-0.079964    -0.072232    -0.176627
-0.092559    -0.071041    -0.17141
-0.096833    -0.107837    -0.169639
0.134696    0.238279    0.027519
0.133151    0.27315    -0.001167
0.092164    0.315509    -0.075556
0.116592    0.184631    0.011818
0.188853    -0.099723    -0.050143
0.194145    0.00801    -0.009952
0.189542    -0.079004    -0.044912
0.195191    0.036122    -0.002003
0.191503    0.020398    -0.03002
-0.126552    0.265053    -0.039839
-0.101308    0.310721    -0.063639
0.068909    0.308175    -0.062989
-0.098879    0.308175    -0.062853
-0.145617    0.22593    -0.001241
-0.136343    0.197684    -0.008301
-0.116703    0.186393    -0.030754
-0.109871    -0.121137    -0.159951
-0.12796    -0.023757    -0.14607
-0.137933    -0.115339    -0.138417
-0.124036    -0.114964    -0.149081
-0.166301    -0.095697    -0.101595
-0.166253    0.025185    -0.101658
-0.160722    -0.071795    -0.108866
-0.165726    -0.021751    -0.102344
-0.15068    -0.030961    -0.121952
0.134238    0.19641    0.009995
0.134822    0.230386    0.052193
0.129724    0.238828    0.027206
0.131776    0.275554    0.011611
0.130989    0.309106    0.017595
0.100746    0.166782    0.012304
0.195422    -0.086737    -0.000252
0.190915    -0.099861    -0.034486
0.193345    -0.022684    -0.016026
0.192064    -0.060462    -0.025753
-0.129522    0.257818    -0.028735
-0.132961    0.241733    -0.00261
0.01073    0.308175    -0.053557
0.066668    0.308175    -0.056405
0.077426    0.308175    -0.058101
-0.144135    0.226396    0.012491
-0.10043    0.169017    -0.014704
-0.157496    -0.08016    -0.113069
-0.165247    -0.116096    -0.102968
-0.164617    -0.111761    -0.103789
-0.142461    0.003414    -0.132663
-0.152365    -0.130554    -0.119756
-0.17563    0.034358    -0.08237
-0.179015    0.008053    -0.074197
-0.187397    -0.119347    -0.053962
-0.184759    -0.022943    -0.060332
-0.174156    -0.041675    -0.08593
-0.179878    -0.110068    -0.072113
-0.170968    -0.117614    -0.093625
-0.183498    -0.126773    -0.063375
-0.17183    -0.063356    -0.091544
0.133932    0.212095    0.054341
0.122478    0.251018    0.049677
0.119164    0.273734    0.057676
0.123441    0.305038    0.047351
0.113787    0.308175    -0.022015
-0.038444    0.308175    -0.024587
0.069564    0.308175    -0.014769
0.081318    0.308175    -0.012248
0.193491    -0.025201    0.01492
0.194493    0.02099    0.007304
0.19081    0.000244    0.035284
0.195268    -0.059426    0.001421
0.194988    0.028623    0.003548
-0.130581    0.299041    -0.020689
-0.130125    0.318659    -0.006801
0.034407    0.308175    -0.037969
0.040485    0.308175    -0.040501
0.017672    0.308175    -0.034588
-0.142399    0.221053    0.02568
-0.108677    0.180212    0.022332
-0.101772    0.149663    0.004511
-0.192428    -0.013065    -0.02299
-0.191997    -0.044344    -0.026262
-0.195454    0.017589    -1.1e-05
-0.194146    -0.07973    -0.009944
-0.18975    -0.087052    -0.04333
-0.188997    -0.097916    -0.049053
-0.191104    -0.097926    -0.03305
-0.190895    -0.06467    -0.034635
-0.190058    -0.037609    -0.040997
0.126854    0.198962    0.054706
0.121407    0.232364    0.0792
0.106233    0.303707    0.078659
0.108251    0.318659    0.051974
-0.055419    0.308175    0.026616
-0.0692    0.308175    0.025612
0.108513    0.308175    0.002749
0.021827    0.308175    -0.012165
-0.084529    0.308175    -0.017708
-0.057921    0.308175    -0.023292
-0.003482    0.308175    -0.005114
0.19228    -0.092824    0.024113
0.190475    -0.040046    0.037827
0.192816    -0.07964    0.020045
0.190262    -0.107611    0.039441
0.190794    -0.039248    0.035402
-0.133304    0.271555    7e-06
-0.117191    0.312494    -0.02241
-0.109178    0.181618    0.03098
-0.194031    -0.025797    0.010815
-0.194647    -0.075383    0.00614
-0.194679    0.005055    0.005892
-0.195218    -0.088091    0.001802
-0.194647    -0.033306    0.006137
0.014932    -0.391497    -0.193489
0.03673    -0.397071    -0.190619
0.031289    -0.39708    -0.191336
0.085793    -0.422986    -0.174212
0.096232    -0.462475    -0.169888
0.091061    -0.410066    -0.17203
0.109691    -0.374921    -0.160088
0.099783    -0.366353    -0.167692
0.078715    0.176207    0.069563
0.093853    0.145266    0.038624
0.094961    0.262419    0.093349
0.09434    0.265219    0.094158
-0.027779    0.308175    0.031866
0.027516    0.308175    0.043031
-0.040186    0.308175    0.033356
0.050462    0.308175    0.032653
-0.115052    0.308175    0.001326
0.048451    0.308175    0.008785
0.022738    0.308175    0.001447
-0.038565    0.308175    0.000846
0.157333    -0.36608    -0.113282
0.139329    -0.405848    -0.136745
0.155732    -0.385674    -0.115369
0.177632    0.015641    0.077536
0.182769    -0.006031    0.065134
0.186485    0.00951    0.056164
0.179888    -0.011369    0.07209
-0.131413    0.317046    0.014369
-0.13098    0.298879    0.017658
-0.120283    0.196504    0.061157
-0.093058    0.16096    0.040543
-0.193282    0.03297    0.016508
-0.189606    -0.080453    0.044427
-0.190127    -0.028627    0.040469
-0.189113    0.012739    0.048175
0.001424    -0.40158    -0.195267
0.026177    -0.431827    -0.192009
0.014531    -0.453227    -0.193542
0.080932    -0.46399    -0.176226
0.070765    -0.448008    -0.180437
0.079186    -0.438181    -0.176949
-0.030147    -0.405825    -0.191486
-0.017944    -0.404547    -0.193093
-0.001998    -0.409338    -0.195192
0.103719    -0.387269    -0.164671
0.101052    -0.439452    -0.166717
0.099333    -0.452389    -0.168036
0.085202    0.184526    0.081127
0.100768    0.227705    0.104857
0.092822    0.306078    0.095365
0.092426    0.303297    0.095669
-0.037006    0.308175    0.043276
-0.076303    0.308175    0.051415
-0.053069    0.308175    0.041051
-0.119983    0.318594    0.001209
0.155985    -0.423053    -0.115038
0.164495    -0.474446    -0.103948
0.170449    -0.03234    0.094879
0.172098    -0.068102    0.090896
0.17378    -0.011002    0.086835
0.177537    -0.086003    0.077766
0.183609    -0.102425    0.063108
-0.127516    0.264841    0.037513
-0.121893    0.318659    0.023724
-0.091647    0.179547    0.060747
-0.182666    0.031495    0.065383
-0.175723    -0.057761    0.082146
-0.181576    -0.002749    0.068015
-0.172384    -0.074163    0.090206
-0.172402    0.034311    0.090163
-0.176825    -0.109043    0.079485
-0.171566    -0.127697    0.092181
-0.179981    -0.041877    0.071866
-0.187972    -0.067748    0.052573
0.020436    -0.484783    -0.189008
0.092184    -0.486474    -0.166503
-0.021568    -0.459957    -0.192615
-0.01855    -0.466967    -0.193013
-0.03286    -0.410107    -0.191129
0.129711    -0.487771    -0.137911
-0.058281    -0.392405    -0.185608
-0.062084    -0.367364    -0.184033
-0.083739    -0.376186    -0.175063
0.063487    0.17839    0.087408
0.083337    0.229905    0.118233
0.086841    0.20038    0.110095
0.066858    0.301808    0.115289
0.071636    0.316256    0.111622
-0.065651    0.308175    0.083396
0.011367    0.308175    0.082774
-0.033721    0.308175    0.07271
-0.051095    0.308175    0.066137
-0.02721    0.308175    0.06142
0.148628    -0.481891    -0.121184
0.169396    -0.455546    -0.097421
0.178701    -0.405033    -0.074957
0.17047    -0.369274    -0.094828
0.157649    0.033637    0.112871
0.155045    -0.023408    0.116264
0.145142    0.02016    0.129169
0.162406    -0.046616    0.106671
0.141649    0.021754    0.133722
-0.127003    0.315524    0.038751
-0.108842    0.236559    0.095576
-0.120494    0.200569    0.073743
-0.159937    -0.06557    0.109888
-0.149918    -0.07344    0.122946
-0.169194    0.017214    0.097825
-0.154643    -0.054051    0.116787
-0.165817    -0.035407    0.102225
0.005731    -0.497332    -0.183815
0.050467    -0.500532    -0.175212
0.117582    -0.50999    -0.131444
-0.030138    -0.484328    -0.187989
-0.109022    -0.385538    -0.160602
-0.108739    -0.367605    -0.160819
-0.100448    -0.40597    -0.167181
-0.079753    -0.45449    -0.176714
-0.092501    -0.456608    -0.171434
-0.074118    -0.463281    -0.179048
0.061489    0.206759    0.130971
0.043124    0.177823    0.098131
0.038617    0.241251    0.127058
0.053781    0.318659    0.114207
0.010758    0.308175    0.089432
-0.094597    0.310586    0.072385
0.154928    -0.497239    -0.098775
0.186671    -0.438855    -0.055714
0.18351    -0.461965    -0.063346
0.184892    -0.472017    -0.060009
0.153517    -0.105755    0.118255
0.141293    -0.122996    0.134185
0.146213    -0.048288    0.127774
0.15618    -0.131143    0.114785
-0.113822    0.260008    0.068769
-0.101261    0.263265    0.085139
-0.061449    0.179186    0.090442
-0.067847    0.173864    0.075864
-0.147599    -0.054387    0.125967
-0.151905    0.013288    0.120356
-0.14974    -0.02819    0.123178
-0.142734    -0.084317    0.132307
-0.043463    -0.501706    -0.176362
-0.161849    -0.391488    -0.107396
-0.164289    -0.425038    -0.104217
-0.160766    -0.418743    -0.108808
-0.18202    -0.368393    -0.066942
-0.184009    -0.40259    -0.062141
-0.174431    -0.38406    -0.085265
-0.193633    -0.419912    -0.013841
-0.194812    -0.440851    -0.004883
-0.191627    -0.368543    -0.029079
-0.13001    -0.434002    -0.144497
-0.123762    -0.464381    -0.149291
-0.111403    -0.459165    -0.158775
-0.065845    -0.484123    -0.178846
0.055469    0.235926    0.133465
0.057609    0.194391    0.118403
0.043846    0.283309    0.124893
0.040922    0.293176    0.126104
-0.051684    0.308175    0.101223
0.173145    -0.481698    -0.083177
0.190366    -0.36787    -0.038656
0.190063    -0.431456    -0.040955
0.194179    -0.370171    -0.009689
0.11361    -0.124013    0.157081
0.134117    -0.062852    0.141346
0.124368    -0.135059    0.148826
0.129877    -0.00395    0.144599
0.133021    0.009129    0.142187
-0.10706    0.306682    0.077581
-0.087016    0.204146    0.11541
-0.075573    0.201507    0.120823
-0.06122    0.155746    0.080949
-0.115114    0.001058    0.155927
-0.12188    -0.053388    0.150736
-0.11034    -0.003976    0.159591
-0.103256    0.015736    0.165026
-0.064444    -0.497149    -0.171485
-0.192066    -0.419891    0.025742
-0.194065    -0.379682    0.01056
-0.189263    -0.459049    0.047035
-0.153987    -0.434798    -0.117642
-0.151721    -0.414116    -0.120596
-0.161297    -0.450862    -0.108117
-0.178718    -0.420796    -0.074914
-0.176899    -0.454678    -0.079306
-0.170712    -0.401266    -0.094243
-0.192181    -0.462959    -0.024869
-0.189206    -0.477853    -0.047467
-0.192506    -0.468681    -0.022398
-0.194321    -0.419821    0.008617
-0.193608    -0.400651    0.01403
-0.189447    -0.471478    0.045636
-0.11621    -0.491738    -0.145454
-0.111493    -0.50372    -0.140568
-0.174815    -0.399007    0.084337
-0.179428    -0.401354    0.073201
-0.176871    -0.419421    0.079373
0.055299    0.238279    0.130989
0.024121    0.153994    0.09919
0.019307    0.238419    0.130763
0.05393    0.318659    0.120316
0.033588    0.308175    0.104824
0.105532    -0.034864    0.16328
0.127136    0.019933    0.146702
0.121741    -0.015863    0.150842
0.109168    -0.018825    0.16049
0.111299    -0.076039    0.158855
0.172275    -0.505479    -0.050277
0.192483    -0.422474    -0.022575
0.193072    -0.453965    -0.018098
0.191706    -0.449005    -0.028477
-0.069969    0.238836    0.112901
-0.09352    0.27829    0.094829
-0.064842    0.221842    0.129583
-0.049603    0.183946    0.105156
-0.122763    -0.094752    0.150058
-0.098706    0.029659    0.168518
-0.114139    -0.132533    0.156675
-0.120127    -0.109739    0.152081
-0.120521    -0.06466    0.151778
-0.185143    -0.449356    0.059403
-0.178431    -0.471333    0.075609
-0.188515    -0.377888    0.051264
-0.153571    -0.505562    -0.092843
-0.180438    -0.479193    -0.069257
-0.179682    -0.502151    -0.016328
-0.188462    -0.487195    0.014178
-0.145635    -0.498919    -0.109331
-0.160305    -0.378824    0.109408
-0.141416    -0.383783    0.134025
-0.154269    -0.365688    0.117275
-0.157942    -0.453012    0.112489
-0.150513    -0.469099    0.12217
-0.157954    -0.410739    0.112473
0.002428    0.182769    0.115078
0.013865    0.159186    0.10054
0.014969    0.286216    0.131334
-0.057403    0.318659    0.11661
-0.075455    0.318659    0.098118
0.075947    -0.127752    0.17829
0.095904    -0.093556    0.170024
0.055307    -0.128832    0.18684
0.081238    -0.029518    0.176099
0.059319    -0.10398    0.185178
0.075934    0.018918    0.178296
0.060095    -0.015293    0.184857
0.05189    -0.023269    0.188255
0.053125    -0.078164    0.187744
0.187734    -0.485897    -0.025301
0.19246    -0.376055    0.022748
0.189934    -0.381158    0.041934
0.192338    -0.379939    0.023679
-0.062462    0.260916    0.117182
-0.041141    0.214899    0.1394
-0.038052    0.26007    0.127293
-0.038198    0.273595    0.127232
-0.039959    0.194576    0.126006
-0.066389    -0.013637    0.182249
-0.077723    -0.035039    0.177555
-0.072091    0.003417    0.179888
-0.084977    0.009828    0.17455
-0.085935    0.028956    0.174153
-0.13001    -0.369864    0.144497
-0.115169    -0.40903    0.155885
-0.112311    -0.369703    0.158078
-0.164958    -0.492607    0.086889
-0.162393    -0.497464    -0.085932
-0.175821    -0.511198    0.006623
-0.180182    -0.486609    0.05896
-0.15242    -0.48351    0.114745
0.005721    -0.066597    0.194702
0.016207    -0.02225    0.193321
0.000525    -0.111619    0.195386
0.013557    0.032937    0.19367
0.006546    -0.001789    0.194593
-0.006558    0.216844    0.144916
-0.00934    0.196759    0.13484
-0.012908    0.253957    0.131606
-0.034162    0.288633    0.128808
-0.014657    0.299165    0.131375
0.032705    -0.097471    0.191149
0.046331    -0.026196    0.189355
0.020324    -0.133627    0.192779
0.034689    -0.050486    0.190888
0.045324    -0.096293    0.189488
0.19016    -0.487141    -0.001511
0.188857    -0.401516    0.050115
0.189597    -0.467071    0.044494
0.190704    -0.459713    0.036091
-0.024806    0.216897    0.142514
-0.007721    0.168019    0.101349
-0.054903    -0.121606    0.187007
-0.057746    -0.114117    0.18583
-0.058431    -0.029232    0.185546
-0.058642    -0.090112    0.185458
-0.137702    -0.477113    0.138594
-0.133799    -0.469994    0.14159
-0.099287    -0.391946    0.168072
-0.137278    -0.505386    0.114239
-0.118318    -0.496753    0.140277
-0.014029    -0.020439    0.193608
-0.018198    -0.08232    0.193059
-0.018657    -0.03008    0.192999
-0.009562    -0.135903    0.194196
-0.02487    -0.027867    0.192181
-0.023311    -0.011616    0.192386
-0.047521    -0.074845    0.189199
-0.046832    -0.073005    0.189289
-0.047307    0.011132    0.189227
0.191158    -0.481835    0.016822
0.18129    -0.418808    0.068706
0.176349    -0.373367    0.080634
0.181626    -0.378084    0.067896
-0.055392    -0.366062    0.186805
-0.081735    -0.407579    0.175893
-0.058345    -0.373366    0.185582
-0.092471    -0.50173    0.156577
0.177213    -0.505808    0.019302
0.176682    -0.411676    0.07983
0.180629    -0.459327    0.070302
0.172977    -0.457508    0.088776
-0.052513    -0.429503    0.187997
-0.084071    -0.450018    0.174926
-0.058168    -0.474813    0.185655
-0.085042    -0.510214    0.15499
0.178649    -0.481735    0.069836
0.153203    -0.369839    0.118664
0.161651    -0.449162    0.107655
0.149146    -0.374965    0.123952
-0.04169    -0.425609    0.189966
-0.04866    -0.363938    0.189049
-0.040412    -0.376038    0.190135
-0.064061    -0.497744    0.171281
0.166668    -0.495017    0.079212
0.153414    -0.47439    0.11839
0.140501    -0.439169    0.135218
0.108965    -0.370969    0.160646
0.113178    -0.386874    0.157413
0.130556    -0.36609    0.144078
0.075921    -0.371281    0.178301
0.069345    -0.403031    0.181025
0.052256    -0.435648    0.188104
0.009646    -0.373222    0.194185
0.003395    -0.395257    0.195008
0.037125    -0.374131    0.190567
-0.018155    -0.427009    0.193065
-0.005283    -0.415789    0.194759
-0.022446    -0.461352    0.1925
-0.041101    -0.502473    0.176238
0.146891    -0.479331    0.125816
0.123274    -0.412861    0.149665
0.114559    -0.465328    0.156353
0.13274    -0.383957    0.142402
0.09066    -0.385642    0.172196
0.095191    -0.449081    0.17032
0.073418    -0.46329    0.179338
0.038575    -0.39456    0.190376
0.023069    -0.42619    0.192418
0.01277    -0.471992    0.193774
-0.029202    -0.480401    0.190343
0.137628    -0.493537    0.124745
0.111146    -0.488717    0.151485
0.069371    -0.478395    0.180878
0.031196    -0.494721    0.181946
0.017467    -0.505651    0.177544
0.095942    -0.485382    0.165519
0.059148    -0.499809    0.172058
0.010704    0.106106    -0.133439
0.009651    0.140872    -0.102546
0.047551    0.067638    -0.161861
0.050482    0.119853    -0.110632
0.090248    0.106727    -0.098575
0.092537    0.105928    -0.097711
0.01539    0.045472    -0.186945
0.024666    0.078867    -0.155915
0.0235    0.076487    -0.158192
-0.007297    0.078314    -0.158695
-0.016717    0.133527    -0.108171
0.056367    0.049061    -0.176005
0.077076    0.079058    -0.138694
0.070914    0.095931    -0.125083
0.096584    0.078572    -0.12512
0.108906    0.068063    -0.127387
0.118538    0.059335    -0.129733
0.094449    0.088157    -0.116067
0.119479    0.091712    -0.084833
0.130959    0.064267    -0.10977
0.083943    0.124363    -0.08368
-0.016427    0.093756    -0.143709
-0.029303    0.068839    -0.164255
-0.024175    0.057308    -0.175223
-0.028857    0.061688    -0.170697
0.142926    0.068204    -0.088452
0.115813    0.099715    -0.077978
-0.047818    0.069467    -0.159999
-0.039335    0.098914    -0.135306
0.142261    0.074989    -0.077873
0.144598    0.070768    -0.081991
0.043445    -0.174937    -0.171123
0.091307    -0.157741    -0.160898
-0.064451    0.097745    -0.126023
-0.061689    0.088206    -0.136304
-0.084111    0.061552    -0.152548
0.113409    -0.160865    -0.142499
0.119919    -0.168405    -0.132937
0.107526    0.129919    -0.0347
0.179879    0.046161    -0.05372
0.165241    0.061528    -0.053524
0.140953    -0.144694    -0.128186
0.025666    -0.174885    -0.173488
0.051395    -0.147461    -0.182776
0.07198    -0.175897    -0.159461
0.099119    -0.157408    -0.155558
-0.120034    0.042802    -0.147027
-0.110913    0.070082    -0.123596
-0.100984    0.04853    -0.155256
-0.022804    -0.159588    -0.181278
-0.090759    0.095278    -0.110956
-0.082572    0.1079    -0.103157
0.138303    0.097792    -0.03013
0.121717    0.118129    -0.018226
0.137937    -0.174524    -0.108573
0.03603    -0.196644    -0.169997
0.035136    -0.187065    -0.170114
0.024394    -0.180989    -0.171528
0.073343    -0.224515    -0.15714
0.085808    -0.300285    -0.151977
0.060855    -0.187898    -0.162312
0.12087    -0.223577    -0.125624
0.122171    -0.213707    -0.124625
0.10953    -0.192164    -0.134326
-0.047259    -0.153904    -0.180814
-0.089135    0.125442    -0.075345
-0.098585    0.129183    -0.057593
-0.124094    0.063491    -0.119844
-0.162059    0.043399    -0.099577
-0.104303    0.10631    -0.083391
0.141713    0.09579    -0.0178
0.14439    0.093076    -0.015874
0.143992    0.094517    -0.009128
0.178434    0.052893    -0.029726
0.126888    -0.185328    -0.119223
0.125992    -0.222748    -0.120391
0.126402    -0.221544    -0.119856
0.183322    -0.137104    -0.06308
-0.102603    0.129993    -0.046416
-0.144017    0.089359    -0.040403
0.003607    -0.281954    -0.174265
0.020454    -0.24623    -0.172047
0.016941    -0.250684    -0.17251
0.050269    -0.212144    -0.166697
0.050467    -0.24098    -0.166615
0.063186    -0.246201    -0.161347
0.089372    -0.262158    -0.149794
0.107742    -0.271417    -0.135698
0.092038    -0.203941    -0.147748
-0.085655    -0.154849    -0.164743
-0.050724    -0.156421    -0.178394
-0.009514    -0.192601    -0.173487
-0.006394    -0.245631    -0.173898
-0.029712    -0.198158    -0.170828
-0.128806    0.098846    -0.055187
-0.135069    0.091631    -0.056749
-0.140778    0.082711    -0.063595
0.132806    0.106473    0.013027
0.173646    0.062132    0.003446
0.149306    -0.241995    -0.090008
0.149638    -0.26848    -0.089575
0.144517    -0.257499    -0.096249
0.174207    -0.161203    -0.054828
-0.136705    0.099972    -0.027481
-0.188965    0.041174    -0.029182
-0.175288    0.055892    -0.033281
-0.182708    0.048793    -0.025056
0.014888    -0.311231    -0.173791
0.054775    -0.336906    -0.176435
0.106005    -0.323025    -0.143921
0.106534    -0.34226    -0.152692
-0.114045    -0.159262    -0.142981
-0.098468    -0.171066    -0.147785
-0.047321    -0.189524    -0.167918
-0.084611    -0.183471    -0.152473
-0.049114    -0.209253    -0.167176
-0.037999    -0.304331    -0.169737
-0.013465    -0.302524    -0.172967
-0.018358    -0.27504    -0.172323
0.188154    0.042331    0.027506
0.153592    0.082325    0.01887
0.152826    0.082587    0.02291
0.14201    -0.333926    -0.115273
0.148235    -0.311622    -0.093293
0.159226    -0.240916    -0.068307
0.160522    -0.19055    -0.065177
0.164441    -0.209719    -0.055716
0.193455    -0.13849    -0.007984
-0.12221    0.120175    -0.000611
-0.116811    0.124416    -0.012871
0.027745    -0.331621    -0.179883
-0.003944    -0.336007    -0.184691
0.085242    -0.312166    -0.15368
0.078215    -0.3569    -0.174917
0.126781    -0.354775    -0.143126
-0.149351    -0.162836    -0.102924
-0.154641    -0.159488    -0.098672
-0.142587    -0.154277    -0.118493
-0.093947    -0.269996    -0.146284
-0.097881    -0.180201    -0.143264
-0.093822    -0.214417    -0.146379
-0.076776    -0.235839    -0.155718
-0.073416    -0.301143    -0.15711
-0.073917    -0.251762    -0.156902
-0.174975    -0.160054    -0.054417
0.152306    0.077078    0.04879
0.159302    0.071466    0.044878
0.148425    -0.348212    -0.115795
0.161924    -0.297877    -0.061793
0.167238    -0.232012    -0.048963
0.157836    -0.269905    -0.071664
0.18477    -0.156496    -0.007668
-0.167007    0.063726    0.043071
-0.157825    0.074468    0.039976
-0.148202    0.089855    0.008755
-0.165549    0.069048    0.018066
-0.163939    0.072592    0.006262
-0.015002    -0.358971    -0.192002
-0.039774    -0.352135    -0.186131
-0.161056    -0.175653    -0.068434
-0.145685    -0.217841    -0.094726
-0.131029    -0.194113    -0.113826
-0.145329    -0.208093    -0.095191
-0.11272    -0.298873    -0.131878
-0.120159    -0.251536    -0.12617
-0.123409    -0.286801    -0.123676
-0.048935    -0.314575    -0.169705
-0.191121    -0.140058    -0.01994
-0.172593    -0.174446    -0.034081
0.1483    0.077211    0.058155
0.141543    0.083019    0.061037
0.162225    0.057922    0.069144
0.166538    0.058105    0.058306
0.154473    -0.309254    -0.080446
0.170195    -0.210595    -0.034522
0.173449    -0.183222    -0.009803
0.171042    -0.18111    -0.028087
0.177493    -0.172962    0.002326
-0.128752    0.09204    0.071056
-0.12765    0.099125    0.057331
-0.140169    0.084696    0.060474
-0.14966    0.080613    0.047003
-0.175581    0.042004    0.073711
-0.180641    0.047175    0.049536
-0.177223    -0.165296    0.032594
-0.167802    -0.245556    -0.047602
-0.167279    -0.182505    -0.048863
-0.163927    -0.252337    -0.056957
-0.126782    -0.297953    -0.119361
-0.127056    -0.222314    -0.119003
-0.129786    -0.261506    -0.115447
-0.160006    -0.261991    -0.066425
-0.162632    -0.295863    -0.060083
-0.151691    -0.244642    -0.086499
-0.109009    -0.323467    -0.141826
-0.077833    -0.349865    -0.172193
-0.062871    -0.347531    -0.177434
-0.174159    -0.172084    0.030879
-0.171431    -0.22208    -0.025138
-0.171005    -0.196872    -0.028372
-0.173515    -0.235857    -0.009301
0.095082    0.129975    0.061006
0.183412    -0.35414    -0.054975
0.18302    -0.356788    -0.058542
0.172099    -0.307142    -0.020064
0.172457    -0.270828    -0.017338
0.173893    -0.250836    -0.00643
0.180313    -0.157255    0.038729
-0.116101    0.100971    0.075777
-0.114419    0.101772    0.076805
-0.163141    -0.171658    0.068419
-0.171417    -0.260216    -0.025239
-0.171717    -0.287368    -0.022965
-0.169334    -0.26131    -0.041065
-0.154591    -0.343669    -0.104935
-0.157352    -0.3152    -0.079376
-0.106148    -0.352529    -0.157887
-0.114472    -0.3519    -0.1512
-0.169543    -0.277811    0.039474
-0.170587    -0.207273    0.031542
-0.168978    -0.194283    0.043765
-0.174551    -0.242983    0.001432
-0.173155    -0.234883    0.012039
-0.174463    -0.290858    0.002107
0.1387    0.048036    0.123278
0.122279    0.068036    0.115604
0.100973    0.10523    0.0893
0.179529    -0.332901    -0.034144
0.174315    -0.26192    0.003226
0.173585    -0.269778    0.008774
0.173658    -0.251396    0.008219
0.171905    -0.145274    0.080387
0.172014    -0.164904    0.055476
-0.111939    0.090836    0.095934
-0.12903    0.059444    0.119296
-0.133428    0.067852    0.101341
-0.17272    -0.140753    0.084096
-0.155481    -0.263823    0.077348
-0.153379    -0.194487    0.082423
-0.158659    -0.228647    0.069676
-0.170268    -0.310612    -0.039856
-0.185738    -0.338425    -0.003
-0.145997    -0.33885    -0.113138
-0.155088    -0.316336    -0.085967
-0.174126    -0.360151    -0.083341
-0.186902    -0.35106    -0.030797
-0.166712    -0.233593    0.050234
-0.163226    -0.29834    0.05865
-0.154134    -0.295419    0.080601
-0.172733    -0.313563    0.02969
0.090522    0.109411    0.095371
0.071786    0.126712    0.090449
0.190231    -0.359052    -0.028689
0.185382    -0.345834    -0.027188
0.170965    -0.306656    0.028673
0.171359    -0.268086    0.025684
0.173812    -0.308464    0.007052
0.166206    -0.167095    0.066746
-0.100687    0.093868    0.10491
-0.146707    -0.147485    0.118485
-0.141101    -0.153338    0.121172
-0.13479    -0.173326    0.11362
-0.12746    -0.296578    0.118477
-0.126872    -0.30813    0.119244
-0.143207    -0.302207    0.097956
-0.183848    -0.332466    7.9e-05
-0.165016    -0.339534    0.084942
-0.173005    -0.324901    0.051181
-0.171836    -0.340303    0.069238
0.116133    0.050435    0.141507
0.065988    0.122348    0.099767
0.085629    0.083392    0.12815
0.176072    -0.320496    0.024431
0.181571    -0.330535    0.011771
0.164047    -0.192366    0.056668
0.16401    -0.18541    0.056758
0.1674    -0.212882    0.048571
0.15806    -0.155073    0.097701
-0.09473    0.056969    0.150641
-0.087974    0.081521    0.128437
-0.11464    0.042549    0.151449
-0.123288    -0.15043    0.141238
-0.111851    -0.157268    0.145872
-0.148519    -0.192153    0.091033
-0.138467    -0.223529    0.104133
-0.125009    -0.294544    0.121671
-0.138942    -0.344983    0.126145
-0.150733    -0.349832    0.113794
0.050026    0.125969    0.104962
0.038687    0.093339    0.140915
0.059177    0.040716    0.182834
0.066899    0.067502    0.153978
0.056437    0.075115    0.151019
0.086603    0.060879    0.15216
0.175862    -0.326254    0.042727
0.15135    -0.221934    0.087321
0.152266    -0.236579    0.08511
0.155681    -0.226202    0.076865
0.143014    -0.16463    0.109766
0.122861    -0.154736    0.138957
-0.066972    0.050652    0.170089
-0.088991    0.046671    0.164781
-0.065477    0.052489    0.168948
-0.07229    0.057627    0.161204
-0.093148    -0.159387    0.158941
-0.118159    -0.255021    0.127705
-0.118276    -0.220221    0.127614
-0.096131    -0.200175    0.144607
-0.12845    -0.330432    0.130232
0.016137    0.09318    0.144262
0.010215    0.058552    0.17595
0.01246    0.063227    0.171482
0.019317    0.07779    0.157581
0.000865    0.124019    0.118746
0.00114    0.122715    0.119874
0.15599    -0.309886    0.077408
0.150806    -0.211196    0.088053
0.139439    -0.229905    0.102866
0.140812    -0.253162    0.101077
0.103073    -0.147027    0.15881
-0.049752    0.122227    0.108661
-0.050588    0.050103    0.177401
-0.06852    -0.149473    0.174637
-0.116576    -0.299056    0.128919
-0.092563    -0.304158    0.147345
-0.097203    -0.271556    0.143785
-0.09358    -0.312987    0.148666
-0.015907    0.047729    0.184862
-0.02618    0.052962    0.178839
-0.014897    0.069868    0.165234
-0.000797    0.13046    0.113006
0.070231    -0.144113    0.176716
0.170366    -0.359452    0.091725
0.166843    -0.333999    0.075057
0.125253    -0.272496    0.121354
0.124585    -0.300895    0.122224
0.088186    -0.254279    0.150704
0.095395    -0.248094    0.145172
0.096293    -0.204193    0.144483
-0.037164    0.072887    0.159608
-0.014812    0.112528    0.127166
-0.063369    -0.15698    0.172866
-0.086774    -0.227424    0.151577
-0.086049    -0.28938    0.151877
-0.085942    -0.215527    0.151921
-0.087379    -0.325947    0.15844
-0.083515    -0.335004    0.163751
0.057414    -0.151257    0.178309
0.024001    -0.143364    0.188984
0.130935    -0.309955    0.114802
0.1144    -0.287939    0.130589
0.100114    -0.271214    0.141551
0.120421    -0.267688    0.125969
0.072138    -0.245094    0.157639
0.084979    -0.254027    0.15232
0.058956    -0.301318    0.163099
-0.025949    -0.169711    0.175958
-0.055223    -0.268701    0.164645
-0.063566    -0.248806    0.16119
-0.051054    -0.251126    0.166372
-0.054212    -0.331882    0.17461
-0.009872    -0.142117    0.191449
-0.043201    -0.140851    0.187674
0.056971    -0.185555    0.163921
0.068179    -0.208932    0.159279
0.065116    -0.198402    0.160547
0.023862    -0.162006    0.179967
0.134348    -0.325577    0.120067
0.102175    -0.341409    0.155631
0.066864    -0.318215    0.16377
0.070709    -0.330175    0.167077
-0.032973    -0.262092    0.170399
-0.002467    -0.184482    0.174415
-0.032889    -0.214127    0.17041
-0.045176    -0.352689    0.185631
0.044542    -0.242127    0.168876
0.028078    -0.252499    0.171044
0.033864    -0.274768    0.170282
0.009233    -0.227747    0.173524
0.001423    -0.188302    0.174553
0.004927    -0.256803    0.174091
0.128871    -0.353859    0.141085
0.06355    -0.353045    0.179412
0.059085    -0.362103    0.184972
0.030517    -0.361096    0.190771
-0.013031    -0.220887    0.173024
-0.012231    -0.227415    0.17313
-0.027801    -0.293716    0.17108
-0.031909    -0.358982    0.18978
-0.016907    -0.33778    0.183661
0.036644    -0.314815    0.172295
