-0.014759    0.100593    -0.049216
-0.027171    0.092287    -0.043704
-0.01608    0.118688    -0.030983
0.011801    0.096602    -0.049952
-0.042841    0.107505    -0.029353
0.026193    0.084784    -0.044311
0.009531    0.083017    -0.048627
-0.046567    0.098193    -0.022457
-0.016637    0.118688    -0.017601
0.044073    0.115197    -0.022392
0.000865    0.118688    0.005899
0.034109    0.073195    -0.036137
0.036499    0.108283    -0.034034
0.024721    0.118688    0.021827
0.050387    0.065211    0.004134
0.04363    0.088658    0.029343
0.007794    0.115197    -0.002941
0.045053    0.086796    0.022534
-0.051496    0.088254    0.009703
-0.004168    0.115197    0.001896
-0.051072    0.085835    0.011806
0.02257    0.115197    0.032311
0.026317    0.08805    0.043307
-0.041374    0.0763    0.032227
-0.04602    0.107    0.021309
-0.039894    0.083338    0.031299
0.009456    0.076063    0.050264
-0.003265    0.098919    0.052828
-0.006929    0.097995    0.052173
-0.016248    0.10736    0.048526
-0.014461    0.091947    -0.049317
-0.031686    0.084032    -0.040697
0.044473    0.09871    -0.026158
-0.015394    0.077413    -0.04716
0.033348    0.072829    -0.03913
0.014782    0.097963    -0.049355
-0.003589    0.118688    -0.018493
-0.029864    0.112957    -0.039814
0.050739    0.077528    0.011258
0.040444    0.115197    -0.013027
0.049735    0.086948    0.016273
0.05005    0.092811    -0.001724
0.043357    0.115197    -0.006023
-0.046023    0.073015    -0.01962
-0.02961    0.115197    -0.031114
-0.043157    0.108432    -0.025413
-0.02675    0.118688    0.016938
-0.018454    0.115197    -0.009447
0.037574    0.104282    0.036409
-0.050371    0.087355    -1.8e-05
0.034075    0.085376    0.040236
-0.047721    0.096341    0.021723
-0.040209    0.115197    0.010014
0.016176    0.063575    0.048954
0.013574    0.075515    0.05079
-0.029569    0.064542    0.043788
-0.033822    0.11047    0.040048
-0.026473    0.06651    0.045456
-0.022223    0.063575    0.047086
-0.033661    0.052965    -0.038257
-0.03891    0.054697    -0.028583
-0.04891    0.059945    -0.007394
-0.047221    0.055973    0.023661
0.051124    0.055604    -0.009775
0.050918    0.056652    0.010079
0.048288    0.058696    0.019862
0.025541    0.059945    0.042134
-0.040021    -0.395383    -0.132471
-0.034888    -0.395647    -0.133499
-0.035158    -0.316461    -0.133445
-0.030535    -0.153346    -0.134372
-0.035544    -0.260538    -0.133368
-0.039199    -0.312264    -0.132636
-0.044802    -0.214737    -0.131513
-0.06927    -0.447381    -0.119532
-0.051977    -0.244442    -0.128089
-0.059207    -0.369383    -0.124511
-0.063201    -0.330735    -0.122535
-0.069933    -0.607025    -0.119203
-0.059391    -0.238111    -0.124421
-0.058036    -0.159906    -0.125091
-0.058914    -0.240177    -0.124657
-0.056692    -0.101315    -0.124379
-0.03531    -0.0416    -0.095604
-0.028761    -0.027081    -0.089067
-0.027154    -0.23776    -0.135049
-0.036419    -0.60413    -0.133193
-0.028979    -0.28674    -0.134683
-0.031633    -0.39883    -0.134152
-0.033043    -0.414411    -0.133869
-0.02829    -0.333007    -0.134821
-0.02768    -0.26264    -0.134944
-0.029428    -0.470476    -0.134593
-0.052343    -0.716278    -0.127908
-0.050731    -0.525385    -0.128706
-0.058162    -0.382883    -0.125028
-0.067079    -0.65307    -0.120616
-0.052881    -0.363469    -0.127642
-0.051857    -0.477805    -0.128149
-0.052873    -0.331608    -0.127646
-0.055125    -0.346428    -0.126531
-0.057077    -0.621674    -0.125565
-0.070728    -0.71915    -0.11881
-0.053287    -0.513903    -0.127441
-0.049552    -0.371226    -0.129289
-0.047682    -0.29449    -0.130214
-0.048288    -0.573127    -0.129915
-0.048898    -0.28891    -0.129613
-0.075297    -0.140732    -0.116549
-0.073443    -0.10376    -0.117467
-0.073776    -0.610529    -0.117302
-0.07605    -0.162216    -0.116176
-0.076174    -0.130716    -0.116115
-0.077662    -0.544763    -0.115378
-0.076725    -0.114588    -0.115842
-0.0239    -0.071481    -0.117541
-0.029363    0.045731    -0.043021
-0.039313    0.012792    -0.059019
-0.038201    -0.701978    -0.132836
-0.017294    -0.761017    -0.137025
-0.010926    -0.447627    -0.1383
-0.032725    -0.783224    -0.133933
-0.017474    -0.478484    -0.136989
-0.031556    -0.585397    -0.134167
-0.009646    -0.300246    -0.138557
-0.010109    -0.558487    -0.138464
-0.009991    -0.793533    -0.138488
-0.034849    -0.75656    -0.133507
-0.031205    -0.774943    -0.134237
-0.022818    -0.770423    -0.135918
-0.01258    -0.680476    -0.137969
-0.020504    -0.358251    -0.136381
-0.013151    -0.458033    -0.137855
-0.003924    -0.800421    -0.120524
-0.093231    -0.60992    -0.101777
-0.083518    -0.381816    -0.110319
-0.078117    -0.361297    -0.115068
-0.07844    -0.654357    -0.114784
-0.087012    -0.742017    -0.107246
-0.087183    -0.384465    -0.107096
-0.09116    -0.784483    -0.103598
-0.081292    -0.793428    -0.112276
-0.090149    -0.684864    -0.104488
-0.103678    -0.788299    -0.09259
-0.086882    -0.756592    -0.107361
-0.078687    -0.408982    -0.114568
-0.084838    -0.552934    -0.109158
-0.078074    -0.56565    -0.115106
-0.08204    -0.488149    -0.111619
-0.021855    -0.053727    -0.107515
-0.041123    0.007713    -0.061302
-0.075602    -0.071241    -0.092526
-0.069569    -0.075682    -0.099626
-0.066906    -0.093612    -0.113749
-0.026681    0.082701    -0.03984
0.002965    -0.119631    -0.137787
0.003191    -0.14691    -0.137773
-0.00708    -0.262204    -0.138432
0.003324    -0.264125    -0.137764
0.002124    -0.107295    -0.137841
-0.007765    -0.233135    -0.138476
-0.004953    -0.610488    -0.138295
-0.00965    -0.028683    -0.093984
-0.014769    -0.089877    -0.128701
0.003328    0.019908    -0.067014
-0.009517    -0.095838    -0.132468
0.007321    -0.800421    -0.1146
0.064336    -0.800421    -0.116736
-0.100438    -0.595898    -0.095439
-0.088245    -0.223256    -0.106163
-0.083276    -0.115675    -0.110532
-0.082036    -0.170766    -0.111623
-0.083281    -0.105433    -0.110527
-0.086827    -0.144445    -0.107409
-0.087231    -0.16359    -0.107054
-0.089177    -0.271432    -0.105342
-0.004215    -0.800421    -0.100369
-0.049176    -0.800421    -0.106242
-0.020425    0.075133    -0.043565
-0.000413    0.077909    -0.047825
-0.062001    -0.020877    -0.066301
-0.029925    0.105275    -0.037666
0.011203    -0.205508    -0.137259
0.009066    -0.203463    -0.137396
0.012099    -0.287416    -0.137201
0.01157    -0.363076    -0.137235
0.016159    -0.2814    -0.136941
0.010644    -0.303092    -0.137295
-0.003301    -0.595124    -0.138189
0.02358    -0.699052    -0.136465
0.020957    -0.617187    -0.136633
0.000891    -0.664881    -0.13792
0.007116    -0.580904    -0.137521
0.006969    -0.778546    -0.13753
0.016775    -0.447457    -0.136901
0.024978    -0.519992    -0.136375
0.016839    -0.583901    -0.136897
-0.000702    -0.703135    -0.138023
0.025614    -0.735565    -0.136334
-0.00054    -0.629166    -0.138012
0.018905    -0.695991    -0.136764
0.004936    -0.703521    -0.137661
0.022517    -0.450283    -0.136533
0.017186    -0.347312    -0.136875
0.01275    0.024025    -0.062979
0.078224    -0.567168    -0.113381
0.086266    -0.588805    -0.108023
0.084899    -0.605368    -0.108934
0.080277    -0.645972    -0.112013
0.08724    -0.549634    -0.107374
0.075567    -0.692865    -0.115151
0.088311    -0.538395    -0.106661
0.084787    -0.489829    -0.109009
0.077785    -0.73225    -0.113673
0.091599    -0.109457    -0.10447
0.073364    -0.711208    -0.116618
0.091284    -0.119062    -0.10468
0.077989    -0.430401    -0.113537
0.080854    -0.787048    -0.111628
0.082414    -0.359376    -0.110589
0.036694    -0.790833    -0.132936
0.060415    -0.507503    -0.12492
0.056207    -0.434742    -0.126342
0.060113    -0.555251    -0.125022
0.056837    -0.466142    -0.126129
0.056904    -0.72675    -0.126106
0.053984    -0.255514    -0.127093
0.04188    -0.636189    -0.131183
0.055887    -0.30781    -0.12645
0.059717    -0.383432    -0.125156
0.034602    -0.677274    -0.133642
0.047384    -0.585509    -0.129323
0.050141    -0.462278    -0.128392
0.061195    -0.579325    -0.124657
0.03616    -0.737909    -0.133116
-0.10279    -0.405393    -0.093372
-0.098481    -0.444326    -0.097161
-0.105106    -0.5329    -0.091334
-0.105068    -0.452471    -0.091368
-0.095394    -0.182688    -0.099876
-0.102746    -0.211896    -0.09341
-0.094307    -0.238277    -0.100831
-0.059073    -0.800421    -0.09087
-0.100033    -0.800421    -0.091246
-0.006729    -0.800421    -0.091513
0.003018    0.082878    -0.048038
-0.103932    -0.098236    -0.08553
-0.064957    -0.015713    -0.058437
-0.055231    0.020007    -0.03854
-0.078467    -0.030842    -0.056126
-0.036111    0.091376    -0.031783
0.027621    -0.244249    -0.136001
0.030497    -0.435465    -0.13503
0.030209    -0.434217    -0.135127
0.031933    -0.427785    -0.134544
0.039367    -0.257388    -0.132033
0.033069    -0.415994    -0.134161
0.029579    -0.508999    -0.13534
0.017074    -0.061916    -0.112201
0.037314    -0.098165    -0.129327
0.034465    -0.059018    -0.107079
0.017269    -0.092874    -0.130202
0.084336    -0.118508    -0.109308
0.06717    -0.620751    -0.120744
0.069609    -0.518181    -0.11912
0.079276    -0.189233    -0.112679
0.078628    -0.145606    -0.113111
0.071002    -0.475476    -0.118192
0.069197    -0.498421    -0.119394
0.073488    -0.439167    -0.116535
0.092173    -0.200363    -0.103882
0.098173    -0.43279    -0.097059
0.099705    -0.792905    -0.095317
0.103794    -0.473256    -0.090667
0.11205    -0.738847    -0.081279
0.092843    -0.16905    -0.10312
0.104177    -0.723401    -0.090232
0.105825    -0.731009    -0.088357
0.097145    -0.301815    -0.098229
0.094061    -0.543727    -0.101735
0.105154    -0.569789    -0.089121
0.110149    -0.753537    -0.08344
0.112989    -0.78655    -0.080211
0.092054    -0.520546    -0.104017
0.101696    -0.589401    -0.093053
0.048976    -0.320573    -0.128786
0.03949    -0.489694    -0.131991
0.040552    -0.458676    -0.131632
0.054628    -0.103459    -0.126876
0.041525    -0.269599    -0.131303
0.04308    -0.242744    -0.130778
0.057153    -0.169462    -0.126023
0.063342    -0.476605    -0.123295
0.061898    -0.237556    -0.124257
0.071009    -0.283012    -0.118187
0.061569    -0.611271    -0.124476
0.064378    -0.237422    -0.122604
0.070141    -0.103579    -0.118765
0.066359    -0.214046    -0.121285
-0.108038    -0.212105    -0.087033
-0.112276    -0.480046    -0.080671
-0.11151    -0.177723    -0.081821
-0.116243    -0.229112    -0.074717
-0.10925    -0.63933    -0.085214
-0.112922    -0.437849    -0.079702
-0.109195    -0.582892    -0.085297
-0.106971    -0.198983    -0.088634
-0.119458    -0.239691    -0.069891
-0.110234    -0.352389    -0.083736
-0.107382    -0.538425    -0.088018
-0.108686    -0.314761    -0.086061
-0.114184    -0.163396    -0.077807
-0.106811    -0.711842    -0.088874
-0.108701    -0.449895    -0.086038
-0.077791    -0.800421    -0.081921
-0.05817    -0.800421    -0.071987
0.100666    -0.800421    -0.077828
0.073786    -0.800421    -0.077361
-0.065883    0.002752    -0.040499
-0.091783    -0.051991    -0.058748
0.034331    -0.024629    -0.085733
0.018073    0.076589    -0.0443
0.103272    -0.224065    -0.091261
0.11193    -0.34154    -0.081415
0.111943    -0.355497    -0.0814
0.106369    -0.221705    -0.087739
0.102397    -0.335152    -0.092256
0.113181    -0.629173    -0.079993
0.10071    -0.198494    -0.094175
0.110812    -0.273743    -0.082686
0.111055    -0.207184    -0.08241
0.106714    -0.531305    -0.087347
0.100084    -0.296065    -0.094886
0.114282    -0.624251    -0.07874
0.108926    -0.147587    -0.084832
0.113977    -0.488163    -0.079087
0.109971    -0.362466    -0.083642
-0.115385    -0.731619    -0.076004
-0.119448    -0.505467    -0.069906
-0.112881    -0.655574    -0.079764
-0.118336    -0.429664    -0.071575
-0.118273    -0.71283    -0.07167
-0.118675    -0.698024    -0.071066
-0.12217    -0.425799    -0.06582
-0.124439    -0.682812    -0.062413
-0.121646    -0.398436    -0.066606
-0.120867    -0.528368    -0.067776
-0.109153    -0.783972    -0.08536
-0.120018    -0.378377    -0.06905
-0.11937    -0.708043    -0.070024
-0.123187    -0.7437    -0.064293
-0.12427    -0.21007    -0.062667
0.098844    -0.800421    -0.063748
-0.039923    -0.800421    -0.064521
0.117774    -0.800421    -0.053736
0.125744    -0.800421    -0.045297
-0.012012    0.084135    -0.04459
-0.059048    0.025994    -0.024283
-0.10176    -0.054518    -0.041721
-0.118318    -0.086995    -0.050122
-0.109415    -0.075933    -0.0539
-0.043969    0.058192    -0.020008
0.056509    -0.085825    -0.113812
0.051825    -0.086189    -0.116346
0.044159    -0.032247    -0.085755
0.052754    -0.044682    -0.089452
0.062899    -0.016965    -0.061593
0.054655    -0.014864    -0.067206
0.059057    -0.021488    -0.068387
0.067083    -0.019007    -0.059484
0.125486    -0.765598    -0.057446
0.122854    -0.797705    -0.062764
0.125667    -0.64162    -0.057079
0.118727    -0.256914    -0.071104
0.121882    -0.467544    -0.064729
0.118063    -0.380093    -0.072446
0.124129    -0.573075    -0.060187
0.124066    -0.599541    -0.060316
0.118487    -0.484834    -0.071588
0.12186    -0.715891    -0.064772
0.121084    -0.338277    -0.06634
0.116693    -0.471198    -0.075213
0.118483    -0.218353    -0.071596
0.125316    -0.524092    -0.057789
0.120295    -0.74349    -0.067934
-0.134353    -0.188736    -0.034585
-0.12627    -0.702621    -0.058502
-0.130928    -0.44826    -0.044721
-0.132665    -0.323791    -0.039579
-0.128097    -0.484426    -0.053098
-0.134946    -0.140012    -0.032829
-0.130276    -0.273049    -0.046648
-0.128548    -0.61155    -0.051762
-0.127494    -0.195787    -0.054882
-0.130954    -0.285874    -0.044644
-0.132456    -0.31738    -0.040199
-0.126731    -0.361059    -0.057139
-0.128982    -0.49894    -0.05048
-0.134906    -0.200986    -0.032949
-0.128707    -0.499557    -0.051291
-0.070859    -0.800421    -0.049436
-0.034312    -0.800421    -0.054105
0.058608    -0.800421    -0.040669
-0.034567    -0.800421    -0.043822
0.098863    -0.800421    -0.044734
-0.007984    0.057977    -0.045568
0.013009    0.083414    -0.044286
-0.070897    0.008744    -0.021695
-0.046484    0.1113    -0.01484
0.03216    0.048052    -0.039099
0.052007    -0.018816    -0.072523
0.072033    -0.015625    -0.048995
0.106583    -0.096934    -0.080931
0.082231    -0.049379    -0.068438
0.088858    -0.062379    -0.071898
0.127059    -0.228063    -0.054266
0.128289    -0.637522    -0.05178
0.12837    -0.3356    -0.051617
0.131187    -0.64448    -0.045926
0.118213    -0.135632    -0.072142
0.131851    -0.696147    -0.044584
0.12865    -0.510387    -0.051053
0.121794    -0.304025    -0.064906
0.120679    -0.109981    -0.06716
0.130541    -0.660389    -0.047231
0.129539    -0.141752    -0.049256
0.129494    -0.589301    -0.049347
0.126929    -0.575976    -0.05453
0.127534    -0.527621    -0.053307
0.120439    -0.140717    -0.067644
-0.134357    -0.438247    -0.034571
-0.131788    -0.753146    -0.042175
-0.135739    -0.284541    -0.030482
-0.131268    -0.752106    -0.043712
-0.136086    -0.396417    -0.029456
-0.132121    -0.655617    -0.041189
-0.135147    -0.704975    -0.032236
-0.130783    -0.642639    -0.045148
-0.130005    -0.618087    -0.047451
-0.133947    -0.686784    -0.035784
-0.135802    -0.196355    -0.030296
-0.1301    -0.773108    -0.04717
-0.134256    -0.712959    -0.03487
-0.132877    -0.517114    -0.038951
-0.135612    -0.203667    -0.030858
0.009558    -0.800421    -0.032127
0.056753    -0.800421    -0.025569
0.081843    -0.800421    -0.016084
0.027861    -0.800421    -0.023148
0.122762    -0.800421    -0.029506
0.018517    0.058683    -0.042137
-0.107538    -0.056272    -0.027986
-0.113151    -0.062726    -0.018604
-0.084563    -0.011801    -0.013108
-0.078199    -0.002037    -0.016526
-0.040873    0.09961    -0.022351
0.005591    0.052965    -0.037253
0.020658    0.09674    -0.041084
0.054998    0.021954    -0.035828
0.136074    -0.629379    -0.023856
0.135224    -0.504725    -0.028097
0.13463    -0.520466    -0.031062
0.135053    -0.479607    -0.028953
0.136243    -0.686903    -0.023013
0.133946    -0.413037    -0.034477
0.132845    -0.206749    -0.039974
0.13222    -0.475864    -0.043093
0.132312    -0.331725    -0.042634
0.132874    -0.597034    -0.039829
0.134652    -0.449093    -0.030952
0.137161    -0.761239    -0.018434
0.133613    -0.625073    -0.036142
0.13263    -0.680373    -0.041045
0.13478    -0.715064    -0.030316
-0.138877    -0.213235    0.000732
-0.138019    -0.119154    -0.012643
-0.137913    -0.290693    -0.014297
-0.138228    -0.389789    -0.009382
-0.137463    -0.201038    -0.02132
-0.137388    -0.462388    -0.022477
-0.137904    -0.360192    -0.014438
-0.13797    -0.480889    -0.013415
-0.137404    -0.430921    -0.022237
-0.138959    -0.200942    0.002006
-0.13781    -0.222225    -0.015902
-0.137762    -0.331763    -0.016655
-0.13807    -0.261882    -0.011853
-0.138026    -0.181105    -0.012541
-0.137345    -0.193633    -0.023152
-0.047368    -0.800421    -0.004673
0.129683    -0.800421    -0.009151
0.045743    -0.800421    -0.012068
0.090382    -0.800421    -0.006437
-0.016094    -0.800421    -0.00127
0.011195    0.052965    -0.042665
-0.063866    0.026303    0.002767
-0.044801    0.088226    -0.014348
-0.035613    0.052965    -0.024275
0.038992    0.089257    -0.027869
0.111388    -0.063732    -0.028924
0.072476    0.00123    -0.027976
0.116706    -0.086187    -0.053101
0.06798    0.00732    -0.030375
0.137269    -0.521765    -0.017891
0.136023    -0.110839    -0.024109
0.135632    -0.254128    -0.026063
0.134243    -0.268604    -0.032996
0.134446    -0.17003    -0.031982
0.137279    -0.164646    -0.017844
0.134436    -0.336473    -0.032033
0.137068    -0.525652    -0.018897
0.138164    -0.376655    -0.013424
0.137968    -0.152519    -0.014406
0.135128    -0.356828    -0.028579
0.137244    -0.443399    -0.018015
0.138682    -0.491557    -0.010839
0.136467    -0.192542    -0.021894
0.134328    -0.270449    -0.032573
-0.138771    -0.721837    -0.000926
-0.138712    -0.374183    -0.001841
-0.139101    -0.307346    0.004228
-0.137908    -0.712438    -0.01438
-0.138624    -0.794441    -0.003214
-0.138929    -0.596307    0.001542
-0.139062    -0.313405    0.003614
-0.13903    -0.275752    0.003116
-0.139408    -0.67588    0.009008
-0.139    -0.574845    0.002649
-0.139326    -0.734947    0.007723
-0.139302    -0.58263    0.007355
-0.13827    -0.467586    -0.008735
-0.139175    -0.464712    0.005382
0.124301    -0.800421    -0.000568
0.10017    -0.800421    0.019015
-0.054166    -0.800421    0.005211
0.075187    -0.800421    0.019599
0.022839    -0.800421    0.001032
0.044553    -0.800421    0.009314
-0.12297    -0.078686    0.018388
-0.114078    -0.06076    -0.002201
-0.094557    -0.02892    0.016922
-0.071812    0.011632    0.00962
-0.048171    0.106173    0.009022
0.019691    0.052965    -0.010027
0.018521    0.052965    -0.010623
0.033356    0.105986    -0.032004
0.060699    0.024296    -0.021658
0.138509    -0.664713    0.001058
0.138333    -0.779956    0.003793
0.138074    -0.485833    0.007828
0.138908    -0.419215    -0.005164
0.138838    -0.658941    -0.004071
0.137402    -0.799667    0.018311
0.138139    -0.752555    0.006814
0.13828    -0.518301    0.004619
0.138463    -0.553067    0.001764
0.137654    -0.629809    0.014384
0.137943    -0.627608    0.00988
0.138492    -0.544964    0.001318
0.137674    -0.787728    0.014064
0.138268    -0.510767    0.004801
0.139062    -0.464035    -0.007572
-0.137022    -0.366237    0.022279
-0.138086    -0.443691    0.016969
-0.133316    -0.11803    0.040778
-0.137487    -0.428753    0.019956
-0.1341    -0.110236    0.036864
-0.137558    -0.212211    0.019604
-0.137666    -0.535473    0.019065
-0.137194    -0.192347    0.02142
-0.134243    -0.260048    0.036148
-0.137878    -0.263462    0.018005
-0.139249    -0.774951    0.01116
-0.136272    -0.445008    0.026024
-0.134971    -0.248243    0.032516
-0.135498    -0.299528    0.029886
-0.139133    -0.439323    0.011738
-0.072307    -0.800421    0.019874
-0.127645    -0.800421    0.035936
-0.019241    -0.800421    0.028177
0.102713    -0.800421    0.026533
0.040032    -0.800421    0.025224
-0.088974    -0.020099    0.019814
-0.052267    0.043373    0.015039
-0.04638    0.104177    0.009655
0.004984    0.052965    -0.001898
0.045902    0.062881    -0.008867
0.095339    -0.029119    -0.000351
0.126357    -0.084698    -0.012669
0.105297    -0.04752    -0.009081
0.099801    -0.036963    -0.000821
0.137593    -0.428116    0.015324
0.137363    -0.326895    0.018914
0.13757    -0.103151    0.015687
0.137164    -0.327889    0.022008
0.136811    -0.367406    0.027515
0.138354    -0.280365    0.00346
0.137272    -0.64906    0.020331
0.136855    -0.431617    0.026825
0.137693    -0.464053    0.013764
0.137022    -0.451279    0.024224
0.137863    -0.383664    0.011127
0.13833    -0.205628    0.003838
0.137281    -0.145969    0.020193
0.137245    -0.330794    0.020745
0.13712    -0.625871    0.022691
-0.132735    -0.606931    0.043677
-0.132438    -0.15892    0.04516
-0.13394    -0.711851    0.037665
-0.133909    -0.75144    0.037816
-0.132948    -0.369571    0.042615
-0.133201    -0.190692    0.041352
-0.135027    -0.692869    0.032236
-0.134551    -0.611094    0.034614
-0.135456    -0.45529    0.030093
-0.134656    -0.735974    0.034088
-0.137537    -0.773323    0.019708
-0.134479    -0.742423    0.034973
-0.132618    -0.619042    0.044263
-0.132323    -0.576236    0.045736
-0.135392    -0.638153    0.030415
0.082156    -0.800421    0.042139
0.089752    -0.800421    0.043111
-0.033144    -0.800421    0.044384
-0.033654    -0.800421    0.03924
0.124912    -0.800421    0.046566
-0.111593    -0.075511    0.051628
-0.095631    -0.034515    0.025824
-0.104213    -0.063102    0.05129
-0.118165    -0.080206    0.040669
-0.045312    0.103342    0.013038
-0.03117    0.052965    0.008276
0.044189    0.110726    -0.01389
0.04692    0.081731    -0.01129
0.071804    0.012279    0.002383
0.129548    -0.710106    0.04921
0.13243    -0.535623    0.040681
0.136626    -0.213658    0.028262
0.135236    -0.620452    0.032377
0.136106    -0.577176    0.029802
0.133231    -0.711943    0.038312
0.136273    -0.613268    0.029308
0.129035    -0.634786    0.050728
0.136336    -0.550175    0.029121
0.135638    -0.585967    0.031186
0.131909    -0.705068    0.042224
0.127524    -0.788099    0.0552
0.1309    -0.627535    0.045208
0.131853    -0.520111    0.042389
0.133374    -0.606499    0.037887
-0.130177    -0.493071    0.050095
-0.125315    -0.230336    0.059919
-0.129344    -0.246792    0.051778
-0.126277    -0.252015    0.057975
-0.126994    -0.275186    0.056526
-0.128049    -0.163129    0.054394
-0.125255    -0.198603    0.060039
-0.128204    -0.210393    0.05408
-0.120285    -0.108762    0.070082
-0.126505    -0.167907    0.057515
-0.130615    -0.509695    0.049209
-0.128999    -0.511622    0.052475
-0.129952    -0.510298    0.050548
-0.127198    -0.299575    0.056114
-0.126969    -0.338741    0.056576
-0.116185    -0.800421    0.063796
-0.006378    -0.800421    0.066388
-0.091024    -0.800421    0.071128
-0.102858    -0.800421    0.053888
-0.064431    -0.800421    0.05878
-0.073016    -0.00479    0.038348
-0.038062    0.062331    0.028065
0.035037    0.052965    0.006613
0.046589    0.078194    0.004975
0.082969    -0.009462    0.013965
0.1144    -0.063581    0.014483
0.108349    -0.054018    0.01691
0.113486    -0.068499    0.033627
0.130455    -0.460067    0.046527
0.125738    -0.548568    0.060487
0.127066    -0.518629    0.056556
0.125472    -0.142577    0.061274
0.12766    -0.195636    0.054797
0.130023    -0.37026    0.047803
0.125486    -0.104202    0.061232
0.126146    -0.410422    0.059277
0.128242    -0.103222    0.053075
0.131145    -0.134449    0.044484
0.129854    -0.251102    0.048305
0.127409    -0.297048    0.055541
0.126856    -0.302968    0.057178
0.129557    -0.485006    0.049182
0.130757    -0.405083    0.045633
-0.119939    -0.460559    0.070783
-0.123906    -0.562295    0.062767
-0.121802    -0.688403    0.067017
-0.124253    -0.534739    0.062064
-0.119579    -0.363233    0.071509
-0.121483    -0.573221    0.067663
-0.121725    -0.50467    0.067173
-0.131164    -0.750874    0.0481
-0.123394    -0.4584    0.063801
-0.117027    -0.783139    0.076666
-0.117833    -0.203161    0.075037
-0.120415    -0.327796    0.06982
-0.116843    -0.670619    0.077038
-0.119543    -0.452539    0.071582
0.048984    -0.800421    0.08478
0.104379    -0.800421    0.077312
0.040278    -0.800421    0.075144
0.063707    -0.800421    0.078795
0.106206    -0.800421    0.076884
-0.109401    -0.09264    0.074261
-0.102549    -0.071528    0.062807
-0.070848    -0.007758    0.044629
-0.038505    0.062812    0.030538
0.0153    0.052965    0.027574
0.04492    0.071545    0.013431
0.078586    -0.004329    0.021014
0.124502    -0.463601    0.063231
0.110879    -0.764545    0.083679
0.122428    -0.251286    0.066344
0.121353    -0.550923    0.067957
0.116865    -0.38817    0.074695
0.118449    -0.791745    0.072316
0.119636    -0.772392    0.070535
0.120772    -0.331367    0.068829
0.118097    -0.384022    0.072845
0.10822    -0.701606    0.087671
0.105887    -0.781875    0.091173
0.122506    -0.286327    0.066227
0.117683    -0.653023    0.073466
0.108631    -0.790879    0.087055
0.11901    -0.51681    0.071474
-0.113489    -0.700215    0.081465
-0.104781    -0.104923    0.091367
-0.116005    -0.365725    0.078604
-0.112283    -0.585488    0.082836
-0.094032    -0.118633    0.103589
-0.107987    -0.192543    0.087721
-0.107218    -0.383107    0.088596
-0.105794    -0.294783    0.090215
-0.098605    -0.146776    0.098389
-0.112151    -0.673307    0.082987
-0.10471    -0.15364    0.091448
-0.097581    -0.199419    0.099554
-0.103565    -0.320989    0.092749
-0.09781    -0.187705    0.099293
-0.110299    -0.467883    0.085092
-0.002464    -0.800421    0.091757
-0.051278    -0.800421    0.09723
0.018906    -0.800421    0.093784
-0.090573    -0.071393    0.080454
-0.056733    0.006128    0.051178
-0.06193    -0.04326    0.084139
-0.086874    -0.084193    0.093409
-0.032489    0.069656    0.036812
-0.006588    0.052965    0.031898
0.048331    0.094304    0.005162
0.054884    0.034999    0.021809
0.110877    -0.073117    0.048003
0.087456    -0.037664    0.04971
0.119036    -0.092953    0.057108
0.111225    -0.430008    0.083161
0.109826    -0.105519    0.08526
0.111868    -0.447871    0.082195
0.109922    -0.581631    0.085116
0.106911    -0.204013    0.089636
0.10894    -0.253164    0.08659
0.111228    -0.276641    0.083155
0.113534    -0.194581    0.079695
0.115204    -0.145297    0.077188
0.113548    -0.33721    0.079673
0.117392    -0.32111    0.073903
0.115104    -0.320694    0.077338
0.107097    -0.27666    0.089356
0.121255    -0.104964    0.068105
0.122526    -0.129422    0.066197
-0.094794    -0.503085    0.102722
-0.093907    -0.689038    0.103732
-0.101859    -0.416365    0.094689
-0.101525    -0.404809    0.095069
-0.097053    -0.657074    0.100155
-0.095452    -0.43056    0.101975
-0.105657    -0.764433    0.09037
-0.098185    -0.59849    0.098867
-0.10276    -0.50728    0.093665
-0.097368    -0.421145    0.099796
-0.101171    -0.532075    0.095472
-0.101295    -0.54193    0.09533
-0.098335    -0.46463    0.098697
-0.096894    -0.444043    0.100335
0.05091    -0.800421    0.113856
-0.00024    -0.800421    0.110566
-0.068312    -0.800421    0.105184
-0.052611    -0.00968    0.066788
-0.030024    0.077871    0.038968
0.032558    0.067325    0.034229
0.047345    0.085637    0.010157
0.074748    -0.016965    0.048741
0.098942    -0.149616    0.097881
0.104085    -0.166167    0.093358
0.103575    -0.444655    0.093807
0.103518    -0.580126    0.093856
0.10381    -0.486871    0.0936
0.104494    -0.108333    0.092998
0.100197    -0.182573    0.096778
0.102625    -0.111766    0.094643
-0.090543    -0.415718    0.106832
-0.091816    -0.41639    0.105984
-0.089138    -0.411271    0.107769
-0.086377    -0.205954    0.109608
-0.090737    -0.728481    0.106704
-0.084148    -0.380415    0.111093
-0.089759    -0.503568    0.107355
-0.013483    -0.800421    0.115185
-0.009646    -0.800421    0.111266
0.088971    -0.27619    0.10665
0.084254    -0.565628    0.110798
0.093429    -0.626176    0.102729
0.094845    -0.652122    0.101484
0.087295    -0.322207    0.108123
0.089647    -0.57531    0.106056
0.08121    -0.72023    0.113475
0.092809    -0.709125    0.103275
0.099152    -0.738424    0.097696
0.099108    -0.532999    0.097735
0.092016    -0.469666    0.103972
0.081568    -0.611717    0.11316
0.091019    -0.153251    0.104849
0.094212    -0.571957    0.10204
0.08682    -0.563342    0.108542
-0.047863    -0.060661    0.103632
-0.059559    -0.04941    0.090718
-0.046016    -0.025685    0.082262
-0.027017    0.10724    0.041504
0.02832    0.080918    0.037838
0.096925    -0.102184    0.098005
0.100441    -0.076291    0.071499
0.045639    0.038843    0.034185
0.088387    -0.084246    0.092191
-0.07307    -0.425919    0.118473
-0.073353    -0.641783    0.118284
-0.087055    -0.647672    0.109157
-0.081728    -0.645348    0.112705
-0.078259    -0.169226    0.115017
-0.081143    -0.73721    0.113095
-0.081905    -0.368314    0.112588
-0.079644    -0.778076    0.114094
-0.068107    -0.655568    0.121779
-0.07369    -0.715991    0.11806
-0.074573    -0.694908    0.117472
-0.084074    -0.790299    0.111142
-0.076843    -0.305347    0.11596
-0.076829    -0.369135    0.115969
-0.07343    -0.774635    0.118233
-0.032299    -0.800421    0.127515
0.078296    -0.631032    0.116037
0.086917    -0.293056    0.108456
0.081321    -0.268877    0.113377
0.081335    -0.47818    0.113365
0.080354    -0.371784    0.114228
0.084178    -0.173814    0.110865
0.077719    -0.448206    0.116545
0.08517    -0.139046    0.109993
-0.037216    -0.060994    0.109077
-0.01589    0.106522    0.045026
0.043071    0.086267    0.022562
0.045763    0.024372    0.046611
-0.072843    -0.276684    0.118624
-0.066481    -0.237451    0.122862
-0.068156    -0.302527    0.121747
-0.065755    -0.117974    0.123346
-0.06181    -0.488799    0.125975
-0.068021    -0.252629    0.121837
-0.062365    -0.368644    0.125605
-0.062642    -0.660987    0.12542
0.058602    -0.597223    0.12607
0.067104    -0.710485    0.121862
0.057208    -0.67165    0.12676
0.065525    -0.73233    0.122643
0.0617    -0.169596    0.124536
0.046799    -0.782653    0.131911
0.057652    -0.710086    0.12654
0.056633    -0.680317    0.127044
0.06137    -0.174171    0.1247
0.064338    -0.445064    0.123231
0.065771    -0.610853    0.122522
0.064754    -0.400862    0.123025
0.060182    -0.231873    0.125288
0.051874    -0.792318    0.129399
0.052612    -0.488977    0.129034
0.070913    -0.281989    0.119977
0.07727    -0.132727    0.116831
0.075362    -0.111722    0.117775
0.07621    -0.614336    0.117356
0.067671    -0.193896    0.121582
0.076934    -0.359504    0.116997
0.077536    -0.456391    0.1167
0.064289    -0.106259    0.123255
-0.030565    -0.043815    0.100488
-0.014796    -0.092924    0.132216
-0.012223    -0.05093    0.108255
-0.058396    -0.594601    0.127148
-0.061547    -0.511909    0.126083
-0.057288    -0.235926    0.127523
-0.05461    -0.371953    0.128428
-0.052463    -0.198986    0.129153
-0.055896    -0.211719    0.127993
-0.056277    -0.364013    0.127864
-0.058948    -0.155147    0.126962
-0.009558    0.08728    0.046464
0.034129    0.072667    0.035086
0.069397    -0.093197    0.112992
0.057692    -0.051264    0.09198
0.077684    -0.078215    0.097128
0.075727    -0.063215    0.088117
-0.034831    -0.707335    0.135112
-0.052127    -0.666439    0.129266
-0.035442    -0.488557    0.134905
-0.036836    -0.47823    0.134434
-0.045233    -0.704406    0.131596
-0.036615    -0.596652    0.134508
-0.046797    -0.34512    0.131068
-0.041457    -0.760196    0.132872
-0.044598    -0.509001    0.131811
-0.047051    -0.544405    0.130982
-0.044896    -0.367282    0.13171
-0.044961    -0.49229    0.131688
-0.04274    -0.407768    0.132439
-0.050571    -0.419019    0.129792
-0.050281    -0.755701    0.12989
0.045367    -0.354862    0.13262
0.049977    -0.364452    0.130338
0.05737    -0.150599    0.126679
0.056719    -0.134116    0.127002
0.053107    -0.333189    0.128789
0.054782    -0.28957    0.12796
0.051763    -0.317149    0.129454
-0.013428    0.003033    0.076574
-0.011347    -0.033393    0.098209
-0.006785    0.063669    0.047012
0.031478    0.034501    0.050529
0.045857    -0.028492    0.084241
0.04095    -0.683333    0.133646
0.020651    -0.377049    0.137712
0.035055    -0.542584    0.134827
0.029118    -0.325375    0.136016
0.019912    -0.709075    0.13786
0.026573    -0.220037    0.136525
0.017908    -0.482907    0.138262
0.031563    -0.539195    0.135526
0.03501    -0.594929    0.134836
0.039942    -0.776197    0.133848
0.012741    -0.687415    0.139297
0.030477    -0.75322    0.135744
0.027108    -0.304362    0.136418
0.031512    -0.43522    0.135536
0.022061    -0.448402    0.13743
0.000863    -0.524929    0.139484
-0.017137    -0.723325    0.13833
-0.004592    -0.280309    0.139134
-0.014688    -0.3407    0.138487
-0.008883    -0.288903    0.138859
-0.012797    -0.35182    0.138608
-0.016509    -0.778783    0.13837
-0.012747    -0.708946    0.138611
-0.011271    -0.54658    0.138706
-0.019938    -0.630027    0.13815
-0.018003    -0.697159    0.138274
-0.010755    -0.322095    0.138739
-0.000689    -0.721337    0.139385
-0.01828    -0.587636    0.138256
-0.04068    -0.237683    0.133135
-0.027648    -0.223412    0.137539
-0.030816    -0.540175    0.136468
-0.027726    -0.279183    0.137512
-0.031687    -0.502349    0.136174
-0.030694    -0.325176    0.136509
-0.037204    -0.213271    0.13431
-0.036529    -0.336865    0.134537
0.038496    -0.392067    0.134137
0.033891    -0.171704    0.13506
0.037783    -0.260845    0.13428
0.037996    -0.505214    0.134237
0.034373    -0.156407    0.134963
0.044315    -0.556658    0.132971
0.043962    -0.345694    0.133042
0.001313    0.049335    0.05125
0.002449    -0.00382    0.081628
-0.020965    -0.217471    0.138084
-0.023073    -0.566528    0.137949
-0.022245    -0.192576    0.138002
-0.026209    -0.518819    0.137748
-0.026061    -0.583671    0.137757
-0.016023    -0.322117    0.138401
-0.012448    -0.129496    0.13863
-0.001403    0.115135    0.049083
0.029319    0.068548    0.03927
0.032548    -0.021764    0.085876
0.030453    -0.006099    0.07713
0.036318    -0.087791    0.124469
0.026841    0.018086    0.063755
0.019024    -0.17191    0.138038
0.012237    -0.501747    0.139398
0.018266    -0.400672    0.13819
0.017303    -0.124714    0.138383
0.020803    -0.28468    0.137681
0.019435    -0.28023    0.137956
0.016542    -0.243301    0.138535
0.00512    -0.568799    0.139757
0.004354    -0.332082    0.139708
-0.001371    -0.11266    0.139341
0.004395    -0.481503    0.139711
0.004891    -0.558182    0.139743
0.007577    -0.549234    0.139915
0.002294    -0.323221    0.139576
0.017058    -0.017887    0.088709
-0.000558    -0.092922    0.132877
0.010816    -0.096091    0.133932
0.009171    -0.08166    0.125774
0.00933    0.055674    0.048633
0.022654    -0.006081    0.079778
0.013874    -0.102355    0.138931
