0.040258    -0.229905    0.149707
0.013402    -0.477079    0.153242
0.025742    -0.37881    0.151618
0.035744    -0.437762    0.150301
0.026205    -0.464069    0.151557
0.002329    -0.678817    0.1547
0.011544    -0.606168    0.153487
0.004786    -0.506779    0.154377
0.00561    -0.179176    0.154268
0.008037    -0.240483    0.153949
0.01948    -0.316068    0.152442
0.00055    -0.467346    0.154934
0.001305    -0.013303    0.154835
0.012024    -0.211699    0.153424
0.03857    -0.563257    0.149929
0.019509    -0.43251    0.152439
0.026874    -0.657913    0.151469
0.022602    -0.560646    0.152031
0.035605    -0.201039    0.15032
0.01243    -0.58222    0.153371
0.034652    -0.60041    0.150445
0.004924    -0.503408    0.154359
0.030889    -0.121483    0.15094
0.029025    -0.138738    0.151186
0.003588    -0.248238    0.154535
0.015046    -0.26911    0.153026
0.019247    -0.221634    0.152473
0.035247    -0.079835    0.150367
0.009355    -0.689205    0.016829
0.004225    -0.689205    0.138352
0.005215    -0.689205    0.123845
0.026853    -0.689205    0.043659
0.001854    -0.689205    -0.070809
0.00875    -0.689205    0.082709
0.049668    -0.364919    0.145977
0.051398    -0.291555    0.14526
0.051371    -0.32794    0.145271
0.046029    -0.062284    0.147484
0.049115    -0.069191    0.146206
0.045685    -0.060934    0.147626
0.046011    -0.202566    0.147491
0.055843    -0.381619    0.143419
0.056207    -0.194383    0.143268
0.066305    -0.136872    0.139085
0.06564    -0.239583    0.13936
0.042267    -0.319159    0.149042
0.047472    -0.319622    0.146886
0.051292    -0.452068    0.145304
-0.016634    -0.624837    0.152821
-0.022646    -0.416083    0.15203
-0.001389    -0.281618    0.154828
-0.007638    -0.669286    0.154006
-0.009134    -0.633259    0.153809
-0.013028    -0.316717    0.153296
-0.012416    -0.678614    0.153377
-0.034751    -0.627009    0.150436
-0.01049    -0.325408    0.15363
-0.017875    -0.360728    0.152658
-0.000564    -0.549553    0.154937
-0.000421    -0.552945    0.154956
-0.020011    -0.613635    0.152377
-0.007863    -0.58596    0.153976
0.015196    -0.689205    -0.148531
0.01249    -0.689205    -0.104516
0.015229    -0.689205    -0.139668
0.017425    -0.689205    -0.0302
0.018962    -0.689205    -0.07882
0.022667    -0.689205    0.00245
-0.023876    -0.689205    0.094726
-0.00215    -0.689205    -0.121954
-0.007228    -0.689205    -0.001718
-0.001143    -0.689205    -0.110925
-0.019063    -0.689205    0.011154
-0.005958    -0.689205    0.110679
0.078434    -0.626025    0.134061
0.06891    -0.207668    0.138006
0.046872    -0.608351    0.147135
0.069548    -0.590253    0.137742
0.05322    -0.48263    0.144505
0.058283    -0.509924    0.142408
0.072402    -0.210835    0.136559
0.068352    -0.272051    0.138237
0.076718    -0.176939    0.134772
0.066109    -0.513819    0.139166
0.059217    -0.422545    0.142021
0.059789    -0.648569    0.141784
0.06889    -0.460039    0.138014
0.066363    -0.572681    0.139061
-0.034765    -0.320901    0.150434
-0.027787    -0.35867    0.151353
-0.035056    -0.169722    0.150396
-0.036629    -0.239076    0.150189
-0.017544    -0.248838    0.152702
-0.024854    -0.232969    0.151739
-0.019208    -0.152794    0.152482
-0.024881    -0.395194    0.151736
-0.035041    -0.558004    0.150398
-0.035605    -0.31413    0.150324
-0.037259    -0.474603    0.150106
-0.018118    -0.048162    0.152626
-0.010889    -0.060749    0.153578
-0.010555    -0.108861    0.153622
0.047888    -0.689205    0.023091
0.056926    -0.689205    0.069071
0.050166    -0.689205    -0.019299
0.046792    -0.689205    0.062497
0.053968    -0.689205    0.128041
0.042719    -0.689205    -0.056827
0.00445    -0.46697    -0.160193
0.004698    -0.480344    -0.16016
0.016178    -0.675595    -0.158649
0.009279    -0.30017    -0.159557
0.004297    -0.34206    -0.160213
0.01662    -0.427437    -0.158591
0.023421    -0.494048    -0.157695
0.03326    -0.562958    -0.1564
0.025812    -0.526316    -0.157381
0.016587    -0.546151    -0.158595
0.005952    -0.418979    -0.159995
0.005986    -0.197683    -0.159991
0.033306    -0.659282    -0.156394
0.006037    -0.289925    -0.159984
-0.039311    -0.689205    0.099558
-0.019175    -0.689205    -0.085317
-0.017807    -0.689205    -0.144179
-0.040349    -0.689205    -0.092104
-0.022257    -0.689205    -0.026375
-0.023181    -0.689205    -0.10168
0.091227    -0.224134    0.12442
0.083995    -0.015761    0.129969
0.081225    -0.405709    0.132095
0.079417    -0.582049    0.133482
0.086168    -0.207074    0.128302
0.083198    -0.547836    0.130581
0.106418    -0.026139    0.112763
0.099047    -0.267859    0.118419
0.086519    -0.41289    0.128033
0.081218    -0.622478    0.1321
0.083786    -0.527249    0.130129
0.093535    -0.059409    0.122648
0.085774    -0.069782    0.128604
0.083051    -0.235628    0.130694
-0.052515    -0.218805    0.144811
-0.044684    -0.44533    0.148055
-0.047879    -0.164225    0.146731
-0.054257    -0.326031    0.144089
-0.06865    -0.56722    0.138127
-0.042058    -0.498115    0.149142
-0.059362    -0.412008    0.141975
-0.048339    -0.362687    0.14654
-0.061742    -0.584773    0.140989
-0.066326    -0.653619    0.13909
-0.058604    -0.514283    0.142288
-0.054806    -0.376706    0.143862
-0.062748    -0.503136    0.140572
0.066474    -0.689205    -0.126495
0.053564    -0.689205    -0.1225
0.068642    -0.689205    0.044692
0.062398    -0.689205    -0.091974
0.057544    -0.689205    -0.081305
0.078553    -0.689205    0.035986
0.032832    -0.138025    -0.156457
0.038579    -0.50961    -0.1557
0.035725    -0.191414    -0.156076
0.015069    -0.115683    -0.158795
0.036762    -0.538397    -0.155939
0.040847    -0.156227    -0.155401
0.016441    -0.151445    -0.158614
0.034421    -0.411752    -0.156247
0.040719    -0.269228    -0.155418
0.032756    -0.113484    -0.156467
0.023917    -0.353574    -0.15763
0.039208    -0.070913    -0.155617
0.019008    -0.161135    -0.158277
-0.022126    -0.187955    -0.15787
-0.01074    -0.502927    -0.159369
-0.017619    -0.093315    -0.158464
-0.017177    -0.17021    -0.158522
-0.018234    -0.015814    -0.158383
-0.005983    -0.28668    -0.159995
-0.024259    -0.122129    -0.157589
-0.002469    -0.246487    -0.160458
-0.007936    -0.286523    -0.159738
-0.003178    -0.544513    -0.160365
-0.031799    -0.128117    -0.156597
-0.001393    -0.452417    -0.1606
-0.02692    -0.155043    -0.157239
-0.021467    -0.033819    -0.157957
-0.049573    -0.689205    0.052136
-0.057809    -0.689205    -0.122204
-0.065895    -0.689205    -0.117559
-0.041175    -0.689205    0.135534
-0.053457    -0.689205    -0.104974
-0.056678    -0.689205    -0.056903
-0.031565    -0.454377    -0.156628
-0.020616    -0.677636    -0.158069
-0.022403    -0.569194    -0.157834
-0.031773    -0.456762    -0.1566
-0.030281    -0.501452    -0.156797
-0.026968    -0.593422    -0.157233
-0.040422    -0.510202    -0.155462
-0.031365    -0.477599    -0.156654
-0.013172    -0.602157    -0.159049
-0.020485    -0.369106    -0.158086
-0.034889    -0.490519    -0.15619
-0.026701    -0.612398    -0.157268
-0.028542    -0.669217    -0.157026
-0.034771    -0.552562    -0.156206
0.105755    -0.247637    0.113271
0.090203    -0.539891    0.125205
0.101909    -0.266579    0.116223
0.096872    -0.617092    0.120088
0.109395    -0.615662    0.110479
0.110623    -0.668178    0.109536
0.082306    -0.660272    0.131265
0.104432    -0.614388    0.114287
0.108766    -0.580219    0.110961
0.111099    -0.66628    0.109171
0.10757    -0.204157    0.111879
0.085539    -0.558481    0.128785
0.109835    -0.598446    0.110141
0.104626    -0.231708    0.114138
-0.078367    -0.447528    0.134102
-0.073693    -0.135117    0.136038
-0.062707    -0.097624    0.140589
-0.066945    -0.204553    0.138834
-0.05033    -0.126415    0.145716
-0.060251    -0.202843    0.141606
-0.0513    -0.078911    0.145314
-0.04527    -0.017779    0.147812
-0.066968    -0.11236    0.138824
-0.060287    -0.271632    0.141591
-0.068741    -0.081209    0.13809
-0.077503    -0.36697    0.13446
-0.063998    -0.193859    0.140054
-0.067153    -0.411146    0.138747
-0.056487    -0.689205    0.09564
-0.068198    -0.689205    -0.019605
-0.066025    -0.689205    -0.012532
-0.072968    -0.689205    0.093814
-0.049178    -0.689205    0.128219
0.081803    -0.689205    0.100684
0.08443    -0.689205    -0.005454
0.094737    -0.689205    0.003346
0.107076    -0.689205    0.074659
0.060783    -0.481451    -0.147144
0.051612    -0.216553    -0.150943
0.067309    -0.62155    -0.144441
0.050879    -0.644016    -0.151247
0.062848    -0.675213    -0.146289
0.0419    -0.426917    -0.154966
0.050959    -0.52561    -0.151213
0.048724    -0.404131    -0.152139
0.044817    -0.29905    -0.153758
0.041956    -0.600788    -0.154943
0.048112    -0.36435    -0.152393
0.065903    -0.5637    -0.145023
0.047793    -0.617107    -0.152525
0.049703    -0.198269    -0.151734
-0.059533    -0.454075    -0.147676
-0.064458    -0.575469    -0.145636
-0.070306    -0.17494    -0.143214
-0.069008    -0.643507    -0.143751
-0.076376    -0.363263    -0.140699
-0.061098    -0.628752    -0.147028
-0.066405    -0.635145    -0.144829
-0.074552    -0.098546    -0.141455
-0.063419    -0.528137    -0.146066
-0.052746    -0.613834    -0.150487
-0.067518    -0.566305    -0.144368
-0.071801    -0.627711    -0.142594
-0.06484    -0.669994    -0.145477
-0.072793    -0.146734    -0.142183
-0.060804    -0.29534    -0.147149
-0.041565    -0.241243    -0.155119
-0.047326    -0.43333    -0.152732
-0.045525    -0.510906    -0.153478
-0.045764    -0.076162    -0.153379
-0.045379    -0.588899    -0.153539
-0.059596    -0.241988    -0.14765
-0.04948    -0.522372    -0.15184
-0.044045    -0.473794    -0.154091
-0.062354    -0.200353    -0.146507
-0.053758    -0.428131    -0.150068
-0.047335    -0.252466    -0.152728
-0.074081    -0.057988    -0.14165
-0.048871    -0.529262    -0.152092
0.119222    -0.370388    0.09887
0.117783    -0.490527    0.100746
0.117081    -0.511247    0.101661
0.118225    -0.399042    0.10017
0.126804    -0.549989    0.08899
0.130257    -0.633869    0.08449
0.116468    -0.64817    0.10246
0.129142    -0.641688    0.085943
0.127804    -0.52817    0.087686
0.117747    -0.618148    0.100793
0.116801    -0.571304    0.102025
0.124622    -0.637705    0.091833
0.123235    -0.388376    0.093641
0.123442    -0.41837    0.093371
-0.106152    -0.687252    0.112992
-0.092585    -0.328447    0.123403
-0.1006    -0.680939    0.117253
-0.097661    -0.53541    0.119508
-0.102616    -0.540253    0.115705
-0.084494    -0.667327    0.129611
-0.09842    -0.496454    0.118925
-0.080977    -0.556293    0.132311
-0.094551    -0.581109    0.121894
-0.095838    -0.555311    0.120906
-0.087861    -0.20471    0.127028
-0.091312    -0.351344    0.12438
-0.094118    -0.653787    0.122226
-0.092662    -0.498929    0.123343
-0.088361    -0.689205    0.045967
-0.081885    -0.689205    -0.002971
-0.086429    -0.689205    0.075262
-0.100321    -0.689205    -0.080421
0.110015    -0.689205    0.017938
0.105983    -0.689205    -0.039163
0.096102    -0.689205    -0.092705
0.092787    -0.689205    -0.089651
0.076794    -0.153606    -0.140512
0.076892    -0.636455    -0.140472
0.073839    -0.113476    -0.141736
0.055872    -0.24402    -0.149179
0.050861    -0.072198    -0.151254
0.078088    -0.047137    -0.139976
0.077585    -0.45203    -0.140185
0.061684    -0.301486    -0.146771
0.065119    -0.19658    -0.145348
0.078785    -0.383462    -0.139687
0.057549    -0.048905    -0.148484
0.072349    -0.172042    -0.142353
0.062294    -0.187564    -0.146518
-0.095692    -0.140011    -0.126791
-0.079347    -0.593707    -0.139333
-0.090481    -0.317944    -0.130789
-0.079101    -0.664853    -0.139522
-0.085141    -0.027672    -0.134887
-0.082232    -0.378099    -0.137119
-0.095815    -0.051681    -0.126696
-0.087797    -0.379321    -0.132849
-0.084994    -0.206864    -0.135
-0.081301    -0.513305    -0.137834
-0.084726    -0.073308    -0.135206
-0.083082    -0.274322    -0.136467
-0.086283    -0.127444    -0.134011
-0.088403    -0.25319    -0.132384
0.121928    -0.053343    0.095344
0.133691    -0.087382    0.080015
0.129135    -0.229013    0.085952
0.123402    -0.267321    0.093423
0.126999    -0.012567    0.088736
0.13049    -0.323118    0.084187
0.129692    -0.291342    0.085226
0.122823    -0.104073    0.094177
0.114532    -0.01122    0.104982
0.132519    -0.179218    0.081543
0.120862    -0.121626    0.096734
0.125952    -0.009077    0.0901
0.13504    -0.242404    0.078257
0.136521    -0.552434    0.076327
0.13534    -0.689205    -0.000586
0.127048    -0.689205    0.040844
-0.102415    -0.415277    0.115859
-0.092895    -0.245601    0.123165
-0.099668    -0.390299    0.117967
-0.083571    -0.066341    0.13032
-0.089687    -0.192027    0.125626
-0.086804    -0.126611    0.127839
-0.10401    -0.065569    0.114636
-0.108239    -0.414405    0.111391
-0.105961    -0.339343    0.113138
-0.097257    -0.337936    0.119817
-0.103088    -0.035434    0.115343
-0.109141    -0.502944    0.110698
-0.11019    -0.27317    0.109893
-0.095572    -0.222839    0.12111
-0.110202    -0.689205    -0.08022
-0.089837    -0.689205    0.05939
-0.091552    -0.689205    0.102525
-0.102438    -0.689205    -0.032493
-0.108659    -0.625647    -0.11684
-0.104151    -0.426311    -0.120299
-0.104012    -0.612399    -0.120406
-0.100406    -0.519625    -0.123173
-0.1    -0.387431    -0.123484
-0.109088    -0.4819    -0.116511
-0.096629    -0.594172    -0.126071
-0.10669    -0.635148    -0.118351
-0.111492    -0.44855    -0.114666
-0.108    -0.139715    -0.117345
-0.105527    -0.635708    -0.119244
-0.10818    -0.440489    -0.117208
-0.110472    -0.075477    -0.115449
0.115536    -0.689205    -0.019901
0.122285    -0.689205    0.017487
0.123951    -0.689205    0.013204
0.106139    -0.606469    -0.118749
0.086289    -0.516836    -0.133981
0.082147    -0.322382    -0.13716
0.086564    -0.381942    -0.13377
0.080855    -0.074838    -0.138151
0.100986    -0.672821    -0.122703
0.079863    -0.248083    -0.138912
0.085165    -0.153842    -0.134843
0.086949    -0.34129    -0.133474
0.085946    -0.253137    -0.134244
0.085787    -0.426439    -0.134366
0.082803    -0.601061    -0.136655
0.078944    -0.269397    -0.139617
0.106428    -0.678462    -0.118527
0.149137    -0.656519    0.046094
0.150718    -0.675474    0.042278
0.14376    -0.626616    0.059077
0.143403    -0.444091    0.059939
0.137003    -0.416939    0.075389
0.137452    -0.24859    0.074305
0.141833    -0.368803    0.06373
0.144218    -0.686188    0.057971
0.14758    -0.678047    0.049853
0.13889    -0.137438    0.070834
0.14312    -0.681359    0.060622
0.146045    -0.633363    0.053559
0.138219    -0.259196    0.072455
0.140971    -0.600352    0.065811
0.137203    -0.689205    -0.0184
-0.112074    -0.239419    0.108227
-0.11212    -0.652328    0.108167
-0.115003    -0.135225    0.104411
-0.115282    -0.037249    0.104047
-0.1138    -0.195682    0.105978
-0.120355    -0.395624    0.097436
-0.125164    -0.047225    0.091169
-0.11376    -0.312669    0.10603
-0.129301    -0.142246    0.085777
-0.116331    -0.418211    0.10268
-0.117303    -0.174636    0.101413
-0.114872    -0.302651    0.104581
-0.113388    -0.091403    0.106516
-0.120913    -0.031141    0.096709
-0.119541    -0.689205    -0.000293
-0.124498    -0.689205    -0.014187
-0.118876    -0.689205    -0.072784
-0.122141    -0.55803    -0.10088
-0.118763    -0.354809    -0.105282
-0.118734    -0.646233    -0.105321
-0.127293    -0.583393    -0.094166
-0.120376    -0.489242    -0.10318
-0.123518    -0.377099    -0.099086
-0.124635    -0.495995    -0.097631
-0.119093    -0.280558    -0.104852
-0.114799    -0.644858    -0.110449
-0.124484    -0.465134    -0.097827
-0.123663    -0.527011    -0.098897
-0.119718    -0.67589    -0.104038
-0.129458    -0.528179    -0.091344
-0.112559    -0.123848    -0.113368
0.125069    -0.498785    -0.097023
0.134043    -0.28579    -0.085328
0.130418    -0.486412    -0.090052
0.12109    -0.632313    -0.102208
0.130955    -0.636828    -0.089352
0.133665    -0.100593    -0.085821
0.123924    -0.616774    -0.098515
0.134881    -0.596053    -0.084236
0.135886    -0.396614    -0.082926
0.132031    -0.293269    -0.08795
0.134479    -0.518269    -0.08476
0.126395    -0.299021    -0.095295
0.124486    -0.492433    -0.097782
0.136145    -0.649552    -0.082588
0.105012    -0.068406    -0.119614
0.094106    -0.014431    -0.127983
0.091247    -0.105871    -0.130176
0.097288    -0.179987    -0.125541
0.098164    -0.371096    -0.124869
0.081801    -0.057984    -0.137424
0.108264    -0.311097    -0.117118
0.109666    -0.441284    -0.116043
0.104923    -0.436561    -0.119682
0.09728    -0.20247    -0.125547
0.108633    -0.059409    -0.116835
0.096521    -0.25148    -0.12613
0.086748    -0.040487    -0.133629
0.151584    -0.439231    0.040187
0.150427    -0.374048    0.042979
0.143794    -0.015647    0.058995
0.145396    -0.239891    0.055128
0.151874    -0.125392    0.039487
0.152249    -0.4935    0.038582
0.146144    -0.393259    0.05332
0.148468    -0.294066    0.04771
0.144185    -0.215631    0.058051
0.14106    -0.135486    0.065594
0.149336    -0.435532    0.045613
0.151041    -0.598006    0.041498
0.148199    -0.170677    0.04836
0.144864    -0.351044    0.056411
0.148889    -0.689205    0.009818
-0.134123    -0.38646    0.079493
-0.112876    -0.663508    0.107182
-0.12476    -0.535537    0.091695
-0.129032    -0.624957    0.086128
-0.113705    -0.63768    0.106102
-0.133667    -0.397852    0.080088
-0.132126    -0.202812    0.082096
-0.131014    -0.227734    0.083545
-0.133016    -0.655602    0.080936
-0.133034    -0.598231    0.080913
-0.125991    -0.438982    0.090091
-0.130511    -0.658436    0.084201
-0.115439    -0.646821    0.103843
-0.135643    -0.050464    0.077513
-0.135108    -0.689205    -0.050426
-0.128697    -0.689205    -0.011234
-0.130357    -0.372562    -0.090173
-0.13215    -0.296021    -0.087837
-0.128442    -0.377628    -0.092669
-0.13258    -0.061619    -0.087276
-0.131063    -0.146488    -0.089253
-0.135712    -0.504239    -0.083195
-0.112677    -0.026936    -0.113214
-0.129922    -0.378074    -0.09074
-0.131555    -0.044623    -0.088613
-0.124259    -0.24669    -0.09812
-0.135081    -0.617909    -0.084017
-0.115952    -0.046172    -0.108946
-0.114433    -0.014065    -0.110925
-0.132088    -0.496342    -0.087918
0.114106    -0.487789    -0.11131
0.11645    -0.134751    -0.108255
0.114932    -0.439082    -0.110233
0.116774    -0.012151    -0.107833
0.11707    -0.256197    -0.107447
0.121388    -0.120139    -0.101819
0.122393    -0.3582    -0.100511
0.112479    -0.141582    -0.11343
0.112971    -0.541124    -0.112788
0.119925    -0.296098    -0.103727
0.133044    -0.045437    -0.08663
0.133087    -0.058863    -0.086574
0.113087    -0.565493    -0.112637
0.142685    -0.208713    -0.067443
0.146523    -0.222403    -0.058176
0.141916    -0.062763    -0.069301
0.149625    -0.080712    -0.050689
0.137565    -0.420837    -0.079806
0.144886    -0.088169    -0.062129
0.137155    -0.260925    -0.080795
0.13848    -0.155804    -0.077596
0.141092    -0.06525    -0.07129
0.137238    -0.577302    -0.080595
0.13796    -0.042252    -0.078851
0.13999    -0.173303    -0.07395
0.140186    -0.343214    -0.073476
0.150953    -0.021976    -0.047481
0.153476    -0.477168    0.030555
0.153924    -0.623897    0.027149
0.153253    -0.320959    0.032243
0.153136    -0.241395    0.033131
0.15493    -0.609243    0.01951
0.153572    -0.651007    0.029826
0.15449    -0.388053    0.022848
0.155318    -0.633766    0.016566
0.15461    -0.394374    0.021939
0.153694    -0.307632    0.028901
0.154293    -0.542537    0.024344
0.154161    -0.381235    0.025347
0.152757    -0.154545    0.036015
0.155241    -0.624732    0.017145
0.139899    -0.557403    -0.074171
0.149923    -0.136442    -0.049969
0.144892    -0.365215    -0.062116
0.150182    -0.377052    -0.049345
0.149107    -0.659786    -0.051938
0.150442    -0.317927    -0.048715
0.145862    -0.528385    -0.059774
0.147321    -0.281498    -0.056251
0.150671    -0.337871    -0.048163
0.14457    -0.411357    -0.062894
0.145919    -0.644236    -0.059637
0.139603    -0.648541    -0.074884
0.146731    -0.51111    -0.057676
0.142662    -0.50378    -0.067499
-0.138226    -0.043591    0.072514
-0.137107    -0.18275    0.075216
-0.139876    -0.190024    0.068532
-0.138585    -0.533858    0.071647
-0.137188    -0.210673    0.07502
-0.141438    -0.05648    0.06476
-0.137583    -0.332761    0.074067
-0.137159    -0.492044    0.07509
-0.137955    -0.259057    0.073169
-0.142315    -0.393535    0.062644
-0.140688    -0.097312    0.06657
-0.13759    -0.58277    0.074051
-0.137287    -0.229057    0.07478
-0.137859    -0.51605    0.0734
-0.13774    -0.689205    -0.05285
-0.145587    -0.659289    -0.060516
-0.136975    -0.357189    -0.081306
-0.137542    -0.687861    -0.079939
-0.137291    -0.408587    -0.080544
-0.139864    -0.338139    -0.074333
-0.144291    -0.391072    -0.063644
-0.140082    -0.618007    -0.073807
-0.142572    -0.671615    -0.067794
-0.140607    -0.347737    -0.072539
-0.144062    -0.498991    -0.064198
-0.146507    -0.680284    -0.058294
-0.141004    -0.622057    -0.07158
-0.136905    -0.148398    -0.081477
-0.141844    -0.509171    -0.069552
0.154767    -0.012965    0.020751
0.15752    -0.21171    -0.000156
0.154238    -0.196438    0.024765
0.157708    -0.528103    -0.001587
0.156376    -0.081421    0.008525
0.156127    -0.437108    0.010418
0.157575    -0.434915    -0.000574
0.154569    -0.166383    0.022249
0.155074    -0.072172    0.018417
0.155858    -0.26321    0.012464
0.154852    -0.174293    0.020104
0.155784    -0.201744    0.013025
0.156339    -0.118943    0.008808
0.155044    -0.006154    0.018644
0.157344    -0.367737    -0.006948
0.156723    -0.337849    -0.011665
0.154697    -0.544198    -0.027053
0.157775    -0.019203    -0.003675
0.156799    -0.505576    -0.011088
0.155551    -0.56363    -0.020567
0.156367    -0.595821    -0.014367
0.156171    -0.370222    -0.015858
0.154073    -0.615836    -0.031793
0.15369    -0.650761    -0.034701
0.15532    -0.5563    -0.02232
0.154275    -0.66573    -0.030258
0.156942    -0.231042    -0.010002
0.156513    -0.375068    -0.013261
0.153351    -0.023382    -0.037271
0.153629    -0.431733    -0.035165
0.155676    -0.122069    -0.019614
0.154081    -0.235781    -0.031728
0.152777    -0.297931    -0.04163
0.154439    -0.302442    -0.029011
0.153873    -0.422273    -0.03331
0.15355    -0.268756    -0.035765
0.154568    -0.136382    -0.028029
0.152913    -0.294287    -0.0406
0.154173    -0.229802    -0.031029
0.155536    -0.169936    -0.020682
0.155738    -0.070174    -0.019142
0.152953    -0.402875    -0.0403
-0.139987    -0.566949    0.068264
-0.141892    -0.617716    0.063665
-0.150171    -0.468697    0.043677
-0.149936    -0.286284    0.044246
-0.150866    -0.0948    0.042
-0.144749    -0.426702    0.056767
-0.149467    -0.528896    0.045377
-0.145321    -0.503887    0.055387
-0.148781    -0.282753    0.047033
-0.148714    -0.66776    0.047195
-0.147161    -0.34708    0.050943
-0.146932    -0.676135    0.051497
-0.150668    -0.298711    0.042478
-0.14392    -0.609907    0.058767
-0.150245    -0.567818    -0.049271
-0.143469    -0.083658    -0.065629
-0.14044    -0.024857    -0.072941
-0.152495    -0.007856    -0.043838
-0.147349    -0.061008    -0.056263
-0.143859    -0.193074    -0.064687
-0.144449    -0.324615    -0.063263
-0.145009    -0.19242    -0.061912
-0.148641    -0.0413    -0.053142
-0.140528    -0.01677    -0.07273
-0.149478    -0.504184    -0.051122
-0.141044    -0.167842    -0.071483
-0.15248    -0.598187    -0.043875
-0.152524    -0.48682    -0.043769
-0.153762    -0.106109    0.028631
-0.15379    -0.288327    0.028415
-0.153615    -0.144461    0.029742
-0.153494    -0.09312    0.030662
-0.156252    -0.094987    0.009715
-0.152965    -0.073239    0.034681
-0.154809    -0.275525    0.020676
-0.15638    -0.146709    0.008745
-0.152817    -0.621844    0.035805
-0.154209    -0.114897    0.025236
-0.153134    -0.152818    0.033402
-0.155505    -0.055809    0.015393
-0.155084    -0.203277    0.018587
-0.153372    -0.069967    0.03159
-0.152787    -0.135129    -0.041805
-0.153209    -0.349829    -0.038603
-0.154823    -0.317814    -0.026339
-0.153732    -0.425007    -0.034631
-0.153648    -0.612999    -0.035264
-0.153213    -0.659172    -0.038572
-0.157453    -0.661678    -0.006367
-0.155969    -0.576187    -0.01764
-0.154295    -0.420661    -0.030352
-0.153984    -0.296699    -0.032713
-0.154998    -0.489362    -0.02501
-0.157067    -0.640967    -0.009298
-0.152921    -0.159343    -0.040791
-0.153433    -0.159804    -0.036899
-0.156417    -0.401598    0.008466
-0.154548    -0.562833    0.022661
-0.155807    -0.48513    0.013093
-0.154782    -0.44701    0.020878
-0.15614    -0.283403    0.010568
-0.155857    -0.438354    0.012715
-0.155496    -0.571977    0.015461
-0.15691    -0.591232    0.004718
-0.154825    -0.481412    0.020552
-0.156029    -0.420764    0.011412
-0.154298    -0.68007    0.02456
-0.154551    -0.688582    0.022639
-0.157724    -0.501591    -0.001464
-0.155378    -0.464522    0.016358
-0.157775    -0.553198    -0.00392
-0.154263    -0.176451    -0.030595
-0.15561    -0.025886    -0.020363
-0.156859    -0.080046    -0.010878
-0.152968    -0.040165    -0.040432
-0.156596    -0.4629    -0.012875
-0.156612    -0.077237    -0.012752
-0.157448    -0.601836    -0.006406
-0.156361    -0.423258    -0.014657
-0.155545    -0.210738    -0.020857
-0.157029    -0.259726    -0.009588
-0.154707    -0.137832    -0.027222
-0.154607    -0.218385    -0.027984
-0.155934    -0.280705    -0.017901
0.006766    -0.002924    0.153854
-0.013396    -0.002913    -0.158756
-0.043315    -0.004063    0.148495
0.13224    0.002832    0.080037
-0.105654    -0.002639    -0.118774
0.003609    0.012822    0.150299
-0.082077    0.006459    -0.134687
0.137674    0.007637    0.067727
0.009155    0.009836    -0.156455
0.080659    0.019067    0.123461
-0.09212    0.003799    0.122028
-0.051631    0.009876    -0.147586
0.129757    0.017841    0.074347
-0.143362    -0.002967    0.05945
-0.058011    0.015431    -0.142516
0.073523    0.024715    0.124393
-0.081774    0.012427    0.126593
0.02677    0.016667    -0.151227
0.15095    0.007074    -0.038852
-0.030064    0.021312    0.142432
0.085234    0.01185    -0.129954
-0.139957    0.012606    -0.063349
0.147661    0.01523    0.034527
-0.135706    0.007851    0.072421
-0.055718    0.022922    -0.13885
0.115369    0.031371    0.076791
-0.070028    0.022336    0.127571
0.045933    0.020865    -0.144364
0.048587    0.03228    0.127521
0.138539    0.019791    -0.057695
-0.129432    0.019539    0.073396
-0.103518    0.030032    -0.100254
0.129535    0.035037    0.040013
-0.057926    0.029548    0.126604
-0.055082    0.03165    -0.131341
0.084074    0.038535    0.098219
0.102405    0.021066    -0.111047
-0.127672    0.022732    0.072316
-0.143464    0.022904    -0.039068
0.134425    0.034995    0.019114
-0.058995    0.038676    0.114708
0.086593    0.029174    -0.115554
-0.148804    0.021575    -0.005246
0.133976    0.036536    -0.01242
-0.104787    0.033022    0.08774
0.080801    0.038382    -0.106763
-0.141638    0.030021    -0.010439
0.126741    0.034077    -0.055304
-0.1225    0.033185    0.062327
-0.091909    0.039182    -0.096719
0.099124    0.044105    0.066104
-0.082104    0.042225    0.091698
0.001842    0.041249    -0.130536
-0.138693    0.03128    0.017433
0.117199    0.038218    -0.064394
-0.135941    0.032162    0.031156
-0.085157    0.042859    -0.093275
0.116057    0.045512    -0.013734
0.054815    0.044329    -0.110206
-0.121654    0.043093    0.015507
-0.060919    0.046425    0.093363
-0.010556    0.045034    -0.120613
0.111349    0.046675    -0.016653
0.032546    0.045159    -0.116772
-0.028355    0.047039    0.104466
0.082251    0.046646    -0.080268
0.082715    0.04724    -0.074104
0.122538    0.0848    0.001856
0.12103    0.177742    0.013309
0.1195    0.084681    -0.030704
0.108122    0.080874    -0.060943
0.111509    0.205532    -0.025639
0.120834    0.116221    0.014799
0.120229    0.078703    -0.025168
0.117919    0.175355    -0.037293
0.099689    0.112174    -0.073558
0.106522    0.180926    -0.064654
0.111324    0.17669    0.047441
0.116935    0.166717    0.033895
0.090962    0.127709    -0.084932
0.087765    0.205532    -0.011264
0.110576    0.084442    0.049247
0.085027    0.096174    -0.091564
0.086511    0.205532    0.066433
0.099011    0.147316    0.06867
0.096952    0.144757    0.071353
0.071128    0.056739    -0.102229
0.073129    0.205532    0.043272
0.09118    0.157616    0.078876
0.093538    0.127445    0.075802
0.049366    0.152205    -0.114617
0.087236    0.044645    -0.036425
0.054425    0.205532    0.030878
0.070349    0.161976    0.097055
0.062428    0.066272    0.103133
0.085218    0.16474    0.085646
0.034484    0.112964    -0.120782
0.09267    0.044645    0.003338
0.075545    0.044645    -0.023071
0.037856    0.205532    -0.042653
0.045532    0.114413    0.110433
0.055168    0.102991    0.106442
0.056852    0.044645    -0.024734
0.021651    0.157004    -0.123212
0.021257    0.205532    0.034186
0.02259    0.205532    -0.094907
0.041281    0.189037    0.112194
0.050872    0.044645    0.059091
0.019007    0.054811    -0.12356
0.00662    0.205532    0.011157
0.002124    0.205532    0.040287
0.007807    0.061023    0.119262
0.028976    0.085416    0.116474
0.046689    0.044645    0.076234
-0.000895    0.051063    -0.125948
-0.004326    0.205532    -0.087234
-0.023973    0.205532    -0.087478
0.000292    0.168607    0.120251
0.020112    0.044645    0.000803
0.018089    0.044645    0.099766
-0.011159    0.062427    -0.124597
-0.013991    0.205532    0.072884
-0.019144    0.205532    -0.010206
-0.005764    0.085029    0.119535
0.005478    0.044645    -0.044516
0.002034    0.044645    0.075617
-0.042014    0.173876    -0.117676
-0.034558    0.205532    -0.090919
-0.045027    0.205532    -0.106786
-0.030119    0.186988    0.116328
-0.00434    0.044645    -0.012343
-0.004049    0.044645    -0.078593
-0.053306    0.12807    -0.112999
-0.050911    0.205532    0.101441
-0.043889    0.066592    0.111127
-0.042704    0.12709    0.111618
-0.017779    0.044645    0.044162
-0.069022    0.150949    -0.10387
-0.063482    0.205532    -0.088787
-0.076814    0.205532    -0.033841
-0.061601    0.135338    0.103791
-0.040715    0.044645    -0.056885
-0.082869    0.078534    -0.093245
-0.084334    0.082368    -0.092121
-0.084331    0.205532    0.025648
-0.073162    0.088776    0.094921
-0.049704    0.044645    -0.064158
-0.064038    0.044645    -0.074864
-0.103571    0.04581    -0.068542
-0.088931    0.205532    0.052857
-0.083044    0.117362    0.087338
-0.062816    0.044645    0.037865
-0.099748    0.194652    -0.073523
-0.098957    0.165554    -0.074555
-0.088406    0.06598    0.082533
-0.078069    0.044645    -0.061014
-0.088397    0.044645    -0.014871
-0.114986    0.08678    -0.044451
-0.095973    0.051304    0.072671
-0.094267    0.044645    -0.027056
-0.112234    0.15448    -0.051092
-0.110703    0.142904    0.049019
-0.098642    0.044645    0.01976
-0.121922    0.066068    -0.01255
-0.118943    0.185872    0.029125
-0.121129    0.20472    -0.018571
-0.11988    0.188296    -0.028056
-0.11911    0.172435    0.028138
-0.121472    0.079353    0.010194
0.122837    0.173017    -0.000418
0.122089    0.198071    0.005266
0.120539    0.124503    -0.022814
0.106803    0.069846    -0.064128
0.107315    0.205532    0.024018
0.119354    0.144024    0.026039
0.121405    0.121634    -0.016229
0.113809    0.076405    -0.047214
0.091773    0.056308    -0.083875
0.095665    0.078234    -0.078803
0.109417    0.194381    0.052045
0.112353    0.136196    0.044958
0.098822    0.142699    -0.074689
0.09834    0.044645    -0.063205
0.08868    0.205532    -0.077436
0.107147    0.090571    0.057525
0.082643    0.098728    -0.093394
0.096567    0.044645    -0.050049
0.068529    0.205532    -0.06344
0.104275    0.181139    0.06181
0.083594    0.050374    -0.092664
0.079053    0.059766    -0.096148
0.068407    0.205532    0.045638
0.09344    0.084634    0.07593
0.097999    0.062953    0.06999
0.055883    0.199818    -0.111918
0.089667    0.044645    -0.040363
0.039406    0.205532    -0.111993
0.05672    0.205532    -0.109024
0.071586    0.184986    0.096106
0.076879    0.050745    0.092045
0.095879    0.044645    0.057212
0.058233    0.049035    -0.110945
0.092964    0.044645    -0.032327
0.036492    0.205532    0.035338
0.035539    0.205532    0.083847
0.060289    0.108525    0.104321
0.070473    0.044645    0.086539
0.064468    0.044645    0.006345
0.019379    0.164971    -0.123511
0.05596    0.044645    0.092338
0.015889    0.205532    -0.087453
0.02753    0.205532    -0.002875
0.050118    0.198546    0.108533
0.052125    0.044645    0.013555
0.008892    0.099439    -0.124891
0.002838    0.102534    -0.125688
0.006971    0.205532    0.103948
0.010856    0.205532    0.104868
0.020351    0.047559    0.11761
0.033945    0.044645    -0.021383
0.024984    0.044645    -0.111835
-0.008125    0.089878    -0.124996
-0.003721    0.205532    0.01965
-0.000757    0.205532    -0.114596
0.000631    0.128779    0.120207
0.02669    0.044645    -0.053701
0.023826    0.044645    0.095723
-0.0073    0.068052    -0.125105
-0.013741    0.205532    0.10776
-0.029079    0.205532    0.074434
-0.012872    0.081706    0.118599
0.001087    0.044645    0.105472
0.018086    0.044645    -0.072897
-0.047472    0.163952    -0.115416
-0.036742    0.127193    -0.11986
-0.034452    0.205532    0.038156
-0.024091    0.100893    0.117122
-0.024665    0.19533    0.117046
-0.008519    0.044645    0.001573
-0.004671    0.044645    -0.111365
-0.055295    0.054184    -0.112175
-0.057245    0.205532    -0.00283
-0.037922    0.079542    0.113599
-0.047456    0.109997    0.109649
-0.014691    0.044645    0.07809
-0.046272    0.044645    -0.099936
-0.078278    0.155992    -0.096768
-0.063412    0.205532    -0.09802
-0.060947    0.188269    0.104062
-0.051664    0.194867    0.107907
-0.032354    0.044645    0.012399
-0.069673    0.044645    -0.086022
-0.071388    0.089027    -0.102054
-0.084205    0.205532    0.056228
-0.067875    0.080296    0.098978
-0.071761    0.044645    0.078812
-0.047833    0.044645    -0.048153
-0.055487    0.044645    -0.012832
-0.089855    0.115161    -0.086417
-0.093388    0.205532    -0.064126
-0.064455    0.19641    0.101602
-0.073175    0.044645    0.085557
-0.080195    0.044645    -0.074118
-0.103789    0.162214    -0.068257
-0.090184    0.205532    0.066899
-0.101087    0.166848    0.066006
-0.089178    0.044645    0.026983
-0.112077    0.063243    -0.051474
-0.108339    0.173114    -0.060496
-0.098347    0.094219    0.069578
-0.105311    0.044645    0.060015
-0.11373    0.201403    -0.047481
-0.112495    0.044645    -0.034553
-0.113224    0.145919    0.042932
-0.099948    0.044645    0.025854
-0.120162    0.118531    -0.025917
-0.112089    0.065604    0.045672
-0.113219    0.049186    0.042944
-0.120876    0.192823    -0.020496
-0.119137    0.124875    0.027928
-0.119163    0.130726    0.027738
-0.121059    0.070365    0.013329
