0.006998    -0.474722    0.119693
0.017489    -0.48804    0.051249
0.020528    -0.48804    0.056864
0.003813    -0.48804    0.022169
0.011109    -0.48804    0.065298
0.017327    -0.48804    0.0607
0.046283    -0.483857    0.103855
0.040223    -0.48804    0.065251
0.037298    -0.48804    0.006192
0.034483    -0.48804    -0.007892
0.032724    -0.48804    0.048607
-0.016341    -0.473215    0.119315
-0.001149    -0.48804    -0.077628
-0.005911    -0.48804    0.020493
-0.005989    -0.48804    -0.081382
-0.014768    -0.48804    -0.083754
-0.00654    -0.48804    -0.015103
0.019907    -0.48804    -0.0031
0.02309    -0.48804    0.006104
0.016911    -0.48804    0.002194
0.026452    -0.48804    -0.046902
0.025284    -0.48804    0.013157
0.052941    -0.48804    -0.003489
0.046352    -0.48804    -0.094099
0.04556    -0.48804    0.013391
0.047562    -0.48804    0.026734
-0.04115    -0.472379    0.113812
-0.027035    -0.48804    0.062239
-0.025755    -0.48804    -0.064102
-0.018544    -0.48804    -0.017976
-0.026727    -0.48804    0.089354
-0.027392    -0.48804    0.056792
0.061115    -0.48804    0.091192
0.063954    -0.48804    0.000847
0.055956    -0.48804    0.067
0.063817    -0.48804    0.083554
-0.040497    -0.477131    0.111199
-0.038617    -0.48804    -0.018645
-0.037026    -0.48804    0.009033
-0.045161    -0.48804    -0.057603
-0.02986    -0.48804    0.081325
-0.020573    -0.486291    -0.110011
0.085105    -0.484431    0.075059
0.072316    -0.48804    -0.019461
0.076542    -0.48804    0.061697
0.057313    -0.486894    -0.09629
-0.042896    -0.466999    0.115868
-0.054232    -0.48804    -0.079771
-0.04945    -0.48804    -0.031338
-0.052668    -0.48804    0.061124
-0.040359    -0.48804    0.048804
0.023231    -0.479287    -0.114772
0.086266    -0.487884    0.069101
0.078813    -0.48804    -0.025484
0.078934    -0.48804    0.073604
0.041564    -0.461993    0.118577
-0.072271    -0.463467    0.101985
-0.056656    -0.48804    0.041715
-0.060943    -0.48804    0.053072
-0.074649    -0.48804    -0.079355
-0.014046    -0.477698    -0.117046
0.074865    -0.477251    0.091498
0.092903    -0.48804    0.013287
0.095494    -0.48804    -0.046481
0.0464    -0.459874    0.117431
-0.036628    -0.454969    0.123053
-0.065268    -0.48804    0.049199
-0.077371    -0.48804    -0.039384
-0.072176    -0.48804    0.007405
0.08078    -0.473687    -0.089477
0.116213    -0.474403    0.032387
0.105342    -0.48804    0.026275
0.057577    -0.458253    0.113347
-0.108341    -0.462493    0.064584
-0.092418    -0.48804    -0.027907
-0.08004    -0.48804    0.002022
-0.074912    -0.483547    -0.086091
0.087627    -0.474757    -0.082208
0.119795    -0.473616    0.01099
0.109977    -0.472031    -0.050918
0.07227    -0.465728    0.100911
-0.120865    -0.453154    0.04328
-0.084447    -0.48804    0.06323
-0.092962    -0.484698    -0.064477
0.045139    -0.470875    -0.112993
0.112198    -0.485125    0.010959
0.113813    -0.47701    -0.034364
0.0665    -0.456854    0.109251
-0.114327    -0.470486    0.042394
-0.108873    -0.442601    0.071837
-0.098921    -0.48804    0.017023
0.001187    -0.467581    -0.124102
-0.109386    -0.481512    0.037317
0.111338    -0.487132    -0.005433
-0.053939    -0.442228    0.118536
0.113017    -0.465358    0.051701
-0.122241    -0.447794    0.042879
-0.107048    -0.48804    0.003295
-0.044918    -0.469103    -0.113976
0.120053    -0.46294    -0.037078
-0.063909    -0.438426    0.114798
0.1163    -0.453535    0.054015
-0.127103    -0.451221    0.020041
-0.110888    -0.48804    0.001396
-0.026088    -0.462657    -0.122856
0.11316    -0.460469    -0.05613
-0.021921    -0.434394    0.128967
-0.096493    -0.434525    0.088973
-0.126062    -0.461764    -0.004298
-0.128762    -0.436571    0.022616
-0.110256    -0.473061    -0.048735
0.110094    -0.459171    -0.0643
-0.063475    -0.431403    0.115197
-0.095118    -0.432577    0.090815
-0.126554    -0.451279    -0.024121
-0.07007    -0.46581    -0.102551
0.038301    -0.453991    -0.122665
-0.006055    -0.432245    0.131072
0.124656    -0.444121    0.038522
-0.122326    -0.451094    -0.040882
-0.063484    -0.462955    -0.108968
0.054759    -0.449552    -0.116925
0.078384    -0.437123    0.104448
0.115496    -0.441101    0.061657
-0.118233    -0.44764    -0.052639
-0.128626    -0.427031    -0.023667
-0.017793    -0.446722    -0.128343
0.019773    -0.423155    0.128753
-0.074735    -0.421794    0.106633
0.127831    -0.437139    -0.029464
-0.123026    -0.421628    0.042901
-0.034638    -0.450488    -0.125048
0.120497    -0.44454    -0.048424
-0.050776    -0.417637    0.119101
-0.100272    -0.419529    0.082547
-0.113444    -0.417848    0.06453
-0.027122    -0.441842    -0.127756
0.004033    -0.414119    0.129416
-0.067909    -0.414783    0.110436
0.114807    -0.439625    -0.063725
-0.1204    -0.415854    0.046806
-0.040414    -0.442504    -0.124099
0.017379    -0.41259    0.127158
-0.058673    -0.407154    0.112487
0.130782    -0.428831    0.007621
0.11759    -0.432946    -0.057796
-0.116592    -0.413079    0.054349
-0.124657    -0.407235    0.021578
0.084368    -0.434242    -0.100045
0.046895    -0.415769    0.120345
0.102108    -0.425296    0.081214
-0.097584    -0.404143    0.078644
-0.101235    -0.417448    -0.080684
-0.128447    -0.410525    -0.00188
-0.013994    -0.431506    -0.130009
0.007423    -0.393524    0.121918
-0.051291    -0.396058    0.111504
0.130606    -0.424117    0.006442
0.093272    -0.426115    -0.092865
-0.089379    -0.418874    -0.094882
-0.125165    -0.408369    -0.020847
-0.041644    -0.434755    -0.124227
0.02926    -0.39679    0.120082
-0.050731    -0.394066    0.111057
0.112961    -0.416088    0.064874
-0.098467    -0.390669    0.070351
-0.078431    -0.408913    -0.099915
-0.122064    -0.397708    -0.016423
-0.123412    -0.397999    0.006891
0.011647    -0.385248    0.11894
0.072984    -0.412187    0.105583
0.122513    -0.414721    0.041173
-0.09098    -0.389487    0.07953
-0.047512    -0.406071    -0.116687
-0.123477    -0.397902    -0.006161
-0.075139    -0.395895    -0.096872
0.04364    -0.424418    -0.123025
-0.032615    -0.381139    0.114567
0.09933    -0.410054    0.079871
0.123217    -0.404983    -0.026294
0.06718    -0.414567    -0.110947
-0.050293    -0.400344    -0.113379
-0.118464    -0.381733    -0.007963
-0.070459    -0.387845    -0.09738
0.001437    -0.367726    0.115927
0.071245    -0.396572    0.100128
0.105389    -0.401998    0.067198
0.124122    -0.403346    -0.014895
0.0825    -0.413484    -0.098872
-0.015609    -0.394392    -0.121117
-0.116192    -0.382938    -0.027717
-0.080406    -0.381406    -0.087545
0.04211    -0.414312    -0.122045
-0.045924    -0.366159    0.105198
0.09867    -0.400619    0.07524
0.124991    -0.401492    -0.003337
0.066052    -0.412098    -0.110862
-0.01225    -0.398546    -0.122881
-0.012328    -0.37918    -0.11719
-0.063381    -0.371178    -0.09747
0.025396    -0.4059    -0.123669
0.04421    -0.377598    0.108736
-0.04409    -0.363501    0.105395
0.122356    -0.394639    0.006797
0.092954    -0.393295    -0.078893
0.002156    -0.404622    -0.126263
-0.108066    -0.364786    0.038265
-0.103366    -0.367321    -0.05104
-0.002634    -0.3661    -0.115394
0.01831    -0.35811    0.111808
-0.041908    -0.356748    0.104938
0.105544    -0.381522    0.054674
0.102692    -0.378133    -0.059157
-0.09867    -0.359861    0.057966
0.02705    -0.368494    -0.11273
-0.10345    -0.361096    -0.047616
-0.033589    -0.364021    -0.109848
0.038754    -0.400219    -0.118117
0.065941    -0.372125    0.095778
0.101237    -0.384393    0.063894
0.115567    -0.380826    -0.028068
0.082739    -0.382747    -0.086213
0.039435    -0.367142    -0.108128
-0.111908    -0.356844    -0.015744
-0.070385    -0.357418    -0.088566
-0.109943    -0.350947    0.022984
0.043498    -0.356732    0.104277
0.096209    -0.377116    0.067252
0.116193    -0.375165    -0.012433
0.062433    -0.386594    -0.103112
0.055256    -0.371746    -0.102714
-0.097189    -0.343663    -0.055287
-0.045456    -0.349946    -0.102245
0.00615    -0.339886    0.11058
0.068685    -0.360772    0.090658
0.082213    -0.365594    0.081166
0.110824    -0.369002    -0.034036
-0.087755    -0.33655    0.06648
-0.096656    -0.331905    0.053081
-0.091216    -0.342029    -0.062988
-0.02447    -0.348862    -0.109443
0.027845    -0.33986    0.107723
-0.049581    -0.329215    0.097805
0.100629    -0.361273    0.054512
0.107655    -0.362744    -0.038264
0.046076    -0.351985    -0.102307
-0.111146    -0.338693    -0.000899
-0.057132    -0.335167    -0.094749
0.052446    -0.339822    -0.097805
0.033478    -0.333742    0.104982
-0.073849    -0.322877    0.080592
0.112268    -0.354503    0.009678
-0.084275    -0.325551    0.069325
-0.097003    -0.327326    0.051101
-0.073981    -0.333328    -0.081579
0.021252    -0.328759    -0.107432
0.024547    -0.318075    0.1063
-0.044691    -0.319562    0.099132
0.098069    -0.352708    0.05658
0.098674    -0.344751    -0.052112
0.085573    -0.343707    -0.070741
-0.083918    -0.322929    -0.069521
-0.007754    -0.32083    -0.108684
-0.108303    -0.320871    0.010673
0.061934    -0.332755    0.090749
0.097342    -0.347924    0.056406
0.111336    -0.345935    -0.006846
-0.098377    -0.30999    0.045543
-0.09149    -0.320073    -0.05936
0.00799    -0.32408    -0.108858
-0.10588    -0.312562    0.026045
0.047871    -0.322047    0.097983
0.082325    -0.338754    0.07393
0.110485    -0.33719    -0.004732
-0.101706    -0.303948    0.037155
-0.081129    -0.308519    -0.07215
0.006105    -0.313773    -0.108532
0.090831    -0.317062    -0.059908
-0.017437    -0.298278    0.106891
-0.061464    -0.301825    0.089202
0.107656    -0.336487    -0.02568
-0.104301    -0.296333    0.031165
-0.073922    -0.3041    -0.079647
0.018616    -0.304164    -0.106671
0.098889    -0.322159    -0.045701
-0.010239    -0.292717    0.107942
-0.058177    -0.296643    0.091845
0.09805    -0.32673    0.048474
-0.105956    -0.2991    0.024422
-0.093334    -0.295424    -0.056275
0.020508    -0.298946    -0.106474
0.088037    -0.303342    -0.062957
-0.026204    -0.282531    0.106352
-0.065491    -0.284935    0.086786
0.108203    -0.319304    0.010676
-0.107183    -0.290507    -0.016319
-0.073509    -0.299221    -0.080023
0.046326    -0.291851    -0.098111
0.098614    -0.309608    -0.044947
0.052725    -0.301794    0.09526
-0.055873    -0.283186    0.094297
0.095541    -0.314382    0.052645
-0.10774    -0.279283    0.017129
-0.061123    -0.285916    -0.090065
0.011765    -0.28896    -0.107872
0.097841    -0.304171    -0.046497
0.015955    -0.219005    0.113867
0.009878    -0.165954    0.119974
0.002277    -0.258058    0.111762
0.007467    -0.187114    0.118175
0.001116    -0.102056    0.12752
-0.020424    -0.205884    0.114591
-0.025    -0.23029    0.111548
-0.019059    -0.250766    0.110282
-0.027094    -0.223815    0.11192
0.061437    -0.296083    0.089358
-0.055014    -0.18956    0.104823
-0.042559    -0.257399    0.102699
-0.055121    -0.240875    0.099269
-0.046192    -0.212825    0.10598
-0.079483    -0.215522    0.084369
-0.08453    -0.150877    0.088579
-0.062693    -0.266694    0.090856
-0.07707    -0.173371    0.091491
-0.088898    -0.118999    0.089213
-0.088837    -0.243247    0.069143
-0.10193    -0.172317    0.063637
-0.099597    -0.154235    0.069623
-0.097492    -0.250629    0.056662
-0.109357    -0.190331    0.043865
-0.109597    -0.227172    0.03374
-0.105912    -0.228549    0.042279
-0.102624    -0.254544    0.043481
-0.11484    -0.156038    0.039516
0.108845    -0.307626    -0.002697
-0.112194    -0.251523    0.003965
-0.118044    -0.18277    0.011762
-0.12431    -0.135318    0.000223
-0.111514    -0.240748    0.017312
-0.106504    -0.284932    -0.023968
-0.046292    -0.285632    -0.09846
0.048041    -0.279312    -0.098138
0.103052    -0.300147    -0.033994
0.029501    -0.186854    0.1153
0.02742    -0.171776    0.117082
0.026456    -0.221793    0.112206
0.020646    -0.170359    0.118116
0.02644    -0.24805    0.109581
-0.003676    -0.19053    0.118333
-0.009793    -0.121773    0.124405
-0.007149    -0.214976    0.11543
-0.01767    -0.130193    0.122525
-0.008427    -0.079867    0.128776
-0.007503    -0.232605    0.11362
-0.058226    -0.09996    0.113111
-0.044539    -0.119155    0.116719
-0.051511    -0.104219    0.115435
-0.033904    -0.142196    0.11865
-0.038672    -0.122674    0.118771
0.074493    -0.299056    0.079272
-0.075071    -0.08813    0.103681
-0.079782    -0.12206    0.095825
-0.062237    -0.169233    0.10339
-0.064924    -0.208809    0.096381
-0.069382    -0.128182    0.103039
-0.091891    -0.082223    0.0914
-0.085402    -0.226729    0.076311
-0.097126    -0.154154    0.072857
-0.101232    -0.083061    0.079089
-0.095378    -0.090763    0.085464
-0.118585    -0.08251    0.049531
-0.12392    -0.08249    0.036656
-0.101368    -0.228642    0.053224
-0.106482    -0.179102    0.053718
-0.114926    -0.130636    0.045892
-0.113437    -0.080185    0.062563
-0.124435    -0.108784    0.019426
-0.11578    -0.190476    0.023101
-0.125573    -0.100828    0.016829
-0.11773    -0.164458    0.028055
-0.122029    -0.115541    0.032569
0.108463    -0.298416    0.005483
-0.124806    -0.123098    -0.00574
-0.11276    -0.235515    -0.011826
-0.107876    -0.274737    -0.019124
-0.112588    -0.229115    -0.017995
-0.109357    -0.244646    -0.02979
-0.110034    -0.232026    -0.031427
-0.1147    -0.156086    -0.039841
-0.11155    -0.182806    -0.04052
-0.100731    -0.252975    -0.048455
-0.106251    -0.131973    -0.064579
-0.101097    -0.192293    -0.061468
-0.087293    -0.226546    -0.073876
-0.092424    -0.261536    -0.061489
-0.094331    -0.274357    -0.056915
-0.067108    -0.202736    -0.095463
-0.059005    -0.234572    -0.097701
-0.056453    -0.270607    -0.095155
-0.068448    -0.239833    -0.089797
-0.035949    -0.196917    -0.111929
-0.03377    -0.10583    -0.122609
-0.033991    -0.209168    -0.111425
-0.037894    -0.149827    -0.116178
-0.045377    -0.233294    -0.104119
-0.00084    -0.094562    -0.128305
-0.005478    -0.123804    -0.12477
-0.000868    -0.275717    -0.110182
-0.006259    -0.190061    -0.118039
0.031285    -0.142224    -0.119529
0.028446    -0.171298    -0.116995
0.014271    -0.275958    -0.108392
0.024964    -0.146948    -0.119889
0.024497    -0.267972    -0.107845
0.053948    -0.142323    -0.110335
0.057709    -0.208151    -0.10171
0.058795    -0.116125    -0.11114
0.05539    -0.162741    -0.107546
0.063737    -0.253694    -0.09168
0.080851    -0.153568    -0.091066
0.075491    -0.175311    -0.09246
0.084013    -0.161357    -0.087666
0.077923    -0.171985    -0.09101
0.101311    -0.179763    -0.06323
0.095981    -0.247887    -0.059077
0.089318    -0.266707    -0.064694
0.079265    -0.277219    -0.076082
0.102753    -0.272178    -0.038598
0.103076    -0.24818    -0.044038
0.100324    -0.263112    -0.046811
0.116365    -0.162079    -0.034268
0.107148    -0.238725    -0.036658
0.018148    -0.058701    0.127502
0.032118    -0.203704    0.112787
0.036157    -0.22488    0.108842
0.03955    -0.257933    0.103888
0.037829    -0.258461    0.104544
-0.018236    -0.076285    0.127491
0.069608    -0.286601    0.083503
-0.063907    -0.048532    0.112921
-0.086692    -0.035413    0.095806
-0.101415    -0.074466    0.079382
-0.117222    -0.062041    0.053523
-0.127362    -0.055492    0.019211
0.106429    -0.296515    0.021194
-0.123105    -0.108134    -0.030026
-0.115438    -0.185557    -0.029435
-0.123833    -0.098742    -0.03163
-0.123343    -0.133216    -0.009163
-0.125874    -0.09551    -0.018583
-0.102134    -0.219198    -0.053823
-0.113087    -0.140411    -0.047799
-0.115664    -0.126673    -0.045136
-0.104822    -0.171789    -0.059621
-0.120858    -0.100131    -0.039475
-0.087451    -0.216502    -0.075306
-0.102437    -0.12857    -0.070103
-0.100007    -0.082045    -0.080852
-0.097364    -0.125188    -0.077266
-0.086204    -0.17875    -0.083083
-0.083508    -0.240217    -0.076581
-0.073438    -0.19928    -0.091037
-0.087222    -0.08863    -0.094296
-0.068889    -0.095345    -0.107523
-0.081353    -0.205932    -0.084133
-0.079496    -0.173734    -0.089584
-0.04702    -0.196142    -0.107426
-0.046674    -0.117943    -0.115965
-0.059361    -0.111234    -0.11143
-0.056021    -0.143586    -0.109341
-0.054424    -0.085549    -0.116232
-0.026128    -0.238042    -0.110624
-0.030575    -0.086094    -0.125237
-0.012462    -0.118895    -0.124341
-0.023082    -0.17313    -0.117518
-0.024693    -0.215688    -0.113049
-0.021299    -0.110049    -0.124062
0.014951    -0.141552    -0.121747
0.000544    -0.223544    -0.115443
0.001497    -0.162032    -0.12147
0.018948    -0.164044    -0.118971
0.007992    -0.092809    -0.127539
0.055049    -0.083548    -0.116188
0.048733    -0.125356    -0.114316
0.04474    -0.145354    -0.113823
0.044186    -0.16149    -0.112321
0.056551    -0.089768    -0.114899
0.05751    -0.232685    -0.099084
0.056388    -0.253373    -0.097359
0.061744    -0.19197    -0.100926
0.065362    -0.119845    -0.107166
0.078841    -0.144062    -0.093797
0.071729    -0.139347    -0.099843
0.092837    -0.11412    -0.084969
0.095621    -0.088303    -0.085549
0.0919    -0.111658    -0.086593
0.097023    -0.085894    -0.084114
0.083148    -0.224427    -0.079624
0.111447    -0.091887    -0.064335
0.107568    -0.195603    -0.046818
0.110697    -0.102272    -0.063453
0.122635    -0.094043    -0.036763
0.109625    -0.142234    -0.055685
0.116304    -0.181701    -0.025792
0.110206    -0.248414    -0.021418
0.110047    -0.262296    -0.012084
0.112109    -0.221163    -0.027673
0.108432    -0.257324    -0.028124
0.03192    -0.063124    0.125689
-0.008274    -0.022941    0.128802
0.05365    -0.11435    0.113461
0.051994    -0.191494    0.105866
0.046029    -0.154024    0.112359
0.042745    -0.157312    0.113366
0.061782    -0.133214    0.108068
0.039827    -0.131847    0.117308
0.073774    -0.285753    0.080369
-0.065587    -0.055071    0.111999
-0.110973    -0.024946    0.066924
-0.122784    -0.024073    0.040094
-0.129403    -0.06425    0.003713
0.10963    -0.280738    0.002121
-0.129534    -0.048005    -0.002721
-0.112169    -0.017197    -0.065366
-0.066665    -0.02976    -0.111172
-0.047908    -0.058158    -0.119547
-0.027443    -0.072724    -0.126278
0.02546    -0.065815    -0.12654
0.062225    -0.012118    -0.113618
0.088315    -0.047432    -0.09456
0.10547    -0.079608    -0.074097
0.113338    -0.025066    -0.062902
0.125893    -0.102118    -0.013423
0.116431    -0.204041    -0.007853
0.119119    -0.183437    -0.00309
0.125349    -0.122688    -0.001929
0.124744    -0.096475    -0.026433
0.052145    -0.079769    0.117793
0.068852    -0.258617    0.087139
0.067342    -0.254694    0.088788
0.061104    -0.235881    0.095927
0.064605    -0.245359    0.092056
0.061108    -0.185521    0.10222
-0.095251    -0.005    0.087402
-0.126281    -0.050879    -0.02742
-0.099123    -0.010318    -0.082369
-0.119899    -0.031977    -0.047058
-0.082838    -0.050708    -0.098763
-0.054234    -0.037351    -0.116928
-0.015519    -0.032351    -0.127848
0.000527    -0.048608    -0.129823
0.04071    -0.024842    -0.122529
0.065067    -0.06173    -0.112398
0.111143    -0.074578    -0.066702
0.124726    -0.072383    -0.035405
0.129169    -0.086212    0.000627
0.124678    -0.127273    0.003541
0.124416    -0.126522    0.006102
0.109621    -0.275608    0.005207
0.123032    -0.146776    0.001223
0.126203    -0.043314    -0.028012
0.047267    -0.006618    0.119813
0.080843    -0.158628    0.090439
0.08169    -0.182543    0.086799
0.072557    -0.087708    0.105663
0.079974    -0.245018    0.080304
0.065633    -0.086182    0.111166
0.087131    -0.259697    0.068687
0.091307    -0.246567    0.065383
0.096952    -0.22837    0.060992
0.109152    -0.116303    0.063351
0.093385    -0.208513    0.068875
0.107348    -0.24339    0.034966
0.113191    -0.190855    0.034474
0.111537    -0.178199    0.041747
0.101791    -0.259528    0.0442
-0.109285    -0.003366    0.069074
-0.120152    -0.043816    -0.046448
-0.002611    0.002814    -0.129434
0.120299    -0.15557    0.015296
0.123778    -0.120555    0.015478
0.11816    -0.165056    0.024339
0.126641    -0.094634    0.013422
0.121807    -0.140511    0.015288
0.129518    -0.049505    -0.002837
0.002491    0.00834    0.12925
0.070847    -0.064981    0.107964
0.090634    -0.132911    0.084779
0.107754    -0.102944    0.06735
0.089952    -0.135767    0.085202
0.093405    -0.159185    0.076887
0.106621    -0.094255    0.070242
0.109411    -0.135785    0.057872
0.105238    -0.166192    0.060068
0.111381    -0.118704    0.057545
0.115358    -0.127366    0.045695
0.111019    -0.163808    0.046728
0.122718    -0.090206    0.037557
-0.084531    -0.003006    -0.097419
0.119554    0.003028    -0.047587
0.128378    -0.075896    0.011496
0.080877    -0.036658    0.100268
0.105619    -0.075459    0.073902
0.123322    -0.052204    0.038795
-0.125011    0.008211    0.033917
0.011185    0.00547    -0.128224
0.125866    -0.065646    0.030578
0.050419    0.006011    0.118274
0.094924    -0.046868    0.087841
0.114688    -0.016581    0.059641
-0.125541    0.008442    -0.030634
0.080967    0.009837    -0.099727
0.058044    0.009053    0.114981
-0.127444    0.020344    0.010965
0.053799    0.016    -0.116351
0.005967    0.024857    0.127732
-0.119382    0.025962    0.044471
0.014327    0.019679    -0.127047
0.115192    0.013795    0.056992
-0.098434    0.030261    0.080176
-0.010043    0.028102    -0.126882
0.113363    0.027906    -0.058513
-0.078305    0.034991    0.099198
-0.039543    0.031005    -0.120899
0.122114    0.022849    0.038653
0.088446    0.019477    0.093278
-0.069537    0.036844    -0.105637
0.127592    0.027652    0.004978
0.064687    0.02723    0.110684
-0.107084    0.035458    -0.067934
0.124213    0.03336    0.026194
-0.037629    0.046472    0.119512
-0.076615    0.04592    -0.09864
0.126991    0.034732    0.003797
-0.048328    0.054363    0.113681
-0.083651    0.045598    -0.093303
0.123956    0.045683    0.015607
-0.067259    0.053122    0.104366
-0.054429    0.052856    -0.111446
0.120519    0.042871    0.036619
-0.06916    0.060302    0.101279
-0.009451    0.059919    -0.122337
0.097346    0.055642    0.075665
-0.097744    0.068156    0.071088
0.02267    0.060619    -0.120457
0.086276    0.059358    0.088362
-0.108261    0.073709    0.051019
0.032863    0.064526    -0.11798
0.117797    0.061835    -0.034764
-0.105233    0.071386    -0.059766
0.08183    0.073279    -0.08802
0.041766    0.072778    0.112333
-0.092122    0.076671    -0.075169
0.11997    0.070271    -0.010838
-0.050183    0.086566    0.105068
-0.115366    0.087568    0.012485
0.110773    0.076884    0.042996
-0.08808    0.091902    0.073689
-0.007285    0.087306    -0.116121
0.066932    0.079852    0.097448
-0.112272    0.093329    -0.023014
0.070212    0.088016    -0.09219
0.032498    0.089887    0.11137
-0.081525    0.09195    -0.082051
0.112557    0.090984    0.026142
-0.071796    0.10436    0.084615
-0.112297    0.100675    0.005341
0.074512    0.091609    0.087557
-0.054109    0.117528    0.091005
-0.093891    0.119005    0.046348
0.005933    0.105151    -0.110753
0.110684    0.099195    0.021273
0.032945    0.110265    0.103659
-0.022888    0.122511    0.100794
-0.090006    0.122005    0.052133
-0.104348    0.10883    -0.032952
-0.072018    0.119115    -0.07637
0.002976    0.109772    -0.109139
0.064225    0.112979    -0.085796
0.111978    0.099881    0.009742
0.020055    0.126393    0.099541
0.034383    0.107428    0.104431
-0.030815    0.132789    0.094067
-0.084532    0.12561    0.056773
-0.102273    0.11947    -0.022033
-0.089269    0.119973    -0.054581
-0.030261    0.122245    -0.098992
0.048621    0.123271    -0.090892
0.08143    0.1173    -0.066753
0.095352    0.110226    0.053041
0.060113    0.106546    0.092565
0.010341    0.140035    0.095212
0.052102    0.139097    0.081187
-0.022792    0.139657    0.093728
-0.089861    0.138581    0.0348
-0.073021    0.134506    -0.06582
-0.046028    0.106806    -0.099907
-0.047029    0.137402    -0.085315
-0.096069    0.138802    0.007685
0.077325    0.123669    -0.067463
0.102565    0.122688    0.008835
0.094794    0.123318    -0.039147
0.033327    0.148043    0.086575
-0.023334    0.158155    0.086657
-0.048925    0.15143    0.07777
-0.097068    0.134211    -0.014424
-0.052751    0.14001    -0.08022
-0.026462    0.128439    -0.097789
0.042959    0.136573    -0.087367
0.099789    0.124185    -0.025062
0.092298    0.13033    0.037704
0.01413    0.152929    0.089852
0.04673    0.153292    0.078583
-0.00864    0.155801    0.089499
-0.083574    0.15703    0.031867
-0.073136    0.145358    -0.058661
-0.02217    0.145389    -0.091612
-0.090867    0.151622    0.010132
0.072763    0.149158    -0.056832
0.096664    0.134924    0.015273
0.079471    0.15347    -0.045219
0.053047    0.160263    0.070531
-0.024216    0.170813    0.081669
-0.064103    0.160045    0.061543
-0.086541    0.154704    -0.026956
-0.007942    0.153975    -0.090274
-0.086998    0.16257    0.009362
0.076027    0.149929    -0.052109
0.094218    0.143343    0.0082
0.00432    0.163879    0.087219
0.073239    0.162954    0.048039
-0.055822    0.17716    0.061274
-0.084266    0.168528    -0.014841
-0.059025    0.171316    -0.061281
0.006247    0.159742    -0.088362
0.029201    0.166281    -0.081245
0.095157    0.143662    -0.000156
0.076539    0.164516    -0.042106
0.058407    0.178537    0.058761
-0.004533    0.180336    0.081743
-0.073034    0.183233    0.034737
-0.064288    0.172948    -0.054209
-0.024737    0.162711    -0.084387
0.029915    0.176659    -0.07719
0.085228    0.165279    -0.015868
0.082247    0.165922    -0.027094
0.045463    0.185467    0.066078
-0.054028    0.193021    0.056655
-0.082484    0.178509    -0.003097
-0.050673    0.189882    -0.060414
0.008111    0.18007    -0.081353
0.051412    0.181209    -0.063119
0.082352    0.174328    0.014518
0.017396    0.200089    0.074231
0.063938    0.189941    0.04605
-0.054436    0.20959    0.04955
-0.074982    0.188962    -0.025549
-0.003099    0.189372    -0.079201
-0.076879    0.19667    0.004217
0.077009    0.189171    -0.020217
0.073814    0.19392    -0.024489
0.038208    0.202323    0.065564
-0.017187    0.204674    0.073034
-0.075751    0.197173    -0.011766
-0.049772    0.196433    -0.058659
0.003373    0.201401    -0.075727
0.061757    0.201602    -0.043483
0.073795    0.192975    0.025273
0.032745    0.225819    0.061597
-0.001946    0.219809    0.071184
-0.066549    0.216342    0.02651
-0.045922    0.206389    -0.058288
0.016443    0.208678    -0.072063
0.066196    0.197536    -0.039467
0.064036    0.211213    0.035954
0.024538    0.230936    0.063719
-0.008177    0.229253    0.068163
-0.068155    0.225925    -0.014136
-0.039923    0.217849    -0.059213
-0.067908    0.231757    0.005681
0.05683    0.220936    -0.041857
0.064588    0.218413    -0.029994
0.040086    0.241318    0.052602
-0.035882    0.244745    0.054974
-0.069436    0.216004    -0.019744
-0.002961    0.227488    -0.069261
0.033566    0.228554    -0.060574
0.067385    0.227546    0.017109
0.005987    0.247253    0.064734
-0.030937    0.239896    0.059072
-0.059288    0.251241    0.024561
-0.04421    0.239162    -0.049974
-0.065226    0.245718    0.004574
0.05574    0.237393    -0.03727
0.058648    0.243648    -0.030027
0.056314    0.238939    0.036021
-0.04761    0.255905    0.042073
-0.052858    0.242412    -0.039399
0.015946    0.241129    -0.064644
0.045181    0.248575    -0.046887
0.062647    0.23534    0.024662
0.038231    0.268387    0.04797
-0.04466    0.254089    0.046001
-0.057262    0.257489    -0.026702
-0.029368    0.260321    -0.055654
0.040274    0.255789    -0.049014
0.064003    0.239818    0.019077
0.040643    0.27834    0.044357
-0.038902    0.275834    0.04611
-0.058998    0.263211    -0.020051
-0.02068    0.261947    -0.058962
0.04957    0.267588    -0.036362
0.058848    0.263754    -0.020178
0.044267    0.272691    0.041986
-0.047993    0.282908    0.034914
-0.047022    0.278089    -0.037224
0.002677    0.28662    -0.058996
0.050905    0.271422    -0.033608
0.013146    0.290698    0.057096
-0.01516    0.301781    0.055658
-0.054052    0.292257    0.021509
-0.030582    0.289703    -0.050188
0.026013    0.283159    -0.053408
0.057839    0.283858    0.014251
0.020124    0.307817    0.052953
-0.040195    0.306103    0.040745
-0.054886    0.294997    -0.018781
-0.023837    0.29399    -0.052901
0.04661    0.297811    -0.033903
0.04955    0.307732    -0.028358
0.048104    0.296242    0.032212
-0.051002    0.318064    0.022913
-0.03055    0.3063    -0.048119
-0.055796    0.311093    0.007967
0.05727    0.290596    0.011897
0.033817    0.322971    0.044082
-0.03381    0.320378    0.044307
-0.041894    0.313222    -0.037746
0.006516    0.315572    -0.055683
0.056828    0.304385    -0.004775
0.012524    0.330394    0.053758
0.018844    0.338752    0.050456
0.047661    0.32115    0.029352
-0.003375    0.357918    0.051292
-0.044962    0.361109    0.024384
-0.046784    0.325954    -0.029965
-0.05376    0.330097    0.012809
0.036933    0.317876    -0.042123
0.053545    0.322006    -0.016084
0.020318    0.370576    0.045292
0.040156    0.331466    0.037674
-0.024028    0.345945    0.047279
-0.039329    0.331893    0.038659
-0.02791    0.372637    0.040785
-0.052277    0.34071    -0.01332
-0.037267    0.357789    -0.035718
-0.030972    0.335403    -0.04464
-0.025907    0.328886    -0.048942
0.001441    0.34812    -0.052853
0.015759    0.340129    -0.051538
0.055703    0.318688    0.004756
0.003634    0.386458    0.049343
-0.028469    0.337369    0.046232
-0.029675    0.391479    0.043671
-0.050701    0.346569    -0.015553
-0.03031    0.356794    -0.041581
-0.018899    0.3717    -0.045719
0.00779    0.361837    -0.050188
0.040156    0.379501    -0.027237
0.033274    0.358833    -0.03897
0.053784    0.333722    0.008947
0.051267    0.329364    0.02013
0.030088    0.389274    0.04152
-0.044077    0.386583    0.022876
-0.009132    0.388258    -0.049819
0.028282    0.357939    -0.042948
0.050566    0.358969    -0.007825
0.047073    0.371933    0.015551
0.037193    0.399569    0.039222
-0.003745    0.397702    0.054351
-0.05444    0.39584    0.007785
0.013503    0.393043    -0.052433
0.047342    0.384724    -0.010054
0.029436    0.401917    0.044193
-0.008378    0.406662    0.050755
-0.049099    0.414586    0.000889
-0.008592    0.397045    -0.053932
0.015002    0.404097    -0.050353
0.051829    0.391211    0.008816
-0.028045    0.417914    0.039743
-0.000148    0.411046    -0.050377
0.037042    0.403627    -0.037647
0.047659    0.416614    0.006696
-0.004989    0.418219    -0.048934
0.048398    0.417982    0.005716
0.025556    0.42058    -0.045788
-0.051328    0.420772    0.010335
0.025263    0.431667    0.048803
-0.001973    0.424351    -0.054593
-0.041694    0.426387    0.035969
0.005424    0.436872    0.051659
-0.033787    0.427804    -0.043542
-0.026707    0.437748    0.043764
-0.006268    0.439346    0.048197
-0.039408    0.435928    -0.035198
-0.05102    0.437546    0.00488
-0.048301    0.439199    -0.007556
0.019053    -0.060084    0.127383
-0.013946    -0.061712    0.128056
-0.064188    -0.06755    0.112805
-0.085339    -0.070993    0.096844
-0.103816    -0.061184    0.076253
-0.12021    -0.051417    0.046308
-0.128482    -0.061428    0.010709
0.021649    -0.047336    0.127041
-0.00478    -0.026762    0.129263
-0.035731    -0.07042    0.124591
-0.074906    -0.041784    0.104849
-0.110557    -0.065026    0.067467
-0.124325    -0.051635    0.036374
-0.128597    -0.036416    0.009833
-0.126215    -0.069954    -0.027927
-0.096274    -0.065355    -0.086082
-0.079431    -0.051376    -0.101377
-0.060116    -0.077914    -0.114491
-0.000125    -0.026316    -0.129876
0.030362    -0.036605    -0.125894
0.049562    -0.052807    -0.118862
0.082352    -0.045738    -0.099135
0.102129    -0.065034    -0.078451
0.118058    -0.05852    -0.051505
0.034726    -0.01482    0.125007
-0.116516    -0.002513    0.055118
-0.125526    -0.056361    -0.033159
-0.095018    -0.041361    -0.087718
-0.112597    -0.033914    -0.064689
-0.083026    -0.01701    -0.098619
-0.047504    -0.022213    -0.119715
-0.004216    -0.011487    -0.129337
0.011972    -0.051315    -0.128316
0.045403    -0.043259    -0.120585
0.067514    -0.019545    -0.11052
0.103894    -0.044699    -0.076151
0.118111    -0.0124    -0.051377
0.127616    -0.065101    -0.017287
0.054361    -0.0287    0.116875
-0.127513    0.000763    0.017417
-0.11714    -0.064966    -0.05372
0.057328    -0.003056    -0.115609
0.127451    -0.007812    -0.018538
0.066303    -0.018386    0.11145
-0.089103    0.010622    0.093444
-0.064203    -0.004344    -0.112781
0.128523    -0.064769    0.0104
0.029448    0.011461    0.125572
0.088685    -0.007644    0.094277
0.105161    -0.055582    0.074499
0.119615    -0.061642    0.047744
-0.129146    0.004285    -0.004556
0.083873    0.005619    -0.097714
0.126706    -0.034661    0.024194
0.065822    0.002201    0.111684
0.103167    -0.021129    0.077098
0.114934    -0.041329    0.059047
-0.079702    0.010015    -0.100689
0.129258    0.00721    -0.002786
0.090747    0.002813    0.092548
-0.09297    0.016558    -0.089175
0.097014    0.019281    -0.083599
-0.014663    0.023626    0.126706
-0.127485    0.023186    0.009071
0.084432    0.021398    -0.096192
-0.01212    0.027578    0.126658
-0.125353    0.025117    -0.023848
0.059569    0.028526    -0.112862
0.096605    0.021502    0.083882
-0.110652    0.034927    0.063099
0.002259    0.024463    -0.128258
0.094293    0.018867    0.087192
-0.100817    0.040381    0.0751
-0.011523    0.034124    -0.126049
0.110617    0.030581    0.064248
-0.087344    0.049851    0.089659
-0.04    0.040525    -0.119473
0.114078    0.033625    0.055249
-0.072339    0.047009    0.101713
-0.009157    0.047541    -0.124521
0.106257    0.039701    0.068149
-0.09349    0.054344    0.081073
-0.018858    0.047259    -0.123288
0.094471    0.044552    0.082388
-0.102687    0.057096    0.068277
0.013086    0.05442    -0.122853
0.079087    0.045972    0.096733
-0.108262    0.060771    0.058363
0.05726    0.059751    -0.108936
0.119973    0.051563    -0.034451
-0.120622    0.063262    -0.017216
0.074383    0.06366    -0.096391
0.006033    0.071913    0.120211
-0.117151    0.068111    -0.03292
0.105618    0.062777    -0.062663
-0.007619    0.076949    0.118801
-0.118166    0.077433    0.011568
0.120545    0.067502    0.011061
-0.077514    0.07865    0.089731
-0.052665    0.075927    -0.107012
0.106802    0.072312    0.055406
-0.078191    0.087494    0.086255
-0.015076    0.082755    -0.116314
0.085386    0.072485    0.085527
-0.105119    0.091059    0.046688
0.036563    0.082557    -0.111862
0.021586    0.095874    0.111703
-0.094179    0.089186    -0.067054
0.116126    0.08762    -0.006611
-0.043538    0.098054    0.104152
-0.025049    0.095263    -0.111429
0.103805    0.090334    0.050419
-0.105009    0.103768    0.036621
0.055847    0.104203    -0.096892
0.034814    0.099958    0.107096
0.060755    0.103072    -0.093615
0.109745    0.104863    -0.014308
