-0.182704    -0.023093    0.020516
-0.180624    -0.106788    0.036287
-0.181187    -0.032324    0.032018
-0.181677    0.127791    0.028301
-0.179858    0.009628    0.042097
-0.179307    -0.209772    0.046276
-0.183995    -0.20959    0.010721
-0.181083    -0.304655    0.032804
-0.183852    -0.122596    0.011806
-0.182538    -0.378277    0.021768
-0.184326    -0.372432    0.00821
-0.184041    -0.202879    0.010374
-0.184609    -0.299787    0.006064
-0.181381    -0.100599    0.030545
-0.182799    0.023391    0.01979
-0.181848    0.136372    0.027005
-0.180825    0.058054    0.034765
-0.181236    0.060943    0.031643
-0.178985    0.021306    0.048716
-0.183967    -0.067787    0.010936
-0.182382    -0.335943    0.022958
-0.183859    -0.015653    0.011751
-0.183496    -0.333928    0.014509
-0.181978    -0.156725    0.026017
-0.184525    0.058114    0.006699
-0.181591    -0.202085    0.028951
-0.16003    0.187339    0.019216
-0.172832    0.163035    0.030554
-0.173717    -0.252447    0.06392
-0.169752    -0.201084    0.073481
-0.170451    -0.377504    0.071796
-0.163739    -0.280838    0.087983
-0.167956    -0.247718    0.077813
-0.171703    -0.318082    0.068776
-0.17549    0.013442    0.059644
-0.175807    -0.154062    0.058877
-0.170192    -0.230462    0.07242
-0.177046    -0.008723    0.05589
-0.178462    -0.042165    0.052476
-0.165712    -0.370516    0.083224
-0.169617    -0.349534    0.073806
-0.178727    -0.382878    0.039152
-0.155691    -0.445887    0.03685
-0.174189    -0.393608    0.043433
-0.182677    -0.007526    -0.011619
-0.184494    0.113843    0.002162
-0.182402    -0.160735    -0.013702
-0.180487    0.119204    -0.028225
-0.184445    0.116366    0.001787
-0.184102    -0.157175    -0.000809
-0.181133    0.002563    -0.023323
-0.180612    0.07575    -0.027275
-0.184091    -0.066158    -0.000899
-0.183593    0.046809    -0.004675
-0.181231    0.001272    -0.022583
-0.179783    0.138885    -0.033563
-0.18325    0.082502    -0.00727
-0.138581    0.222086    0.02685
-0.166109    0.172133    0.040948
-0.157158    0.191635    -0.012711
-0.139401    0.222811    -0.008308
-0.17228    0.058858    0.067385
-0.160259    -0.197791    0.096376
-0.1604    -0.31104    0.096035
-0.173908    0.09296    0.063458
-0.163581    0.144002    0.088363
-0.16561    -0.060113    0.083472
-0.166007    -0.136554    0.082512
-0.164338    0.111993    0.086537
-0.163456    -0.148208    0.088666
-0.170187    -0.00229    0.072431
-0.165508    -0.169384    0.083716
-0.164167    -0.088122    0.086951
-0.163956    -0.090569    0.087459
-0.134848    -0.472286    0.068012
-0.163762    -0.386676    0.080355
-0.137034    -0.456155    0.078205
-0.146532    -0.477606    0.017229
-0.180135    -0.390474    0.007139
-0.143539    -0.483269    0.024012
-0.142531    -0.470448    0.051245
-0.124839    -0.496944    0.068509
-0.182386    -0.29553    -0.013826
-0.179944    0.009788    -0.032343
-0.180381    -0.260705    -0.029029
-0.182915    -0.30749    -0.009812
-0.179998    -0.222159    -0.031933
-0.184117    -0.338155    -0.000698
-0.181388    -0.187278    -0.021392
-0.183453    -0.366932    -0.005731
-0.181797    -0.360808    -0.018289
-0.181117    -0.114797    -0.023448
-0.179455    -0.022505    -0.036049
-0.180762    -0.21507    -0.026137
-0.179834    -0.327828    -0.033176
-0.168101    0.170127    -0.025678
-0.173246    0.159914    -0.032225
-0.111315    0.242433    0.023087
-0.110708    0.242638    0.024342
-0.159958    0.16    0.079595
-0.158617    0.156674    0.087894
-0.127187    0.235296    -0.009633
-0.112279    0.242002    -0.013696
-0.144687    -0.276638    0.11693
-0.1514    -0.081854    0.108183
-0.142723    -0.291498    0.11949
-0.156787    -0.109974    0.101163
-0.145723    -0.146534    0.115582
-0.154208    -0.321748    0.104524
-0.13888    -0.362029    0.124498
-0.154599    -0.055307    0.104014
-0.16002    -0.133695    0.09695
-0.14042    -0.228217    0.122492
-0.155553    -0.296035    0.10277
-0.154812    -0.069308    0.103736
-0.15154    -0.400416    0.09495
-0.114165    -0.476489    0.097775
-0.143562    -0.418403    0.094498
-0.13156    -0.51183    0.028138
-0.161579    -0.440354    0.001333
-0.172186    -0.404052    -0.020187
-0.177851    -0.385748    -0.028633
-0.097811    -0.51183    0.056559
-0.171155    -0.128354    -0.060996
-0.175203    -0.078095    -0.051232
-0.170656    0.010695    -0.062199
-0.17395    -0.0675    -0.054254
-0.177717    -0.13095    -0.045167
-0.173191    0.14253    -0.056086
-0.176268    -0.158975    -0.048663
-0.17794    -0.11345    -0.04463
-0.177248    -0.18853    -0.0463
-0.177463    0.068528    -0.045782
-0.176898    -0.273074    -0.047144
-0.173442    -0.177707    -0.055479
-0.145072    0.196339    -0.051063
-0.136382    0.211208    -0.049379
-0.078738    0.258156    0.014602
-0.06296    0.26485    0.022791
-0.129468    0.232052    0.043418
-0.067697    0.263316    -0.005405
-0.137252    0.086781    0.12662
-0.151779    0.133203    0.107689
-0.15664    0.090588    0.101354
-0.133574    -0.127288    0.131413
-0.136404    -0.182951    0.127725
-0.138769    0.05839    0.124643
-0.149665    -0.03096    0.110444
-0.152813    0.081619    0.106341
-0.156234    0.102764    0.101884
-0.135089    0.097741    0.129439
-0.132736    0.103852    0.132505
-0.137061    -0.090278    0.126869
-0.149929    0.069854    0.110101
-0.123532    -0.413818    0.123366
-0.124852    -0.430212    0.111758
-0.135884    -0.383995    0.125256
-0.111045    -0.51183    0.075676
-0.113185    -0.51183    0.019534
-0.153493    -0.455816    -0.016559
-0.153487    -0.455616    -0.017161
-0.087361    -0.51183    0.062794
-0.163244    -0.098153    -0.080076
-0.163708    0.016626    -0.078957
-0.163983    -0.209435    -0.078294
-0.171477    -0.285714    -0.060218
-0.170099    -0.269227    -0.063543
-0.174614    -0.324564    -0.052652
-0.173191    -0.245501    -0.056086
-0.164364    -0.223531    -0.077375
-0.162511    0.032143    -0.081845
-0.164668    -0.161091    -0.076642
-0.168154    -0.307889    -0.068233
-0.166052    -0.023976    -0.073304
-0.174499    -0.316219    -0.052929
-0.137713    0.197443    -0.067132
-0.161084    0.171695    -0.049969
-0.119599    0.234721    -0.044217
-0.11534    0.234194    -0.057409
-0.106115    0.240703    0.052656
-0.132152    0.174804    0.10807
-0.136206    0.160919    0.116089
-0.088963    0.251602    -0.024463
-0.101565    0.094777    0.157558
-0.118606    0.11441    0.144471
-0.126406    0.103659    0.138482
-0.103622    0.078678    0.155979
-0.107351    0.129583    0.153115
-0.129043    0.096071    0.136457
-0.11832    0.130027    0.144691
-0.113465    0.115039    0.148419
-0.114627    0.071444    0.147527
-0.128924    -0.103116    0.136548
-0.116078    -0.046307    0.146413
-0.127746    0.140577    0.137453
-0.122906    0.140329    0.141169
-0.099893    -0.383652    0.156586
-0.11604    -0.394562    0.139135
-0.108329    -0.386955    0.148578
-0.077805    -0.51183    0.099209
-0.121503    -0.51183    -0.016897
-0.160665    -0.405825    -0.060363
-0.156077    -0.43097    -0.047322
-0.171743    -0.394089    -0.044897
-0.138595    0.009867    -0.115767
-0.146845    0.032192    -0.105018
-0.143295    0.006146    -0.109644
-0.150747    -0.032719    -0.099934
-0.158201    -0.098545    -0.09022
-0.143307    0.014914    -0.109628
-0.158264    0.057371    -0.090139
-0.159196    -0.158558    -0.088924
-0.152302    -0.191418    -0.097907
-0.158234    -0.054445    -0.090178
-0.157469    0.096038    -0.091175
-0.154722    0.001541    -0.094754
-0.156601    -0.001701    -0.092305
-0.137479    0.182562    -0.084599
-0.142315    0.179043    -0.081666
-0.10186    0.240208    -0.055707
-0.1224    0.193749    0.10263
-0.110501    0.21529    0.097504
-0.100303    -0.11066    0.158527
-0.109438    -0.352827    0.151512
-0.123039    -0.323134    0.141068
-0.119296    -0.300903    0.143942
-0.122296    -0.31338    0.141638
-0.099796    -0.224313    0.158917
-0.124698    -0.375035    0.139793
-0.099502    -0.332157    0.159142
-0.101297    -0.01416    0.157764
-0.106422    -0.154533    0.153828
-0.102529    -0.338139    0.156818
-0.109919    -0.179643    0.151143
-0.106444    -0.265015    0.153811
-0.115476    0.152447    0.143975
-0.103565    0.209425    0.111225
-0.086194    -0.471904    0.126248
-0.088686    -0.438825    0.139649
-0.083577    -0.46901    0.129598
-0.103193    -0.51183    -0.001848
-0.132621    -0.498179    -0.039458
-0.119407    -0.508554    -0.061381
-0.131081    -0.286714    -0.125558
-0.139166    -0.034227    -0.115024
-0.156787    -0.374937    -0.092064
-0.142407    -0.188996    -0.110801
-0.139157    -0.073251    -0.115035
-0.140617    -0.243755    -0.113133
-0.140075    -0.120247    -0.11384
-0.13728    0.014601    -0.117482
-0.146361    -0.311059    -0.105648
-0.147709    -0.339958    -0.103893
-0.147532    -0.201939    -0.104123
-0.146572    -0.333579    -0.105374
-0.138341    -0.098209    -0.116099
-0.132541    0.161389    -0.111314
-0.118471    0.202136    -0.090618
-0.080637    0.248758    -0.053518
-0.108035    0.232578    -0.074291
-0.095262    0.237034    0.084483
-0.071767    -0.081153    0.173139
-0.072464    -0.123326    0.17285
-0.084662    0.096384    0.167797
-0.073357    -0.060376    0.17248
-0.056793    0.110549    0.179342
-0.086036    -0.089474    0.167228
-0.074399    -0.154764    0.172049
-0.077241    -0.095486    0.170872
-0.072313    -0.024842    0.172913
-0.066176    -0.011271    0.175455
-0.076233    0.030921    0.171289
-0.085563    -0.039355    0.167424
-0.069004    0.123198    0.174284
-0.085022    0.213928    0.122156
-0.091802    0.208481    0.120954
-0.060221    -0.442836    0.152462
-0.073853    -0.44752    0.144953
-0.078954    -0.422751    0.152684
-0.067998    -0.51183    0.107788
-0.035887    -0.506902    0.038069
-0.01577    -0.506902    0.040792
-0.037066    -0.506902    0.041567
0.018289    -0.506902    0.075
-0.072246    -0.506902    0.030312
-0.07972    -0.506902    0.022137
0.031145    -0.506902    0.026227
-0.130275    -0.51183    -0.030993
-0.130023    -0.404592    -0.111368
-0.133012    -0.415083    -0.101147
-0.135608    -0.417758    -0.096151
-0.122933    -0.138101    -0.132047
-0.114924    -0.084605    -0.138198
-0.115525    -0.295673    -0.137736
-0.120658    -0.01501    -0.133794
-0.125823    -0.03686    -0.129827
-0.128443    -0.038141    -0.127815
-0.126515    -0.207035    -0.129295
-0.113356    -0.146306    -0.139402
-0.125638    -0.177424    -0.129969
-0.129073    -0.070195    -0.127331
-0.118396    -0.153608    -0.135531
-0.125743    -0.208765    -0.129889
-0.125434    -0.224011    -0.130126
-0.10998    0.168403    -0.127361
-0.105957    0.168927    -0.130066
-0.10568    0.181605    -0.120956
-0.082718    0.240633    0.088043
-0.057259    -0.018632    0.179149
-0.060632    -0.109986    0.177751
-0.054829    0.032343    0.180156
-0.077101    -0.244352    0.17093
-0.052775    -0.178368    0.181006
-0.050768    0.016038    0.181838
-0.057322    0.018262    0.179123
-0.049764    -0.232314    0.182254
-0.064325    -0.115471    0.176222
-0.050692    -0.199391    0.181869
-0.054365    -0.357143    0.180348
-0.050256    -0.19493    0.18205
-0.07547    -0.195505    0.171605
-0.068293    0.159798    0.167448
-0.076532    0.166391    0.159873
-0.060872    0.247958    0.085206
-0.046534    0.255516    0.075973
-0.065567    -0.504054    0.125915
-0.049467    -0.482464    0.141158
0.010749    -0.51183    0.107327
-0.002982    -0.506902    0.082481
0.044707    -0.506902    0.041076
-0.022899    -0.506902    0.053096
-0.036587    -0.506902    0.059504
0.026584    -0.506902    0.065069
0.053616    -0.506902    0.01811
-0.048193    -0.506902    0.010783
0.046188    -0.506902    0.009071
-0.097417    -0.51183    -0.063264
-0.121524    -0.42569    -0.109719
-0.112333    -0.476733    -0.090911
-0.106341    -0.132611    -0.14479
-0.10971    0.012946    -0.142202
-0.100433    0.128097    -0.149327
-0.092648    0.086909    -0.155307
-0.11476    0.000102    -0.138324
-0.108283    0.123709    -0.143298
-0.097422    -0.164728    -0.15164
-0.099778    0.127172    -0.149831
-0.101885    0.074174    -0.148213
-0.098736    0.065349    -0.150631
-0.097352    0.069883    -0.151694
-0.092711    0.022527    -0.155258
-0.111345    0.116957    -0.140947
-0.102116    -0.40662    -0.135144
-0.106496    -0.417582    -0.126704
-0.102493    -0.442771    -0.118116
-0.089309    0.175459    -0.138049
-0.083262    0.213633    -0.114621
-0.047361    0.25368    -0.071153
-0.079818    0.237895    -0.088506
-0.032501    -0.194344    0.185082
-0.038667    -0.064618    0.184268
-0.036047    -0.142656    0.184614
-0.036432    -0.161718    0.184563
-0.022729    0.101429    0.186371
-0.039338    -0.224953    0.18418
-0.03997    -0.006964    0.184096
-0.024595    -0.105385    0.186125
-0.005093    0.147391    0.188699
-0.011718    0.072798    0.187825
-0.014705    0.110757    0.18743
-0.018177    0.115645    0.186972
-0.052803    0.204962    0.14535
-0.051787    0.197842    0.150266
-0.028217    0.261171    0.071842
-0.041838    -0.38115    0.182971
-0.040314    -0.390014    0.179888
-0.008316    -0.383242    0.18662
-0.036354    -0.51183    0.12971
6.5e-05    -0.51183    0.115323
-0.010873    -0.506902    0.096321
-0.010392    -0.506902    0.09049
-0.013495    -0.506902    0.002278
0.040404    -0.506902    0.001722
0.016184    -0.506902    -0.005361
-0.058434    -0.286285    -0.169552
-0.079887    -0.268651    -0.160672
-0.082189    -0.037133    -0.159719
-0.088546    -0.302656    -0.157088
-0.087736    -0.069091    -0.157423
-0.090876    0.089995    -0.156124
-0.068518    -0.235257    -0.165378
-0.0727    -0.214345    -0.163647
-0.090387    -0.172783    -0.156326
-0.080931    -0.350683    -0.16024
-0.06638    -0.192835    -0.166263
-0.086856    0.022515    -0.157788
-0.072462    -0.120124    -0.163746
-0.074572    -0.493807    -0.115931
-0.074215    -0.506241    -0.110448
-0.071423    -0.504437    -0.113427
-0.075707    0.154169    -0.158826
-0.082973    0.17301    -0.143926
-0.032287    0.262386    -0.058266
-0.03887    -0.378584    0.184241
-0.011255    -0.13347    0.187886
-0.01199    -0.255568    0.187789
-0.002894    -0.080873    0.188989
-0.020244    -0.158192    0.1867
-0.002545    -0.058693    0.189035
-0.031379    -0.239204    0.18523
-0.007327    -0.148328    0.188404
-0.00312    -0.210293    0.188959
-0.033766    -0.244193    0.184915
-0.01661    -0.078307    0.187179
-0.010534    -0.013672    0.187981
-0.029236    -0.285647    0.185513
-0.02843    0.163299    0.176912
-0.031378    0.171588    0.171645
-0.055971    0.232356    0.12661
-0.023348    -0.485629    0.1467
-0.012706    -0.488207    0.147146
-0.01929    -0.480503    0.149133
-0.013312    -0.51183    0.124622
0.077801    -0.458399    0.138924
0.079173    -0.501082    0.118122
0.079324    -0.47762    0.128862
0.062048    -0.506902    -0.00404
0.060978    -0.506902    -0.001598
0.00377    -0.506902    -0.014871
-0.00119    -0.506902    -0.041519
0.058465    -0.506902    -0.044514
-0.080031    -0.51183    -0.086621
-0.072596    0.03374    -0.16369
-0.07378    0.128386    -0.1632
-0.076138    0.12745    -0.162224
-0.054784    -0.176308    -0.171062
-0.049743    -0.100952    -0.173149
-0.056393    0.035264    -0.170396
-0.069726    -0.065883    -0.164878
-0.067848    0.138538    -0.165655
-0.049526    -0.028811    -0.173239
-0.068736    0.134227    -0.165288
-0.079701    0.039688    -0.160749
-0.089372    0.123757    -0.156746
-0.089651    -0.384445    -0.154379
-0.073367    -0.436758    -0.140328
-0.072063    -0.424452    -0.145759
-0.049773    -0.382728    -0.171567
-0.079993    -0.51183    -0.09298
-0.048931    0.193957    -0.144793
-0.04911    0.236472    -0.110883
-0.047681    0.233156    -0.119099
0.002828    0.008234    0.188994
0.011288    -0.234565    0.187879
0.024306    0.136994    0.186163
0.005248    0.016437    0.188675
0.024697    0.117217    0.186111
0.00781    0.002401    0.188337
0.004484    -0.009761    0.188776
0.008105    -0.279403    0.188299
0.015306    -0.168113    0.187349
0.000563    0.007739    0.189293
0.022583    0.096625    0.18639
0.020124    -0.140742    0.186714
0.002284    -0.079054    0.189066
-0.008536    0.228011    0.141452
-0.006792    0.262352    0.074723
0.01926    -0.484224    0.147759
0.004694    -0.419847    0.173531
0.027599    -0.484485    0.146564
0.042986    -0.493518    0.139449
0.050173    -0.437929    0.158574
0.109281    -0.438666    0.123916
0.114642    -0.432369    0.122718
0.096734    -0.450637    0.128
0.105782    -0.398421    0.145221
0.075539    -0.4023    0.162221
0.049057    -0.385245    0.179983
0.071974    -0.424804    0.154753
0.094005    -0.51183    0.098686
0.101845    -0.51183    0.065486
0.088407    -0.506902    -0.028925
0.049283    -0.506902    -0.032833
0.083247    -0.506902    -0.041096
-0.041549    -0.506902    -0.057928
-0.010042    -0.506902    -0.047001
-0.040507    0.036553    -0.17491
-0.046043    -0.207353    -0.174181
-0.046719    0.025624    -0.174091
-0.027409    -0.294796    -0.176636
-0.045063    0.012165    -0.17431
-0.036307    -0.11983    -0.175463
-0.038881    -0.243599    -0.175124
-0.033957    -0.010352    -0.175773
-0.01359    -0.291596    -0.178456
-0.025513    -0.269701    -0.176885
-0.045177    -0.251484    -0.174295
-0.027932    -0.331614    -0.176567
-0.040931    -0.072499    -0.174854
-0.05146    -0.472092    -0.135352
-0.045002    -0.426285    -0.15623
-0.044035    -0.51183    -0.104162
-0.042307    0.173575    -0.159924
-0.036688    0.170376    -0.162546
-0.014896    0.26024    -0.069083
0.033592    -0.270702    0.184939
0.008972    -0.328902    0.188184
0.003537    -0.368005    0.188901
0.018672    -0.333877    0.186906
0.020759    -0.376369    0.18663
0.011237    -0.277044    0.187886
0.04285    0.061049    0.183718
0.047612    -0.217152    0.18309
0.047563    -0.141664    0.183097
0.026711    -0.309164    0.185846
0.026313    -0.373452    0.185898
0.014209    -0.31708    0.187494
0.045399    -0.110434    0.183382
0.012067    0.172881    0.173431
0.03066    0.180016    0.166782
-0.024167    0.234782    0.131513
0.029154    0.223278    0.141522
0.020823    0.220523    0.14424
0.012613    -0.411753    0.175487
0.015032    -0.392045    0.18247
0.039384    -0.46653    0.151663
0.013438    -0.383378    0.185891
0.12849    0.09603    0.136895
0.129363    0.123673    0.136225
0.120969    -0.18441    0.142663
0.112629    -0.352377    0.149059
0.130228    -0.014542    0.135561
0.116915    -0.178453    0.145772
0.129114    -0.048499    0.136416
0.123236    -0.375838    0.140924
0.121089    -0.246183    0.142571
0.124669    -0.049124    0.139825
0.115985    -0.16578    0.146486
0.120521    -0.150506    0.143006
0.128563    -0.28104    0.136839
0.11227    -0.504401    0.083431
0.113209    -0.463111    0.107114
0.07792    -0.027478    0.170585
0.088431    0.062138    0.166226
0.08126    -0.216146    0.1692
0.06778    -0.291999    0.17479
0.092109    0.028857    0.164701
0.08354    0.033203    0.168254
0.081192    -0.264417    0.169228
0.089331    -0.150262    0.165853
0.083141    -0.123321    0.16842
0.079868    -0.139796    0.169777
0.092157    0.0732    0.164681
0.085774    -0.377597    0.167328
0.08955    -0.109252    0.165762
0.112397    -0.51183    0.06269
0.128113    -0.51183    -0.011728
0.048808    -0.506902    -0.062434
0.064344    -0.506902    -0.062103
-0.045155    -0.506902    -0.077841
-0.001627    -0.155403    -0.180033
-0.005165    0.041566    -0.179566
-0.029244    0.062438    -0.176394
-0.019593    0.069187    -0.177665
-0.003953    0.019778    -0.179726
-0.003098    -0.312224    -0.179839
-0.0048    0.005252    -0.179614
-0.013127    -0.165359    -0.178517
-0.0048    -0.040492    -0.179615
-0.031293    0.008646    -0.176124
-0.004824    0.131397    -0.179611
-0.010004    -0.176303    -0.178929
-0.032726    0.113411    -0.175935
-0.030774    -0.457019    -0.147214
-0.032152    -0.385933    -0.173361
-0.023682    -0.389052    -0.173322
-0.000324    -0.508962    -0.09613
0.04195    -0.51183    -0.108099
-0.003448    0.15844    -0.173948
-0.011036    0.25058    -0.090291
-0.014078    0.239503    -0.113627
0.049436    0.047901    0.182397
0.060562    -0.009084    0.177783
0.074725    0.007832    0.17191
0.063903    0.016068    0.176398
0.055781    0.00345    0.179766
0.050446    -0.158123    0.181978
0.050107    0.012106    0.182119
0.070875    -0.011045    0.173506
0.068833    0.10336    0.174353
0.056217    -0.09138    0.179585
0.063428    -0.061761    0.176595
0.084106    0.13983    0.168019
0.081989    0.138063    0.168897
0.044348    0.213455    0.14349
0.010735    0.256014    0.087783
0.007799    0.234411    0.134463
0.106669    -0.102327    0.15363
0.094258    0.101094    0.163149
0.108071    0.091858    0.152555
0.099924    -0.128228    0.158804
0.100993    -0.238781    0.157984
0.09951    0.043959    0.159121
0.095603    -0.238477    0.162118
0.114708    0.098004    0.147465
0.114919    0.119629    0.147303
0.09878    -0.083728    0.159681
0.094797    0.028474    0.162736
0.094281    -0.144572    0.163132
0.096284    0.087051    0.161595
0.131552    -0.363069    0.134074
0.134804    -0.213525    0.129836
0.143324    -0.282295    0.118734
0.144719    -0.333734    0.116916
0.141124    -0.276089    0.121601
0.153284    -0.301011    0.105754
0.138374    -0.20961    0.125184
0.147914    -0.324124    0.112752
0.150586    -0.358319    0.10927
0.132525    0.086754    0.132807
0.15925    -0.376987    0.097979
0.146297    -0.313034    0.114859
0.134143    -0.053012    0.130698
0.131213    -0.397832    0.123024
0.142312    -0.41916    0.095695
0.133608    -0.418955    0.107161
0.141572    -0.438045    0.084671
0.130677    -0.489256    0.061848
0.155118    -0.397172    0.091188
0.167719    -0.409742    0.047296
0.15128    -0.458674    0.034436
0.134551    -0.511713    -0.003055
0.133149    -0.508858    -0.021874
0.162659    -0.43679    -0.000307
-0.000347    -0.506902    -0.075112
0.040071    -0.506902    -0.083428
0.003812    -0.343117    -0.179741
0.015107    -0.126231    -0.178255
0.001427    -0.261345    -0.180055
0.009266    -0.175131    -0.179024
0.015017    -0.244229    -0.178266
0.027517    -0.228527    -0.176621
0.007289    -0.373094    -0.179284
0.010782    -0.196471    -0.178824
0.000988    -0.19434    -0.180113
0.008822    0.050711    -0.179082
0.002003    -0.202577    -0.179979
0.00518    -0.35115    -0.179561
0.000869    -0.136383    -0.180129
-0.008929    -0.478433    -0.142161
-0.008824    -0.461957    -0.148277
-0.037832    -0.51183    -0.116428
0.028802    -0.51183    -0.099761
0.018612    0.180254    -0.159116
0.02285    0.151815    -0.175287
0.004697    0.234159    -0.126311
0.002041    0.247704    -0.097637
0.072352    0.209566    0.134339
0.066119    0.171707    0.160828
0.037192    0.24412    0.107334
0.003417    0.263438    0.072838
0.096655    0.180759    0.137606
0.101493    0.191727    0.125835
0.152666    -0.049979    0.106559
0.152521    -0.124009    0.106749
0.159773    0.113016    0.097298
0.159779    -0.120713    0.09729
0.146421    0.006289    0.114698
0.14458    0.098799    0.117096
0.157742    0.011148    0.099944
0.152313    0.09988    0.107019
0.138278    0.143232    0.125309
0.144308    0.114552    0.117451
0.136627    0.096339    0.127461
0.145675    0.014754    0.11567
0.145268    -0.046614    0.116199
0.176092    -0.382522    0.054649
0.175584    -0.381471    0.056881
0.168665    -0.380074    0.074908
0.141534    -0.473885    0.050401
0.172471    -0.410134    0.009863
0.158503    -0.449017    0.006556
0.163137    -0.432714    0.017287
0.155869    -0.445471    -0.027642
0.177647    -0.388942    -0.021192
0.159733    -0.439548    -0.014879
0.143204    -0.48044    -0.025464
0.042484    -0.506902    -0.084381
0.008318    0.073138    -0.179148
0.020558    -0.004658    -0.177537
0.04188    -0.069628    -0.174731
0.045814    -0.110176    -0.174213
0.015107    0.130358    -0.178255
0.021167    0.046673    -0.177457
0.034292    -0.1217    -0.17573
0.029913    -0.088074    -0.176306
0.043221    -0.184292    -0.174554
0.004477    0.137803    -0.179654
0.034683    -0.044637    -0.175678
0.024704    -0.105477    -0.176991
0.041651    -0.252656    -0.174761
0.012183    -0.436494    -0.157263
0.009164    -0.404253    -0.169602
0.010494    -0.397466    -0.17194
0.045701    -0.424593    -0.15662
0.046696    -0.506487    -0.123655
0.037464    -0.424438    -0.158401
0.02828    -0.495253    -0.133382
0.033652    -0.45386    -0.148006
0.072911    -0.51183    -0.099377
0.039185    0.199079    -0.145335
0.038059    0.180902    -0.156176
0.086014    0.229863    0.109678
0.091763    0.217842    0.114104
0.039769    0.252967    0.08592
0.127769    0.163662    0.124483
0.149447    0.152612    0.106818
0.169249    -0.348685    0.074741
0.166691    -0.24416    0.08091
0.161801    0.023135    0.092705
0.170193    -0.337879    0.072465
0.172046    -0.207888    0.067995
0.166559    -0.257273    0.081229
0.162011    0.086415    0.092197
0.166268    -0.239808    0.081931
0.166192    -0.070578    0.082115
0.170108    -0.348947    0.072669
0.162664    -0.04694    0.090622
0.16589    -0.16267    0.082843
0.165517    -0.197405    0.083743
0.178658    0.094041    0.051331
0.178553    -0.059434    0.052134
0.184201    -0.377397    0.008973
0.178922    -0.134949    0.049318
0.180703    -0.093416    0.035707
0.178847    -0.118473    0.049885
0.179421    -0.140681    0.045498
0.179903    -0.234037    0.041821
0.183396    -0.340179    0.015122
0.181185    -0.186511    0.032025
0.179572    -0.347573    0.044346
0.180786    -0.191413    0.035072
0.179605    0.020248    0.044095
0.181965    -0.104789    -0.01696
0.182892    -0.248501    -0.009877
0.183409    -0.349362    -0.005924
0.183357    -0.305387    -0.006322
0.184038    -0.107694    -0.001123
0.183309    -0.216854    -0.006691
0.181701    -0.20276    -0.01898
0.182676    -0.142073    -0.01153
0.183154    -0.179923    -0.007878
0.1821    -0.3003    -0.01593
0.18079    -0.318864    -0.025934
0.181886    -0.217245    -0.01756
0.183198    -0.124909    -0.007537
0.140396    -0.470591    -0.047202
0.132076    -0.507836    -0.031558
0.11321    -0.51183    -0.047539
0.058781    -0.058239    -0.169411
0.080329    -0.365151    -0.160483
0.064961    -0.289728    -0.166851
0.069059    -0.184329    -0.165152
0.073263    -0.19109    -0.16341
0.061865    -0.316508    -0.168134
0.052437    -0.243282    -0.17204
0.083211    -0.275146    -0.159289
0.081365    -0.363467    -0.160054
0.064983    -0.343576    -0.166841
0.057908    -0.293256    -0.169773
0.055942    0.010005    -0.170588
0.049166    0.103409    -0.173395
0.07015    -0.405279    -0.154166
0.073279    -0.414549    -0.149185
0.068466    -0.467451    -0.13015
0.054763    -0.411479    -0.158077
0.077904    -0.507716    -0.106922
0.084282    -0.489966    -0.110246
0.090708    -0.456756    -0.120687
0.03761    0.221429    -0.132145
0.032871    0.24729    -0.092736
0.05253    0.23737    -0.107398
0.069054    0.243807    0.090037
0.119577    0.225834    0.075598
0.145588    0.170913    0.094315
0.167205    0.037262    0.079671
0.169101    -0.019067    0.075099
0.173946    0.112477    0.063413
0.176322    -0.039257    0.057682
0.163665    0.051402    0.088208
0.176571    -0.168728    0.057081
0.162962    0.079456    0.089906
0.174324    0.04464    0.062502
0.174987    -0.246532    0.060901
0.172263    -0.147538    0.067471
0.17267    0.053782    0.06649
0.177844    -0.233147    0.054012
0.168851    -0.045934    0.075702
0.179433    0.115445    0.045408
0.179347    0.11953    0.04607
0.182297    -0.117273    0.023524
0.182692    0.014161    0.020503
0.183454    -0.003155    0.014679
0.182344    0.009188    0.023162
0.184239    0.142393    0.008684
0.183765    -0.22825    0.012306
0.183924    -0.105924    0.011092
0.183456    -0.043755    0.01467
0.18348    -0.055362    0.01448
0.18434    -0.134859    0.007913
0.183061    -0.103455    0.017683
0.180303    -0.15632    -0.029656
0.180468    -0.165069    -0.028397
0.180077    0.025232    -0.031388
0.178796    -0.25093    -0.041175
0.181956    0.052375    -0.017027
0.182529    0.068675    -0.012654
0.184392    0.147072    0.001584
0.178537    0.091236    -0.043155
0.17878    -0.268523    -0.041298
0.18425    0.134023    0.000497
0.182019    -0.038295    -0.01655
0.180419    -0.098743    -0.028771
0.154846    -0.415015    -0.065637
0.160671    -0.392984    -0.072709
0.149758    -0.426934    -0.06648
0.126041    -0.487643    -0.065479
0.103294    -0.51183    -0.079412
0.084331    0.06984    -0.158824
0.087571    -0.163909    -0.157482
0.066852    0.106065    -0.166067
0.067955    0.062835    -0.16561
0.076581    -0.088952    -0.162036
0.076855    0.145569    -0.161922
0.091948    0.118597    -0.155668
0.071893    0.110433    -0.163978
0.071804    0.059495    -0.164015
0.069708    0.078527    -0.164883
0.074636    -0.15515    -0.162841
0.072251    -0.046053    -0.16383
0.068544    -0.070236    -0.165366
0.104529    -0.425368    -0.124612
0.097221    -0.402956    -0.140589
0.100633    -0.437447    -0.122011
0.05198    0.161269    -0.16417
0.07441    0.177599    -0.144565
0.075848    0.160568    -0.154722
0.081832    0.240633    0.088737
0.098043    0.239963    0.07066
0.164135    0.160529    0.068762
0.1595    0.174081    0.059306
0.141953    0.197695    0.065668
0.164529    0.177389    0.029476
0.155075    0.190456    0.042989
0.174761    0.163925    -0.002689
0.155318    0.195772    -0.008104
0.176802    -0.340738    -0.04742
0.172611    -0.214316    -0.057531
0.172952    -0.075739    -0.056709
0.176525    -0.029706    -0.04809
0.165108    -0.269265    -0.075629
0.168062    -0.355224    -0.068503
0.162333    -0.376373    -0.082322
0.173203    -0.320946    -0.056102
0.170793    -0.23895    -0.061917
0.173167    -0.180968    -0.056189
0.167457    -0.205843    -0.069962
0.175281    0.00493    -0.05109
0.176642    -0.026552    -0.047808
0.147901    -0.415391    -0.081587
0.129647    -0.467739    -0.0738
0.130651    -0.447586    -0.084647
0.111341    -0.116732    -0.140946
0.107116    -0.318973    -0.144187
0.098543    -0.128964    -0.150763
0.11623    -0.261547    -0.137196
0.108182    -0.364574    -0.143369
0.098255    -0.036091    -0.150984
0.10048    -0.171729    -0.149277
0.109642    -0.159832    -0.142249
0.093872    -0.249216    -0.154346
0.094304    -0.113587    -0.154015
0.099952    -0.237023    -0.149682
0.104392    -0.131675    -0.146276
0.106299    -0.348584    -0.144814
0.130489    -0.390926    -0.11903
0.107908    -0.475466    -0.097468
0.145443    -0.379755    -0.106282
0.093725    0.195551    -0.11988
0.093892    0.214581    -0.105766
0.043794    0.259775    -0.057551
0.096869    0.242807    0.062266
0.129488    0.231642    0.04404
0.137917    0.214871    0.049247
0.158873    0.189083    0.020131
0.143426    0.216628    0.014342
0.151509    0.19709    -0.031312
0.162906    -0.160526    -0.080941
0.160283    -0.3028    -0.087266
0.163635    -0.143733    -0.079181
0.171319    0.074371    -0.060648
0.162099    -0.230475    -0.082887
0.169208    0.035867    -0.065738
0.165798    0.092454    -0.073965
0.167196    -0.159741    -0.070591
0.16203    -0.320733    -0.083054
0.171296    0.063574    -0.060702
0.161006    0.106875    -0.085523
0.169181    0.087715    -0.065805
0.161987    0.014931    -0.083158
0.110867    0.028815    -0.14131
0.120541    0.022033    -0.133889
0.118172    -0.117121    -0.135706
0.128701    0.047656    -0.12763
0.123224    -0.157371    -0.131831
0.12944    -0.123908    -0.127063
0.125364    -0.171031    -0.13019
0.101448    0.094048    -0.148534
0.111916    0.004892    -0.140505
0.128211    -0.210838    -0.128006
0.124173    0.090156    -0.131103
0.116857    -0.105737    -0.136715
0.113429    0.046649    -0.139344
0.157803    -0.167699    -0.090766
0.157442    -0.238895    -0.091236
0.159473    -0.347083    -0.08859
0.150299    -0.099098    -0.100544
0.158202    -0.322476    -0.090245
0.153085    -0.054678    -0.096914
0.157677    -0.259672    -0.09093
0.157776    -0.048096    -0.090801
0.155563    -0.121151    -0.093684
0.156311    -0.168316    -0.09271
0.157882    -0.338736    -0.090663
0.14496    -0.21649    -0.1075
0.15433    -0.189046    -0.095291
0.103891    0.202143    -0.107238
0.123736    0.15005    -0.130301
0.039657    0.266541    -0.042603
0.073563    0.256274    0.044834
0.102649    0.246076    0.029706
0.125314    0.235329    0.03245
0.11437    0.240885    -0.016012
0.157987    0.16516    -0.067437
0.151804    0.189856    -0.044744
0.165173    0.167242    -0.046936
0.157691    0.116474    -0.090912
0.133589    -0.071296    -0.122317
0.148513    0.049    -0.102871
0.136032    -0.008607    -0.119134
0.136434    0.049257    -0.11861
0.131661    -0.059417    -0.124829
0.130883    -0.212227    -0.125843
0.135324    0.121485    -0.120056
0.137335    -0.145887    -0.117437
0.142528    -0.037677    -0.110669
0.139228    0.047378    -0.11497
0.132654    0.137748    -0.123535
0.121307    0.196327    -0.092511
0.120074    0.184243    -0.105693
0.08568    0.243607    -0.064953
0.081971    0.241798    -0.076097
0.099877    0.248853    0.005328
0.087987    0.253948    -0.003726
0.127463    0.221937    -0.054601
0.134097    0.212445    -0.053055
0.136895    0.168271    -0.099073
0.135631    0.167253    -0.101696
0.096125    0.243063    -0.053244
0.11393    0.235786    -0.052029
0.021149    0.318997    -0.052793
0.028618    0.316543    -0.041906
-0.007003    0.316543    -0.043066
-0.023656    0.316543    -0.037463
0.014779    0.313037    -0.050176
0.053537    0.328955    -0.025808
0.028696    0.316543    -0.02071
0.058597    0.325078    -0.013605
-0.051188    0.316543    -0.02056
-0.049573    0.289603    -0.031141
0.051135    0.286427    -0.029136
0.033616    0.316543    -0.010627
-0.038734    0.294796    -0.042695
-0.002021    0.340689    -0.009866
-0.024156    0.298904    -0.046621
0.040181    0.316543    0.001396
-0.013711    0.340689    0.00648
-0.042158    0.316543    0.004667
-0.060658    0.315677    -0.002632
0.060024    0.30875    -0.007463
0.048314    0.316543    0.017424
-0.00831    0.340689    0.020668
0.050413    0.316543    0.030652
-0.017949    0.340689    0.026896
0.061428    0.273657    0.005746
0.045723    0.316543    0.044203
0.048312    0.317887    0.041908
-0.046262    0.31624    0.044551
0.037128    0.316543    0.048446
0.016024    0.316543    0.051797
0.007022    0.316543    0.060409
-0.001294    0.316543    0.062153
0.015126    0.324616    0.064156
0.002823    0.312067    0.065775
0.024654    0.340689    -0.043833
-0.03179    0.318558    -0.048044
0.032829    0.340689    -0.02894
0.035354    0.340689    -0.015051
-0.053534    0.317641    -0.025767
-0.054644    0.306921    -0.023091
0.052538    0.340689    -0.002236
0.031196    0.267788    -0.048479
0.060174    0.338645    0.015407
-0.002753    0.285754    -0.056688
0.016611    0.340689    0.018497
0.056228    0.340375    0.028418
0.055467    0.331773    0.030255
0.04919    0.329907    0.040765
0.045718    0.326598    0.045282
0.009991    0.340689    0.048387
0.052606    0.311964    0.036322
0.039007    0.302231    0.05159
0.029277    0.307182    0.058523
0.007865    0.336598    0.065111
