0.058315    -0.568287    0.085153
0.1067    -0.568287    0.046819
0.101112    -0.568287    0.036573
0.081918    -0.568287    -0.014071
0.07761    -0.568287    -0.007654
0.021863    -0.568287    0.085286
0.091088    -0.568287    0.001978
0.078276    -0.568287    0.010147
0.109313    -0.568287    -0.035258
0.053436    -0.568287    0.086994
0.119498    -0.568287    0.008442
0.099288    -0.568287    0.029691
0.021928    -0.568287    0.104993
0.0714    -0.568287    -0.023562
0.048947    -0.568287    0.057745
0.052616    -0.568287    0.057522
0.087481    -0.568287    -0.082794
0.040645    -0.568287    0.06469
0.09571    -0.182344    0.076091
0.105715    -0.523545    0.051938
0.112458    -0.385806    0.035657
0.098577    -0.473358    0.06917
0.091578    -0.561451    0.086067
0.112686    -0.439298    0.035108
0.099294    -0.51887    0.067439
0.109065    -0.417906    0.043849
0.104623    -0.279176    0.054574
0.108071    -0.402282    0.046248
0.091542    -0.39418    0.086153
0.105754    -0.394911    0.051844
0.113659    -0.448063    0.032759
0.105498    -0.48314    0.05246
0.096619    -0.390245    0.073898
0.090745    -0.117082    0.088079
0.108215    -0.463507    0.045901
0.09939    -0.441696    0.067207
0.105818    -0.265645    0.05169
0.099374    -0.553689    0.067247
0.092494    -0.563113    0.083857
0.122574    -0.565942    0.011237
0.104514    -0.220999    0.054837
0.094022    -0.10678    0.080168
0.09441    -0.532481    0.079231
0.10244    -0.444583    0.059844
0.096539    -0.459327    0.074089
0.095418    -0.464119    0.076797
0.100391    -0.366889    0.064792
0.111494    -0.469716    0.037986
0.092048    -0.097274    0.084932
0.094811    -0.16318    0.078263
0.10755    -0.461582    0.047508
0.092235    -0.10413    0.084481
0.101844    -0.459082    0.061284
0.106414    -0.497226    0.05025
0.115752    -0.564269    0.027705
0.090065    -0.544163    0.08972
0.116209    -0.420156    0.026603
0.09255    -0.475028    0.083722
0.091975    -0.374833    0.085108
0.106823    -0.385724    0.049263
0.100067    -0.376523    0.065574
0.090155    -0.342615    0.089502
0.114221    -0.445139    0.031401
0.091479    -0.49663    0.086307
0.100207    -0.544411    0.065234
0.016294    -0.202235    0.120479
0.022455    -0.201271    0.117927
0.027616    -0.238661    0.115789
0.039232    -0.254269    0.110978
0.039163    -0.332861    0.111006
0.043574    -0.456329    0.109179
0.00942    -0.282339    0.123326
0.017652    -0.270533    0.119916
0.031644    -0.211715    0.114121
0.004469    -0.43672    0.125377
0.058227    -0.442569    0.10311
0.038287    -0.40721    0.111369
0.005953    -0.109728    0.124762
0.03985    -0.376106    0.110722
0.042934    -0.301109    0.109444
0.014538    -0.104524    0.121206
0.057727    -0.52194    0.103317
0.002551    -0.033241    0.126171
0.004554    -0.297243    0.125342
0.009558    -0.103371    0.123269
0.01013    -0.199196    0.123032
0.055185    -0.497666    0.10437
0.003688    -0.265852    0.1257
0.054124    -0.492483    0.104809
0.051011    -0.386917    0.106099
0.05416    -0.431665    0.104794
0.035494    -0.332579    0.112526
0.002524    -0.196489    0.126182
0.013895    -0.408756    0.121472
0.036487    -0.2464    0.112115
0.018437    -0.479842    0.119591
0.01896    -0.288967    0.119375
0.004246    -0.121199    0.125469
0.016754    -0.131716    0.120288
0.002118    -0.490394    0.126351
0.00136    -0.026284    0.126665
0.012355    -0.45539    0.12211
0.012735    -0.065382    0.121953
0.032227    -0.532856    0.113879
0.014295    -0.385123    0.121307
0.040966    -0.450069    0.110259
0.018436    -0.508328    0.119592
0.039652    -0.341267    0.110804
0.033021    -0.448251    0.113551
0.009611    -0.378137    0.123247
0.07732    -0.493953    0.095201
-0.031718    -0.568287    0.066108
-0.045823    -0.568287    0.059766
-0.043758    -0.568287    0.081158
-0.026336    -0.568287    0.048625
-0.022625    -0.568287    0.06061
-0.005605    -0.568287    0.007095
-0.018459    -0.568287    0.109425
-0.021425    -0.568287    0.081583
-0.042922    -0.568287    0.069744
-0.049248    -0.568287    0.05599
-0.000129    -0.568287    0.069898
0.05616    -0.568287    -0.015399
0.027924    -0.568287    0.025603
0.035811    -0.568287    0.006479
0.029541    -0.568287    0.030912
-0.008843    -0.568287    0.06514
-0.020163    -0.568287    0.06793
0.062783    -0.568287    -0.034064
0.097221    -0.347534    -0.072445
0.090386    -0.37109    -0.088945
0.119276    -0.544349    -0.019199
0.095682    -0.558971    -0.076159
0.122446    -0.540295    -0.011544
0.121017    -0.490916    -0.014994
0.109606    -0.526249    -0.042544
0.112749    -0.530997    -0.034957
0.097812    -0.286714    -0.071016
0.094452    -0.295159    -0.079128
0.121162    -0.522527    -0.014644
0.100756    -0.537154    -0.063909
0.096594    -0.501811    -0.073957
0.1137    -0.443809    -0.03266
0.114158    -0.415722    -0.031553
0.106061    -0.252723    -0.051102
0.092463    -0.396557    -0.083931
0.098547    -0.56628    -0.069241
0.097974    -0.394132    -0.070627
0.094442    -0.443086    -0.079152
0.105514    -0.34896    -0.052424
0.104504    -0.450291    -0.054861
0.103208    -0.413063    -0.05799
0.091923    -0.324963    -0.085234
0.101546    -0.468028    -0.062002
0.095053    -0.509289    -0.077679
0.093447    -0.209448    -0.081555
0.099408    -0.291251    -0.067164
0.090102    -0.485152    -0.089631
0.092621    -0.071315    -0.083549
0.09316    -0.064109    -0.082247
0.115905    -0.48004    -0.027337
0.115886    -0.388936    -0.027382
0.102101    -0.357386    -0.060662
0.105988    -0.239428    -0.051279
0.102984    -0.290257    -0.05853
0.104089    -0.339519    -0.055864
0.121826    -0.556572    -0.013043
0.094917    -0.234358    -0.078007
0.106939    -0.447128    -0.048983
0.110425    -0.379718    -0.040566
0.093113    -0.14435    -0.082362
0.093089    -0.139552    -0.08242
0.125934    -0.560278    -0.003123
0.091411    -0.567076    -0.086472
0.100545    -0.439401    -0.064419
0.101961    -0.326964    -0.061001
0.124989    -0.244488    0.005406
0.126423    -0.128829    0.001943
0.112279    -0.171402    0.03609
0.124803    -0.029033    0.005854
0.111568    -0.112136    0.037807
0.123439    -0.441884    0.009147
0.120258    -0.223732    0.016827
0.126913    -0.528185    0.00076
0.116266    -0.29939    0.026466
0.098481    -0.020689    0.069403
0.114033    -0.29943    0.031855
0.113257    -0.114605    0.033729
0.106335    -0.106503    0.05044
0.109515    0.013999    0.042762
0.108522    -0.057821    0.045161
0.111972    -0.232844    0.036831
0.120542    -0.231734    0.016141
0.12697    -0.229288    0.000623
0.115589    -0.00898    0.028099
0.113885    -0.103489    0.032214
0.123312    -0.231939    0.009455
0.125917    -0.178843    0.003165
0.125102    -0.218387    0.005133
0.106008    -0.138717    0.05123
0.120734    -0.149978    0.015679
0.104213    -0.063769    0.055565
0.103808    -0.031929    0.056542
0.110384    -0.11747    0.040666
0.126368    -0.260392    0.002076
0.121228    -0.439003    0.014485
0.124729    -0.509744    0.006033
0.121348    -0.045531    0.014196
0.126629    -0.389538    0.001447
0.11773    -0.395379    0.02293
0.104691    -0.033382    0.054409
0.116724    -0.199216    0.02536
0.100232    -0.135977    0.065174
0.121133    -0.383597    0.014715
0.119308    -0.193133    0.019122
0.107139    -0.022977    0.0485
0.109924    -0.034408    0.041777
0.111376    -0.225426    0.03827
0.097698    -0.033458    0.071292
0.124888    -0.444703    0.00565
0.093251    -0.014193    0.082027
0.12045    -0.046902    0.016365
0.054378    -0.055258    0.104704
0.041482    0.025186    0.110046
0.035111    -0.168739    0.112685
0.076496    -0.407091    0.095542
0.056306    0.002055    0.103906
0.043459    -0.113146    0.109227
0.044702    -0.260685    0.108712
0.039412    -0.161275    0.110903
0.047044    -0.23206    0.107742
0.003613    0.003449    0.125732
0.037997    -0.177025    0.111489
0.053199    -0.30282    0.105192
0.063958    -0.151283    0.100736
0.069863    -0.307871    0.09829
0.088649    -0.47136    0.090509
0.044373    -0.198714    0.108848
0.032781    -0.092476    0.11365
0.068028    -0.375566    0.09905
0.068526    -0.297181    0.098844
0.08061    -0.483693    0.093839
0.054496    -0.01654    0.104655
0.073886    -0.218489    0.096624
0.063823    -0.104963    0.100792
0.037451    -0.028917    0.111715
0.088257    -0.432499    0.090671
0.073913    -0.116941    0.096612
0.084268    -0.337583    0.092323
0.068663    -0.371158    0.098787
0.069621    -0.325572    0.09839
0.023693    -0.100035    0.117414
0.041099    -0.233866    0.110204
0.057645    -0.20772    0.103351
0.049983    0.013307    0.106525
0.087839    -0.498601    0.090844
0.051538    -0.289271    0.105881
0.05491    -0.20646    0.104484
0.065052    -0.330837    0.100283
0.088157    -0.010592    0.090712
0.069793    -0.314623    0.098319
0.088644    -0.407    0.090511
0.005787    0.011396    0.124831
0.049893    -0.066865    0.106562
0.072023    -0.056923    0.097395
0.053503    0.005839    0.105067
0.081849    -0.234572    0.093325
0.085436    -0.168474    0.09184
-0.048603    -0.369088    0.107096
-0.027309    -0.158187    0.115916
-0.077188    -0.546135    0.095256
-0.03653    -0.367177    0.112097
-0.056862    -0.477145    0.103675
-0.014101    -0.28989    0.121387
-0.013859    -0.40935    0.121488
-0.027465    -0.213294    0.115852
-0.011065    -0.13797    0.122645
-0.011153    -0.378425    0.122608
-0.067092    -0.447098    0.099438
-0.016169    -0.093154    0.120531
-0.059106    -0.44513    0.102746
-0.015756    -0.377379    0.120702
-0.047476    -0.447952    0.107563
-0.067882    -0.453334    0.099111
-0.056302    -0.429331    0.103907
-0.041453    -0.293691    0.110058
-0.002586    -0.416879    0.126157
-0.017699    -0.559182    0.119897
-0.052121    -0.414561    0.105639
-0.036262    -0.430869    0.112208
-0.033325    -0.370036    0.113425
-0.007863    -0.492416    0.123971
-0.01107    -0.545438    0.122643
-0.040064    -0.541268    0.110633
-0.018832    -0.15063    0.119428
-0.023628    -0.176329    0.117441
-0.004381    -0.444406    0.125413
-0.024927    -0.28279    0.116903
-0.029076    -0.249482    0.115185
-0.059702    -0.543405    0.102499
-0.07214    -0.474502    0.097347
-0.015259    -0.317208    0.120908
-0.026738    -0.437413    0.116153
-0.008602    -0.374427    0.123665
-0.065798    -0.454694    0.099974
-0.073947    -0.480926    0.096598
-0.021783    -0.174652    0.118205
-0.012624    -0.241298    0.121999
-0.011058    -0.221459    0.122647
-0.020341    -0.524392    0.118802
-0.016108    -0.183397    0.120556
-0.005203    -0.129113    0.125073
-0.019698    -0.548504    0.119069
-0.036105    -0.502969    0.112273
0.01508    -0.568287    -0.06568
0.023936    -0.568287    -0.09473
0.014219    -0.568287    -0.043294
-0.025541    -0.568287    0.020441
-0.047944    -0.568287    -0.005259
0.035301    -0.568287    -0.099655
-0.020618    -0.568287    0.000476
-0.050794    -0.568287    0.050307
-0.004233    -0.568287    -0.102592
-0.014481    -0.568287    -0.092011
0.023796    -0.568287    -0.100928
0.04086    -0.568287    -0.102844
0.001907    -0.568287    -0.024755
-0.049306    -0.568287    0.012167
0.053875    -0.568287    -0.064163
0.059518    -0.568287    -0.083209
0.012534    -0.568287    -0.057716
0.030922    -0.568287    -0.035069
-0.049999    -0.568287    0.006043
0.113565    -0.204047    -0.032985
0.126689    -0.264811    -0.001302
0.112124    -0.224313    -0.036464
0.117151    -0.191683    -0.024327
0.116793    -0.196484    -0.025194
0.12513    -0.472091    -0.005066
0.116356    -0.257088    -0.026249
0.124832    -0.154911    -0.005784
0.121517    -0.295697    -0.013787
0.115796    -0.029415    -0.0276
0.111772    -0.072505    -0.037314
0.098634    0.01902    -0.069032
0.09986    -0.128795    -0.066073
0.112637    -0.28202    -0.035227
0.103652    0.019349    -0.056917
0.111169    -0.288971    -0.03877
0.12327    -0.406105    -0.009555
0.124519    -0.001153    -0.006541
0.101689    -0.045402    -0.061657
0.121292    -0.032822    -0.014331
0.122708    -0.244528    -0.010911
0.116244    -0.179076    -0.026518
0.116129    -0.128261    -0.026796
0.116111    -0.344698    -0.026838
0.110534    -0.229294    -0.040304
0.102303    0.018598    -0.060174
0.112027    -0.039358    -0.036698
0.113679    -0.152097    -0.03271
0.12266    -0.179349    -0.011028
0.117372    -0.410946    -0.023795
0.117325    -0.205384    -0.023908
0.12245    -0.212274    -0.011535
0.125111    -0.343991    -0.00511
0.120457    -0.2632    -0.016346
0.115936    -0.106369    -0.027263
0.123743    -0.061464    -0.008413
0.127176    -0.465798    -0.000126
0.097705    -0.035792    -0.071275
0.10688    -0.028953    -0.049126
0.108457    0.025034    -0.045316
0.119347    -0.414359    -0.019026
0.116646    -0.216548    -0.025548
0.12064    -0.218839    -0.015906
0.111605    -0.281457    -0.037718
0.100853    -0.06675    -0.063676
0.10474    -0.114709    -0.054292
0.055031    -0.035142    -0.104434
0.010291    -0.040443    -0.122965
0.012342    -0.003209    -0.122116
0.025283    -0.049834    -0.116756
0.076999    -0.120626    -0.095334
0.085558    -0.452156    -0.091789
0.060723    -0.255196    -0.102076
0.056181    -0.094011    -0.103957
0.018434    0.00827    -0.119592
0.089645    -0.007843    -0.090096
0.057272    -0.201065    -0.103505
0.06157    -0.360243    -0.101725
0.028797    -0.103334    -0.1153
0.083725    -0.336175    -0.092548
0.082286    0.019209    -0.093144
0.060629    -0.159421    -0.102115
0.061962    -0.170157    -0.101563
0.00656    0.022399    -0.124511
0.071641    -0.138818    -0.097554
0.033867    -0.153736    -0.1132
0.077818    -0.142232    -0.094995
0.015473    -0.048516    -0.120819
0.087557    -0.412109    -0.090961
0.042134    -0.158869    -0.109776
0.087811    -0.220362    -0.090856
0.06331    -0.193427    -0.101005
0.020644    -0.002555    -0.118677
0.047558    -0.228332    -0.107529
0.081513    -0.037761    -0.093465
0.062971    -0.309255    -0.101145
0.083956    -0.241812    -0.092453
0.073562    -0.441669    -0.096758
0.08428    -0.028467    -0.092318
0.024477    -0.025889    -0.117089
0.083807    -0.421014    -0.092515
0.083957    -0.405068    -0.092452
0.084545    -0.49325    -0.092209
0.060396    -0.263513    -0.102211
0.073979    -0.079749    -0.096585
0.074332    0.011266    -0.096439
0.074323    -0.338785    -0.096443
0.046963    -0.084855    -0.107775
0.068219    -0.221217    -0.098971
0.079796    -0.388433    -0.094176
0.053402    -0.228307    -0.105108
0.089918    -0.374784    -0.089983
0.090147    0.039504    0.055582
0.106748    0.037795    0.019631
0.09034    0.035747    0.064187
0.094561    0.027692    0.073444
0.123847    0.027337    0.003597
0.081299    0.026975    0.092024
0.012086    0.027575    0.120093
0.053759    0.060563    0.069843
0.08852    0.026925    0.089083
-0.039917    -0.027922    0.110694
-0.073959    -0.094205    0.096593
-0.04674    -0.275432    0.107868
-0.072135    -0.374202    0.097349
-0.067014    -0.220999    0.09947
-0.056929    -0.006909    0.103647
-0.081215    -0.471566    0.093588
-0.057938    -0.201862    0.103229
-0.076348    -0.347287    0.095604
-0.030657    -0.13687    0.11453
-0.057969    -0.300698    0.103216
-0.057645    -0.287834    0.103351
-0.067409    -0.096992    0.099306
-0.084421    -0.093911    0.09226
-0.066046    -0.190473    0.099871
-0.085542    -0.130492    0.091795
-0.064485    -0.276017    0.100518
-0.086453    -0.040375    0.091418
-0.067575    -0.18804    0.099238
-0.088249    0.007746    0.090674
-0.037204    -0.114057    0.111818
-0.013775    -0.031776    0.121522
-0.08381    -0.025062    0.092513
-0.070503    -0.251582    0.098025
-0.088935    -0.249234    0.09039
-0.07028    -0.239383    0.098117
-0.08042    -0.181056    0.093917
-0.083187    -0.074117    0.092771
-0.046154    -0.020652    0.108111
-0.066122    -0.006259    0.099839
-0.088585    -0.02465    0.090535
-0.084727    -0.489652    0.092133
-0.081679    -0.131757    0.093396
-0.042956    -0.232526    0.109435
-0.075319    -0.145894    0.09603
-0.086156    -0.482214    0.091541
-0.051267    -0.140452    0.105993
-0.019541    0.021879    0.119134
-0.084526    -0.386535    0.092216
-0.06241    -0.09198    0.101377
-0.050027    -0.106212    0.106506
-0.060559    -0.161929    0.102144
-0.080426    -0.06848    0.093915
-0.061388    -0.316037    0.101801
-0.084889    -0.304903    0.092066
-0.063091    -0.352612    0.101095
-0.077668    -0.473072    0.095057
-0.078362    -0.568287    -0.036139
-0.093722    -0.568287    -0.007341
-0.045697    -0.568287    -0.044681
-0.077112    -0.568287    0.038294
-0.089084    -0.568287    0.032401
-0.084484    -0.568287    -0.022085
-0.042165    -0.568287    -0.058114
-0.0581    -0.568287    -0.032657
-0.086089    -0.568287    -0.009605
-0.121545    -0.568287    0.01352
-0.086353    -0.568287    0.00675
-0.088821    -0.568287    -0.032398
-0.081092    -0.568287    0.008029
0.037017    -0.266659    -0.111895
0.039365    -0.55796    -0.110922
0.022481    -0.513079    -0.117916
0.014162    -0.073308    -0.121362
0.033491    -0.494118    -0.113356
0.035246    -0.222248    -0.112629
0.008462    -0.262634    -0.123723
0.044149    -0.359006    -0.108941
0.079966    -0.521784    -0.094105
0.025765    -0.437086    -0.116556
0.042674    -0.336407    -0.109552
0.052044    -0.482889    -0.105671
0.028333    -0.429441    -0.115492
0.048499    -0.459012    -0.107139
0.039523    -0.366806    -0.110857
0.064382    -0.527611    -0.10056
0.003493    -0.290827    -0.125781
0.041193    -0.50268    -0.110165
0.057036    -0.393176    -0.103603
0.009392    -0.09013    -0.123338
0.035074    -0.500114    -0.1127
0.005168    -0.165095    -0.125088
0.02702    -0.36098    -0.116036
0.065599    -0.497164    -0.100056
0.040984    -0.448595    -0.110252
0.011812    -0.171109    -0.122336
0.009631    -0.174171    -0.123239
0.036744    -0.428714    -0.112008
0.029816    -0.5191    -0.114878
0.018169    -0.513985    -0.119702
0.010456    -0.488395    -0.122897
0.072152    -0.560489    -0.097342
0.007718    -0.418334    -0.124031
0.039472    -0.284218    -0.110878
0.00047    -0.205266    -0.127033
0.038076    -0.467556    -0.111457
0.022711    -0.350102    -0.117821
0.057465    -0.520742    -0.103425
0.041255    -0.410905    -0.11014
0.01255    -0.443589    -0.12203
0.016067    -0.447749    -0.120573
0.020313    -0.19021    -0.118814
0.032893    -0.540047    -0.113603
0.060947    -0.540909    -0.101983
0.029722    -0.185514    -0.114917
0.014099    -0.168509    -0.121388
0.108799    0.031922    -0.028856
0.073467    0.051358    -0.067235
0.087466    0.042133    -0.055709
0.094376    0.031656    -0.064319
0.030892    0.027518    -0.112361
0.047653    0.029166    -0.10377
0.016015    0.038315    -0.107725
0.033374    0.029524    -0.109327
0.030128    0.02881    -0.111385
0.087544    0.062891    0.005405
0.085623    0.054868    0.029414
0.095374    0.051561    0.013854
0.020998    0.045486    0.09849
0.008932    0.057885    0.091089
0.01224    0.054881    0.092723
-0.017938    0.032953    0.112291
-0.014428    0.052575    0.094123
-0.034875    0.033738    0.10449
-0.008689    0.041539    0.107536
-0.114223    -0.36951    0.031398
-0.103934    -0.405274    0.056237
-0.103438    -0.534083    0.057436
-0.102585    -0.230899    0.059494
-0.099839    -0.209242    0.066124
-0.102565    -0.257984    0.059543
-0.096089    -0.338534    0.075177
-0.105174    -0.319524    0.053243
-0.091584    -0.096838    0.086052
-0.099893    -0.357652    0.065993
-0.093754    -0.275168    0.080813
-0.09526    -0.155505    0.077178
-0.110385    -0.496385    0.040663
-0.106148    -0.334955    0.050891
-0.098942    -0.426473    0.068289
-0.094541    -0.543897    0.078913
-0.114867    -0.558183    0.029843
-0.091408    -0.468574    0.086478
-0.118344    -0.517561    0.021448
-0.103745    -0.247967    0.056693
-0.099803    -0.216822    0.066211
-0.115621    -0.424181    0.028023
-0.103055    -0.285166    0.058359
-0.092262    -0.383953    0.084417
-0.10973    -0.36936    0.042245
-0.100953    -0.522186    0.063433
-0.107507    -0.375284    0.04761
-0.09264    -0.039244    0.083504
-0.103558    -0.20266    0.057146
-0.124318    -0.534895    0.007026
-0.104504    -0.261947    0.05486
-0.094445    -0.402709    0.079145
-0.090793    -0.314429    0.087963
-0.109394    -0.432798    0.043056
-0.117919    -0.510992    0.022473
-0.113291    -0.556718    0.033646
-0.091529    -0.281125    0.086185
-0.097002    -0.406391    0.072972
-0.098459    -0.448723    0.069455
-0.095187    -0.069229    0.077355
-0.121377    -0.491491    0.014125
-0.117999    -0.493063    0.022282
-0.098053    -0.231394    0.070436
-0.093611    -0.230589    0.081158
-0.1022    -0.235981    0.060423
-0.116541    -0.454202    0.025801
-0.109194    -0.338291    0.043539
-0.067925    -0.568287    -0.07863
-0.060402    -0.568287    -0.086322
-0.059153    -0.568287    -0.07272
-0.09292    -0.568287    -0.038221
-0.031968    -0.568287    -0.104199
-0.041965    -0.414684    -0.109846
-0.018308    -0.326366    -0.119645
-0.054764    -0.373664    -0.104544
-0.013849    -0.424496    -0.121492
-0.025171    -0.346679    -0.116802
-0.037681    -0.400784    -0.11162
-0.079708    -0.543733    -0.094212
-0.070219    -0.506713    -0.098142
-0.013333    -0.509186    -0.121705
-0.037886    -0.262148    -0.111535
-0.005057    -0.22868    -0.125133
-0.001909    -0.130255    -0.126437
-0.025611    -0.470738    -0.11662
-0.027319    -0.492102    -0.115912
-0.027823    -0.261765    -0.115703
-0.056262    -0.391111    -0.103924
-0.068235    -0.509338    -0.098964
-0.053834    -0.43671    -0.104929
-0.005569    -0.479054    -0.124921
-0.035544    -0.330815    -0.112506
-0.043973    -0.366795    -0.109014
-0.015988    -0.47062    -0.120606
-0.022444    -0.193063    -0.117931
-0.057336    -0.525082    -0.103479
-0.056245    -0.376741    -0.103931
-0.007109    -0.249084    -0.124283
-0.001162    -0.072935    -0.126747
-0.083381    -0.567915    -0.092691
-0.002532    -0.307374    -0.126179
-0.026544    -0.233374    -0.116233
-0.074816    -0.54541    -0.096238
-0.013556    -0.475111    -0.121613
-0.019261    -0.163153    -0.11925
-0.008737    -0.142341    -0.123609
-0.012626    -0.150625    -0.121998
-0.030416    -0.175486    -0.114629
-0.000582    -0.07147    -0.126987
-0.042023    -0.295126    -0.109822
-0.024516    -0.30654    -0.117073
-0.026627    -0.567046    -0.116199
-0.002175    -0.023363    -0.126327
-0.002989    -0.035478    -0.12599
-0.079525    -0.564601    -0.094288
-0.061013    -0.414386    -0.101956
-0.00595    -0.499332    -0.124763
-0.054483    -0.523824    -0.104661
0.085818    0.055462    -0.027508
0.074921    0.063009    -0.035594
0.099162    0.047303    -0.014988
0.061836    0.056863    -0.070197
0.017211    0.064954    -0.080591
0.046604    0.051318    -0.082052
-0.015407    0.053314    -0.092978
-0.004642    0.033827    -0.116924
-0.032563    0.053033    -0.086153
0.075847    0.070167    0.016077
0.063821    0.082263    0.015909
0.047676    0.098759    0.015061
0.030828    0.068107    0.071797
0.035781    0.080303    0.057551
0.008198    0.073839    0.07544
-0.063867    0.049705    0.076515
-0.028078    0.060995    0.080049
-0.030497    0.057771    0.08227
-0.122763    -0.151705    0.01078
-0.123999    -0.175494    0.007796
-0.12517    -0.235918    0.004968
-0.105645    -0.073635    0.052107
-0.118527    -0.005556    0.021007
-0.112338    -0.312191    0.035948
-0.122866    -0.388419    0.01053
-0.120432    -0.336752    0.016407
-0.124858    0.002907    0.005722
-0.118304    -0.160527    0.021545
-0.114172    -0.00277    0.031519
-0.126751    -0.146741    0.00115
-0.112209    -0.091273    0.036258
-0.1144    -0.327245    0.03097
-0.09446    -0.034449    0.07911
-0.115454    -0.063821    0.028424
-0.111404    -0.232651    0.038204
-0.098378    -0.009797    0.069652
-0.104676    -0.113736    0.054445
-0.113236    -0.316841    0.033779
-0.114441    -0.1517    0.030872
-0.117762    -0.226464    0.022854
-0.115522    -0.138699    0.028261
-0.114113    -0.049548    0.031663
-0.101034    -0.061619    0.063237
-0.12313    -0.355582    0.009893
-0.115122    -0.171803    0.029226
-0.095169    -0.01162    0.077398
-0.123547    -0.206437    0.008886
-0.123215    -0.264185    0.009688
-0.104425    -0.136444    0.055051
-0.116228    0.017928    0.026556
-0.121003    -0.406253    0.015029
-0.126401    -0.274776    0.001995
-0.106947    -0.203055    0.048963
-0.122585    -0.41192    0.011209
-0.098027    0.006223    0.070499
-0.101967    -0.162645    0.060987
-0.09927    0.006292    0.067497
-0.116044    -0.383387    0.027
-0.121073    -0.449975    0.014859
-0.094255    0.02042    0.079605
-0.113456    -0.091329    0.033249
-0.122779    -0.323465    0.010741
-0.101869    -0.025133    0.061221
-0.109504    -0.126974    0.042789
-0.120603    -0.370036    0.015993
-0.108714    -0.324581    -0.044697
-0.105166    -0.362362    -0.053262
-0.103409    -0.231995    -0.057504
-0.096489    -0.351957    -0.074211
-0.091425    -0.168945    -0.086437
-0.098974    -0.163992    -0.068213
-0.113189    -0.360417    -0.033894
-0.117387    -0.438384    -0.023759
-0.092053    -0.147264    -0.08492
-0.092843    -0.309024    -0.083012
-0.094493    -0.171594    -0.079029
-0.103599    -0.358449    -0.057045
-0.093915    -0.554883    -0.080426
-0.112926    -0.386665    -0.034529
-0.09925    -0.305836    -0.067545
-0.11793    -0.559426    -0.022447
-0.110036    -0.312472    -0.041506
-0.099299    -0.218519    -0.067426
-0.092798    -0.019758    -0.083122
-0.091002    -0.498206    -0.087459
-0.09499    -0.257465    -0.07783
-0.105268    -0.489885    -0.053016
-0.099979    -0.399882    -0.065786
-0.116167    -0.413826    -0.026705
-0.112909    -0.343701    -0.034569
-0.100729    -0.512634    -0.063975
-0.094695    -0.06043    -0.078541
-0.102085    -0.287298    -0.060702
-0.10572    -0.390717    -0.051926
-0.110651    -0.379988    -0.040022
-0.094803    -0.18034    -0.078282
-0.101137    -0.520421    -0.062991
-0.102358    -0.348896    -0.060043
-0.091902    -0.423979    -0.085284
-0.094404    -0.144254    -0.079244
-0.090253    -0.175109    -0.089266
-0.092787    -0.191112    -0.083148
-0.109459    -0.359786    -0.042898
-0.095543    -0.531749    -0.076494
-0.092263    -0.096678    -0.084413
-0.10826    -0.44039    -0.045793
-0.112872    -0.343136    -0.034659
-0.090212    -0.279172    -0.089365
-0.091176    -0.530217    -0.087037
-0.099574    -0.297999    -0.066763
-0.113044    -0.405264    -0.034243
-0.042421    0.013458    -0.109657
-0.071126    -0.218326    -0.097767
-0.071123    -0.421364    -0.097768
-0.07404    -0.318043    -0.09656
-0.017153    0.007705    -0.120123
-0.063327    -0.14356    -0.100997
-0.019338    0.01902    -0.119218
-0.065938    -0.056528    -0.099916
-0.070703    -0.315726    -0.097942
-0.059424    -0.246631    -0.102614
-0.039055    -0.038099    -0.111051
-0.053314    -0.179773    -0.105145
-0.071109    -0.20292    -0.097774
-0.045117    -0.221729    -0.10854
-0.056927    -0.301566    -0.103648
-0.013189    -0.030866    -0.121765
-0.052575    -0.290173    -0.105451
-0.031435    -0.026814    -0.114207
-0.043027    -0.024776    -0.109406
-0.078842    -0.016858    -0.094571
-0.080423    -0.143968    -0.093916
-0.072025    -0.390023    -0.097395
-0.051686    -0.242514    -0.105819
-0.030742    -0.039784    -0.114494
-0.057297    -0.220805    -0.103495
-0.089917    -0.564757    -0.089984
-0.0672    -0.034148    -0.099393
-0.081325    -0.023842    -0.093542
-0.044296    -0.231858    -0.10888
-0.063589    -0.047187    -0.100889
-0.053434    -0.08506    -0.105095
-0.087429    -0.257057    -0.091014
-0.086706    -0.116702    -0.091313
-0.018526    -0.089022    -0.119555
-0.077195    -0.104675    -0.095253
-0.041337    -0.099512    -0.110106
-0.05364    0.024083    -0.10501
-0.070835    -0.16912    -0.097887
-0.087106    -0.164669    -0.091148
-0.025175    0.019149    -0.1168
-0.085494    -0.519633    -0.091815
-0.086    -0.155645    -0.091606
-0.020046    -0.053727    -0.118925
-0.03724    -0.2037    -0.111803
-0.026972    -0.081596    -0.116056
-0.06817    -0.208344    -0.098991
0.056647    0.076676    -0.046718
0.042753    0.094787    -0.036538
0.061686    0.068497    -0.054298
0.001084    0.070888    -0.081337
0.043966    0.069044    -0.065419
0.0328    0.083095    -0.055993
-0.080748    0.035875    -0.083353
-0.040016    0.046322    -0.089777
-0.043697    0.041164    -0.093411
-0.040189    0.049319    -0.086709
-0.062455    0.06312    -0.063685
-0.018786    0.094635    -0.050257
-0.008381    0.08653    -0.062673
-0.00208    0.09341    -0.058402
0.049966    0.089862    0.031013
0.060144    0.090358    -0.005245
0.03542    0.110117    -0.017231
0.038986    0.083166    0.05336
-0.023226    0.081602    0.061451
-0.022622    0.072258    0.071045
-0.012406    0.079579    0.067956
-0.078947    0.058198    0.03749
-0.086417    0.04256    0.057209
-0.088271    0.033043    0.07571
-0.102351    0.03594    0.034725
-0.098136    0.03454    0.048279
-0.094005    0.053685    0.012032
-0.094415    0.04443    0.033388
-0.100135    0.035093    0.042117
-0.104365    -0.139222    -0.055198
-0.119854    -0.118907    -0.017803
-0.118244    -0.388633    -0.021689
-0.125381    -0.441248    -0.00446
-0.097584    0.01838    -0.071568
-0.111512    0.008473    -0.037942
-0.11126    -0.179678    -0.03855
-0.125455    -0.504694    -0.00428
-0.113382    -0.124896    -0.033427
-0.105604    -0.12931    -0.052206
-0.121103    -0.202613    -0.014788
-0.106859    -0.011678    -0.049174
-0.10432    -0.171474    -0.055305
-0.107788    -0.25305    -0.046932
-0.117891    -0.16951    -0.022541
-0.111942    -0.067293    -0.036904
-0.115637    -0.045276    -0.027984
-0.104624    -0.127606    -0.054571
-0.106922    0.006491    -0.049023
-0.108062    -0.093357    -0.046271
-0.112952    -0.12827    -0.034465
-0.1239    -0.152715    -0.008033
-0.110509    -0.264443    -0.040363
-0.12685    -0.414642    -0.000913
-0.117167    -0.274579    -0.02429
-0.127002    -0.301146    -0.000544
-0.105471    -0.122785    -0.052527
-0.11435    -0.142529    -0.03109
-0.113619    -0.294018    -0.032855
-0.125031    -0.208796    -0.005304
-0.123345    -0.297915    -0.009375
-0.121526    -0.427424    -0.013767
-0.099045    -0.009524    -0.068041
-0.118145    -0.315035    -0.021929
-0.105651    -0.101561    -0.052091
-0.120085    -0.095519    -0.017244
-0.103256    -0.007264    -0.057874
-0.11923    -0.095888    -0.019308
-0.120181    -0.248624    -0.017014
-0.095966    -0.060732    -0.075475
-0.125013    -0.405094    -0.005347
-0.127197    -0.565986    -7.5e-05
-0.117994    -0.279116    -0.022293
-0.12354    -0.134697    -0.008904
-0.119223    0.02447    -0.019325
-0.097852    -0.011203    -0.070921
0.039341    0.087945    -0.048434
0.004999    0.107851    -0.042752
-0.101456    0.038968    -0.029576
-0.087494    0.031083    -0.082318
-0.117448    0.026974    -0.019922
-0.075186    0.049747    -0.066974
-0.048893    0.078946    -0.053476
-0.036527    0.09127    -0.046274
0.03234    0.262882    0.024311
0.033304    0.20728    0.021981
0.036479    0.216198    0.014317
0.039748    0.161308    0.006425
0.030257    0.183128    0.029339
0.034992    0.220564    0.017907
0.032195    0.318016    -0.024659
0.031731    0.21702    -0.025779
0.030234    0.291466    -0.029394
0.031988    0.129243    -0.025159
0.032691    0.210558    -0.023463
0.032766    0.180743    -0.023281
0.030002    0.115928    -0.029955
0.018545    0.140533    0.034728
0.003243    0.159903    0.041066
0.01171    0.145533    0.037559
0.015798    0.191924    0.035865
0.011304    0.258829    0.037727
0.010968    0.148089    0.037866
-0.025627    0.103724    0.038335
-0.009739    0.105785    0.042856
-0.067077    0.077956    0.018447
-0.064622    0.081276    0.01636
-0.070849    0.077259    0.011024
-0.072179    0.061548    -0.045744
-0.093225    0.058611    -0.002023
-0.090187    0.058672    -0.009211
0.003329    0.279692    -0.04103
0.002224    0.157046    -0.041488
0.012146    0.209367    -0.037378
0.008758    0.131139    -0.038781
0.021939    0.165748    -0.033322
0.002943    0.228282    -0.04119
-0.054479    0.083109    -0.036422
-0.078651    0.068741    -0.012754
-0.064205    0.069256    -0.046384
-0.010934    0.155045    -0.03788
-0.002159    0.315848    -0.041515
-0.008018    0.194254    -0.039088
-0.006095    0.21241    -0.039884
-0.016376    0.127858    -0.035626
-0.022886    0.162067    -0.03293
-0.009567    0.232126    -0.038446
0.036753    0.317347    0.013654
0.038076    0.262712    0.010461
0.036906    0.363469    0.013286
0.03408    0.298004    0.020108
0.03381    0.286931    0.02076
0.036062    0.254364    0.015323
0.034516    0.346427    0.019057
0.023979    0.233041    0.032477
0.004625    0.34652    0.040493
0.025647    0.346383    0.031786
0.002389    0.357974    0.041419
0.014823    0.305744    0.036269
0.020996    0.235736    0.033713
0.037357    0.224413    -0.012196
0.037766    0.239797    -0.011209
0.033913    0.346024    -0.020511
0.039927    0.358093    -0.005992
0.041927    0.267074    -0.001164
0.033241    0.336039    -0.022134
0.034482    0.363551    -0.019138
0.010649    0.301258    -0.037998
0.028817    0.333553    -0.030473
0.021437    0.326428    -0.03353
0.020555    0.196427    -0.033895
0.008562    0.307693    -0.038863
0.01014    0.306969    -0.038209
0.002643    0.3541    -0.041314
-0.014568    0.115397    0.036375
-0.015506    0.21499    0.035986
-0.002322    0.331026    0.041447
-0.006641    0.245236    0.039658
-0.010693    0.178545    0.03798
-0.001517    0.304413    0.041781
-0.060474    0.08761    0.011081
-0.043089    0.101153    0.020358
-0.067061    0.085578    -8.5e-05
-0.013651    0.349086    -0.036755
-0.006853    0.361413    -0.03957
-0.016631    0.359668    -0.03552
-0.008638    0.315169    -0.038831
-0.011344    0.312044    -0.03771
-0.012371    0.347232    -0.037285
-0.008763    0.305915    -0.038779
0.025522    0.364721    0.003669
0.026512    0.364721    -0.007717
0.017208    0.364721    -0.019057
-0.017361    0.364721    0.001009
-0.026116    0.358122    0.031592
-0.021495    0.23785    0.033506
-0.026247    0.318979    0.031538
-0.026632    0.314156    0.031378
-0.02556    0.223099    0.031822
-0.011286    0.309583    0.037734
-0.029991    0.160677    0.029981
-0.035044    0.165772    0.01778
-0.032753    0.144955    0.023313
-0.033184    0.115438    0.022272
-0.032994    0.238796    0.022732
-0.036122    0.220017    0.015179
-0.031033    0.169177    0.027465
-0.032466    0.194308    -0.024006
-0.03488    0.213067    -0.018176
-0.035459    0.155814    -0.01678
-0.034288    0.123978    -0.019605
-0.03326    0.26349    -0.022088
-0.040094    0.128357    -0.00559
-0.03355    0.133297    -0.021388
0.018025    0.364721    -0.008877
-0.005845    0.364721    0.02684
-0.012808    0.364721    -0.023189
-0.030044    0.364721    -0.002701
-0.042045    0.135446    0.00088
-0.038185    0.220391    0.010198
-0.03982    0.339698    0.006251
-0.036264    0.295624    0.014837
-0.039852    0.317031    0.006174
-0.033011    0.333301    0.02269
-0.041716    0.273779    -0.001672
-0.038058    0.341972    -0.010505
-0.042255    0.361153    -0.000371
-0.038621    0.25708    -0.009145
-0.040784    0.179384    -0.003922
-0.039004    0.210353    -0.00822
-0.035884    0.275134    -0.015754
