-0.080682    -0.520463    -0.019217
-0.06382    -0.497867    -0.036669
0.028369    -0.497867    -0.005092
-0.116123    -0.525627    -0.046198
-0.007543    -0.497867    -0.012956
0.052025    -0.497867    -0.038155
0.025609    -0.497867    0.005483
-0.110976    -0.525627    -0.014356
-0.122363    -0.477626    -0.051693
-0.126741    -0.489222    -0.041128
-0.117474    -0.406405    -0.063493
-0.055848    -0.525627    -0.064923
-0.068538    -0.497867    0.017573
-0.086262    -0.525627    0.003614
-0.133995    -0.435582    -7.4e-05
-0.132928    -0.361821    -0.008178
-0.127261    -0.400071    -0.039873
-0.123859    -0.384338    -0.048083
-0.129443    -0.330104    -0.034607
-0.106105    -0.455689    -0.079884
-0.100128    -0.476839    -0.087674
-0.044865    -0.504118    -0.069487
-0.088855    -0.525627    -0.091263
0.024422    -0.497867    0.033671
0.082219    -0.519671    0.008535
-0.131783    -0.301727    -0.016878
-0.133373    -0.301978    -0.004799
-0.131228    -0.384586    -0.021094
-0.131301    -0.280371    0.020779
-0.132492    -0.266648    0.011734
-0.0788    -0.26654    -0.058788
-0.083986    -0.26654    -0.060282
-0.095616    -0.396322    -0.093554
-0.097088    -0.469418    -0.091635
-0.097959    -0.377419    -0.0905
-0.056091    -0.497867    -0.059349
0.105864    -0.525627    -0.031142
-0.050794    -0.497867    0.037125
-0.094637    -0.525627    0.028395
-0.130058    -0.306319    0.030224
-0.131838    -0.428017    0.016701
-0.098187    -0.26654    -0.032773
-0.068056    -0.26654    -0.028851
-0.06448    -0.26654    -0.024932
-0.131167    -0.26654    0.001885
-0.124673    -0.26654    0.011407
0.03614    -0.26654    -0.046736
0.110396    -0.26654    -0.047003
0.119911    -0.26654    -0.040479
-0.081181    -0.26654    -0.0814
-0.016999    -0.26654    -0.078357
-0.092234    -0.29661    -0.096614
-0.090955    -0.404766    -0.097595
0.020282    -0.497867    -0.070035
0.12833    -0.525627    -0.015796
-0.066901    -0.512904    0.048501
0.124964    -0.525627    0.033413
-0.128614    -0.518947    0.036842
-0.127123    -0.452089    0.04044
-0.123284    -0.408466    0.049709
-0.106969    -0.26654    -0.001618
-0.039258    -0.26654    -0.011547
0.006488    -0.26654    0.034321
0.064627    -0.26654    0.027854
0.04594    -0.26654    0.034667
0.128941    -0.477063    -0.036042
0.125339    -0.43269    -0.044736
0.126952    -0.428727    -0.040843
0.099842    -0.26654    -0.081345
-0.067621    -0.29759    -0.115505
-0.074938    -0.467487    -0.109889
-0.08547    -0.519181    -0.101805
0.034905    -0.26654    -0.097688
0.006764    -0.525627    -0.085276
0.132011    -0.508639    -0.015847
0.133724    -0.524919    -0.002832
0.133585    -0.29892    -0.00389
0.116317    -0.484172    -0.066511
0.121079    -0.406966    -0.055018
0.074878    -0.525627    -0.070568
-0.030103    -0.497867    0.053354
0.130228    -0.378419    0.029638
0.131012    -0.357584    0.023681
0.131088    -0.412748    0.023099
-0.116643    -0.266846    0.065743
-0.117513    -0.280428    0.063642
-0.118258    -0.325435    0.061843
0.132231    -0.343548    -0.014179
0.130118    -0.406308    -0.030232
-0.067987    -0.26654    0.056493
-0.115279    -0.26654    0.062148
-0.126151    -0.26654    0.039391
0.132062    -0.388232    0.015704
0.134058    -0.419539    0.000536
0.101703    -0.381128    -0.08575
0.098818    -0.402461    -0.08951
0.098521    -0.364826    -0.089898
-0.051611    -0.371808    -0.122357
-0.060936    -0.296638    -0.118497
-0.062162    -0.4346    -0.117989
-0.049473    -0.525627    -0.096215
-0.012903    -0.505429    -0.081456
0.114382    -0.401613    -0.069219
0.106238    -0.522971    -0.079836
0.111889    -0.406094    -0.072468
0.065589    -0.512201    0.05033
0.124854    -0.382639    0.046144
0.128295    -0.465151    0.037835
-0.064455    -0.525627    0.069375
-0.113189    -0.474567    0.070893
-0.101329    -0.278586    0.086346
0.021474    -0.26654    0.063703
0.076782    -0.26654    0.054187
0.085977    -0.349425    -0.101492
0.079838    -0.504632    -0.106203
0.08086    -0.42387    -0.105418
-0.035823    -0.417647    -0.128892
-0.036178    -0.337011    -0.128745
-0.047268    -0.376433    -0.124154
0.058067    -0.525627    -0.099853
0.069059    -0.375381    -0.114473
0.078937    -0.350186    -0.106894
0.036962    -0.26654    -0.126199
-0.049745    -0.52424    0.06598
0.075387    -0.525627    0.06109
0.117397    -0.333497    0.064148
0.120836    -0.312739    0.055844
-0.10394    -0.439017    0.082944
-0.096777    -0.449466    0.092277
-0.115218    -0.51658    0.068249
-0.074626    -0.26654    0.081637
-0.014286    -0.26654    0.077183
0.04478    -0.26654    0.067687
-0.030626    -0.29367    -0.129908
-0.027945    -0.302434    -0.130262
-0.006187    -0.276923    -0.133132
0.064389    -0.441248    -0.117106
0.054838    -0.476411    -0.121061
0.065281    -0.423685    -0.116737
0.052622    -0.318854    -0.121978
0.052556    -0.279095    -0.122005
0.051938    -0.305443    -0.122262
0.110704    -0.2749    0.074255
0.110825    -0.346856    0.074097
0.111726    -0.328517    0.072922
-0.089948    -0.525627    0.074503
-0.072307    -0.491788    0.112143
-0.094484    -0.379397    0.095122
-0.046863    -0.26654    0.09783
0.036563    -0.26654    0.09676
-0.019686    -0.502935    -0.131351
-0.014461    -0.486472    -0.132041
0.015569    -0.380521    -0.131907
0.002902    -0.489132    -0.133577
0.018006    -0.346252    -0.131586
0.027169    -0.409282    -0.130378
0.03455    -0.504262    -0.129404
0.028685    -0.411956    -0.130178
0.097515    -0.31604    0.091445
0.10509    -0.402548    0.081572
0.107794    -0.465193    0.078047
-0.087449    -0.267698    0.100521
-0.069112    -0.26958    0.114595
-0.07396    -0.292814    0.110874
-0.081558    -0.26654    0.098024
0.083642    -0.38887    0.103518
0.089951    -0.286126    0.098677
0.088538    -0.383527    0.099762
0.066602    -0.525627    0.087162
-0.005016    -0.515091    0.082727
-0.053804    -0.376733    0.121683
-0.063114    -0.326279    0.117829
-0.025266    -0.525627    0.120349
-0.053124    -0.525627    0.099799
0.082808    -0.430285    0.104158
0.074703    -0.407182    0.110377
0.079112    -0.398942    0.106994
-0.058366    -0.329127    0.119795
-0.041728    -0.342775    0.126682
-0.037935    -0.449129    0.128252
0.063805    -0.415248    0.117582
0.043552    -0.301378    0.125968
0.039583    -0.268942    0.127612
-0.029421    -0.319503    0.130302
-0.015876    -0.443036    0.132089
-0.026687    -0.412056    0.130663
0.052277    -0.429278    0.122355
0.052908    -0.513557    0.122094
-0.00189    -0.268315    0.133934
-0.025128    -0.278845    0.130869
-0.002532    -0.351367    0.133849
0.009761    -0.360743    0.132908
0.00509    -0.318499    0.133524
0.008895    -0.412599    0.133022
0.025414    -0.439337    0.130844
0.015336    -0.335602    0.132173
-0.080472    -0.51288    -0.02081
-0.073696    -0.497867    -0.025503
-0.039875    -0.497867    -0.008921
-0.104921    -0.525627    -0.01734
-0.075834    -0.525627    -0.054103
0.00584    -0.497867    -0.01743
-0.081295    -0.500798    0.014811
0.037933    -0.497867    0.012377
-0.116455    -0.503864    -0.065955
-0.124484    -0.438614    -0.046575
-0.117726    -0.407702    -0.062887
0.001495    -0.497867    -0.045227
-0.060098    -0.497867    0.013804
-0.100453    -0.525627    0.011451
-0.131249    -0.519998    -0.020939
-0.131974    -0.513102    -0.015428
-0.125298    -0.344805    -0.044612
-0.129375    -0.385793    -0.034771
-0.127291    -0.297878    -0.039801
-0.114987    -0.457926    -0.068308
-0.109996    -0.480363    -0.074813
-0.099421    -0.475879    -0.088595
-0.09297    -0.525627    -0.078973
-0.079223    -0.505027    0.024488
0.082359    -0.522663    0.007478
-0.130313    -0.408334    -0.028045
-0.130374    -0.367683    -0.027585
-0.129858    -0.440568    -0.031509
-0.130935    -0.277129    0.023562
-0.133569    -0.298645    0.003554
-0.115034    -0.26654    -0.041352
-0.099895    -0.26654    -0.051724
-0.106743    -0.350926    -0.079052
-0.111284    -0.303102    -0.073134
-0.099066    -0.282546    -0.089058
-0.031694    -0.497867    -0.060896
0.092253    -0.525627    -0.032786
0.034922    -0.497867    0.041234
-0.11887    -0.525627    0.033426
-0.131257    -0.514223    0.021113
-0.130281    -0.492234    0.028531
0.033806    -0.26654    -0.027006
-0.062115    -0.26654    -0.032113
0.068255    -0.26654    -0.028625
-0.087874    -0.26654    0.016512
-0.061086    -0.26654    0.007872
-0.051836    -0.26654    0.01689
-0.052816    -0.26654    -0.035431
-0.096491    -0.26654    -0.034828
0.059633    -0.26654    -0.06964
-0.087769    -0.26654    -0.080168
-0.094077    -0.393009    -0.0952
-0.092924    -0.428781    -0.096084
-0.026817    -0.508613    -0.078124
0.125904    -0.525627    -0.022445
-0.061804    -0.499287    0.055143
0.077347    -0.51792    0.029258
-0.128663    -0.330021    0.036724
-0.122789    -0.404559    0.050906
-0.119788    -0.490459    0.058149
0.091111    -0.26654    -0.007732
0.043367    -0.26654    -0.014628
0.097172    -0.26654    -0.02357
0.116617    -0.26654    0.008893
-0.037602    -0.26654    0.023186
0.127897    -0.42233    -0.038562
0.122101    -0.304365    -0.05255
0.122777    -0.374166    -0.050919
-0.010741    -0.26654    -0.092259
-0.084308    -0.448075    -0.102697
-0.070044    -0.495395    -0.113646
-0.088063    -0.494852    -0.099816
-0.063651    -0.26654    -0.115402
0.044228    -0.521334    -0.070047
0.13363    -0.327963    -0.003551
0.131937    -0.495145    -0.016412
0.133971    -0.45284    -0.000954
0.127298    -0.508289    -0.040009
0.116838    -0.279904    -0.065255
0.087669    -0.525627    -0.076819
0.012992    -0.497867    0.058153
0.132391    -0.507248    0.013201
0.131597    -0.397497    0.019234
0.130863    -0.412707    0.024815
-0.116572    -0.347114    0.065914
-0.118807    -0.38958    0.060518
-0.117592    -0.35493    0.063451
0.129726    -0.465747    -0.033213
0.13082    -0.287338    -0.024902
-0.099463    -0.26654    0.047922
0.006204    -0.26654    0.038961
-0.097904    -0.26654    0.054132
0.133653    -0.307725    0.003618
0.130904    -0.313972    0.024499
0.107913    -0.35287    -0.077653
0.100303    -0.418809    -0.087575
0.10488    -0.367019    -0.081608
-0.045526    -0.284184    -0.124875
-0.051648    -0.285334    -0.122341
-0.051194    -0.388853    -0.122529
-0.065623    -0.525627    -0.111726
0.03715    -0.26654    -0.115235
0.100018    -0.486489    -0.087947
0.11604    -0.503252    -0.067056
0.11595    -0.381409    -0.067175
0.028107    -0.497867    0.05919
0.120394    -0.502239    0.056912
0.128442    -0.323427    0.037482
0.121709    -0.450176    0.053737
-0.107116    -0.338708    0.078806
-0.102896    -0.330027    0.084305
0.112698    -0.26654    0.051361
0.081856    -0.26654    0.062116
0.105675    -0.26654    0.058199
0.081193    -0.457503    -0.105163
0.078695    -0.501155    -0.10708
-0.043276    -0.451052    -0.125806
-0.040319    -0.514781    -0.127031
-0.046292    -0.374443    -0.124558
0.061182    -0.525627    -0.110673
0.079521    -0.353873    -0.106446
0.069567    -0.302498    -0.114083
-0.002297    -0.26654    -0.118579
-0.054208    -0.525241    0.062557
0.093855    -0.525627    0.057122
0.120561    -0.29608    0.056508
0.121428    -0.381666    0.054415
-0.106285    -0.524515    0.079888
-0.105996    -0.495241    0.080266
-0.102122    -0.472952    0.085313
0.05985    -0.26654    0.09054
-0.064327    -0.26654    0.091671
0.06251    -0.26654    0.085601
-0.021794    -0.377222    -0.131073
-0.024158    -0.387681    -0.130762
-0.023354    -0.398029    -0.130868
-0.011171    -0.26654    -0.129637
0.047645    -0.466199    -0.124039
0.061362    -0.383286    -0.11836
0.041419    -0.456438    -0.126617
0.060809    -0.316038    -0.118588
0.045511    -0.380052    -0.124922
0.059188    -0.525627    0.070431
0.110656    -0.278907    0.074317
0.111524    -0.269382    0.073186
-0.041753    -0.525627    0.079171
-0.077767    -0.463434    0.107953
-0.083663    -0.377567    0.103427
-0.083092    -0.50021    0.103866
-0.009425    -0.26654    0.104143
-0.001987    -0.379435    -0.133686
-0.018064    -0.465209    -0.131565
0.04017    -0.525627    -0.123285
0.003645    -0.346673    -0.133479
0.003621    -0.334794    -0.133483
0.030044    -0.484221    -0.129998
0.033661    -0.484097    -0.129522
0.024349    -0.43006    -0.130749
0.098564    -0.366849    0.090079
0.106408    -0.437083    0.079854
0.101765    -0.411462    0.085906
-0.077221    -0.303883    0.108372
-0.086204    -0.324658    0.101477
-0.085671    -0.317301    0.101886
-0.07903    -0.525627    0.100956
0.080807    -0.36834    0.105693
0.090163    -0.338894    0.098515
0.09341    -0.385476    0.096024
0.103458    -0.525627    0.079061
0.049748    -0.525627    0.091632
-0.063172    -0.397763    0.117805
-0.060164    -0.438329    0.11905
-0.051156    -0.525627    0.120504
0.01329    -0.525627    0.104276
-0.044421    -0.26654    0.119246
0.083804    -0.465761    0.103394
0.089771    -0.487559    0.098816
-0.055124    -0.311216    0.121137
-0.056896    -0.305763    0.120403
-0.035018    -0.425079    0.12946
0.056061    -0.26654    0.120679
0.043633    -0.318522    0.125935
0.060794    -0.356829    0.118829
-0.029132    -0.361264    0.130341
-0.021527    -0.388479    0.131344
-0.023806    -0.381611    0.131043
0.039356    -0.407817    0.127706
0.051739    -0.427894    0.122578
-0.015312    -0.279683    0.132163
-0.010315    -0.394991    0.132822
-0.022595    -0.355941    0.131203
0.025792    -0.51792    0.130794
0.019014    -0.429226    0.131688
0.014539    -0.466501    0.132278
0.014622    -0.276158    0.132267
0.017099    -0.311558    0.13194
-0.045819    0.044503    0.070218
-0.019865    0.058267    0.065033
-0.077388    0.03438    0.070392
-0.016642    0.067328    0.058365
-0.043045    0.082411    0.028705
-0.111686    0.030842    0.039101
0.001022    0.040461    0.091231
-0.11916    0.030453    0.01852
0.025826    0.035954    0.097825
-0.093029    0.029844    0.090701
-0.053126    0.07793    0.007643
0.046769    0.053957    0.054434
-0.083505    -0.027854    0.103548
-0.112867    0.020658    0.071312
-0.12346    0.01158    0.049285
-0.132372    -0.020573    0.012649
-0.129644    -0.070283    -0.033131
-0.073482    0.049526    -0.023463
0.063585    0.036948    0.074535
0.000548    0.099041    0.04626
-0.069748    -0.033751    0.114107
-0.100518    -0.006169    0.087402
-0.122082    -0.072857    0.052612
-0.130497    -0.033723    0.026884
-0.133815    -0.031216    -0.00144
-0.122768    -0.018152    -0.050717
-0.079658    0.041397    -0.039646
0.068054    0.041854    0.056163
-0.066294    -0.076228    0.116513
-0.066181    -0.029526    0.11656
-0.029536    -0.081475    0.113714
0.000457    -0.081475    0.088851
-0.04067    -0.081475    0.086815
-0.088192    -0.081475    0.080968
-0.099779    -0.081475    0.053463
0.004063    -0.081475    0.038545
-0.111879    -0.081475    0.05623
-0.104147    -0.081475    0.039346
-0.061032    -0.081475    0.052524
-0.075584    -0.081475    0.001171
0.098143    -0.081475    0.000566
0.021134    -0.081475    0.012815
-0.046096    -0.081475    0.020784
-0.072486    -0.081475    0.023981
0.023682    -0.081475    0.010036
-0.075301    -0.081475    -0.011653
-0.040556    -0.081475    -0.014469
-0.124022    -0.081475    -0.026906
0.058071    -0.081475    -0.030706
-0.07066    -0.081475    -0.024978
-0.117572    -0.000786    -0.063257
-0.098536    0.030122    -0.077009
0.100194    0.030502    0.066605
-0.04277    -0.032593    0.126251
-0.017214    -0.081475    0.125097
0.074369    -0.081475    0.107072
-0.00437    -0.081475    0.097541
0.033546    -0.081475    0.111745
-0.004441    -0.081475    0.071296
0.04023    -0.081475    0.075782
0.026306    -0.081475    0.085007
0.091479    -0.081475    0.050141
0.039928    -0.081475    0.06267
0.088802    -0.081475    0.057568
0.093997    -0.081475    0.064308
0.00887    -0.081475    0.052178
0.117992    -0.081475    0.020977
0.032865    -0.081475    0.024826
0.110388    -0.081475    0.03214
0.06796    -0.081475    0.016636
0.105292    -0.081475    0.008445
0.04505    -0.081475    -0.005388
-0.041932    -0.081475    -0.000379
0.070688    -0.081475    -0.022764
0.054158    -0.081475    -0.009877
0.128439    -0.081475    -0.005243
-0.016432    -0.081475    -0.048463
0.108186    -0.081475    -0.059214
-0.044681    -0.081475    -0.042319
0.103327    -0.081475    -0.044342
0.107089    -0.081475    -0.065647
-0.097195    -0.081475    -0.061249
0.065539    -0.081475    -0.064443
-0.025788    -0.081475    -0.066868
-0.081147    -0.081475    -0.044861
-0.101124    -0.051906    -0.086376
-0.063766    0.043103    -0.057882
0.074898    0.04399    0.039994
-0.029315    -0.001465    0.130316
-0.017502    0.005874    0.131874
0.044829    -0.081475    0.123734
0.094347    -0.057079    0.095305
0.09606    -0.004362    0.093342
0.120899    -0.032588    0.055691
0.129558    -0.056077    0.034723
0.130279    -0.074539    -0.029014
0.119963    -0.072629    -0.057712
-0.067675    -0.081475    -0.079222
0.011396    -0.081475    -0.076439
-0.081639    -0.081475    -0.087383
-0.000733    -0.081475    -0.07568
-0.097295    -0.031412    -0.091367
-0.038585    0.083698    -0.033292
0.098048    0.033249    0.044636
0.020549    -0.004879    0.131486
0.050764    0.008136    0.122982
0.083332    0.009599    0.103756
0.107087    0.004018    0.078969
0.124582    0.022855    0.046801
-0.0215    -0.065128    0.131347
0.046687    0.089628    0.014556
0.064048    -0.073331    0.117482
0.13201    -0.007723    0.016098
0.130143    -0.002724    -0.030046
0.125807    -0.006499    -0.043606
0.110281    -0.043418    -0.074565
0.10372    -0.035537    -0.083119
0.078849    -0.081475    -0.081764
0.082073    -0.081475    -0.082302
0.100093    -0.081475    -0.083695
-0.082183    -0.067791    -0.104328
-0.083859    0.029842    -0.09812
0.015188    -0.04843    0.132192
0.008278    -0.023245    0.133103
0.110251    0.011596    -0.074604
-0.001132    -0.081475    -0.105564
0.016622    -0.081475    -0.102736
0.039889    -0.081475    -0.098737
-0.082217    -0.002761    -0.104302
-0.033517    0.120753    -0.027838
0.072381    0.05349    0.002671
0.123008    0.030278    -0.008276
0.087461    -0.013152    -0.100353
0.071085    -0.081475    -0.107009
0.040989    -0.081475    -0.113854
-0.062129    -0.003776    -0.118003
-0.033162    0.029974    -0.123799
0.024469    0.140602    0.011155
0.055326    0.073097    -0.011646
0.075313    -0.006788    -0.109675
0.090914    0.02958    -0.097336
-0.027527    -0.081475    -0.118885
-0.06038    0.020985    -0.118727
-0.018814    0.035573    -0.09947
0.042141    0.140602    -0.003616
0.101082    0.03477    -0.023306
0.048607    -0.079801    -0.123641
0.06369    0.014551    -0.117396
-0.028303    -0.023208    -0.130215
-0.019815    0.031014    -0.115672
0.003952    0.140602    -0.036604
0.061786    0.034378    -0.083872
0.03534    -0.008356    -0.129134
-0.005497    0.001476    -0.133223
0.011553    -0.049903    -0.132437
0.002762    0.043284    -0.085887
0.064551    0.054497    -0.029798
0.00442    0.030422    -0.121371
0.01739    -0.00066    -0.131667
0.029839    0.128872    -0.032458
0.018567    0.073185    -0.053135
0.027294    0.044354    -0.07929
0.03954    0.051862    -0.062924
-0.022337    0.050913    0.072278
-0.049639    0.060175    0.043541
-0.090389    0.03904    0.024528
-0.085102    0.033113    0.066844
0.01496    0.057752    0.066806
-0.086703    0.04237    0.009179
0.017195    0.068423    0.057382
-0.061642    0.063703    0.011373
0.027075    0.058522    0.061833
-0.125879    0.029826    0.033791
-0.04779    0.090319    0.007637
-0.008827    0.088419    0.048345
-0.091881    -0.027152    0.09712
-0.114773    -0.030113    0.068829
-0.11788    -0.016039    0.062757
-0.130783    0.007264    0.024714
-0.13229    -0.002028    -0.013028
-0.096884    0.033185    -0.047713
0.080529    0.031287    0.084817
-0.079829    -0.046281    0.10637
-0.096318    -0.014646    0.092875
-0.099198    -0.010535    0.089123
-0.125354    -0.043023    0.044712
-0.131677    -0.081287    0.017925
-0.131049    -0.073344    -0.022457
-0.126293    0.011893    -0.042209
-0.114953    0.030572    -0.034069
0.044369    0.030859    0.109557
-0.053093    -0.023046    0.121977
-0.118252    -0.005341    -0.061615
-0.125379    -0.076432    -0.044414
-0.039215    0.116608    0.019269
-0.004001    0.030059    0.126702
-0.060026    -0.069698    0.119108
-0.108358    -0.077145    -0.076948
-0.069374    0.041707    -0.054497
0.078008    0.045455    0.026169
0.122222    0.029587    0.051472
-0.026404    0.024919    0.1307
0.093305    0.019026    0.096104
0.106807    -0.07475    0.079334
0.123145    -0.042044    0.05027
0.132563    -0.069873    0.011896
0.129741    -0.04882    0.033338
0.132701    -0.045614    -0.010604
0.116607    0.009803    -0.06581
-0.10135    0.021549    -0.086081
-0.075645    0.031823    -0.085292
0.119298    0.030306    0.032639
0.012681    0.006157    0.132523
0.066709    -0.046173    0.11638
0.072726    -0.046345    0.111894
0.111477    -0.041998    0.073247
0.124089    -0.005027    0.047992
-0.019072    -0.059977    0.131667
0.020188    0.117632    0.038983
0.048146    -0.049413    0.124066
0.133248    0.017084    0.006693
0.129714    -0.046303    -0.033304
0.12147    0.005848    -0.054075
0.113715    -0.079804    -0.070088
-0.080679    -0.071631    -0.105483
-0.031736    0.072883    -0.04669
-0.040158    0.123576    -0.016956
0.006468    -0.025094    0.133342
0.005565    0.130778    0.044061
0.098014    0.017282    -0.090559
-0.072427    0.011228    -0.111816
-0.046651    0.036801    -0.086717
-0.019475    0.140602    0.017655
0.046479    0.095214    0.007117
0.087732    -0.047337    -0.100146
-0.046949    -0.05471    -0.124286
-0.019292    0.053301    -0.070103
0.001916    0.140602    0.043312
-0.036519    0.140602    0.001733
0.04426    0.109419    0.002657
0.07838    -0.058316    -0.107321
-0.040761    -0.021411    -0.126848
-0.004027    0.066717    -0.060478
-0.025969    0.140602    -0.004857
0.072602    0.052442    -0.010684
0.071534    0.030574    -0.095432
0.064971    0.005128    -0.116865
-0.010761    -0.050539    -0.132529
-0.005461    0.03115    -0.11696
-0.00452    0.140602    -0.034957
0.061883    0.035945    -0.078804
0.053715    0.015416    -0.121526
-0.000662    0.010586    -0.133861
0.008087    -0.071528    -0.132894
0.015202    0.040774    -0.088589
0.061581    0.05921    -0.025714
0.026016    0.031916    -0.110875
0.010205    0.010586    -0.132614
0.023125    0.135962    -0.039052
0.016028    0.074269    -0.053403
0.035681    0.044734    -0.075109
0.040946    0.047962    -0.06793
-0.026937    0.219478    0.037233
-0.018829    0.207008    0.041949
-0.007811    0.156208    0.045348
-0.038103    0.181961    0.025746
-0.044305    0.215289    0.012911
-0.02813    0.292763    0.036318
-0.015059    0.243398    0.04351
-0.016599    0.232396    0.042873
0.008552    0.157596    0.045263
-0.010622    0.264054    0.044978
-0.034958    0.218419    0.029849
-0.043053    0.2911    0.015929
-0.045206    0.141556    0.007819
0.012184    0.281139    0.044739
0.029531    0.163599    0.035314
0.011493    0.246133    0.044875
0.03489    0.215224    0.030059
0.041007    0.224758    0.021089
0.045114    0.151718    0.009226
-0.046215    0.187657    0.000128
-0.045726    0.260678    0.003855
-0.044827    0.141841    -0.01047
-0.041859    0.18938    -0.018574
-0.038249    0.160402    -0.025319
-0.031786    0.26525    -0.033271
0.017503    0.2753    0.042537
0.024929    0.210213    0.038846
0.038645    0.28035    0.025161
0.042943    0.276075    0.01642
0.045698    0.215654    0.004774
-0.045091    0.281023    -0.008452
-0.04397    0.247969    -0.013483
0.044749    0.29514    -0.011775
0.044946    0.165415    -0.01027
-0.035038    0.283566    -0.029504
-0.0273    0.227131    -0.036717
-0.017958    0.214967    -0.042076
0.046151    0.296774    -0.001079
0.040682    0.216908    -0.021638
0.042055    0.293364    -0.018327
0.038891    0.161348    -0.024604
0.031283    0.167353    -0.033729
0.01718    0.171989    -0.042436
-0.017475    0.286436    -0.042276
0.034954    0.287327    -0.029735
0.025721    0.293223    -0.038001
0.025287    0.242485    -0.038335
0.021694    0.284576    -0.040568
0.011612    0.258537    -0.044624
-0.007985    0.162036    -0.045091
-0.01149    0.156439    -0.044628
0.010377    0.295999    -0.044787
0.005879    -0.12578    0.13342
0.013108    -0.219033    0.132467
-0.01651    -0.183567    0.132005
-0.029349    -0.229132    0.130312
0.011628    -0.26654    0.120947
0.041981    -0.179006    0.126619
0.032811    -0.126859    0.129869
0.034145    -0.240903    0.129693
-0.008031    -0.132746    0.133124
-0.023216    -0.119372    0.131121
-0.04213    -0.180233    0.126516
-0.039704    -0.153735    0.12752
-0.055005    -0.224514    0.121186
-0.047832    -0.206956    0.124155
-0.068716    -0.26654    0.10849
0.051323    -0.132816    0.122751
-0.075599    -0.192632    0.109616
-0.088001    -0.117116    0.100098
-0.092346    -0.115521    0.096763
-0.091819    -0.178658    0.097167
-0.040224    -0.26654    0.097636
0.092137    -0.249139    0.097
0.088089    -0.255201    0.100107
-0.10175    -0.217421    0.085797
-0.098042    -0.140906    0.090629
-0.063687    -0.26654    0.094521
0.094551    -0.16825    0.095148
0.091776    -0.102656    0.097278
-0.113881    -0.212211    0.069991
-0.095953    -0.085543    0.093351
0.102998    -0.26654    0.084155
0.013214    -0.26654    0.081789
0.103075    -0.248924    0.084199
0.098794    -0.136448    0.089778
-0.120767    -0.157343    0.055787
-0.120467    -0.198519    0.05651
-0.113733    -0.26654    0.038325
-0.124793    -0.26654    0.036561
0.113037    -0.204231    0.071214
0.106185    -0.174029    0.080145
-0.125761    -0.252194    0.04373
-0.128702    -0.169536    0.036628
0.110707    -0.26654    0.049153
0.108105    -0.26654    0.054916
0.116865    -0.106372    0.065431
0.122396    -0.123337    0.052077
-0.130116    -0.142466    0.029778
-0.1323    -0.215708    0.013192
0.037551    -0.26654    0.026757
-0.117304    -0.26654    0.026511
0.129139    -0.203584    0.0358
0.12827    -0.105335    0.037896
-0.132108    -0.137916    0.014649
-0.133854    -0.245716    0.001388
0.105748    -0.26654    0.002418
0.127465    -0.26654    0.002355
0.051795    -0.26654    0.02385
0.132158    -0.228648    0.014977
-0.130419    -0.259854    -0.027242
-0.133447    -0.259725    -0.004237
0.039615    -0.26654    -0.001618
-0.126323    -0.26654    -0.014983
-0.112353    -0.26654    -0.016628
0.133135    -0.218754    0.007551
0.134016    -0.22058    0.000862
-0.129831    -0.174636    -0.031709
-0.130012    -0.176272    -0.030335
0.123719    -0.26654    -0.002722
-0.005781    -0.26654    -0.027512
0.131493    -0.260839    -0.019786
0.133441    -0.134811    -0.004984
-0.123779    -0.120694    -0.048277
-0.123502    -0.090588    -0.048945
-0.102393    -0.26654    -0.058474
0.052517    -0.26654    -0.039846
0.133114    -0.102727    -0.007466
0.129695    -0.153177    -0.033451
-0.117922    -0.188505    -0.062414
-0.12413    -0.24963    -0.04743
0.016084    -0.26654    -0.064632
0.114956    -0.26654    -0.039556
0.122858    -0.096257    -0.050725
0.118153    -0.096041    -0.062079
-0.113786    -0.155697    -0.069874
-0.101115    -0.249359    -0.086388
-0.07402    -0.26654    -0.067206
-0.023566    -0.26654    -0.07445
0.118885    -0.1285    -0.060313
-0.095021    -0.105701    -0.09433
-0.1021    -0.167572    -0.085104
0.075895    -0.26654    -0.087825
-0.043373    -0.26654    -0.089107
0.107019    -0.234665    -0.078819
0.111271    -0.260278    -0.073275
-0.084562    -0.11488    -0.102502
-0.069938    -0.083726    -0.113727
-0.052387    -0.26654    -0.111747
0.109108    -0.089459    -0.076095
0.098687    -0.199467    -0.089681
-0.090427    -0.246451    -0.098001
0.044235    -0.26654    -0.104842
0.089943    -0.144283    -0.098449
0.083447    -0.199134    -0.103434
-0.060374    -0.208001    -0.118729
-0.06237    -0.229746    -0.117903
0.078879    -0.11104    -0.106939
0.073232    -0.197367    -0.111271
-0.052917    -0.195533    -0.121816
-0.050737    -0.203781    -0.122718
0.06321    -0.207597    -0.117594
0.061817    -0.148896    -0.118171
-0.027894    -0.227553    -0.130269
-0.012714    -0.095372    -0.132271
0.046885    -0.082283    -0.124354
0.039124    -0.131442    -0.127567
-0.021955    -0.208341    -0.131052
-0.010853    -0.236281    -0.132516
0.020616    -0.204695    -0.131242
0.031416    -0.135484    -0.129818
0.011262    -0.099584    -0.132475
0.020557    -0.095334    -0.131249
0.003395    -0.102484    0.133747
0.006655    -0.140595    0.133318
-0.027629    -0.262986    0.130539
-0.023657    -0.145993    0.131063
0.042944    -0.178788    0.12622
0.041043    -0.130662    0.127007
0.002833    -0.084048    0.133821
0.014791    -0.148615    0.132245
-0.020335    -0.133239    0.131501
-0.004498    -0.092579    0.13359
-0.049077    -0.124744    0.12364
-0.048248    -0.263245    0.123983
-0.038381    -0.2454    0.128068
-0.067497    -0.26654    0.101751
0.056818    -0.11949    0.120475
0.063508    -0.121256    0.117705
-0.082639    -0.127633    0.104213
-0.07012    -0.090555    0.113822
-0.092436    -0.136312    0.096694
-0.091961    -0.107306    0.097058
0.065752    -0.26654    0.104208
0.089907    -0.247732    0.098712
0.070697    -0.153388    0.11345
-0.106321    -0.224382    0.079841
-0.112244    -0.240645    0.072125
-0.088929    -0.26654    0.087588
0.086443    -0.1931    0.101369
0.075897    -0.081592    0.109461
-0.111761    -0.199068    0.072754
-0.112633    -0.134616    0.071618
0.03123    -0.26654    0.07472
0.079109    -0.26654    0.086302
0.098528    -0.225423    0.090125
-0.117876    -0.168864    0.062765
-0.116398    -0.129561    0.066333
-0.082058    -0.26654    0.06162
-0.113504    -0.26654    0.039357
0.116032    -0.177847    0.06731
0.105945    -0.159882    0.080457
-0.118614    -0.260283    0.060984
-0.127792    -0.166569    0.038827
0.087689    -0.26654    0.063235
0.056505    -0.26654    0.057239
0.116596    -0.233619    0.06608
0.120947    -0.098741    0.055576
-0.129585    -0.090007    0.03381
-0.129558    -0.168765    0.034018
-0.110987    -0.26654    0.004069
0.041605    -0.26654    0.030299
-0.08398    -0.26654    0.009066
0.121512    -0.217015    0.054212
0.119854    -0.2443    0.058215
-0.132475    -0.1436    0.011862
0.088667    -0.26654    0.014773
0.051893    -0.26654    0.017298
-0.035223    -0.26654    0.011067
0.129999    -0.175562    0.031372
0.130149    -0.260055    0.030233
-0.133545    -0.221123    -0.003493
-0.13374    -0.214181    -0.002014
-0.038143    -0.26654    -0.015914
-0.123584    -0.26654    -0.008515
0.132169    -0.10916    0.01489
0.131436    -0.096473    0.02046
-0.130817    -0.123831    -0.024221
-0.130054    -0.197346    -0.030017
0.024337    -0.26654    -0.019925
0.086772    -0.26654    -0.024461
0.018402    -0.26654    -0.016924
0.132182    -0.191656    -0.014548
0.133414    -0.24587    -0.005192
-0.126579    -0.097809    -0.041519
-0.063435    -0.26654    -0.058712
-0.113267    -0.26654    -0.063618
0.016523    -0.26654    -0.049418
0.132423    -0.147178    -0.012722
0.130995    -0.201166    -0.023571
-0.123175    -0.248667    -0.049734
0.121513    -0.26654    -0.040361
0.041027    -0.26654    -0.050261
-0.039119    -0.26654    -0.065311
0.118478    -0.098276    -0.061295
-0.110666    -0.153434    -0.073939
-0.109776    -0.150165    -0.0751
-0.003881    -0.26654    -0.074828
-0.109397    -0.26654    -0.073052
0.121213    -0.169051    -0.054694
0.127596    -0.251173    -0.039288
-0.099537    -0.183011    -0.088444
-0.097009    -0.135885    -0.091738
0.09832    -0.26654    -0.087612
0.10096    -0.247227    -0.086718
0.114107    -0.211083    -0.069577
-0.090335    -0.150045    -0.098071
-0.081583    -0.126934    -0.104789
0.06508    -0.26654    -0.096263
0.112684    -0.100807    -0.071432
0.100818    -0.184792    -0.086904
-0.0695    -0.2641    -0.114064
-0.068068    -0.212287    -0.115162
-0.013214    -0.26654    -0.109926
0.093649    -0.200016    -0.095605
0.091307    -0.207231    -0.097403
-0.060248    -0.140461    -0.118781
0.016032    -0.26654    -0.116666
0.079189    -0.185482    -0.106701
0.072332    -0.171704    -0.111962
-0.05814    -0.246504    -0.119654
-0.037916    -0.242031    -0.128025
0.038703    -0.25556    -0.127741
0.061162    -0.166462    -0.118442
-0.024858    -0.125571    -0.130669
-0.022942    -0.106881    -0.130922
0.053251    -0.150807    -0.121718
0.035033    -0.173446    -0.129261
-0.017021    -0.233609    -0.131703
0.029424    -0.175283    -0.13008
0.024991    -0.197751    -0.130665
0.00526    -0.113501    -0.133267
0.010438    -0.11013    -0.132584
-0.034956    0.314187    -0.044024
-0.026493    0.348407    -0.049917
-0.042044    0.391774    -0.037327
0.012295    0.26089    -0.038053
-0.017263    0.399686    -0.035122
-0.0069    0.399686    -0.055361
0.038011    0.279424    -0.040988
-0.04985    0.305761    -0.025694
0.014189    0.352218    -0.054634
-0.001304    0.339845    -0.056529
0.015241    0.26089    -0.022662
-0.052358    0.32114    -0.019644
0.023027    0.352406    -0.050979
-0.022588    0.26089    -0.019663
-0.054566    0.346194    -0.011788
-0.005765    0.26089    -0.009169
-0.05526    0.298658    -0.0065
-0.016288    0.26089    -0.003567
-0.055443    0.319106    0.00286
0.020686    0.26089    0.001557
-0.054909    0.304124    0.006927
-0.042757    0.26089    0.004255
-0.053655    0.309541    0.014265
0.016805    0.26089    0.021385
-0.049988    0.289207    0.023119
-0.048114    0.26089    0.015921
-0.047327    0.343442    0.028205
-0.009946    0.26089    0.029065
-0.045956    0.283055    0.029991
0.047062    0.35977    0.027381
-0.014499    0.399686    0.036394
-0.035821    0.382229    0.041116
0.027728    0.309954    0.046638
0.028957    0.380093    0.045695
0.021724    0.350029    0.049272
0.015678    0.279949    0.051776
-0.003528    0.273545    0.053995
-0.007018    0.357884    0.053534
0.002033    0.345126    0.054073
-0.032907    0.370709    -0.045598
-0.044296    0.379756    -0.034394
-0.019578    0.293439    -0.052777
-0.04016    0.266624    -0.039782
-0.01286    0.305607    -0.055004
0.040333    0.299462    -0.038387
-0.051102    0.384887    -0.022675
0.037444    0.390075    -0.041424
-0.001773    0.322817    -0.056467
0.001146    0.376513    -0.056432
0.046041    0.30708    -0.030951
-0.013236    0.399686    -0.024398
0.001322    0.27632    -0.056408
0.051516    0.269682    -0.01951
0.01019    0.399686    -0.021948
0.053178    0.2726    -0.015499
-0.037512    0.399686    -0.01222
0.053344    0.281595    -0.014252
0.040773    0.399686    -0.008493
0.054256    0.397315    -0.007307
-0.050805    0.399686    0.005001
0.054071    0.294743    0.006465
-0.005469    0.399686    0.007822
0.054123    0.388982    0.006073
0.015604    0.399686    0.017276
0.051726    0.307084    0.016756
0.004608    0.399686    0.023824
0.048299    0.365877    0.025027
-0.035344    0.26089    0.029887
-0.032122    0.261498    0.043955
0.04101    0.392532    0.035264
-0.008257    0.26089    0.043864
0.037991    0.381571    0.038761
-0.021236    0.276251    0.049846
-0.016476    0.391773    0.051818
0.013978    0.340066    0.052481
0.012421    0.286831    0.052703
0.006849    0.299825    0.053438
