0.012876    -0.204368    0.031571
0.008171    -0.206018    0.009141
0.017107    -0.20877    0.019331
-0.021351    -0.199061    -0.018588
0.007365    -0.212143    -0.015986
-0.014452    -0.300933    -0.088837
0.014854    -0.223078    -0.000387
0.004072    -0.223862    -0.0266
0.050267    -0.268881    0.075118
-0.035363    -0.307771    -0.119912
-0.030927    -0.204368    0.0576
0.010223    -0.295348    -0.027991
0.031998    -0.277479    0.028645
0.05218    -0.324823    0.066612
0.041258    -0.312267    0.043096
0.019861    -0.312913    -0.008712
0.003239    -0.281512    -0.041709
0.025525    -0.308883    0.005879
-0.027145    -0.327018    -0.125412
0.043713    -0.302683    0.051202
-0.022452    -0.331007    -0.114986
0.009389    -0.296916    -0.030361
0.012101    -0.258094    -0.01499
0.068284    -0.327969    0.11806
-0.030057    -0.245451    -0.077466
-0.038194    -0.2798    -0.100363
-0.023828    -0.209275    -0.052382
-0.041314    -0.2618    -0.085305
-0.032688    -0.218268    -0.05559
-0.042805    -0.34378    -0.137381
-0.031116    -0.338928    -0.13254
-0.030723    -0.204368    -0.030438
0.058325    -0.315378    0.118866
-0.011242    -0.235109    0.086295
0.009118    -0.25351    0.091934
-0.049566    -0.211354    0.084003
-0.041101    -0.212198    0.081143
0.062851    -0.398166    0.090867
0.031457    -0.345034    0.015069
0.060132    -0.468427    0.084304
0.071128    -0.452863    0.110851
0.031775    -0.433379    0.015836
-0.025993    -0.34014    -0.123639
0.055568    -0.425012    0.073284
0.019156    -0.435093    -0.01463
0.02834    -0.454333    0.007544
0.062029    -0.351346    0.088882
0.055992    -0.463949    0.074306
0.070343    -0.340121    0.108957
0.05425    -0.38975    0.070101
0.064068    -0.613843    0.093806
0.009145    -0.419689    -0.038802
0.05823    -0.570219    0.07971
-0.011681    -0.343453    -0.089084
0.035018    -0.369122    0.023666
0.047973    -0.498698    0.054945
0.071464    -0.62876    0.111662
0.045263    -0.409872    0.048403
0.031174    -0.510529    0.014386
0.042714    -0.351866    0.042249
0.023237    -0.345521    -0.004778
-0.027256    -0.334417    -0.126688
0.001312    -0.353433    -0.057714
0.026871    -0.438477    0.003997
-0.00737    -0.340357    -0.078676
0.028719    -0.431876    0.008458
0.036492    -0.488851    0.027225
0.037981    -0.488315    0.030821
0.04368    -0.335804    0.04458
0.071974    -0.48004    0.114439
0.06932    -0.421765    0.120649
-0.110322    -0.284298    -0.073927
-0.173175    -0.282846    -0.046785
-0.096216    -0.260585    -0.061636
-0.160846    -0.274465    -0.045482
-0.182367    -0.305332    -0.060173
-0.230855    -0.321839    -0.052713
-0.084355    -0.272504    -0.075664
-0.096748    -0.223385    -0.032968
-0.155626    -0.296308    -0.064348
-0.117591    -0.291632    -0.076525
-0.12371    -0.231048    -0.027661
-0.188927    -0.309345    -0.060524
-0.196457    -0.311842    -0.059315
-0.111907    -0.236942    -0.037057
-0.215769    -0.304532    -0.045726
-0.047787    -0.204368    -0.036499
-0.042188    -0.429961    -0.137125
-0.018468    -0.585532    -0.105472
0.006089    -0.547142    -0.04618
0.006296    -0.546326    -0.045681
0.014256    -0.468956    -0.026461
0.030139    -0.611755    0.011887
-0.027229    -0.544778    -0.126623
0.023194    -0.581787    -0.004881
0.02949    -0.567867    0.010321
-0.014188    -0.427486    -0.095137
-0.022267    -0.594066    -0.114644
-0.006896    -0.527667    -0.077531
0.032258    -0.579958    0.017004
0.002347    -0.637041    -0.055216
0.001496    -0.546263    -0.057268
0.0013    -0.583961    -0.057744
0.011023    -0.525166    -0.034266
-0.015595    -0.572897    -0.098535
0.00817    -0.561594    -0.041156
-0.010938    -0.629774    -0.087291
-0.017639    -0.431901    -0.10347
0.03655    -0.555818    0.027366
-0.02751    -0.528784    -0.127303
0.014101    -0.472013    -0.026836
0.030338    -0.615578    0.012367
-0.022105    -0.621069    -0.114252
0.001372    -0.443889    -0.057569
0.038998    -0.582813    0.033277
0.015852    -0.606531    -0.022607
0.006549    -0.453879    -0.045069
0.041491    -0.557584    0.039296
0.00811    -0.547175    -0.0413
-0.01301    -0.412604    -0.092292
0.005629    -0.520141    -0.04729
0.016124    -0.301929    0.12606
-0.105427    -0.330631    0.198352
0.001051    -0.266479    0.105194
0.007203    -0.317289    0.141501
-0.044614    -0.300668    0.150251
0.03429    -0.310058    0.124752
0.006778    -0.27225    0.107235
-0.077905    -0.328341    0.185202
-0.032188    -0.29101    0.137719
-0.149509    -0.32757    0.214269
-0.116017    -0.304106    0.182455
-0.040267    -0.307135    0.153397
0.012296    -0.305535    0.130403
-0.067639    -0.299242    0.158698
-0.060406    -0.220303    0.095336
0.070719    -0.570396    0.117375
0.067883    -0.529785    0.124013
-0.109539    -0.212446    -0.018283
-0.198164    -0.37759    -0.07361
-0.252693    -0.454442    -0.051025
-0.056915    -0.333213    -0.132113
-0.23524    -0.551177    -0.058254
-0.099767    -0.377466    -0.114365
-0.252506    -0.460154    -0.051103
-0.252324    -0.595483    -0.051178
-0.194563    -0.418267    -0.075102
-0.13608    -0.451126    -0.099324
-0.13991    -0.387655    -0.097738
-0.260627    -0.403251    -0.047739
-0.205502    -0.552083    -0.070571
-0.193844    -0.502879    -0.0754
-0.179416    -0.457215    -0.081375
-0.092103    -0.384838    -0.117539
-0.243958    -0.481454    -0.054643
-0.210794    -0.385211    -0.068379
-0.183144    -0.390249    -0.079831
-0.19161    -0.523909    -0.076325
-0.242893    -0.360972    -0.055084
-0.267396    -0.58733    -0.044936
-0.198851    -0.352359    -0.073326
-0.191767    -0.500552    -0.07626
-0.249142    -0.382372    -0.052496
-0.206266    -0.368345    -0.070254
-0.239995    -0.576691    -0.056285
-0.178176    -0.426741    -0.081889
-0.162143    -0.441173    -0.08853
-0.162546    -0.394905    -0.088363
-0.24628    -0.477873    -0.053682
-0.092999    -0.627819    -0.117168
-0.089439    -0.420135    -0.118642
-0.064098    -0.360135    -0.129138
-0.216174    -0.576966    -0.066151
-0.147562    -0.506116    -0.094569
-0.198372    -0.588194    -0.073524
-0.131355    -0.63354    -0.101281
-0.174328    -0.589073    -0.083483
-0.093325    -0.492401    -0.117033
-0.114283    -0.472629    -0.108352
-0.07697    -0.471654    -0.123807
-0.121499    -0.594263    -0.105364
-0.115944    -0.471935    -0.107664
-0.102637    -0.567156    -0.113176
-0.058242    -0.418855    -0.131563
-0.044087    -0.620014    -0.137426
-0.160718    -0.522875    -0.08912
-0.129837    -0.567591    -0.10191
-0.055159    -0.619875    -0.13284
-0.091223    -0.4979    -0.117903
-0.133816    -0.613305    -0.100262
-0.120219    -0.619917    -0.105894
-0.07389    -0.510178    -0.125082
-0.07077    -0.632326    -0.126375
-0.19364    -0.605203    -0.075484
-0.108377    -0.550078    -0.110798
-0.217091    -0.605714    -0.065771
-0.19939    -0.633743    -0.073102
-0.169731    -0.618613    -0.085387
-0.074369    -0.405237    -0.124884
-0.105357    -0.388429    0.198957
0.066106    -0.621284    0.127941
-0.033802    -0.463263    0.169321
0.051826    -0.408799    0.133856
-0.124088    -0.370447    0.206715
-0.110598    -0.369938    0.201128
-0.096224    -0.331622    0.195175
0.053864    -0.437416    0.133012
-0.103653    -0.338366    0.198252
0.007064    -0.465976    0.152395
0.021326    -0.383525    0.146488
0.046956    -0.544868    0.135873
-0.052727    -0.344976    0.177159
-0.038425    -0.444189    0.171236
0.013473    -0.478915    0.149741
0.027337    -0.407396    0.143999
-0.056497    -0.459409    0.178721
-0.016888    -0.400421    0.162315
0.029747    -0.478912    0.143001
0.02361    -0.399106    0.145542
0.053712    -0.391774    0.133075
0.006972    -0.535823    0.152433
-0.071366    -0.380704    0.184879
0.050279    -0.338635    0.134496
0.040092    -0.348165    0.138716
-0.007114    -0.392136    0.158267
0.041316    -0.524793    0.138209
0.025501    -0.558934    0.144759
0.052954    -0.427796    0.133389
-0.069145    -0.205111    0.077596
-0.122321    -0.281979    0.164919
-0.186289    -0.266049    -0.020174
-0.268741    -0.486555    -0.042881
-0.268047    -0.358139    -0.044144
-0.064071    -0.204368    0.050585
0.00264    -0.630665    0.154228
-0.059038    -0.616343    0.179773
-0.026935    -0.54992    0.166476
-0.102217    -0.465189    0.197657
-0.052313    -0.60033    0.176988
-0.036706    -0.605021    0.170524
-0.152067    -0.466907    0.218304
-0.112343    -0.529796    0.201851
-0.072737    -0.475521    0.185447
-0.131302    -0.389609    0.209703
0.033258    -0.631427    0.141546
-0.01911    -0.584247    0.163236
-0.120472    -0.437751    0.205217
-0.04196    -0.540945    0.1727
0.04492    -0.639207    0.136716
-0.04161    -0.598148    0.172555
-0.136148    -0.565318    0.21171
-0.095059    -0.426303    0.194692
-0.037093    -0.537945    0.170684
-0.072705    -0.588754    0.185434
-0.084361    -0.446953    0.190261
-0.014338    -0.611444    0.161259
-0.012795    -0.56719    0.16062
-0.065537    -0.493105    0.182465
-0.140637    -0.554622    0.21357
-0.121657    -0.628394    0.205708
-0.096526    -0.621223    0.195299
-0.084826    -0.444841    0.190454
-0.106408    -0.456155    0.199392
-0.153098    -0.316324    0.201029
-0.156491    -0.326654    0.214319
-0.165506    -0.260401    0.018704
-0.179021    -0.267941    0.008775
-0.182272    -0.272811    0.01559
-0.235224    -0.32177    0.035157
-0.165992    -0.251707    -0.008646
-0.133581    -0.229834    0.00375
-0.177551    -0.261013    -0.008536
-0.174545    -0.260273    -0.003505
-0.239032    -0.330664    0.052742
-0.270104    -0.624313    -0.0404
-0.273354    -0.46178    -0.034487
-0.065878    -0.193958    -0.011108
-0.163064    -0.529964    0.218434
-0.161161    -0.390312    0.219222
-0.119693    -0.248283    0.092827
-0.131006    -0.277006    0.151996
-0.167891    -0.299473    0.130592
-0.159789    -0.314487    0.195359
-0.116576    -0.257663    0.128598
-0.131873    -0.265857    0.116333
-0.158797    -0.303385    0.164324
-0.130398    -0.264919    0.117071
-0.261617    -0.474655    0.000606
-0.272459    -0.375004    -0.025571
-0.255237    -0.483199    0.01601
-0.249083    -0.383511    0.030869
-0.263829    -0.481707    -0.004736
-0.247949    -0.356531    0.033608
-0.260952    -0.356337    0.002211
-0.270233    -0.401479    -0.020196
-0.274    -0.477794    -0.029293
-0.261588    -0.488046    0.000676
-0.265816    -0.537524    -0.009533
-0.268694    -0.504312    -0.016482
-0.25666    -0.434645    0.012575
-0.269127    -0.369217    -0.017527
-0.265584    -0.544193    -0.008973
-0.128203    -0.232744    0.025495
-0.069536    -0.198264    0.038764
-0.168263    -0.640206    0.21628
-0.168182    -0.626079    0.216313
-0.189078    -0.321675    0.146285
-0.098818    -0.222563    0.065787
-0.084284    -0.204368    0.010087
-0.201367    -0.306846    0.071966
-0.161707    -0.264156    0.039184
-0.248844    -0.464048    0.031446
-0.243015    -0.436834    0.04552
-0.224252    -0.337787    0.090822
-0.228942    -0.394002    0.079499
-0.157826    -0.274075    0.07842
-0.138986    -0.254509    0.064993
-0.19812    -0.477842    0.153917
-0.194701    -0.528282    0.162173
-0.211955    -0.624173    0.120512
-0.218345    -0.547928    0.105083
-0.186288    -0.554556    0.182485
-0.199616    -0.552109    0.150304
-0.206052    -0.53128    0.134766
-0.204821    -0.544246    0.137738
-0.188122    -0.426158    0.178057
-0.176232    -0.611589    0.206765
-0.246535    -0.580578    0.037021
-0.205761    -0.503737    0.135467
-0.208969    -0.518497    0.127722
-0.182545    -0.56174    0.191521
-0.181383    -0.582517    0.194328
-0.203939    -0.511865    0.139868
-0.203984    -0.591706    0.139758
-0.189044    -0.391367    0.17583
-0.236681    -0.599326    0.060813
-0.228802    -0.604216    0.079835
-0.174751    -0.340148    0.210341
-0.182433    -0.609916    0.191792
-0.230143    -0.581075    0.076599
-0.199656    -0.414156    0.150207
-0.195086    -0.485845    0.161241
-0.225553    -0.628181    0.087681
-0.232474    -0.590198    0.070971
-0.230535    -0.599208    0.075652
-0.223852    -0.548069    0.091787
-0.186175    -0.592186    0.182758
-0.228015    -0.550203    0.081737
-0.186076    -0.376835    0.182995
-0.187467    -0.364227    0.179638
-0.228513    -0.397348    0.080534
-0.223496    -0.411296    0.092648
-0.206913    -0.397853    0.132687
-0.200591    -0.336738    0.147952
-0.224466    -0.426907    0.090306
-0.211318    -0.421322    0.122052
-0.221143    -0.353136    0.098329
-0.199532    -0.342637    0.150507
-0.237614    -0.50208    0.05856
-0.249352    -0.519671    0.030219
-0.210087    -0.418381    0.125023
-0.177923    -0.338011    0.202682
-0.190917    -0.375046    0.171309
-0.049484    -0.104069    0.014403
-0.000921    -0.193317    0.014224
-0.010169    -0.193317    -0.005978
-0.002073    -0.185129    0.003649
-0.004124    -0.204368    0.03359
-0.013747    -0.137527    -0.01368
-0.00654    -0.148922    -0.005526
0.010348    -0.137237    0.023861
-0.008021    -0.204368    -0.020787
-0.005307    -0.193317    0.030817
-0.016299    -0.193317    -0.006584
-0.006822    -0.202764    -0.006014
-0.0155    -0.169238    -0.015212
0.004556    -0.175751    0.03976
0.010776    -0.138114    0.014635
0.003774    -0.20688    -0.005041
-0.00443    -0.166239    0.033415
-0.022176    -0.193317    -0.007146
-0.018333    -0.192167    -0.016847
-0.023893    -0.193317    -0.024873
0.007297    -0.176074    0.03501
0.00053    -0.156609    0.046446
-0.004448    -0.123019    -0.014285
0.016817    -0.210133    0.012992
-0.019175    -0.250195    -0.078241
-0.020682    -0.193317    0.019016
-0.022048    -0.115956    0.024205
-0.032079    -0.193317    -0.026674
-0.012813    -0.115956    0.007925
0.008458    -0.142477    0.000626
-0.019943    -0.137445    -0.030294
0.006425    -0.177115    -0.004977
-0.000964    -0.16157    -0.016392
0.005917    -0.245283    -0.02701
-0.004702    -0.280323    -0.060613
-0.001491    -0.249392    -0.045831
-0.017465    -0.304119    -0.096835
0.041192    -0.243372    0.059629
-0.027465    -0.296416    -0.109745
-0.016886    -0.126114    0.047561
-0.018242    -0.115956    0.019575
-0.027069    -0.116736    -0.020856
-0.025935    -0.117814    -0.022459
-0.017808    -0.187699    0.048094
-0.028325    -0.133082    -0.032539
0.008174    -0.150193    -0.000434
0.003052    -0.171206    -0.010819
0.020009    -0.243591    0.0074
0.025309    -0.231031    0.023052
0.033231    -0.282992    0.030367
0.045293    -0.279288    0.060332
0.040323    -0.312405    0.040807
0.02798    -0.259526    0.023024
0.015612    -0.258116    -0.006516
0.050784    -0.318447    0.06469
-0.005561    -0.318038    -0.071258
0.028473    -0.259594    0.024197
0.007434    -0.272653    -0.029565
0.025416    -0.315376    0.004139
0.057762    -0.298155    0.099847
-0.052352    -0.300061    -0.109992
-0.04488    -0.2829    -0.099963
-0.057869    -0.205514    -0.035407
-0.047935    -0.266964    -0.086512
-0.046242    -0.234827    -0.062638
-0.040868    -0.345475    -0.136579
-0.0316    -0.563945    -0.132741
-0.033993    -0.175339    -0.022577
-0.036519    -0.160529    -0.033533
-0.015485    -0.171291    0.059404
0.05885    -0.312098    0.11614
-0.026796    -0.228464    0.087656
0.002474    -0.252765    0.094117
-0.002013    -0.250366    0.09414
0.040892    -0.262551    0.085688
-0.024113    -0.190036    0.051614
-0.039581    -0.193317    0.012319
0.026342    -0.413956    0.002719
0.036434    -0.49977    0.027085
0.049606    -0.342769    0.058888
-0.004078    -0.39724    -0.070729
0.063808    -0.540944    0.093179
0.009732    -0.449141    -0.037384
0.037888    -0.348874    0.030597
0.009135    -0.3615    -0.038825
0.038966    -0.428976    0.033199
0.059569    -0.59452    0.082944
0.052887    -0.348601    0.066809
0.057768    -0.571467    0.078594
0.060423    -0.574358    0.085006
0.057426    -0.462406    0.077769
0.014692    -0.362714    -0.025408
0.051741    -0.41058    0.064043
0.034751    -0.439612    0.023022
0.057626    -0.425484    0.078253
0.037304    -0.386291    0.029187
0.063667    -0.344896    0.092838
0.053006    -0.543553    0.067098
-0.011471    -0.358338    -0.088576
0.042104    -0.535936    0.040776
0.031612    -0.400698    0.015444
0.071786    -0.601686    0.11244
0.040213    -0.369758    0.036211
0.041844    -0.397862    0.040149
-0.011049    -0.341218    -0.087558
-0.000402    -0.376628    -0.061852
0.023465    -0.444178    -0.004226
0.048041    -0.478837    0.05511
0.057603    -0.34019    0.078195
0.069309    -0.335131    0.120676
0.06894    -0.336605    0.12154
-0.095561    -0.325771    -0.111756
-0.109394    -0.213803    -0.020404
-0.097334    -0.230703    -0.038322
-0.092762    -0.220209    -0.032191
-0.173684    -0.27082    -0.037377
-0.177589    -0.30636    -0.062937
-0.201765    -0.306155    -0.052767
-0.077313    -0.296052    -0.096588
-0.169814    -0.281809    -0.047384
-0.219011    -0.329085    -0.06316
-0.108905    -0.213611    -0.020459
-0.119932    -0.253101    -0.046091
-0.123919    -0.298301    -0.079004
-0.158194    -0.316737    -0.078907
-0.198879    -0.328232    -0.070846
-0.037569    -0.499456    -0.135212
-0.042211    -0.488628    -0.137135
0.058425    -0.610778    0.080182
0.000123    -0.576661    -0.060585
0.003743    -0.617542    -0.051844
0.027069    -0.562998    0.004475
0.034102    -0.571784    0.021455
0.025035    -0.511808    -0.000436
-0.001324    -0.516917    -0.064079
-0.024577    -0.358409    -0.120221
0.027468    -0.628699    0.005438
-0.025009    -0.584273    -0.121263
0.015612    -0.58364    -0.023188
0.020048    -0.601599    -0.012477
0.037381    -0.540321    0.029372
0.034534    -0.529158    0.022499
0.013404    -0.596426    -0.028518
0.005816    -0.63534    -0.046839
0.004745    -0.618636    -0.049425
-0.004078    -0.600491    -0.070728
-0.004101    -0.617615    -0.070782
0.035785    -0.543035    0.025519
0.02015    -0.563323    -0.01223
-0.02434    -0.406831    -0.119649
0.014058    -0.495809    -0.026939
-0.011102    -0.429158    -0.087686
-0.002359    -0.577351    -0.066577
-0.003287    -0.533287    -0.068817
-0.028769    -0.627369    -0.130341
0.028229    -0.621873    0.007276
-0.007378    -0.429228    -0.078696
-0.01993    -0.484184    -0.109001
0.009129    -0.615088    -0.038841
-0.005497    -0.60004    -0.074153
0.02559    -0.625185    0.000903
-0.023329    -0.193317    0.053121
-0.043101    -0.138861    -0.033533
-0.040691    -0.116806    -0.02342
-0.042167    -0.274668    0.129356
-0.027968    -0.244225    0.100195
-0.112748    -0.282698    0.16473
-0.12369    -0.304704    0.186089
-0.005568    -0.267061    0.10838
-0.024485    -0.30984    0.148929
-0.059025    -0.241119    0.110682
-0.026464    -0.270246    0.11947
-0.052287    -0.330663    0.176368
0.014448    -0.300795    0.125886
-0.030316    -0.270636    0.121364
-0.112874    -0.305513    0.182229
-0.073274    -0.250108    0.123458
-0.032736    -0.32375    0.162984
0.055748    -0.328541    0.129999
-0.025745    -0.124684    0.052051
0.067141    -0.481937    0.125747
0.069714    -0.511145    0.119729
-0.164814    -0.252982    -0.024747
-0.207687    -0.537384    -0.069666
-0.155509    -0.427751    -0.091277
-0.170854    -0.359977    -0.084921
-0.247236    -0.335968    -0.053286
-0.195356    -0.359218    -0.074773
-0.261229    -0.505381    -0.04749
-0.22857    -0.385115    -0.061017
-0.187471    -0.381976    -0.078039
-0.203246    -0.372032    -0.071505
-0.16153    -0.439479    -0.088783
-0.175822    -0.479252    -0.082864
-0.255327    -0.559261    -0.049934
-0.10003    -0.347534    -0.114256
-0.257027    -0.528783    -0.04923
-0.244325    -0.462243    -0.054491
-0.261262    -0.497837    -0.047476
-0.258293    -0.423528    -0.048706
-0.093051    -0.368418    -0.117146
-0.177852    -0.473451    -0.082023
-0.261304    -0.384036    -0.047459
-0.218105    -0.486537    -0.065351
-0.109467    -0.372361    -0.110347
-0.157815    -0.463288    -0.090322
-0.135531    -0.375992    -0.099552
-0.195436    -0.463634    -0.07474
-0.246779    -0.594803    -0.053475
-0.16141    -0.384332    -0.088833
-0.23486    -0.37008    -0.058411
-0.112652    -0.407396    -0.109028
-0.265067    -0.419897    -0.0459
-0.136115    -0.488251    -0.09931
-0.131791    -0.55024    -0.101101
-0.223499    -0.59851    -0.063117
-0.202993    -0.602738    -0.07161
-0.151176    -0.549157    -0.093072
-0.143533    -0.473379    -0.096238
-0.084579    -0.61108    -0.120655
-0.173027    -0.550782    -0.084022
-0.236354    -0.607459    -0.057792
-0.195118    -0.613814    -0.074872
-0.048975    -0.43759    -0.135402
-0.061484    -0.373292    -0.130221
-0.123923    -0.566901    -0.10436
-0.184481    -0.61246    -0.079277
-0.068777    -0.460617    -0.1272
-0.152196    -0.537625    -0.092649
-0.062607    -0.391388    -0.129756
-0.187957    -0.5494    -0.077838
-0.07854    -0.409413    -0.123156
-0.249022    -0.632515    -0.052546
-0.129709    -0.559707    -0.101963
-0.172749    -0.530625    -0.084137
-0.056509    -0.48212    -0.132281
-0.10221    -0.502261    -0.113353
-0.108508    -0.621205    -0.110744
-0.083954    -0.515323    -0.120914
-0.100665    -0.636156    -0.113993
-0.133346    -0.611798    -0.100457
-0.093943    -0.556188    -0.116777
-0.064628    -0.601331    -0.128919
-0.028334    -0.64461    -0.121629
-0.025804    -0.644211    -0.116675
-0.007159    -0.648741    -0.058563
-0.026192    -0.119024    0.05532
-0.046532    -0.182213    -0.033127
-0.011798    -0.456761    0.160207
0.01206    -0.523856    0.150326
-0.11386    -0.374479    0.202479
-0.055022    -0.339575    0.17811
-0.149764    -0.33934    0.21735
-0.076983    -0.409696    0.187205
-0.085482    -0.415574    0.190726
-0.040259    -0.355948    0.171995
-0.072319    -0.336997    0.185274
0.057122    -0.582875    0.131662
0.037419    -0.389499    0.139823
-0.025746    -0.40175    0.165984
0.033372    -0.45516    0.141499
-0.015094    -0.361158    0.161572
-0.007027    -0.43282    0.158231
-0.04114    -0.441167    0.17236
0.065528    -0.4653    0.128181
0.022318    -0.514658    0.146077
0.036374    -0.555696    0.140255
-0.102575    -0.374214    0.197805
0.065664    -0.428892    0.128124
-0.029224    -0.462335    0.167425
-0.077179    -0.371252    0.187286
-0.011288    -0.522153    0.159996
0.058343    -0.424614    0.131157
-0.048763    -0.478199    0.175517
-0.019428    -0.442935    0.163368
-0.061946    -0.411781    0.180978
-0.054805    -0.44042    0.17802
-0.074175    -0.332987    0.186042
-0.066964    -0.215133    0.092757
-0.051541    -0.193317    -0.003772
-0.0377    -0.115956    0.043093
-0.195849    -0.273391    -0.022166
-0.253699    -0.318992    -0.037326
-0.270226    -0.337162    -0.040179
-0.269549    -0.559735    -0.04141
-0.10689    -0.646235    -0.105821
-0.153944    -0.643042    -0.090509
-0.233633    -0.643239    -0.057245
0.06397    -0.646698    0.107265
0.040148    -0.648391    0.054642
0.06142    -0.645834    0.09861
-0.037721    -0.179864    0.06508
-0.056115    -0.145606    -0.03056
-0.049979    -0.193317    0.014375
-0.143876    -0.489589    0.214911
-0.074647    -0.641668    0.186238
-0.154227    -0.515202    0.219198
-0.043485    -0.533685    0.173331
-0.066697    -0.548283    0.182945
-0.10703    -0.575723    0.19965
-0.132963    -0.502506    0.210391
0.040908    -0.619888    0.138378
-0.018079    -0.614451    0.162809
-0.133274    -0.426245    0.21052
-0.14241    -0.521089    0.214304
-0.114834    -0.489061    0.202882
-0.138434    -0.379154    0.212657
0.016055    -0.628222    0.148671
-0.107082    -0.492634    0.199672
-0.141106    -0.384243    0.213764
-0.024424    -0.627203    0.165437
-0.095261    -0.478229    0.194776
-0.154459    -0.441117    0.219294
-0.149071    -0.356198    0.217063
-0.067338    -0.602518    0.183211
-0.031501    -0.565427    0.168368
-0.071464    -0.618876    0.184919
-0.095067    -0.47755    0.194695
-0.148262    -0.581142    0.216727
-0.118101    -0.399699    0.204236
-0.004923    -0.549633    0.15736
-0.097031    -0.567758    0.195509
-0.156072    -0.438025    0.219962
-0.159622    -0.317467    0.199954
-0.122909    -0.269626    0.147103
-0.058047    -0.156995    -0.017239
-0.043835    -0.115956    0.028586
-0.024103    -0.646048    0.160409
-0.014302    -0.647306    0.154843
0.018962    -0.644257    0.144716
-0.23787    -0.316478    0.012833
-0.209591    -0.291622    0.006269
-0.179022    -0.268513    0.010496
-0.224002    -0.314023    0.038925
-0.191681    -0.281489    0.019003
-0.24857    -0.325036    0.012766
-0.212376    -0.304753    0.039083
-0.134641    -0.227644    -0.005405
-0.174183    -0.262696    0.004662
-0.271466    -0.506563    -0.037922
-0.272062    -0.547006    -0.036838
-0.071308    -0.197352    -0.004147
-0.088585    -0.650461    -0.107874
-0.164826    -0.647846    -0.079718
-0.050468    -0.651952    -0.03413
-0.077689    -0.651952    -0.020632
-0.01589    -0.651952    -0.03623
-0.091868    -0.651952    -0.067088
-0.068759    -0.651952    0.00763
-0.160698    -0.651952    -0.002991
-0.178702    -0.651952    -0.050814
-0.163463    -0.651952    -0.055109
-0.02277    -0.651952    0.028987
-0.107039    -0.651952    -0.046555
-0.09626    -0.651952    -0.070417
-0.113286    -0.651952    -0.093365
-0.132668    -0.651952    -0.043962
-0.035946    -0.651952    0.031188
-0.241378    -0.651952    -0.030408
-0.115156    -0.651952    -0.084322
-0.057314    -0.651952    0.038382
-0.136746    -0.651952    0.012187
-0.108121    -0.651952    0.019515
-0.200918    -0.651952    -0.05839
0.020049    -0.651952    0.052271
0.019592    -0.651952    0.090414
-0.105059    -0.651952    -0.039003
-0.168748    -0.651952    -0.066424
0.027507    -0.651952    0.047282
-0.138306    -0.651952    -0.044563
-0.204124    -0.651952    -0.036097
-0.001618    -0.651952    0.046281
-0.113596    -0.651952    -0.064097
-0.034106    -0.651952    -0.022841
-0.094116    -0.651952    0.015026
-0.17221    -0.651952    -0.039738
-0.018314    -0.651952    -0.02109
-0.123611    -0.651952    -0.062381
0.031472    -0.651952    0.049324
-0.039036    -0.651952    -0.069197
-0.100428    -0.651952    -0.007509
-0.15409    -0.651952    0.012564
0.028792    -0.651952    0.05828
-0.034887    -0.651952    -0.065368
-0.098768    -0.651952    0.011639
0.010058    -0.651952    0.036357
-0.191973    -0.651952    -0.018761
-0.042171    -0.651952    0.005957
0.036961    -0.651952    0.087699
-0.163293    -0.651952    -0.009061
-0.103263    -0.651952    0.030812
-0.092379    -0.651952    -0.034125
-0.200577    -0.651952    -0.051696
-0.017344    -0.651952    0.020479
-0.21658    -0.651952    -0.051398
-0.050361    -0.115956    0.031497
-0.062173    -0.156414    -0.027509
-0.066036    -0.195075    0.042499
-0.052387    -0.193317    0.047471
-0.16964    -0.340186    0.21571
-0.159222    -0.437426    0.220025
-0.138935    -0.269038    0.108861
-0.156521    -0.291265    0.133328
-0.147706    -0.276819    0.111113
-0.14183    -0.28874    0.161195
-0.164449    -0.314271    0.183459
-0.129006    -0.253929    0.087342
-0.187895    -0.320515    0.14565
-0.141908    -0.265701    0.091637
-0.062323    -0.176453    -0.014662
-0.074284    -0.647049    0.179993
-0.081864    -0.647848    0.182176
-0.095433    -0.646478    0.189436
-0.253609    -0.474105    0.019943
-0.270409    -0.432936    -0.020622
-0.255262    -0.488028    0.015951
-0.264393    -0.39892    -0.006095
-0.273796    -0.463124    -0.028801
-0.255139    -0.48237    0.016247
-0.270491    -0.488332    -0.020821
-0.256119    -0.355258    0.01388
-0.263116    -0.40644    -0.003012
-0.271975    -0.458799    -0.024404
-0.257606    -0.403823    0.010291
-0.273794    -0.587133    -0.028795
-0.262514    -0.345936    -0.00156
-0.274387    -0.494338    -0.030228
-0.24916    -0.373275    0.030684
-0.122839    -0.196856    0.039704
-0.083347    -0.20418    0.050521
-0.174456    -0.287263    0.077976
-0.079222    -0.204368    0.016352
-0.073033    -0.150613    -0.001158
-0.203527    -0.651952    0.055301
-0.161701    -0.651952    0.093954
-0.198459    -0.651952    0.053008
-0.199947    -0.651952    -0.001574
-0.15731    -0.651952    0.032262
-0.045681    -0.651952    0.120239
-0.016835    -0.651952    0.127647
-0.201072    -0.651952    0.076158
-0.086647    -0.651952    0.13181
-0.172868    -0.651952    0.045034
-0.056965    -0.651952    0.116495
-0.161891    -0.651952    0.207612
-0.105253    -0.651952    0.111577
-0.217343    -0.651952    0.07172
-0.070225    -0.651952    0.096954
-0.026348    -0.651952    0.120344
-0.09488    -0.651952    0.149687
-0.084526    -0.651952    0.102464
-0.07094    -0.651952    0.073529
-0.228029    -0.651952    -0.001778
-0.048053    -0.651952    0.132181
-0.217336    -0.651952    0.05352
-0.069201    -0.651952    0.106253
-0.107721    -0.651952    0.092544
-0.120809    -0.651952    0.11058
-0.167017    -0.651952    0.123582
-0.162769    -0.651952    0.040624
-0.188277    -0.651952    0.091277
-0.148562    -0.651952    0.183201
-0.144515    -0.651952    0.141235
-0.201821    -0.651952    0.04567
-0.16919    -0.651952    0.01257
-0.151837    -0.651952    0.10222
-0.203389    -0.651952    0.046612
-0.166728    -0.651952    0.181164
-0.146566    -0.651952    0.085192
-0.054116    -0.651952    0.114625
-0.059601    -0.651952    0.149226
-0.144911    -0.651952    0.172242
-0.134778    -0.651952    0.159167
-0.075925    -0.651952    0.140032
-0.0233    -0.651952    0.103641
-0.017348    -0.651952    0.082882
-0.155954    -0.651952    0.196997
-0.143517    -0.651952    0.180353
-0.137365    -0.651952    0.133129
-0.177807    -0.651952    0.090329
-0.127621    -0.651952    0.149742
-0.090472    -0.651952    0.141059
-0.145581    -0.651952    0.168959
0.031615    -0.651952    0.104719
-0.073121    -0.115956    0.001591
-0.045636    -0.133409    0.064915
-0.055951    -0.18298    0.049996
-0.066912    -0.170586    0.041623
-0.172581    -0.459658    0.214491
-0.167343    -0.609354    0.216661
-0.181125    -0.327071    0.181736
-0.193022    -0.328857    0.158387
-0.124965    -0.248565    0.080947
-0.06544    -0.115956    -0.005815
-0.187456    -0.298171    0.079431
-0.204386    -0.307482    0.066591
-0.210713    -0.317623    0.08185
-0.224078    -0.305913    0.074682
-0.230509    -0.346058    0.075717
-0.246945    -0.485784    0.036032
-0.258484    -0.54096    0.00817
-0.251711    -0.511151    0.024524
-0.122602    -0.195674    0.053925
-0.111139    -0.198228    0.052117
-0.1376    -0.21296    0.038863
-0.135536    -0.25398    0.071729
-0.108379    -0.222035    0.047556
-0.204482    -0.648501    0.118385
-0.211012    -0.651026    0.094839
-0.202422    -0.648557    0.123189
-0.071194    -0.116675    -0.004343
-0.070316    -0.153878    -0.022166
-0.051981    -0.115956    0.044844
-0.057243    -0.193317    0.061458
-0.054509    -0.138826    0.050828
-0.064403    -0.124955    0.044132
-0.189029    -0.549428    0.175866
-0.182413    -0.611157    0.19184
-0.231324    -0.574794    0.073746
-0.178845    -0.552712    0.200455
-0.222457    -0.550685    0.095157
-0.175463    -0.612339    0.208621
-0.268503    -0.622353    -0.016021
-0.175911    -0.637845    0.20754
-0.189028    -0.612974    0.175869
-0.224042    -0.567904    0.091328
-0.176478    -0.612574    0.206171
-0.199571    -0.442769    0.150414
-0.205759    -0.494309    0.135472
-0.176538    -0.570154    0.206025
-0.236595    -0.541803    0.06102
-0.173291    -0.641385    0.213865
-0.210207    -0.634668    0.124734
-0.210147    -0.586435    0.124877
-0.232876    -0.536255    0.07
-0.187336    -0.462442    0.179955
-0.196986    -0.479863    0.156655
-0.270684    -0.632954    -0.021287
-0.242755    -0.576608    0.046148
-0.200721    -0.485442    0.147637
-0.17474    -0.461035    0.210367
-0.202751    -0.47264    0.142735
-0.228187    -0.548456    0.081322
-0.21971    -0.516282    0.101787
-0.187682    -0.477889    0.179119
-0.197599    -0.566271    0.155174
-0.231939    -0.577566    0.072263
-0.203739    -0.639835    0.140351
-0.221236    -0.505701    0.098104
-0.186203    -0.344226    0.18269
-0.218107    -0.380463    0.105659
-0.270003    -0.620661    -0.019643
-0.195807    -0.367394    0.159502
-0.219793    -0.376744    0.10159
-0.241925    -0.490071    0.048151
-0.227991    -0.480446    0.081795
-0.208343    -0.367019    0.129235
-0.253059    -0.529338    0.021268
-0.22636    -0.475077    0.085733
-0.227461    -0.39575    0.083075
-0.237593    -0.522884    0.058611
-0.216932    -0.348935    0.108498
-0.197063    -0.370525    0.15647
-0.210626    -0.323767    0.10056
-0.205341    -0.301998    0.102808
-0.203339    -0.309261    0.084566
-0.213479    -0.270269    0.070292
-0.217488    -0.300564    0.090363
-0.219917    -0.325381    0.097987
-0.19005    -0.243437    0.070394
-0.164829    -0.223694    0.070741
-0.108847    -0.204273    0.062842
-0.116382    -0.219614    0.056173
-0.179791    -0.644947    0.188957
-0.253361    -0.642018    0.020357
-0.195796    -0.646529    0.145439
-0.07524    -0.152836    0.004616
-0.073812    -0.1787    -0.01867
-0.057614    -0.182394    0.061687
-0.075668    -0.168781    0.025329
-0.061548    -0.115956    0.039673
-0.076876    -0.167555    0.014602
-0.215886    -0.307038    0.09775
-0.215421    -0.273936    0.08088
-0.197692    -0.30843    0.097749
-0.177782    -0.245826    0.055509
-0.184056    -0.24319    0.084108
-0.207202    -0.260132    0.080181
-0.184275    -0.240693    0.075922
-0.172571    -0.236906    0.053351
-0.12955    -0.212533    0.071417
-0.078724    -0.174995    -0.013214
-0.082895    -0.176753    -0.005992
-0.068425    -0.142337    0.055446
-0.073884    -0.123847    0.045715
-0.190284    -0.266678    0.096571
-0.173278    -0.254403    0.073618
-0.168253    -0.246126    0.060827
-0.144437    -0.21838    0.077582
-0.149327    -0.220682    0.079608
-0.168139    -0.252805    0.081214
-0.147456    -0.224912    0.047167
-0.084657    -0.187651    -0.002574
-0.085215    -0.124367    0.009956
-0.080198    -0.164313    0.04221
-0.069696    -0.18747    0.054335
-0.085845    -0.154542    0.029685
-0.080154    -0.185129    0.042286
-0.087833    -0.162512    0.019605
-0.087366    -0.176884    0.024008
-0.046432    -0.102753    0.023364
-0.044159    -0.033352    0.021754
-0.033748    0.022365    0.00582
-0.025924    0.042993    0.000295
-0.039869    -0.007625    0.00455
-0.050612    -0.097761    0.022129
-0.029883    0.012527    0.021127
-0.00444    0.093752    -0.002483
-0.046868    -0.045643    0.007581
9.5e-05    0.090989    -0.014348
-0.004396    0.079237    -0.012912
-0.035583    -0.049105    0.02818
0.010127    0.118416    -0.011319
-0.034026    -0.077454    0.028648
0.023171    0.133885    -0.021611
-0.048318    -0.090223    0.006357
0.032362    0.148327    -0.023261
-0.031469    -0.069637    0.027712
0.027191    0.142642    -0.019453
-0.002631    0.048518    0.015519
0.024322    0.110619    -0.023277
0.011333    0.083817    0.010061
-0.017006    0.017254    -0.004724
0.049468    0.16433    -0.03385
-0.024009    -0.03898    0.023435
0.045855    0.164373    -0.016977
0.02628    0.098268    0.001653
0.058066    0.149381    -0.034653
0.0135    0.072602    0.005759
0.025688    0.100857    -0.018442
-0.012753    -0.000183    0.015208
-0.008154    0.025205    -0.002463
0.049248    0.130812    -0.009032
-0.0197    -0.017305    0.002608
0.048063    0.144799    -0.005454
-0.024199    -0.07858    0.015428
0.070205    0.157151    -0.034611
0.042102    0.117112    -0.013463
0.002611    0.046613    -0.002119
-0.007599    0.015731    0.00574
-0.023712    -0.067483    0.012042
-0.041772    -0.099233    0.019585
0.075881    0.169267    -0.029442
0.071756    0.177367    -0.016973
0.080756    0.185669    -0.019395
0.078889    0.181634    -0.018308
0.087403    0.194362    -0.047944
0.088274    0.201404    -0.036774
0.047828    0.164442    -0.024132
0.050911    0.164448    -0.016945
0.056089    0.164251    -0.014507
