0.013544    -0.070618    0.092188
-0.026746    -0.047835    0.091748
-0.041    -0.062926    0.08599
0.008209    -0.035309    0.092811
-0.0132    -0.0097    0.093734
-0.033445    -0.011431    0.089251
0.043362    -0.059959    0.076955
-0.003583    0.040979    0.094186
0.01514    -0.000559    0.091617
-0.015102    0.029139    0.093455
-0.041446    0.0448    0.085797
-0.056375    0.010502    0.076176
0.047759    -0.049162    0.07794
0.029625    0.045071    0.085865
-0.06863    -0.042421    0.063982
-0.053577    0.028308    0.078389
0.043753    0.041379    0.076664
-0.062559    -0.029785    0.076654
-0.069423    0.031357    0.062915
0.068057    -0.047701    0.044544
0.049312    0.012965    0.072527
0.029673    0.02519    0.088531
-0.010373    0.003181    0.096671
0.002844    0.067446    0.084155
-0.072244    -0.021896    0.059125
0.073398    -0.052217    0.025165
0.052868    -0.030598    0.068576
0.072021    -0.044398    0.047658
0.022797    -0.013319    0.091262
0.05405    0.024793    0.071106
-0.053291    -0.010905    0.081798
-0.07692    -0.012689    0.052607
-0.072579    0.046413    0.062856
0.072036    -0.01017    0.034451
0.062333    0.063579    0.056611
0.065815    0.036799    0.049739
-0.086736    -0.029507    0.039297
-0.083108    0.007838    0.03702
-0.081901    0.067446    0.038999
0.074148    -0.054063    0.008354
0.074748    0.041095    0.015956
0.066567    -0.00697    0.054294
-0.08554    0.061116    0.024716
-0.088514    -0.005696    0.020759
0.072787    -0.034806    -0.003311
0.072453    -0.000113    0.040657
-0.086796    -0.008095    0.013958
-0.086588    -0.044752    0.009889
0.06074    -0.072982    -0.031032
0.073871    0.028829    0.00598
0.0745    0.058433    0.034847
-0.084402    0.064887    -0.005018
-0.084469    -0.043616    -0.004559
-0.086487    -0.024354    0.009198
0.071099    -0.049162    -0.017821
0.074725    0.066317    0.013296
0.07725    0.017424    0.016092
-0.089054    -0.030048    -0.002313
-0.083233    0.065126    -0.009977
-0.04403    0.084535    0.055794
0.037427    -0.053078    -0.054278
0.066006    -0.002251    -0.022376
0.032273    0.073226    0.055734
-0.033994    0.078146    0.063261
-0.07574    -0.046726    -0.027336
-0.052559    0.075982    0.04987
0.033311    -0.056271    -0.056757
0.06227    0.036747    -0.028977
0.059891    -0.023571    -0.036354
0.024245    0.083018    0.061709
-0.061799    0.100449    0.024169
-0.072059    -0.004307    -0.032214
-0.055231    -0.070585    -0.049751
0.058465    0.030689    -0.034089
0.065433    0.035755    -0.028907
0.044581    0.076676    0.039267
-0.057173    0.071708    -0.010688
-0.070609    -0.044287    -0.041469
-0.054961    0.067446    -0.035843
0.037657    -0.031061    -0.054096
0.044947    0.039916    -0.04833
0.03891    -0.037379    -0.054406
0.050165    0.079648    0.006824
-0.019584    0.085348    0.061802
-0.061078    0.094249    -0.001105
-0.054342    0.015111    -0.050413
-0.032809    -0.06172    -0.062044
0.031761    -0.001011    -0.057426
0.046785    0.070751    -0.006714
0.047738    0.110569    -0.004314
-0.049849    0.075857    -0.02218
-0.052864    0.046518    -0.051512
-0.047304    0.102509    0.041269
-0.040311    -0.022734    -0.059064
0.023968    -0.006167    -0.060789
0.039229    0.073632    -0.020333
0.042623    0.112549    0.03124
-0.055343    0.10406    0.018893
0.001327    0.067446    -0.049814
-0.0124    -0.00323    -0.066383
-0.036873    0.027557    -0.06043
0.003765    0.034382    -0.066003
0.042164    0.107421    -0.016389
0.035548    0.098989    0.041039
-0.035813    0.087827    -0.034729
-0.037926    0.033227    -0.062697
-0.019006    0.048102    -0.065612
0.004214    -0.002514    -0.065937
0.031445    0.097823    -0.028864
0.034578    0.112104    -0.014817
-0.016884    0.094272    0.059924
-0.030989    -0.002512    -0.065452
-0.055077    0.079222    -0.019619
-0.003791    0.078411    -0.043214
0.023939    0.078248    -0.0348
0.036135    0.104272    -0.012725
-0.019911    0.097112    0.059239
-0.032511    0.112549    -0.032746
-0.044405    0.132476    0.041396
0.008383    0.136745    0.058882
-0.020585    0.153172    0.056407
-0.009054    0.112549    -0.039363
0.025173    0.153172    0.039179
0.009016    0.111911    -0.03384
0.03982    0.10171    0.026899
0.016252    0.127414    0.055758
-0.003332    0.16669    -0.000862
-0.006309    0.105216    -0.036217
-0.051624    0.12703    -0.000142
-0.035088    0.158551    0.025399
0.03855    0.087901    -0.002324
0.022637    0.120847    0.051346
0.041258    0.142698    0.017459
0.020478    0.160281    0.034308
0.010711    0.172508    -0.023749
-0.035932    0.097329    -0.02308
-0.049047    0.132746    -0.006115
-0.027918    0.173056    -0.026229
0.024338    0.132604    -0.022662
0.026925    0.169161    0.00378
0.017134    0.172691    -0.027886
-0.02452    0.119539    -0.029917
-0.050438    0.161952    -0.000326
-0.019759    0.153172    -0.021851
-0.017676    0.158815    -0.032626
-0.008104    0.141486    -0.033743
-0.0009    0.014479    0.015962
-0.004487    -0.084408    0.015199
0.003477    0.029554    0.015794
0.003559    -0.020726    0.015773
0.008608    0.073601    0.013986
0.01839    0.153172    0.007301
0.012118    0.139236    0.01149
0.017077    0.040725    0.003075
0.01755    -0.243296    -0.001042
0.008614    0.152657    -0.031563
0.002418    -0.072704    0.016011
-0.004023    -0.4622    0.015331
-0.003071    -0.358896    0.015601
-0.007342    -0.110409    0.01401
-0.009399    0.08081    0.012782
-0.010143    -0.424817    0.012257
-0.016298    0.120214    -0.000486
-0.016271    0.006491    -0.002302
-0.016076    -0.296471    -0.004046
-0.014512    0.056746    -0.008581
-0.009636    -0.142079    -0.014551
0.005455    -0.427835    0.015295
0.004817    -0.539066    0.015456
0.016231    0.085867    -0.007694
0.012389    0.003098    -0.013111
0.010353    0.029273    0.013013
0.01009    -0.525416    0.013159
0.016293    -0.320484    0.005833
0.012887    -0.516253    0.010743
0.01659    -0.437951    0.004791
0.017523    -0.493462    0.000787
0.016631    -0.330737    -0.00667
0.016869    -0.065623    -0.005724
0.017543    -0.567845    -0.003051
-0.012073    -0.079605    0.010269
-0.013922    0.045385    0.007708
-0.015361    0.025964    0.004848
-0.015845    -0.12248    0.002927
-0.016284    -0.444527    -0.001445
-0.015926    -0.534014    0.002606
-0.015552    -0.261627    -0.00589
-0.014118    -0.339783    -0.009241
-0.013458    -0.522795    -0.010346
-0.011422    -0.354628    -0.012817
-0.007117    -0.323278    -0.015989
-0.006638    0.051303    -0.016256
0.014756    -0.559629    -0.01034
0.016169    -0.480904    -0.007805
0.012797    -0.341369    -0.012691
0.009365    -0.029695    -0.015424
-0.002394    -0.05164    -0.017622
0.00305    -0.538627    -0.017821
0.002655    0.024101    -0.017827
0.014767    -0.321664    0.008387
-0.01423    -0.361042    0.007157
-0.003236    -0.377353    -0.01741
0.007268    -0.085493    -0.016638
0.005913    -0.22366    -0.017023
0.007944    -0.485847    -0.016274
0.000612    -0.520351    -0.017857
0.005918    -0.389268    -0.017022
-0.000893    -0.411652    0.012581
0.003267    -0.337453    0.012361
0.012406    -0.432893    0.005747
0.013988    -0.196482    0.001578
0.013949    -0.53017    -0.003483
0.012548    -0.523301    -0.007359
0.000379    -0.175396    0.0126
-0.003439    -0.425212    0.011983
-0.006516    -0.446898    0.010566
-0.012287    -0.34407    0.003215
-0.012924    -0.416442    -8.1e-05
-0.012396    -0.416336    -0.004629
-0.010982    -0.389558    -0.007897
-0.008374    -0.496907    -0.011065
-0.005398    -0.545387    -0.013077
0.007482    -0.548502    -0.012612
0.010088    -0.563944    0.008749
0.007143    -0.358384    0.010932
0.012755    -0.100137    0.005163
0.013552    -0.158615    0.003112
0.014141    0.003573    0.000939
0.013694    -0.200431    -0.004493
0.01038    -0.083614    -0.010328
-0.005393    -0.433862    0.011237
-0.00822    -0.305425    0.009386
-0.012854    -0.413167    0.000965
-0.012897    -0.129027    -0.001882
-0.009796    -0.224374    0.007762
-0.011939    -0.116288    -0.006239
-0.009866    -0.18252    -0.009616
-0.007502    -0.100085    -0.011903
-0.003391    -0.212546    -0.013885
-0.00114    -0.050571    -0.014452
0.004865    -0.455925    -0.013806
0.006062    -0.194923    -0.01346
0.011156    -0.42854    0.007712
0.00843    -0.315239    0.010214
-0.000356    -0.065176    -0.01449
0.003615    -0.282826    -0.014161
0.014941    0.119475    -0.030604
0.00939    0.117666    -0.014279
0.017771    0.119955    -0.017334
0.026107    0.143113    -0.023752
0.023921    0.147449    -0.019391
0.016192    -0.277506    0.232832
0.021354    -0.320875    0.23223
0.021043    -0.239255    0.232266
0.044983    -0.303207    0.229473
0.037168    -0.361725    0.230385
0.016659    -0.192086    0.232778
0.00394    -0.171493    0.234262
-0.001704    -0.15221    0.234921
0.008484    -0.170507    0.233732
0.002861    -0.221671    0.234388
0.02342    -0.207953    0.231989
0.000764    -0.085912    0.122549
0.023179    -0.107234    0.169691
0.004195    -0.101337    0.158145
-0.00936    -0.200786    0.235654
-0.03988    -0.217219    0.231177
-0.02746    -0.161194    0.232999
-0.026617    -0.188142    0.233122
-0.046425    -0.211344    0.230217
-0.051286    -0.238592    0.229504
-0.033305    -0.172335    0.232141
-0.024697    -0.373555    0.233404
-0.025024    -0.445702    0.233356
-0.021912    -0.190948    0.233812
-0.003773    -0.248257    0.235162
0.005699    -0.44497    0.234057
0.012582    -0.32327    0.233254
0.012023    -0.508542    0.233319
0.017175    -0.466607    0.232718
-0.001618    -0.364149    0.234911
0.023257    -0.501727    0.232008
0.010584    -0.417791    0.233487
0.000485    -0.327313    0.234665
-0.000889    -0.528392    0.234826
0.013395    -0.428822    0.233159
0.055891    -0.356011    0.226263
0.064587    -0.352511    0.22281
0.059378    -0.526022    0.224879
0.076599    -0.582144    0.21804
0.058246    -0.229988    0.225328
0.06319    -0.574248    0.223365
0.060129    -0.354078    0.22458
0.088137    -0.579743    0.213459
0.073015    -0.589724    0.219464
0.062508    -0.543708    0.223636
0.100332    -0.442949    0.208617
0.092072    -0.190051    0.211897
0.063905    -0.250024    0.223081
0.063238    -0.159012    0.223346
0.086355    -0.347794    0.214167
0.10222    -0.172156    0.207867
0.076975    -0.200829    0.217891
0.094281    -0.440778    0.21102
0.100231    -0.544373    0.208657
0.06936    -0.198257    0.220915
0.088689    -0.414658    0.21324
0.00558    -0.074868    0.096217
-0.019618    -0.112733    0.184515
-0.011865    -0.079095    0.106931
-0.040332    -0.129795    0.221405
-0.017574    -0.11289    0.185182
-0.04192    -0.565498    0.230878
-0.059918    -0.213257    0.228238
-0.03668    -0.536765    0.231646
-0.06072    -0.398712    0.22812
-0.064811    -0.379379    0.22752
-0.035953    -0.539299    0.231753
-0.026614    -0.553373    0.233123
-0.064362    -0.179669    0.227586
-0.059529    -0.430628    0.228295
-0.053159    -0.56993    0.229229
0.066368    -0.60295    0.214797
0.120345    -0.396559    0.194651
0.116447    -0.60199    0.197552
0.129125    -0.553715    0.188117
0.1384    -0.584403    0.181215
0.136038    -0.58433    0.182972
0.113268    -0.301295    0.199918
0.127155    -0.528003    0.189583
0.122495    -0.483087    0.193051
0.105639    -0.212165    0.205595
0.114058    -0.42678    0.199329
0.133005    -0.505463    0.185229
0.05035    -0.108415    0.164722
0.021661    -0.083922    0.114953
0.04447    -0.11133    0.174336
-0.018785    -0.076112    0.098934
-0.094502    -0.284069    0.215119
-0.069331    -0.552288    0.225982
-0.095301    -0.199975    0.214774
-0.085765    -0.378168    0.21889
-0.069435    -0.533553    0.225937
-0.077473    -0.325276    0.222468
-0.090436    -0.29881    0.216874
-0.089448    -0.142372    0.2173
-0.104    -0.265941    0.21102
-0.089405    -0.325633    0.217319
-0.06965    -0.549593    0.225844
0.03178    -0.60295    0.212108
0.128279    -0.248462    0.188747
0.132988    -0.198414    0.185242
0.134629    -0.355402    0.184021
0.143877    -0.27632    0.177138
0.118108    -0.214002    0.196315
0.138829    -0.466298    0.180895
0.120715    -0.212845    0.194375
0.143489    -0.374541    0.177427
0.125699    -0.327816    0.190666
0.112844    -0.145509    0.200233
0.10282    -0.60295    0.200417
0.097319    -0.129911    0.199748
-0.082363    -0.128652    0.207026
-0.093165    -0.127631    0.199793
-0.075332    -0.130811    0.215503
-0.06995    -0.122199    0.196121
-0.112726    -0.289654    0.207254
-0.117843    -0.472454    0.205046
-0.075642    -0.548759    0.223259
-0.083622    -0.580843    0.219815
-0.097697    -0.541832    0.21374
-0.116821    -0.429725    0.205487
-0.104137    -0.576011    0.210961
-0.115297    -0.257687    0.206145
-0.119407    -0.36878    0.204371
-0.08197    -0.509201    0.220528
-0.01733    -0.60295    0.212357
0.17863    -0.210442    0.136196
0.160423    -0.366829    0.159214
0.166821    -0.246971    0.151126
0.170922    -0.183604    0.145941
0.171919    -0.147263    0.14468
0.149711    -0.524589    0.172757
0.166814    -0.139504    0.151134
0.150211    -0.35452    0.172124
0.151912    -0.284348    0.169974
0.155355    -0.181576    0.165621
0.175017    -0.150214    0.140764
0.094902    -0.109867    0.143841
0.069503    -0.101021    0.137115
0.061554    -0.093555    0.121401
-0.058371    -0.091681    0.12421
-0.121878    -0.555325    0.202495
-0.125932    -0.421787    0.199288
-0.159093    -0.145743    0.173058
-0.124077    -0.402695    0.200756
-0.146736    -0.216884    0.182833
-0.136934    -0.25266    0.190586
-0.15885    -0.167649    0.17325
-0.122191    -0.376751    0.202247
-0.127467    -0.28192    0.198074
-0.154353    -0.163615    0.176807
-0.134554    -0.378402    0.192468
0.035982    -0.583921    0.194594
0.181342    -0.339286    0.132768
0.169189    -0.419495    0.148132
0.183469    -0.486512    0.130079
0.162045    -0.469795    0.157163
0.185475    -0.522007    0.127542
0.176556    -0.487566    0.138817
0.169674    -0.533921    0.147519
0.176701    -0.346841    0.138634
0.181267    -0.478112    0.132862
0.172782    -0.349616    0.143589
0.082061    -0.583509    0.177233
0.140755    -0.60295    0.169437
0.056181    -0.081453    0.09034
-0.114856    -0.112688    0.145368
-0.112572    -0.124771    0.182809
-0.108918    -0.121601    0.176351
-0.154841    -0.352559    0.176422
-0.156818    -0.396485    0.174857
-0.13975    -0.458527    0.188358
-0.142009    -0.500459    0.186572
-0.136353    -0.446878    0.191045
-0.163022    -0.326922    0.16995
-0.158344    -0.598572    0.17365
-0.158111    -0.492313    0.173835
-0.136436    -0.468014    0.19098
-0.163423    -0.18571    0.169633
-0.140822    -0.504514    0.18751
-0.111687    -0.60295    0.194951
0.00508    -0.579255    0.195642
0.044257    -0.599162    0.201417
0.189133    -0.42726    0.119296
0.193538    -0.436359    0.109087
0.196679    -0.306042    0.10181
0.189627    -0.520904    0.118151
0.189905    -0.376789    0.117507
0.186004    -0.29201    0.126545
0.188764    -0.208304    0.120149
0.18614    -0.138288    0.126231
0.204168    -0.146141    0.084456
0.188986    -0.31164    0.119635
0.191545    -0.402668    0.113705
0.114758    -0.599468    0.164882
0.092296    -0.09905    0.114437
0.130169    -0.121166    0.149534
0.13268    -0.110557    0.106556
-0.099517    -0.095157    0.1058
-0.136527    -0.11802    0.14395
-0.195848    -0.422916    0.12705
-0.178484    -0.224629    0.150383
-0.198642    -0.414969    0.123296
-0.183056    -0.250943    0.14424
-0.192586    -0.447556    0.131433
-0.198039    -0.476327    0.124106
-0.198189    -0.578199    0.123904
-0.190559    -0.39016    0.134158
-0.191887    -0.36487    0.132373
-0.194226    -0.469153    0.12923
-0.167326    -0.392462    0.165377
-0.188403    -0.542118    0.137054
-0.192113    -0.514669    0.132069
-0.18441    -0.405213    0.14242
-0.181618    -0.494878    0.146172
-0.166315    -0.184637    0.166736
-0.176331    -0.488476    0.153276
-0.178939    -0.486322    0.149772
-0.172313    -0.26822    0.158676
-0.175869    -0.371295    0.153897
-0.187401    -0.556505    0.138401
-0.06863    -0.592831    0.192703
0.044912    -0.571259    0.181135
0.202225    -0.441433    0.088959
0.207875    -0.250234    0.075866
0.201562    -0.318231    0.090496
0.203963    -0.314195    0.084931
0.205437    -0.553821    0.081517
0.195909    -0.46467    0.103594
0.196916    -0.584653    0.101259
0.207267    -0.38687    0.077275
0.188995    -0.56392    0.119614
0.199355    -0.367162    0.095608
0.206504    -0.462906    0.079043
0.047978    -0.571259    0.165847
-0.005978    -0.571259    0.168732
0.141522    -0.594711    0.13506
0.15128    -0.117391    0.108681
-0.152828    -0.120999    0.134712
-0.181366    -0.127601    0.121942
-0.157685    -0.121245    0.129137
-0.216666    -0.532309    0.079396
-0.20311    -0.291066    0.113535
-0.206673    -0.340215    0.104563
-0.218891    -0.596012    0.073794
-0.202793    -0.595452    0.114334
-0.2016    -0.219696    0.117338
-0.203242    -0.421315    0.113203
-0.207395    -0.435794    0.102743
-0.206381    -0.481713    0.105297
-0.209395    -0.563879    0.097708
-0.205579    -0.396443    0.107316
-0.119082    -0.60295    0.173531
0.041023    -0.571259    0.174511
-0.067503    -0.571259    0.172944
0.208853    -0.380092    0.073017
0.215321    -0.226097    0.028915
0.209543    -0.355476    0.068309
0.211784    -0.34104    0.053029
0.214157    -0.269608    0.036852
0.21453    -0.205412    0.034308
0.210085    -0.220125    0.064616
0.213346    -0.226893    0.04238
0.210888    -0.3493    0.059143
0.209177    -0.384348    0.070804
0.215682    -0.176452    0.026458
-0.13061    -0.571259    0.139375
-0.094873    -0.571259    0.165839
-0.002432    -0.571259    0.149643
0.157369    -0.113674    0.07368
0.136445    -0.107703    0.08704
0.145243    -0.108707    0.072563
0.165453    -0.121136    0.098842
-0.092399    -0.083638    0.071164
-0.207494    -0.220687    0.102495
-0.21999    -0.287775    0.071026
-0.21438    -0.303574    0.085153
-0.210026    -0.252924    0.096118
-0.216165    -0.304154    0.080657
-0.211708    -0.247746    0.091882
-0.215931    -0.262351    0.081248
-0.216851    -0.356795    0.078931
-0.218947    -0.37533    0.073653
-0.220957    -0.422647    0.068591
-0.213819    -0.60295    0.076733
-0.139943    -0.590941    0.147581
-0.108997    -0.590597    0.171819
0.217048    -0.460251    0.017143
0.21701    -0.521731    0.0174
0.214883    -0.539393    0.031901
0.210941    -0.590198    0.058782
0.21681    -0.37297    0.018766
0.214526    -0.342953    0.03434
0.213893    -0.558563    0.038651
0.213188    -0.549938    0.043459
0.212688    -0.482598    0.046869
0.216537    -0.585316    0.020627
0.216912    -0.561891    0.018073
0.137506    -0.571259    0.110219
0.114516    -0.571259    0.138308
0.120926    -0.571259    0.11076
0.176924    -0.602332    0.082833
0.078759    -0.078666    0.049898
-0.202274    -0.129268    0.08633
-0.128486    -0.096639    0.067573
-0.193248    -0.129099    0.108002
-0.16858    -0.11777    0.099093
-0.226634    -0.51695    0.022388
-0.226167    -0.515468    0.026392
-0.222323    -0.294865    0.059342
-0.225864    -0.569075    0.02899
-0.226206    -0.490012    0.026062
-0.221778    -0.380605    0.064013
-0.22245    -0.361982    0.058251
-0.221931    -0.319195    0.062699
-0.223551    -0.56    0.048814
-0.222122    -0.323875    0.061065
-0.194872    -0.60295    0.071817
-0.148109    -0.587722    0.134894
0.209712    -0.60295    0.056628
0.215719    -0.458738    0.004063
0.213187    -0.296769    -0.017635
0.21356    -0.327801    -0.014437
0.212079    -0.214957    -0.027128
0.21666    -0.189871    0.012124
0.215786    -0.474671    0.004637
0.212802    -0.270569    -0.020932
0.216832    -0.361125    0.013601
0.212159    -0.160102    -0.026444
0.216988    -0.525621    0.014933
0.016261    -0.571259    0.113248
-0.024897    -0.571259    0.125473
-0.090288    -0.571259    0.124741
-0.128063    -0.571259    0.12322
-0.144343    -0.571259    0.117478
0.12731    -0.097199    0.03808
0.146529    -0.105967    0.048061
0.151131    -0.106701    0.028486
0.176639    -0.117472    0.027794
-0.092522    -0.080081    0.054324
-0.224672    -0.272002    0.039209
-0.226074    -0.176851    0.027195
-0.225767    -0.274873    0.02982
-0.225064    -0.321897    0.035844
-0.227968    -0.257848    0.010954
-0.22643    -0.211793    0.024142
-0.225518    -0.287806    0.03196
-0.227746    -0.286206    0.012862
-0.22759    -0.167639    0.0142
-0.226975    -0.425325    0.01947
-0.201879    -0.60295    0.061402
-0.183085    -0.592631    0.080122
0.194494    -0.60295    0.045257
0.214437    -0.524088    -0.006925
0.211225    -0.231193    -0.034447
0.214134    -0.393729    -0.009523
0.211137    -0.519912    -0.035206
0.212003    -0.383919    -0.027782
0.213256    -0.530216    -0.017043
0.212099    -0.421058    -0.026956
0.210921    -0.203961    -0.037053
0.214158    -0.449084    -0.009312
0.214049    -0.466742    -0.010249
-0.051198    -0.571259    0.100477
-0.004912    -0.571259    0.087422
-0.007058    -0.571259    0.095928
0.053287    -0.571259    0.080888
0.070109    -0.571259    0.091456
0.175726    -0.585897    0.060385
0.191351    -0.12302    0.01672
-0.120419    -0.088994    0.034576
-0.127583    -0.092222    0.037669
-0.196899    -0.12198    0.038212
-0.093448    -0.077318    0.032419
-0.226237    -0.365818    -0.002859
-0.223559    -0.530479    -0.021121
-0.227834    -0.171815    0.00803
-0.223011    -0.50985    -0.024862
-0.227968    -0.513666    0.008944
-0.22661    -0.224717    -0.000319
-0.226926    -0.262505    0.001833
-0.224853    -0.534939    -0.012296
-0.225014    -0.594673    -0.011203
-0.224482    -0.372671    -0.014827
-0.210495    -0.60295    0.031243
-0.102305    -0.571259    0.074848
0.092872    -0.571259    0.068792
-0.013847    -0.571259    0.063595
-0.020853    -0.571259    0.066292
0.026617    -0.571259    0.07292
0.029796    -0.571259    0.06639
0.206987    -0.60295    -0.022773
0.204768    -0.307025    -0.055577
0.204512    -0.354412    -0.056221
0.203461    -0.292882    -0.058869
0.205576    -0.159693    -0.053542
0.205018    -0.478639    -0.054945
0.194486    -0.252    -0.081472
0.201568    -0.195865    -0.063634
0.195447    -0.245244    -0.079051
0.202787    -0.384969    -0.060566
0.208871    -0.208517    -0.045243
0.182517    -0.58793    0.021712
0.196629    -0.127746    -0.034691
0.15161    -0.107495    -0.012275
0.178006    -0.117645    0.009344
-0.154926    -0.103116    0.021011
-0.216904    -0.131509    -0.027635
-0.183087    -0.117324    -0.031595
-0.202456    -0.126079    -0.039406
-0.219945    -0.131207    -0.002076
-0.22033    -0.496033    -0.043137
-0.22024    -0.344804    -0.043753
-0.221295    -0.201129    -0.036563
-0.220996    -0.461887    -0.0386
-0.221917    -0.181683    -0.032318
-0.224959    -0.277598    -0.011578
-0.221757    -0.246751    -0.033406
-0.225923    -0.171276    -0.005
-0.226133    -0.194975    -0.00357
-0.224266    -0.254992    -0.016303
-0.216176    -0.60295    -0.032459
-0.197077    -0.59695    0.029022
-0.092733    -0.571259    0.018548
-0.061944    -0.571259    0.031286
-0.127566    -0.571259    0.020712
-0.103417    -0.571259    0.042172
-0.13871    -0.571259    0.052062
-0.036303    -0.571259    0.038005
-0.120865    -0.571259    0.018204
0.04569    -0.571259    0.048317
0.100932    -0.571259    0.057815
0.104668    -0.571259    0.024487
0.07128    -0.571259    0.055342
0.10922    -0.571259    0.031265
0.162263    -0.571259    0.031983
0.189279    -0.284721    -0.094585
0.201066    -0.446383    -0.0649
0.202711    -0.499514    -0.060757
0.195792    -0.321144    -0.078182
0.201827    -0.444128    -0.062984
0.203678    -0.570936    -0.05832
0.189614    -0.186658    -0.093741
0.196256    -0.308882    -0.077013
0.199889    -0.449049    -0.067865
0.199518    -0.577411    -0.068797
0.191205    -0.402846    -0.089734
0.170015    -0.117906    -0.041522
0.149449    -0.110676    -0.047509
0.204585    -0.13294    -0.049704
0.163944    -0.121308    -0.078364
0.154512    -0.109275    -0.023281
-0.155004    -0.103057    0.004837
-0.128294    -0.093823    -0.024378
-0.14806    -0.102658    -0.030332
-0.21562    -0.553298    -0.057046
-0.210666    -0.419257    -0.068526
-0.201996    -0.59413    -0.088616
-0.219547    -0.319213    -0.047949
-0.21347    -0.38589    -0.06203
-0.204764    -0.448642    -0.082202
-0.215484    -0.472336    -0.057362
-0.207888    -0.415275    -0.074964
-0.205225    -0.49776    -0.081134
-0.210479    -0.542026    -0.068958
-0.191893    -0.60295    -0.048908
-0.185365    -0.579579    -0.019323
-0.031761    -0.571259    -0.003105
0.08368    -0.571259    0.011747
0.147531    -0.571259    0.005278
0.132274    -0.571259    0.012206
0.065759    -0.571259    0.012614
0.083377    -0.571259    -0.006621
0.186117    -0.60295    -0.049191
0.187546    -0.269294    -0.097275
0.1815    -0.402534    -0.1054
0.180599    -0.183652    -0.10661
0.173285    -0.376929    -0.116439
0.172392    -0.351116    -0.117639
0.164188    -0.158859    -0.128663
0.187153    -0.533168    -0.097804
0.184217    -0.146586    -0.101749
0.182094    -0.472702    -0.104602
0.178478    -0.308832    -0.10946
0.167247    -0.188547    -0.124552
0.179635    -0.59142    -0.032507
0.110385    -0.091022    -0.021368
0.11013    -0.096854    -0.056008
-0.182815    -0.125725    -0.08493
-0.109272    -0.089945    -0.045739
-0.109196    -0.090123    -0.046955
-0.208458    -0.2462    -0.073641
-0.19785    -0.320043    -0.098221
-0.206467    -0.329157    -0.078255
-0.205893    -0.305564    -0.079585
-0.196859    -0.353026    -0.100519
-0.20987    -0.261406    -0.07037
-0.19926    -0.357453    -0.094955
-0.207972    -0.176399    -0.074768
-0.197994    -0.396544    -0.097889
-0.203539    -0.379471    -0.08504
-0.208689    -0.207547    -0.073108
-0.167624    -0.585842    -0.080839
-0.190301    -0.594234    -0.03983
-0.04677    -0.571259    -0.018948
-0.135286    -0.571259    -0.021522
0.134123    -0.571259    -0.030639
-0.103931    -0.571259    -0.017096
-0.046366    -0.571259    -0.008446
-0.082458    -0.571259    -0.002917
0.171061    -0.584505    -0.044627
0.166687    -0.467258    -0.125305
0.166674    -0.408609    -0.125322
0.174256    -0.505531    -0.115134
0.183099    -0.544712    -0.103251
0.164493    -0.332823    -0.128254
0.171279    -0.537967    -0.119135
0.154365    -0.258436    -0.141862
0.164458    -0.309373    -0.1283
0.162529    -0.288307    -0.130892
0.158622    -0.347509    -0.136143
0.171789    -0.559541    -0.118449
0.139585    -0.113963    -0.083456
0.163858    -0.131424    -0.119251
0.127253    -0.113454    -0.098034
-0.106065    -0.092335    -0.059648
-0.192071    -0.419011    -0.106809
-0.186501    -0.333914    -0.11385
-0.196045    -0.155442    -0.101784
-0.188654    -0.295239    -0.111128
-0.168172    -0.59587    -0.137022
-0.192375    -0.382589    -0.106424
-0.181897    -0.414612    -0.119671
-0.191289    -0.473202    -0.107797
-0.186926    -0.404616    -0.113314
-0.18975    -0.457314    -0.109743
-0.192118    -0.445439    -0.10675
-0.145789    -0.574876    -0.099854
-0.122159    -0.571259    -0.062119
-0.136641    -0.571259    -0.057853
-0.124215    -0.571259    -0.077438
0.075067    -0.571259    -0.068367
-0.024124    -0.571259    -0.060402
0.073677    -0.571259    -0.058953
0.027967    -0.571259    -0.049828
-0.004167    -0.571259    -0.053703
0.097766    -0.571259    -0.059858
0.120064    -0.571259    -0.051756
0.153602    -0.571259    -0.035575
0.153817    -0.575215    -0.074344
0.153421    -0.60295    -0.134642
0.141109    -0.591424    -0.1524
0.121493    -0.484882    -0.167917
0.140512    -0.322857    -0.152872
0.145463    -0.588729    -0.148956
0.138775    -0.426963    -0.154247
0.125726    -0.556914    -0.164568
0.153728    -0.357729    -0.142419
0.137698    -0.419418    -0.155099
0.126131    -0.557695    -0.164247
0.129799    -0.501758    -0.161346
0.064609    -0.088015    -0.075947
0.056884    -0.082172    -0.064633
-0.132596    -0.112632    -0.102155
-0.14405    -0.118815    -0.110842
-0.144514    -0.118356    -0.108534
-0.173067    -0.192772    -0.130834
-0.162851    -0.413292    -0.143749
-0.183361    -0.302428    -0.117821
-0.164557    -0.328562    -0.141593
-0.162772    -0.542719    -0.14385
-0.161397    -0.49229    -0.145588
-0.184234    -0.282211    -0.116717
-0.164012    -0.554852    -0.142282
-0.168598    -0.457214    -0.136484
-0.168447    -0.403464    -0.136675
-0.170329    -0.313407    -0.134296
-0.142877    -0.587848    -0.114925
-0.127598    -0.571259    -0.11147
-0.081213    -0.571259    -0.102427
0.026222    -0.571259    -0.108653
0.131661    -0.571259    -0.090691
0.098045    -0.571259    -0.102537
-0.011274    -0.571259    -0.078086
0.037784    -0.571259    -0.094405
0.044947    -0.571259    -0.096784
0.132621    -0.592651    -0.119271
0.120306    -0.247493    -0.168855
0.135544    -0.215058    -0.156802
0.116411    -0.265346    -0.171936
0.112425    -0.519671    -0.175089
0.120725    -0.212005    -0.168524
0.144698    -0.172928    -0.149561
0.126882    -0.212754    -0.163654
0.112706    -0.205623    -0.174867
0.121155    -0.445688    -0.168184
0.131723    -0.213782    -0.159824
0.123272    -0.371717    -0.166509
0.140431    -0.129892    -0.140865
0.113803    -0.131918    -0.167971
0.118374    -0.126032    -0.1468
0.127171    -0.129521    -0.150249
-0.086973    -0.092708    -0.081751
-0.159463    -0.430467    -0.147455
-0.145332    -0.338207    -0.157971
-0.150008    -0.452477    -0.154491
-0.15461    -0.515891    -0.151066
-0.146593    -0.398795    -0.157032
-0.156163    -0.387192    -0.14991
-0.128843    -0.205771    -0.170241
-0.160302    -0.567309    -0.14683
-0.143164    -0.277934    -0.159584
-0.153069    -0.497049    -0.152213
-0.122804    -0.60295    -0.147216
0.101323    -0.571259    -0.122121
-0.000688    -0.571259    -0.129151
0.072327    -0.571259    -0.137149
0.106884    -0.590818    -0.138762
0.088855    -0.58744    -0.186606
0.105513    -0.402354    -0.179417
0.09212    -0.534446    -0.185197
0.092599    -0.600315    -0.18499
0.078714    -0.448309    -0.190983
0.065322    -0.524541    -0.196762
0.104231    -0.344429    -0.17997
0.105654    -0.367083    -0.179356
0.105865    -0.314583    -0.179265
0.087905    -0.348991    -0.187016
0.087289    -0.60295    -0.174024
0.072273    -0.108228    -0.128282
-0.154057    -0.130806    -0.14238
-0.119985    -0.113066    -0.116258
-0.095841    -0.116263    -0.143503
-0.1175    -0.126293    -0.156491
-0.126105    -0.516701    -0.172279
-0.123451    -0.272663    -0.174255
-0.156034    -0.569194    -0.150007
-0.117146    -0.205876    -0.178947
-0.136327    -0.413529    -0.164673
-0.122853    -0.551276    -0.174699
-0.124545    -0.324286    -0.17344
-0.133425    -0.383531    -0.166832
-0.121908    -0.267226    -0.175403
-0.120385    -0.356635    -0.176536
-0.118159    -0.60295    -0.168484
-0.024361    -0.571259    -0.129059
-0.053611    -0.571259    -0.143048
0.11338    -0.572962    -0.121222
0.055467    -0.557102    -0.201015
0.069292    -0.136612    -0.195049
0.089439    -0.235195    -0.186354
0.096065    -0.150992    -0.183495
0.078032    -0.171115    -0.191277
0.05604    -0.289094    -0.200768
0.064253    -0.498886    -0.197223
0.076262    -0.400854    -0.192041
0.063112    -0.479247    -0.197716
0.081444    -0.170817    -0.189804
0.065235    -0.60295    -0.182499
0.075192    -0.58334    -0.15329
0.033832    -0.091693    -0.102762
0.077633    -0.120047    -0.15607
0.058772    -0.105534    -0.12725
0.05091    -0.111298    -0.145319
-0.090533    -0.113385    -0.139067
-0.11139    -0.488197    -0.182343
-0.092606    -0.326779    -0.189801
-0.086347    -0.153701    -0.192287
-0.08971    -0.330251    -0.190951
-0.107533    -0.255224    -0.183874
-0.095583    -0.271357    -0.188619
-0.094023    -0.415444    -0.189239
-0.095703    -0.398919    -0.188572
-0.088697    -0.249165    -0.191354
-0.078355    -0.162781    -0.19546
-0.093304    -0.60295    -0.165056
-0.092738    -0.578875    -0.148395
0.014018    -0.571259    -0.146286
0.007881    -0.598884    -0.208038
0.054534    -0.239136    -0.201195
0.047638    -0.270862    -0.202206
0.031122    -0.546658    -0.204629
0.042942    -0.500433    -0.202895
0.002366    -0.580283    -0.208846
0.048758    -0.494432    -0.202042
0.018692    -0.456805    -0.206452
0.037278    -0.318252    -0.203726
0.037641    -0.285756    -0.203673
-0.00492    -0.60295    -0.194452
0.069374    -0.575359    -0.151067
0.022878    -0.09432    -0.112273
0.001438    -0.074011    -0.067458
-0.076452    -0.111276    -0.139367
-0.059927    -0.125067    -0.18052
-0.051833    -0.117329    -0.164326
-0.085247    -0.551146    -0.192723
-0.071688    -0.340763    -0.198107
-0.089534    -0.396152    -0.191021
-0.063806    -0.427347    -0.201237
-0.080735    -0.502251    -0.194515
-0.068243    -0.31342    -0.199475
-0.069704    -0.534951    -0.198895
-0.067358    -0.430973    -0.199826
-0.066353    -0.369425    -0.200225
-0.069239    -0.552553    -0.19908
-0.075927    -0.488531    -0.196424
-0.059323    -0.571259    -0.149864
0.009229    -0.444971    -0.20784
0.012348    -0.263765    -0.207382
0.009993    -0.220689    -0.207728
0.01961    -0.145967    -0.206317
0.003794    -0.329489    -0.208637
0.03402    -0.196167    -0.204204
0.03053    -0.332232    -0.204716
0.004817    -0.234042    -0.208487
0.01292    -0.367972    -0.207299
0.047953    -0.178767    -0.20216
-0.001151    -0.420986    -0.209362
-0.051789    -0.60295    -0.190358
0.028969    -0.12383    -0.181069
0.034224    -0.122197    -0.176441
0.010811    -0.102509    -0.133382
0.033764    -0.123215    -0.178914
-0.034305    -0.101304    -0.129073
-0.059681    -0.411912    -0.202806
-0.02074    -0.267961    -0.207351
-0.046732    -0.261152    -0.204317
-0.021849    -0.266957    -0.207221
-0.033481    -0.344557    -0.205864
-0.020249    -0.274137    -0.207408
-0.041758    -0.320877    -0.204898
-0.020855    -0.183982    -0.207337
-0.058918    -0.474466    -0.202895
-0.049684    -0.213696    -0.203973
-0.017989    -0.580829    -0.170047
-0.03109    -0.584473    -0.170517
-0.033563    -0.559641    -0.205854
-0.037054    -0.489341    -0.205447
-0.048152    -0.508725    -0.204152
-0.01762    -0.411598    -0.207715
-0.003042    -0.258572    -0.209416
-0.005182    -0.558225    -0.209166
-0.012419    -0.464538    -0.208322
-0.020748    -0.324556    -0.20735
-0.042525    -0.482193    -0.204808
-0.019828    -0.363206    -0.207457
-0.007556    -0.464824    -0.208889
-0.019677    -0.101062    -0.130211
-0.033501    -0.129531    -0.1955
-0.010662    -0.119072    -0.173586
0.013521    0.049912    0.094704
0.04634    0.020145    0.07785
-0.062592    0.056334    0.074441
0.022412    -0.004895    0.091415
0.053026    0.029661    0.072399
-0.065666    0.023803    0.07201
0.065456    -0.023919    0.056684
-0.083589    0.040915    0.042574
0.06665    0.03387    0.054102
0.069186    -0.000835    0.048225
0.07553    0.011979    0.027828
0.076319    0.022516    0.005424
-0.087426    0.01566    -0.001592
-0.084942    0.029988    -0.012313
0.061025    0.013992    -0.03483
0.051135    0.067446    0.003887
-0.066314    -0.021709    -0.043501
-0.065266    0.067446    -0.028805
-0.060984    0.015457    -0.048581
-0.058404    -0.007519    -0.050501
0.014723    0.002656    -0.066919
-0.003692    0.006    -0.069619
-0.006157    0.02826    -0.069624
