-0.10152    -0.416013    0.03699
-0.097594    -0.415263    0.034713
-0.081244    -0.415773    0.072452
-0.089508    -0.412564    0.01612
-0.081433    -0.411671    0.028448
-0.101707    -0.415003    -0.013687
-0.115698    -0.409311    0.014665
-0.075362    -0.409727    0.000411
-0.067394    -0.410758    0.045586
-0.114901    -0.411265    -0.007729
-0.071198    -0.409087    0.003947
-0.094898    -0.416044    -0.04956
-0.029179    -0.415699    0.105284
-0.054908    -0.407205    0.018257
-0.011998    -0.411083    0.114763
-0.05796    -0.407258    0.006712
-0.114734    -0.405063    0.027128
-0.047632    -0.406009    0.000363
-0.117571    -0.403941    0.009633
-0.043029    -0.411495    0.073859
-0.109426    -0.4034    0.044681
-0.043876    -0.410596    0.067429
0.019284    -0.409245    0.114907
-0.103359    -0.398359    0.057215
-0.108818    -0.115362    0.046145
-0.108034    -0.198928    0.047734
-0.107265    -0.278839    0.049293
-0.104707    -0.345364    0.05448
-0.113135    -0.165223    0.033827
-0.112342    -0.217464    0.036163
-0.114148    -0.040505    0.030842
-0.112678    -0.19294    0.035173
-0.113209    -0.289972    0.033609
-0.111669    -0.300281    0.038147
-0.115801    -0.220138    0.022697
-0.116197    -0.205956    0.020707
-0.115853    -0.282424    0.022436
-0.11709    -0.329388    0.016216
-0.116838    -0.065412    0.017483
-0.11715    -0.100273    0.015915
-0.118128    -0.151772    0.001965
-0.118224    -0.343423    0.000507
-0.117963    -0.235561    0.004482
-0.117996    -0.152674    0.003987
-0.118089    -0.191473    0.002557
-0.117544    -0.361579    0.010876
-0.101725    -0.342694    0.060163
-0.099741    -0.328048    0.063132
-0.096499    -0.318689    0.067985
-0.096552    -0.320196    0.067904
-0.098784    -0.399354    0.064564
-0.093061    -0.310253    0.07286
-0.09093    -0.284608    0.07529
-0.084097    -0.39095    0.083081
-0.092835    -0.327774    0.073118
-0.08829    -0.271652    0.078301
-0.092307    -0.224336    0.07372
-0.076475    -0.400147    0.089892
-0.072817    -0.28848    0.0931
-0.07206    -0.15038    0.093764
-0.074321    -0.275432    0.091781
-0.073981    -0.138603    0.092079
-0.078997    -0.353238    0.087681
-0.063166    -0.124285    0.099723
-0.062397    -0.149659    0.100237
-0.061556    -0.130621    0.100799
-0.059683    -0.182413    0.10205
-0.061247    -0.10755    0.101005
-0.068102    -0.295536    0.096425
-0.048672    -0.379626    0.107578
-0.046465    -0.158088    0.108667
-0.051696    -0.340164    0.106087
-0.051466    -0.27777    0.1062
-0.052765    -0.243982    0.10556
-0.049984    -0.199892    0.106931
-0.034922    -0.132295    0.112772
-0.034583    -0.328213    0.112887
-0.039368    -0.250114    0.111263
-0.030821    -0.20266    0.114164
-0.03651    -0.282304    0.112233
-0.018325    -0.265127    0.116681
-0.019083    -0.34191    0.11653
-0.01963    -0.26459    0.116421
-0.020891    -0.355943    0.116171
-0.020796    -0.399707    0.11619
-0.028521    -0.361676    0.114653
-0.00797    -0.234494    0.117747
-0.009893    -0.336476    0.117621
-0.011343    -0.338607    0.117526
-0.002459    -0.078176    0.118108
-0.012828    -0.365132    0.117428
-0.004073    -0.156375    0.118002
0.00926    -0.269695    0.117664
0.004383    -0.399628    0.117983
0.01419    -0.334601    0.117341
0.012322    -0.288059    0.117463
0.015439    -0.272791    0.117259
0.007945    -0.212053    0.11775
-0.032921    -0.412382    0.08393
0.020065    -0.412415    0.112423
0.02866    -0.16186    0.11463
0.022713    -0.281307    0.115813
0.030239    -0.028589    0.114316
0.026277    -0.179526    0.115104
0.029286    -0.198587    0.114506
-0.104329    -0.204821    0.055247
-0.104035    -0.126109    0.055843
-0.104655    0.000911    0.054587
-0.104933    -0.13785    0.054023
-0.106567    -0.103898    0.050709
-0.103176    -0.164112    0.057585
-0.113004    -0.041457    0.034213
-0.111693    -0.134204    0.038076
-0.111797    -0.02271    0.037769
-0.110792    -0.231008    0.040729
-0.110039    -0.255629    0.042947
-0.112173    -0.132952    0.036661
-0.115101    -0.001675    0.026217
-0.11573    -0.084857    0.023056
-0.116574    -0.030003    0.018811
-0.115225    -0.040493    0.025594
-0.115465    -0.129586    0.024384
-0.115901    0.008777    0.022196
-0.117919    -0.112118    0.005154
-0.117472    -0.082867    0.011967
-0.117351    -0.242926    0.013816
-0.11741    -0.164728    0.012921
-0.117623    -0.149792    0.009665
-0.117812    -0.143827    -0.006783
-0.117879    -0.178731    -0.005764
-0.118143    -0.284152    -0.00174
-0.117937    -0.257855    -0.004875
-0.118112    -0.065241    -0.002215
-0.117988    -0.114096    -0.004101
-0.117907    -0.395946    -0.005343
-0.117497    -0.145744    -0.011596
-0.117604    -0.272035    -0.009964
-0.11737    -0.101714    -0.013529
-0.117275    -0.31793    -0.014979
-0.117429    -0.230677    -0.012636
-0.095331    -0.184376    0.069732
-0.094168    -0.332204    0.071472
-0.095272    -0.028073    0.06982
-0.094968    -0.009376    0.070275
-0.09461    -0.126034    0.070812
-0.094021    -0.211534    0.071693
-0.085739    -0.24977    0.081209
-0.085925    0.015822    0.080997
-0.085717    -0.051036    0.081234
-0.08757    -0.189    0.079122
-0.08825    -0.197351    0.078346
-0.083794    -0.011613    0.083427
-0.082896    -0.209642    0.084262
-0.077313    -0.003509    0.089157
-0.078117    -0.011472    0.088452
-0.083141    -0.263207    0.084046
-0.080626    -0.155939    0.086252
-0.06638    0.014142    0.097575
-0.071079    -0.126357    0.094436
-0.062476    -0.015526    0.100184
-0.067452    -0.050229    0.096859
-0.064796    -0.087681    0.098633
-0.071438    -0.355827    0.094196
-0.058715    -0.355762    0.102626
-0.05287    -0.11696    0.105508
-0.047132    -0.025253    0.108338
-0.05516    -0.263369    0.104379
-0.045596    0.008617    0.109095
-0.057938    -0.018023    0.103009
-0.042977    -0.183158    0.110038
-0.043839    -0.242029    0.109745
-0.040221    -0.24361    0.110973
-0.042532    -0.315081    0.110189
-0.04333    -0.248691    0.109918
-0.04378    -0.326016    0.109765
-0.030512    -0.035731    0.114257
-0.023264    0.004655    0.115699
-0.026844    -0.020081    0.114987
-0.026396    -0.11542    0.115076
-0.029595    -0.25689    0.114439
-0.001246    -0.000512    0.118187
-0.005839    -0.120518    0.117886
-0.013137    -0.197476    0.117408
-0.01329    -0.08037    0.117398
-0.008017    -0.054365    0.117744
-0.011551    -0.167029    0.117512
0.00735    -0.09281    0.117789
0.003881    -0.194351    0.118016
0.011583    -0.055447    0.117511
0.004327    0.006653    0.117987
0.000269    -0.334456    0.118253
0.000736    -0.293349    0.118223
0.019752    -0.12508    0.116402
0.02079    -0.073174    0.116196
0.018419    -0.098133    0.116667
0.02564    -0.069564    0.115231
0.018603    -0.223787    0.116631
0.016763    -0.191545    0.116997
-0.025    -0.412056    0.084794
0.027339    -0.414466    0.096386
0.04043    -0.089882    0.110911
0.032511    -0.16061    0.113599
0.031731    -0.030324    0.113864
0.039784    -0.078895    0.11113
0.036074    -0.089813    0.11239
-0.105892    0.019901    0.051463
-0.116903    -0.160751    -0.017155
-0.11617    -0.012709    -0.020844
-0.117216    -0.38366    -0.015582
-0.11673    -0.094505    -0.018024
-0.116696    -0.20724    -0.018199
-0.114335    0.00342    -0.03007
-0.087852    0.02134    0.07814
-0.023236    0.019272    0.1155
-0.029289    -0.404453    0.001524
0.009568    -0.414091    0.097947
0.039347    -0.185384    0.111279
0.037923    -0.200116    0.111762
0.043187    -0.20533    0.109975
0.045193    -0.062239    0.109294
0.043121    -0.074755    0.109997
0.042591    -0.267858    0.110177
-0.097617    0.02892    0.063983
-0.113643    0.029403    -0.026635
-0.114282    -0.290162    -0.030335
-0.11428    -0.374841    -0.030346
-0.11484    -0.102924    -0.027529
-0.116206    -0.402348    -0.020662
-0.115857    -0.281101    -0.022416
-0.104296    -0.405628    -0.054687
-0.018244    0.030206    0.11523
-0.080416    -0.409851    -0.083919
-0.050769    -0.407966    -0.038687
0.049287    -0.405201    0.107058
0.051022    -0.057891    0.106432
0.051678    -0.143021    0.106108
0.045481    -0.243238    0.109165
0.048786    -0.030284    0.107535
0.055463    -0.024034    0.104242
-0.103792    0.031897    0.052599
-0.114392    0.040805    -0.014951
-0.112951    -0.109336    -0.03437
-0.112096    -0.045161    -0.036888
-0.113316    -0.171128    -0.033295
-0.114072    -0.237263    -0.031069
-0.113768    -0.174871    -0.031962
-0.114078    -0.170662    -0.031051
-0.045012    0.035724    0.106953
0.042775    0.034911    0.107932
-0.014118    -0.411141    0.082251
0.043838    -0.415924    0.09715
0.054768    -0.290006    0.104585
0.046952    -0.364146    0.108439
0.057794    -0.305778    0.103093
0.053773    -0.182479    0.105076
0.056851    -0.240086    0.103558
0.056092    -0.228236    0.103932
-0.091305    0.040687    0.070521
-0.110985    0.042875    -0.030316
-0.111368    -0.224347    -0.039034
-0.11053    -0.147142    -0.041503
-0.110739    -0.402955    -0.040884
-0.109514    -0.338045    -0.044493
-0.109584    -0.100613    -0.044289
-0.11262    0.018876    -0.03486
-0.033609    0.0411    0.110134
0.046373    0.041535    0.105403
-0.041267    -0.405972    -0.023065
0.049525    -0.413967    0.084495
0.063731    -0.080426    0.099363
0.062321    -0.217527    0.100305
0.062911    -0.108743    0.09991
0.067828    -0.044757    0.096625
0.06303    -0.118079    0.099831
0.06707    -0.04665    0.097131
-0.088115    0.045277    0.073168
-0.106085    0.045676    -0.043458
-0.106528    -0.216523    -0.050787
-0.107646    -0.190889    -0.048521
-0.108434    -0.323184    -0.046923
-0.10923    -0.073659    -0.045309
-0.109106    -0.357274    -0.04556
-0.105881    0.026069    -0.049905
-0.032757    0.04909    0.109141
0.052174    0.046644    0.101697
-0.000101    -0.410016    0.07713
0.051516    -0.413504    0.080458
0.066879    -0.190435    0.097259
0.066628    -0.165004    0.097427
0.064235    -0.268036    0.099026
0.06857    -0.215338    0.096129
0.067924    -0.296086    0.096561
0.066385    -0.338504    0.097589
-0.093451    0.05503    0.063372
-0.113247    0.0529    -0.003787
-0.108943    -0.393659    -0.045892
-0.103347    -0.312996    -0.057239
-0.103685    -0.18931    -0.056552
-0.105108    -0.198233    -0.053667
-0.103115    -0.261126    -0.057708
-0.107568    -0.346221    -0.048679
-0.097501    -0.404249    -0.066357
0.001001    0.047946    0.114249
-0.03977    -0.416125    -0.100175
0.02702    -0.409265    0.067361
0.073642    -0.403138    0.092388
0.076706    -0.006205    0.089712
0.075036    -0.037623    0.091177
0.076392    -0.055129    0.089987
0.072706    -0.26871    0.093221
0.077599    -0.148043    0.088929
0.072085    0.037802    0.090485
-0.068721    0.06647    0.08716
-0.103062    0.064631    -0.042276
-0.100942    -0.150477    -0.061335
-0.097147    -0.055075    -0.067014
-0.098074    -0.010985    -0.065627
-0.099693    -0.145153    -0.063204
-0.097931    -0.156734    -0.065841
-0.098763    0.001259    -0.064596
-0.051341    0.057939    0.100049
0.035629    0.063265    0.105605
-0.014307    -0.408001    0.062359
-0.024483    -0.413953    -0.094734
0.083571    -0.229235    0.083692
0.081134    -0.262962    0.085828
0.078619    -0.316113    0.088034
0.079711    -0.214895    0.087076
0.072896    -0.381417    0.093054
0.080839    -0.355479    0.086087
0.074083    0.046083    0.087163
-0.062889    0.066258    0.091336
-0.10366    0.070223    -0.037263
-0.095917    -0.25479    -0.068855
-0.094328    -0.193057    -0.071233
-0.096626    -0.396166    -0.067794
-0.099238    -0.252202    -0.063886
-0.096101    -0.234787    -0.06858
-0.096464    -0.281001    -0.068036
-0.083251    -0.404712    -0.083786
0.019239    0.064977    0.109482
-0.016162    -0.415531    -0.103606
0.037562    -0.408259    0.053931
0.086965    -0.21549    0.07984
0.084079    -0.067965    0.08313
0.09083    -0.29891    0.075433
0.085935    -0.136379    0.081014
0.088571    -0.210869    0.078009
0.084686    -0.247436    0.082439
0.08247    0.033082    0.082212
-0.067563    0.079522    0.084652
-0.107773    0.072852    -0.01999
-0.092652    -0.182207    -0.073326
-0.088633    -0.048012    -0.077909
-0.089125    -0.094197    -0.077348
-0.092963    -0.317771    -0.072972
-0.087444    0.010625    -0.079265
-0.093254    -0.030979    -0.07264
-0.081091    0.070141    -0.074599
0.001791    0.071875    0.109941
-0.01213    -0.414237    -0.111413
-0.032376    -0.408681    -0.060476
0.051727    -0.408532    0.043491
0.090019    -0.077967    0.076358
0.093402    -0.119933    0.072501
0.091244    -0.25499    0.074961
0.089008    -0.003905    0.077511
0.091617    -0.089624    0.074535
0.092245    -0.112571    0.07382
-0.089825    0.083843    0.058657
-0.106938    0.078731    0.017802
-0.091006    0.08326    -0.057111
-0.085421    -0.35334    -0.081572
-0.08396    -0.078343    -0.083237
-0.085281    -0.240821    -0.081732
-0.083737    -0.273393    -0.083492
-0.08909    -0.254465    -0.077388
-0.089886    -0.387024    -0.076481
-0.057127    -0.407128    -0.102665
0.030682    0.076393    0.104555
-0.004144    -0.413278    -0.094348
0.035691    -0.406919    0.042723
0.095973    -0.153518    0.06881
0.094155    -0.193604    0.071532
0.096431    -0.145662    0.068125
0.097415    -0.332404    0.066652
0.096195    -0.177342    0.068478
0.094711    -0.037971    0.0707
0.092735    0.040999    0.068426
-0.066584    0.092305    0.081645
-0.105599    0.088461    -0.012539
-0.082614    0.084707    -0.06821
-0.081399    -0.084686    -0.085574
-0.076397    -0.369933    -0.089961
-0.083578    -0.114685    -0.083663
-0.080272    -0.133057    -0.086563
-0.082984    -0.300856    -0.084184
-0.080493    0.033862    -0.083811
-0.02256    0.088048    0.103896
0.058386    0.088083    0.088837
-0.00205    -0.40622    0.049473
0.095085    -0.415474    0.055023
0.099034    -0.008815    0.064229
0.098385    0.005235    0.065201
0.095263    0.016404    0.069872
0.100951    -0.283439    0.061361
0.099427    -0.013689    0.063641
0.101959    -0.310138    0.059852
0.092671    0.054938    0.064604
-0.059628    0.092562    0.086712
-0.105249    0.092817    -0.002082
-0.069185    0.090238    -0.080015
-0.077779    -0.112243    -0.088749
-0.075967    0.017304    -0.090338
-0.074981    -0.149666    -0.091203
-0.075499    -0.100166    -0.090748
-0.075484    -0.039174    -0.090762
-0.072107    0.023052    -0.092887
-0.010535    0.090803    0.105185
0.065449    0.091012    0.08307
-0.010059    -0.404777    0.032394
0.097666    -0.414568    0.053949
0.102715    -0.148825    0.058574
0.102946    -0.221345    0.058105
0.102631    -0.245669    0.058744
0.102693    -0.041612    0.058617
0.103075    -0.316864    0.057843
0.103471    -0.07226    0.05704
0.098854    0.053596    0.055402
-0.055981    0.102122    0.086285
-0.101892    0.103345    -0.012897
-0.068397    0.091148    -0.080419
-0.069916    -0.174959    -0.095213
-0.069952    -0.271915    -0.095188
-0.06852    -0.165196    -0.096145
-0.066891    -0.344509    -0.097234
-0.065186    -0.290982    -0.098373
-0.067703    0.038375    -0.093631
-0.002539    0.108208    0.101302
0.067689    0.100139    0.078143
-0.018535    -0.404106    -0.014458
0.095999    -0.415764    0.051564
0.10879    -0.272802    0.046253
0.108728    -0.097288    0.046378
0.105098    -0.083938    0.053741
0.107148    -0.082713    0.049583
0.106925    -0.16236    0.050036
0.109033    -0.193835    0.04576
0.104992    0.052049    0.043524
-0.056991    0.110562    0.082942
-0.100897    0.108408    0.007732
-0.067076    0.103542    -0.077468
-0.066635    0.006591    -0.097405
-0.069449    0.002372    -0.095525
-0.059849    -0.043892    -0.101939
-0.066297    -0.102462    -0.097631
-0.061551    -0.011798    -0.100802
-0.060459    -0.091127    -0.101532
-0.024164    -0.407114    -0.114844
0.065055    0.104462    0.078942
0.016221    -0.413701    -0.095137
0.003765    -0.409146    -0.071624
0.109485    -0.207171    0.044656
0.109412    -0.328488    0.044871
0.113383    -0.390462    0.033174
0.110616    -0.400488    0.041325
0.11385    -0.402085    0.031797
0.109461    -0.288952    0.044726
0.108284    0.03108    0.043402
-0.064161    0.111973    0.077037
-0.094163    0.122449    0.024827
-0.080751    0.114763    -0.058093
-0.058    -0.244086    -0.102978
-0.056142    -0.198333    -0.103895
-0.058247    -0.272325    -0.102857
-0.053679    -0.220773    -0.105109
-0.058273    -0.300193    -0.102844
-0.052805    -0.303166    -0.10554
-0.047654    0.072199    -0.098866
0.048552    0.121207    0.08485
0.032038    -0.415229    -0.09836
0.02599    -0.40471    0.020363
0.029212    -0.404669    0.014017
0.112037    -0.201911    0.037138
0.112711    0.000786    0.035152
0.112426    -0.043648    0.035992
0.11387    -0.311571    0.031739
0.114097    -0.169982    0.031071
0.111697    0.029982    0.033743
-0.083517    0.117738    0.052408
-0.009254    0.123579    0.096484
-0.09092    0.117805    -0.038424
-0.048044    -0.234331    -0.107888
-0.053475    -0.008616    -0.10521
-0.050022    -0.008398    -0.106913
-0.047352    -0.126112    -0.108229
-0.048468    -0.193772    -0.107678
-0.048351    -0.230108    -0.107737
-0.044723    0.039342    -0.10654
0.025376    0.12168    0.094283
0.093043    0.086302    0.052637
-0.014441    -0.404053    -0.017194
0.08477    -0.41186    0.021293
0.116309    -0.325113    0.020272
0.114711    -0.197698    0.028309
0.115497    -0.390837    0.024353
0.114479    -0.196475    0.029473
0.115805    -0.401427    0.022806
0.11544    -0.241228    0.024642
0.108149    0.064972    0.025997
-0.030046    0.129556    0.09013
-0.094523    0.129588    -0.010159
-0.05375    0.104453    -0.087038
-0.038979    -0.361722    -0.111395
-0.041784    -0.268218    -0.110443
-0.042172    -0.2395    -0.110311
-0.039065    -0.391546    -0.111366
-0.041985    -0.317317    -0.110374
-0.042221    0.022925    -0.109645
0.010881    0.124772    0.096009
0.074469    0.121072    0.063135
0.033383    -0.409858    -0.068306
0.103421    -0.415827    0.023887
0.116091    -0.168774    0.021368
0.116403    -0.28162    0.019799
0.117231    -0.094518    0.015638
0.11571    -0.099959    0.023283
0.116421    0.012864    0.019709
0.114446    0.00772    0.029637
0.115215    0.033085    0.016464
-0.054178    0.131627    0.077273
-0.092174    0.136591    0.012196
-0.070297    0.134699    -0.061467
-0.031558    -0.261471    -0.113914
-0.037317    -0.151065    -0.111959
-0.0327    -0.133514    -0.113527
-0.033334    -0.151265    -0.113311
-0.036409    -0.065645    -0.112267
-0.031808    -0.17897    -0.113829
-0.042566    0.0575    -0.104371
0.049213    0.135964    0.078966
0.105001    0.080913    0.025301
-0.010275    -0.405923    -0.045646
0.029239    -0.404454    0.002865
0.117669    -0.288085    0.009364
0.117946    -0.306175    0.00514
0.117853    -0.268018    0.006562
0.117958    -0.315765    0.004955
0.117357    -0.129398    0.014123
0.117464    -0.176465    0.012497
-0.073891    0.140756    0.053869
-0.010003    0.137551    0.092013
-0.087006    0.14091    -0.027764
-0.034086    0.097032    -0.098436
-0.030383    -0.024461    -0.114283
-0.02648    -0.198825    -0.115059
-0.022449    -0.308485    -0.115861
-0.026508    -0.286306    -0.115053
-0.029893    -0.157907    -0.11438
-0.029266    0.029266    -0.113146
0.018251    0.140813    0.08952
0.093255    0.108088    0.039922
0.031773    -0.406994    -0.046402
0.085484    -0.411563    0.006154
0.118084    -0.036379    0.003036
0.117475    -0.01355    0.012327
0.118259    -0.301497    0.00036
0.117902    -0.00903    0.005817
0.118273    -0.119933    0.000147
0.117818    -0.136658    0.007087
0.11054    0.06824    0.003497
-0.028103    0.147787    0.084419
-0.089488    0.145271    0.008049
-0.061892    0.138003    -0.0685
-0.018191    -0.077078    -0.116708
-0.02394    -0.155335    -0.115564
-0.022101    -0.194607    -0.11593
-0.027227    -0.038544    -0.11491
-0.023323    0.01165    -0.115687
-0.016239    -0.006083    -0.117096
-0.01925    0.049802    -0.112165
0.056176    0.14019    0.072541
0.063122    -0.415542    -0.089472
0.002761    -0.405573    -0.043138
0.012833    -0.403654    0.001334
0.118081    -0.351284    -0.003083
0.118193    -0.331522    -0.001378
0.117843    -0.170184    -0.006714
0.117765    -0.349604    -0.007894
0.117963    -0.234655    -0.004887
0.117904    0.020039    -0.001383
-0.063199    0.153508    0.059746
0.005875    0.152532    0.08708
-0.081968    0.150637    -0.032185
-0.037274    0.109692    -0.093858
-0.010076    -0.169974    -0.117609
-0.007169    -0.374338    -0.117799
-0.013019    -0.078749    -0.117416
-0.01517    -0.255504    -0.117275
-0.012912    -0.077118    -0.117423
-0.004479    0.033481    -0.1161
0.043371    0.149861    0.077028
0.103251    0.096215    0.015952
-0.007517    -0.404286    -0.025899
0.010803    -0.403586    -0.001051
0.117505    -0.297418    -0.011875
0.117529    -0.091877    -0.011507
0.117284    -0.089829    -0.015233
0.117842    -0.008841    -0.006721
0.117704    -0.09515    -0.008832
0.116149    0.028606    -0.013326
-0.069397    0.158985    0.048938
-0.002807    0.161407    0.084004
-0.082906    0.16199    -0.012649
-0.044699    0.127083    -0.084752
-0.003216    -0.04995    -0.118058
-0.000506    -0.057803    -0.118236
-0.006658    -0.142104    -0.117833
-0.000758    -0.195833    -0.118219
-0.002122    -0.099687    -0.11813
-0.00785    -0.174259    -0.117755
-0.01332    0.084084    -0.10659
0.084158    0.127042    0.04597
0.066157    -0.413302    -0.06773
0.103855    -0.415751    -0.020002
0.115342    -0.31943    -0.025135
0.115576    -0.274241    -0.023958
0.116289    -0.278299    -0.020373
0.115598    -0.272583    -0.023847
0.114611    -0.363876    -0.028812
0.116539    -0.179723    -0.01912
0.112105    0.050097    -0.019381
-0.042003    0.164245    0.071642
-0.073706    0.172962    0.030028
-0.067869    0.165519    -0.046734
-0.002481    0.091591    -0.105526
0.003457    -0.249657    -0.118044
0.006458    -0.389416    -0.117847
0.009587    -0.326421    -0.117642
0.005126    -0.158488    -0.117935
0.001085    -0.319143    -0.1182
0.011155    -0.288213    -0.11754
0.037867    0.17054    0.070997
0.100959    0.106781    0.013432
0.048924    -0.407932    -0.040515
0.062897    -0.407937    -0.009442
0.115294    -0.24932    -0.025377
0.116038    -0.014441    -0.021635
0.114322    -0.228991    -0.030263
0.114691    -0.212682    -0.028411
0.114256    -0.061919    -0.030596
0.115865    -0.076911    -0.022507
0.101758    0.09328    -0.027029
-0.031153    0.167906    0.075447
-0.081847    0.165862    0.008943
-0.048374    0.154073    -0.071954
0.009538    0.013623    -0.117646
0.013091    -0.027904    -0.117413
0.008517    -0.082098    -0.117712
0.010038    -0.054334    -0.117613
0.003069    -0.044241    -0.11807
0.012958    -0.202333    -0.117421
0.013119    0.027896    -0.116231
0.060545    0.168533    0.054148
0.104568    0.090557    -0.01621
-0.00316    -0.403966    -0.020556
0.039515    -0.405445    -0.01368
0.11301    -0.114063    -0.034272
0.113147    -0.112414    -0.03387
0.113346    -0.246821    -0.033284
0.114067    -0.012812    -0.031159
0.111319    -0.242716    -0.039254
0.114073    -0.179775    -0.03114
0.103068    0.087303    -0.027671
-0.02178    0.184083    0.072905
0.037366    0.176172    0.068906
-0.067646    0.181111    -0.036662
-0.013607    0.119982    -0.097131
0.019494    -0.205248    -0.116454
0.016827    -0.038851    -0.116984
0.017713    -0.103919    -0.116808
0.025551    -0.27094    -0.115249
0.024518    -0.385579    -0.115454
0.018007    -0.357567    -0.116749
0.017368    0.073523    -0.108165
0.0884    0.133422    0.031407
0.068813    -0.410787    -0.043778
0.078764    -0.41097    -0.024696
0.111813    -0.083005    -0.037798
0.110286    -0.254143    -0.042297
0.110923    -0.188523    -0.040419
0.110151    -0.315081    -0.042695
0.10932    -0.187432    -0.045142
0.111635    -0.005148    -0.038323
0.106201    0.059173    -0.036279
-0.050447    0.185769    0.056241
0.012887    0.190445    0.073099
-0.07729    0.179942    -0.001486
-0.047719    0.165191    -0.067371
0.018428    0.08803    -0.104727
0.025253    -0.177302    -0.115308
0.029993    -0.243726    -0.114365
0.026777    -0.094546    -0.115005
0.0294    -0.023621    -0.114483
0.028219    0.008615    -0.114718
0.027079    0.030182    -0.113481
0.061048    0.175153    0.049635
0.100131    0.109424    -0.014041
0.044407    -0.406653    -0.029802
0.047204    -0.406432    -0.020621
0.106695    -0.192321    -0.050503
0.107119    -0.157607    -0.049641
0.108225    -0.300571    -0.047399
0.106595    -0.323328    -0.050704
0.106947    -0.327859    -0.049992
0.109269    -0.243501    -0.045283
0.097493    0.090866    -0.041167
-0.020043    0.196938    0.069673
0.040697    0.197083    0.05987
-0.064044    0.197977    -0.033208
-0.017815    0.132963    -0.092231
0.039321    -0.388058    -0.111287
0.039493    -0.345299    -0.111229
0.032548    -0.122339    -0.113586
0.039617    -0.289543    -0.111187
0.03462    -0.255901    -0.112883
0.032153    -0.139666    -0.11372
0.040195    0.058445    -0.105006
0.093043    0.130802    0.017294
0.072652    -0.410745    -0.036523
0.104392    -0.218406    -0.055172
0.102722    -0.347694    -0.058559
0.105892    -0.090792    -0.05213
0.103024    -0.25352    -0.057947
0.105711    -0.089854    -0.052498
0.104616    -0.261415    -0.054719
0.102714    0.045558    -0.050524
-0.066332    0.196539    0.029458
-0.013906    0.201964    0.069672
0.048596    0.204557    0.050952
-0.056967    0.20545    -0.040894
-0.004286    0.123809    -0.096743
0.031624    0.004478    -0.1139
0.034045    -0.079794    -0.113079
0.044992    -0.213028    -0.109363
0.041486    -0.015047    -0.110553
0.044646    -0.114464    -0.10948
0.042153    -0.201916    -0.110326
0.040249    0.066907    -0.103318
0.08769    0.143437    0.022912
0.095839    -0.321808    -0.069011
0.096727    -0.277865    -0.067682
0.102056    -0.193026    -0.059707
0.101211    -0.325915    -0.060971
0.100768    -0.07449    -0.061634
0.10101    -0.288874    -0.061273
0.099354    0.03675    -0.059573
0.084479    0.116722    -0.051534
-0.026276    0.207597    0.064485
0.040855    0.211665    0.05505
-0.061276    0.220731    -0.025151
-0.018935    0.146733    -0.087318
0.045301    -0.029746    -0.109253
0.046272    -0.028947    -0.108774
0.046948    -0.042392    -0.108441
0.047722    -0.202688    -0.10806
0.056415    -0.35902    -0.103773
0.053579    -0.396741    -0.105171
0.043489    0.052636    -0.104897
0.08288    0.154687    0.024933
0.094789    -0.308438    -0.070583
0.097778    -0.150664    -0.066109
0.097551    -0.12561    -0.066449
0.094985    -0.160215    -0.070289
0.094183    -0.148848    -0.071489
0.095717    -0.288041    -0.069193
0.098746    0.032339    -0.061575
0.080076    0.113866    -0.059608
-0.029671    0.218192    0.059817
0.037825    0.217179    0.055361
-0.064252    0.215804    -0.020344
-0.026779    0.167778    -0.076985
0.054563    -0.016778    -0.104686
0.056582    -0.178929    -0.103691
0.057542    -0.348864    -0.103217
0.052485    -0.137829    -0.105711
0.055623    -0.016695    -0.104163
0.053411    -0.213704    -0.105254
0.05687    0.030007    -0.101969
0.074515    0.171338    0.029721
0.078556    0.131224    -0.052519
0.090518    -0.240049    -0.075789
0.091138    -0.325486    -0.075082
0.089698    -0.179536    -0.076724
0.091586    -0.083991    -0.074571
0.091825    -0.228899    -0.074299
0.08679    0.029412    -0.077994
0.079542    0.109026    -0.062554
-0.035893    0.224604    0.054344
0.030827    0.235031    0.054597
-0.063045    0.227873    -0.01277
-0.03309    0.187747    -0.067282
0.050625    0.092311    -0.09244
0.066505    -0.3883    -0.097509
0.061209    -0.156663    -0.101048
0.06279    -0.206567    -0.099992
0.063422    -0.295604    -0.099569
0.062607    -0.279867    -0.100114
0.061357    0.032347    -0.098886
0.069717    0.185533    0.029635
0.082183    0.137915    -0.042168
0.085126    -0.159507    -0.081937
0.088697    0.006582    -0.077865
0.087709    -0.174814    -0.078991
0.087512    -0.231017    -0.079217
0.087353    -0.094329    -0.079398
0.089104    0.022913    -0.076471
0.07503    0.096031    -0.072814
-0.048944    0.235209    0.039044
0.019679    0.237912    0.058686
-0.061371    0.23944    0.004115
-0.036443    0.209449    -0.058669
0.03056    0.114963    -0.09457
0.06869    -0.037007    -0.096049
0.065995    -0.075023    -0.09785
0.066539    -0.07305    -0.097486
0.071365    -0.034969    -0.094262
0.068995    -0.148884    -0.095846
0.068966    -0.006785    -0.095865
0.058281    0.082085    -0.090545
0.08211    0.149392    -0.033253
0.078724    -0.116792    -0.087942
0.081486    -0.158739    -0.08552
0.080822    -0.185247    -0.086102
0.07906    -0.151709    -0.087648
0.083451    -0.296252    -0.083797
0.082214    -0.235153    -0.084881
0.071391    0.079838    -0.081229
-0.055396    0.240872    0.02598
0.005751    0.243527    0.060331
-0.05888    0.240243    0.017299
-0.045857    0.245558    -0.038866
0.016717    0.133363    -0.092326
0.078156    -0.285114    -0.08844
0.076506    -0.219948    -0.089888
0.074043    -0.209528    -0.092048
0.075614    -0.129667    -0.09067
0.077597    -0.327199    -0.088931
0.072377    -0.255319    -0.093509
0.072566    0.06243    -0.084815
0.085004    0.154155    -0.017025
0.059571    0.122997    -0.076855
-0.034862    0.254427    0.046554
0.025183    0.2517    0.053045
-0.06009    0.245891    -0.000955
-0.030115    0.213948    -0.06082
0.042887    0.112544    -0.090431
0.083636    0.153224    -0.024384
0.054419    0.134871    -0.075901
-0.01659    0.25705    0.055077
0.044123    0.252504    0.038462
-0.053371    0.256712    -0.021819
-0.003859    0.171097    -0.080116
0.078931    0.174021    0.004447
0.051405    0.163493    -0.065603
-0.041772    0.268295    0.035896
0.015344    0.266375    0.0534
-0.053078    0.272677    0.010629
-0.036483    0.241361    -0.049066
0.041252    0.124716    -0.087294
0.068387    0.169018    -0.043504
-0.045994    0.283179    0.024376
0.006143    0.282796    0.05183
0.062115    0.22014    0.023232
-0.033879    0.266114    -0.044163
0.029262    0.147118    -0.084276
0.068819    0.177268    -0.036843
0.032438    0.167878    -0.07485
-0.006899    0.277322    0.052874
0.053255    0.248156    0.026605
-0.045494    0.279223    -0.026992
0.001429    0.178696    -0.077668
0.066067    0.18945    -0.034482
0.023446    0.174121    -0.075474
0.001224    0.290266    0.050669
0.05925    0.239415    0.016906
-0.032073    0.283234    -0.041068
0.072836    0.195495    0.002275
0.049101    0.191294    -0.055328
-0.035821    0.290313    0.035917
0.027732    0.303835    0.03936
-0.048126    0.302805    0.004293
-0.019969    0.250651    -0.055467
0.070442    0.194189    -0.020166
0.024651    0.205112    -0.065759
-0.006499    0.314651    0.045858
0.055931    0.254146    0.016166
-0.044332    0.312265    -0.014506
0.008277    0.202307    -0.070566
0.043967    0.210436    -0.052936
-0.029297    0.322263    0.034077
0.028102    0.319243    0.035834
-0.042279    0.321652    0.015565
-0.021295    0.274323    -0.049491
0.054584    0.22337    -0.036116
-0.040342    0.314733    0.022699
0.021603    0.332304    0.037709
-0.043344    0.326088    0.009322
-0.024701    0.304208    -0.041284
0.045223    0.230957    -0.044888
-0.031821    0.337478    0.028247
0.027541    0.338526    0.032247
-0.040083    0.339071    0.013507
-0.02434    0.29568    -0.043335
0.034775    0.240011    -0.050597
-0.011284    0.341301    0.040508
0.051263    0.278175    0.014037
-0.040973    0.341898    -0.008745
0.057151    0.242112    -0.021139
0.012356    0.246418    -0.058634
0.016324    0.352274    0.037032
0.057317    0.252988    -0.011323
-0.02807    0.346147    -0.030303
0.030931    0.255856    -0.048804
-0.008421    0.35644    0.038945
0.051419    0.283174    0.008334
-0.035504    0.368954    -0.01433
0.047157    0.256772    -0.033034
-0.026851    0.362623    0.028379
0.033674    0.340703    0.025354
-0.035171    0.369396    0.014981
-0.011328    0.291876    -0.049072
0.030601    0.360081    0.024839
-0.020328    0.354408    -0.034665
0.013677    0.283619    -0.050228
0.050728    0.279901    -0.014542
0.025173    0.286804    -0.044812
0.048576    0.291251    -0.013908
0.019735    0.292055    -0.046367
0.044379    0.302917    -0.01923
0.011024    0.30556    -0.046553
0.033875    0.306176    -0.033724
0.036834    0.36135    0.013518
-0.004982    0.327538    -0.043882
0.038825    0.325557    -0.02174
0.002182    0.331979    -0.043371
0.021244    0.328923    -0.038476
0.028798    0.342217    -0.030431
0.033125    0.353522    -0.022892
0.036298    0.3646    -0.0138
0.037079    0.365773    -0.011033
-0.031356    0.419962    0.021029
-0.025145    0.391397    0.028168
-0.01726    0.38205    0.03359
-0.006074    0.455995    0.037295
0.004545    0.448287    0.03755
0.013664    0.380654    0.035248
0.022573    0.406084    0.030346
-0.036891    0.386199    0.008053
-0.033542    0.388946    0.017344
-0.037513    0.403883    -0.004887
-0.036659    0.441819    -0.009217
-0.033216    0.458735    -0.018005
-0.027107    0.447384    -0.026354
-0.033865    0.452779    0.016689
-0.024323    0.455046    0.028889
-0.015683    0.487821    0.034368
-0.008586    0.40177    0.036795
0.000131    0.430572    0.037839
0.010674    0.460266    0.036263
0.019785    0.450279    0.032209
0.027871    0.411876    0.025512
-0.03759    0.409828    0.003718
-0.037694    0.424832    -0.002136
-0.036107    0.436857    -0.011083
-0.032679    0.395686    -0.019048
-0.028924    0.470392    -0.024282
0.027671    0.473635    0.02574
0.030571    0.396582    0.022244
0.032435    0.465934    0.019453
0.033094    0.445132    0.018304
0.033486    0.475093    0.017509
0.03499    0.463305    0.014449
0.035525    0.474083    0.012873
0.037124    0.405669    0.007012
0.037331    0.444132    0.005969
0.037625    0.388342    0.003582
0.037849    0.396047    0.000157
0.036907    0.373438    -0.008101
0.034161    0.437238    -0.01614
0.028212    0.373429    -0.025123
0.020049    0.392499    -0.032033
0.017082    0.386155    -0.033691
-0.00057    0.482055    -0.037809
0.000117    0.386527    -0.03784
0.037259    0.46727    -0.006334
0.033907    0.457018    -0.016655
0.02799    0.484193    -0.025376
0.023037    0.393112    -0.030036
0.012618    0.466154    -0.035603
0.003137    0.420999    -0.037642
0.000774    0.526234    0.033991
0.004658    0.526234    -0.027112
0.022912    0.526234    0.028361
0.019662    0.492381    0.034172
-0.017341    0.526234    -0.022888
0.02895    0.499872    0.026666
0.03814    0.511607    0.00997
0.028803    0.520182    -0.026834
0.03281    0.491479    -0.021722
0.039092    0.5204    -0.00517
-0.02039    0.504589    -0.033679
0.012885    0.525939    0.035285
-0.01501    0.525054    0.035092
0.024411    0.506164    0.030927
0.036923    0.515996    0.013649
0.029355    0.510326    -0.026204
0.005266    0.513475    -0.039065
-0.017267    0.52132    -0.035272
-0.036658    0.518916    -0.014356
0.009767    0.526234    0.015599
-0.008661    0.526234    0.034932
0.02782    0.526234    -0.000262
0.035882    0.526234    0.008495
