-0.038469    0.255081    0.002691
-0.031314    0.2519    0.025226
-0.038962    0.215368    0.009582
-0.04164    0.261503    -0.000392
-0.038404    0.212417    0.011495
-0.021634    0.255236    -0.031916
-0.011038    0.244482    0.035185
-0.038014    0.21888    -0.012436
-0.008151    0.254597    0.03775
-0.016718    0.257112    -0.034737
-0.029161    0.279196    0.017538
-0.021075    0.242429    -0.03123
-0.023919    0.280586    0.014043
-0.02225    0.280586    -0.018693
-0.014096    0.280586    0.02225
-0.032579    0.213717    -0.023052
-0.003325    0.280586    0.000853
0.003915    0.280586    -0.003678
-0.008789    0.271202    0.040536
-0.036381    0.203494    -0.007121
-0.018645    0.223109    -0.035443
0.031318    0.28023    -0.00698
0.011116    0.267522    0.040138
-0.01347    0.208978    -0.03699
0.023872    0.279753    0.022795
0.018968    0.275177    0.036523
-0.038764    0.088989    0.010184
-0.038156    0.185951    0.011784
-0.030046    0.165911    0.026158
-0.027312    0.108347    0.02916
0.002819    0.212933    -0.039853
0.037648    0.274577    0.017125
0.020395    0.245388    0.030648
-0.039688    0.134966    0.003158
-0.037933    0.148442    0.012323
-0.039166    0.168201    -0.007126
-0.031065    0.098354    0.02483
-0.03783    0.152188    -0.012571
-0.022846    0.13469    0.032587
-0.013999    0.15981    0.037238
0.013732    0.22896    -0.037477
0.038003    0.265571    0.016268
0.017485    0.214043    0.035923
-0.037162    0.037462    0.020989
-0.039292    0.146337    -0.006173
-0.035993    0.112694    -0.017005
-0.001719    0.201227    0.039124
-0.012119    0.112069    0.038017
-0.03457    0.179675    -0.020261
0.037921    0.259655    0.013253
-0.04063    0.066823    0.001235
-0.033818    0.062532    0.022824
-0.038664    0.054019    -0.01453
0.007508    0.201437    0.038114
-0.00516    0.178216    0.039425
-0.033242    0.083958    -0.021993
-0.021385    0.196055    -0.033708
0.0243    0.20896    -0.030897
-0.04687    -0.002573    0.00871
-0.036171    0.004545    0.029084
-0.036653    0.060529    -0.01827
0.005018    0.18548    0.039444
-0.002211    0.123353    0.039813
-0.002862    0.114324    0.039727
-0.014381    0.157792    -0.03708
-0.034631    0.071204    -0.020831
-0.022956    0.120028    -0.032503
-0.017743    0.16658    -0.035688
0.034303    0.238323    0.020805
-0.045328    0.003319    0.012364
-0.028315    -0.009147    0.039682
-0.015407    -0.013717    0.047188
-0.005587    -0.006259    0.047911
0.01393    0.199638    0.037267
0.000962    0.084175    0.039977
-0.004097    0.014139    0.044625
-0.009901    0.125393    -0.038801
-0.005455    0.175656    -0.039386
0.008046    0.191668    -0.039045
0.018386    0.15452    -0.035421
-0.024819    0.049062    -0.033399
0.031322    0.22022    -0.024691
0.030752    0.209151    0.024899
-0.055534    -0.036851    0.007759
-0.047001    -0.025507    0.02157
-0.046941    -0.030292    0.026558
-0.046639    -0.034411    0.029773
-0.06414    -0.12102    0.062075
-0.038519    -0.050757    0.04791
-0.045274    0.007348    -0.007973
-0.026146    -0.117098    0.083506
-0.028681    -0.174415    0.106487
-0.011977    -0.029022    0.05192
-0.005826    -0.084601    0.074444
0.015703    0.109524    0.036533
0.002036    0.01216    0.045234
0.004587    0.116448    -0.0395
0.012737    0.129074    -0.037762
0.025321    0.087922    -0.030688
-0.040533    -0.007494    -0.026746
-0.01815    0.051242    -0.037361
0.036476    0.227904    -0.016149
-0.098952    -0.145902    0.00159
-0.104407    -0.163    0.010893
-0.052736    -0.027096    6.6e-05
-0.105667    -0.164596    0.006059
-0.09078    -0.137745    0.029484
-0.099261    -0.163141    0.034716
-0.09252    -0.140056    0.027622
-0.06138    -0.060475    0.02225
-0.079522    -0.166583    0.07102
-0.073902    -0.146045    0.065276
-0.078536    -0.138696    0.054561
-0.058675    -0.083923    0.045593
-0.070803    -0.170415    0.081559
-0.044239    -0.073131    0.054444
-0.043613    -0.058868    0.047961
-0.034903    -0.11682    0.079762
-0.039822    -0.15395    0.093292
-0.041846    -0.108715    0.073488
-0.031455    -0.174026    0.105175
-0.087646    -0.117344    -0.002713
-0.069336    -0.072509    -0.008737
-0.017323    -0.10859    0.082303
-0.007333    -0.14432    0.097577
-0.013948    -0.048087    0.059109
-0.004137    -0.176718    0.110656
-0.096628    -0.148846    -0.026603
0.016464    -0.147316    0.097546
0.017969    -0.147797    0.097536
0.011139    -0.088899    0.075424
0.011333    -0.092023    0.076619
0.023862    0.139839    0.031808
0.011495    0.043064    0.040698
0.010797    0.017746    0.043128
0.027179    0.130468    -0.029263
0.01017    0.059918    -0.03991
-0.039184    -0.016131    -0.030906
-0.018342    0.00344    -0.042829
0.036779    0.213531    -0.015418
-0.115805    -0.211283    0.022099
-0.118621    -0.223622    0.020161
-0.101842    -0.202864    0.057169
-0.106554    -0.191408    0.039632
-0.085202    -0.184382    0.073213
-0.080902    -0.180568    0.077527
-0.060779    -0.21747    0.103323
-0.065555    -0.180569    0.090088
-0.035433    -0.253743    0.122176
-0.033816    -0.234467    0.118553
-0.10365    -0.163996    -0.019598
-0.068851    -0.073206    -0.01449
-0.084237    -0.111465    -0.011163
-0.08215    -0.107645    -0.01568
-0.003858    -0.215321    0.119045
-0.008523    -0.202574    0.115785
-0.076084    -0.108563    -0.035425
-0.083802    -0.125895    -0.034335
-0.075715    -0.113729    -0.041546
-0.093502    -0.152633    -0.037984
0.017699    -0.104977    0.080842
0.00315    -0.02573    0.051796
0.00541    -0.187856    0.113141
0.023481    -0.182158    0.109579
0.02814    0.189138    0.028525
0.014988    0.00538    0.043864
0.030852    0.168384    -0.025108
0.026993    0.046196    -0.031967
-0.073875    -0.111456    -0.043302
-0.047088    -0.039391    -0.032358
-0.020364    -0.018156    -0.045948
0.007812    -0.009783    -0.048219
0.039392    0.213498    -0.006318
-0.121234    -0.232254    0.013922
-0.126068    -0.248634    0.003022
-0.113192    -0.224411    0.04135
-0.114149    -0.24086    0.047884
-0.097079    -0.224908    0.071432
-0.103258    -0.229262    0.06485
-0.096287    -0.198074    0.063395
-0.077349    -0.211587    0.089083
-0.083875    -0.238586    0.091077
-0.052527    -0.194066    0.101804
-0.047716    -0.223883    0.110438
-0.028882    -0.261612    0.125357
-0.009191    -0.264358    0.128519
-0.018806    -0.248334    0.123928
-0.114636    -0.20009    -0.013335
-0.121141    -0.22977    -0.010716
0.02834    -0.252878    0.123616
0.001617    -0.235029    0.12343
-0.106397    -0.192578    -0.04064
-0.098134    -0.180998    -0.054365
0.025629    -0.049517    0.055386
0.022851    -0.069    0.064705
0.032276    -0.196021    0.110628
0.047286    -0.211743    0.107912
0.033957    0.171482    0.021061
0.029429    0.13471    0.026962
0.020307    -0.023408    0.046934
0.031404    0.116728    -0.024388
0.026856    0.003149    -0.038179
-0.049852    -0.066519    -0.046017
-0.077299    -0.135033    -0.053844
-0.073693    -0.131806    -0.056488
-0.090248    -0.162066    -0.054168
-0.033903    -0.065181    -0.058494
-0.036341    -0.038785    -0.043736
-0.0263    -0.061763    -0.060242
-0.007142    -0.047507    -0.059778
-0.004919    -0.069255    -0.068568
0.016649    -0.109129    -0.082602
0.008828    -0.057949    -0.063636
-0.125595    -0.61804    0.033112
-0.127719    -0.342511    0.016976
-0.126708    -0.5054    0.024658
-0.127039    -0.370522    0.022143
-0.127877    -0.422717    0.01578
-0.128641    -0.265733    0.009976
-0.129012    -0.277801    0.007155
-0.127893    -0.408085    0.015655
-0.125867    -0.328144    0.031047
-0.128261    -0.318221    0.012857
-0.118682    -0.325481    0.050157
-0.118596    -0.304471    0.050365
-0.114395    -0.382403    0.060505
-0.122224    -0.28315    0.041607
-0.115363    -0.506319    0.058169
-0.117785    -0.37801    0.052322
-0.116141    -0.529284    0.05629
-0.115568    -0.402869    0.057674
-0.114203    -0.364015    0.06097
-0.115084    -0.34236    0.058842
-0.106582    -0.333646    0.072745
-0.092559    -0.599399    0.09102
-0.09476    -0.388817    0.088152
-0.095237    -0.374538    0.087531
-0.093023    -0.38465    0.090416
-0.093617    -0.294492    0.089641
-0.094809    -0.420514    0.088089
-0.101369    -0.343455    0.079539
-0.094222    -0.483297    0.088854
-0.085826    -0.514712    0.096545
-0.089074    -0.299503    0.094053
-0.082889    -0.345471    0.098798
-0.090557    -0.320452    0.092915
-0.080346    -0.405315    0.10075
-0.090226    -0.389618    0.093169
-0.078076    -0.32106    0.102492
-0.089456    -0.310902    0.09376
-0.086819    -0.425632    0.095783
-0.08246    -0.265898    0.099127
-0.058529    -0.331812    0.115214
-0.054971    -0.493036    0.116688
-0.062346    -0.431022    0.113633
-0.058777    -0.28417    0.115111
-0.057117    -0.433358    0.115799
-0.060232    -0.56834    0.114509
-0.050137    -0.42042    0.11869
-0.050993    -0.328157    0.118336
-0.047216    -0.293146    0.1199
-0.06149    -0.316433    0.113988
-0.020772    -0.476579    0.127219
-0.022547    -0.440385    0.126986
-0.029238    -0.329293    0.126105
-0.023481    -0.322032    0.126863
-0.03188    -0.428238    0.125757
-0.015234    -0.397402    0.127948
-0.028636    -0.345079    0.126184
-0.025523    -0.416231    0.126594
-0.025043    -0.376052    0.126657
-0.125395    -0.261143    -0.027855
-0.118867    -0.225646    -0.021486
-0.110261    -0.189256    -0.029489
0.010229    -0.494056    0.128607
0.000961    -0.464781    0.129828
0.012411    -0.341826    0.12832
0.028141    -0.296496    0.126249
0.018815    -0.28547    0.127477
0.001448    -0.613977    0.129763
0.025495    -0.314584    0.126598
0.013683    -0.350937    0.128153
0.009028    -0.444562    0.128765
-0.11794    -0.253368    -0.045458
-0.113102    -0.237945    -0.048845
-0.108623    -0.225932    -0.053201
0.045071    -0.173628    0.099368
0.036194    -0.125599    0.082908
0.047184    -0.175218    0.099159
0.043317    -0.250763    0.118247
0.045952    -0.261909    0.119637
0.043828    -0.253973    0.11875
0.038335    0.180881    0.011354
0.035623    0.095873    0.0179
0.024007    0.040303    0.034744
0.035355    0.152374    -0.018546
0.017005    -0.012226    -0.046253
0.037078    0.033172    -0.021732
-0.091459    -0.203574    -0.071545
-0.096811    -0.189018    -0.05965
-0.054856    -0.163934    -0.090633
-0.056888    -0.118898    -0.067084
-0.050752    -0.119468    -0.072071
-0.032591    -0.130785    -0.086575
-0.037517    -0.146014    -0.09092
-0.029817    -0.137617    -0.090588
-0.052499    -0.164899    -0.092632
-0.016267    -0.08845    -0.074573
-0.019882    -0.120968    -0.086802
-0.017563    -0.13223    -0.091507
-0.008471    -0.130983    -0.092217
0.01602    -0.151059    -0.099066
0.018729    -0.128425    -0.089867
0.028132    -0.176718    -0.107497
0.000477    -0.155277    -0.102761
0.020626    -0.091469    -0.075047
0.034001    0.202592    -0.015679
-0.126987    -0.592319    0.022536
-0.127212    -0.627451    0.020826
-0.126828    -0.551231    0.023743
-0.128044    -0.478633    0.014509
-0.129386    -0.360584    0.004312
-0.129788    -0.333209    0.001258
-0.128097    -0.503993    0.014105
-0.129843    -0.498075    0.000845
-0.126484    -0.614899    0.02636
-0.124246    -0.311709    0.036726
-0.122346    -0.561514    0.041311
-0.120715    -0.592162    0.045248
-0.122438    -0.437117    0.041089
-0.123327    -0.620333    0.038943
-0.118495    -0.58614    0.050609
-0.117446    -0.591177    0.053141
-0.118682    -0.50134    0.050157
-0.114255    -0.60229    0.060845
-0.121289    -0.433637    0.043863
-0.110448    -0.60125    0.067707
-0.09383    -0.616072    0.089364
-0.102273    -0.469129    0.07836
-0.101647    -0.589651    0.079177
-0.110588    -0.467155    0.067525
-0.101943    -0.588692    0.078791
-0.105647    -0.469847    0.073964
-0.102147    -0.608361    0.078525
-0.106966    -0.558048    0.072245
-0.106752    -0.449882    0.072524
-0.069802    -0.333511    0.108841
-0.081213    -0.553628    0.100084
-0.068857    -0.574879    0.109566
-0.075707    -0.570434    0.104309
-0.067085    -0.329166    0.110926
-0.069773    -0.572615    0.108863
-0.072929    -0.446648    0.106441
-0.075481    -0.462921    0.104483
-0.071627    -0.461433    0.107441
-0.059888    -0.578681    0.114651
-0.057092    -0.545617    0.115809
-0.047535    -0.608007    0.119768
-0.036535    -0.580605    0.124325
-0.048295    -0.447993    0.119453
-0.056202    -0.622635    0.116178
-0.052879    -0.631079    0.117554
-0.040943    -0.38154    0.122499
-0.040657    -0.47496    0.122617
-0.038236    -0.519888    0.12362
-0.003515    -0.623739    0.129491
-0.004842    -0.390361    0.129317
-0.015318    -0.517829    0.127937
-0.005655    -0.623362    0.129209
-0.011937    -0.492797    0.128382
-0.012247    -0.569956    0.128342
-0.009593    -0.430753    0.128691
-0.010868    -0.585346    0.128523
-0.012504    -0.556928    0.128308
-0.017427    -0.579061    0.12766
-0.129408    -0.320414    -0.004148
-0.128297    -0.29078    -0.012584
-0.129215    -0.391509    -0.005616
-0.128055    -0.317455    -0.014425
-0.129577    -0.347673    -0.00286
-0.128232    -0.293595    -0.013077
-0.129258    -0.466517    -0.005291
-0.12868    -0.448341    -0.009676
-0.127762    -0.333203    -0.016653
0.006518    -0.59082    0.129096
0.028956    -0.442544    0.126142
0.027156    -0.368834    0.126379
0.010309    -0.61115    0.128597
0.030872    -0.480927    0.12589
0.025595    -0.484273    0.126584
0.005314    -0.595989    0.129254
0.02605    -0.578132    0.126525
0.032831    -0.447321    0.125632
0.030703    -0.453753    0.125912
-0.118428    -0.268817    -0.05077
-0.124975    -0.272609    -0.034964
-0.119201    -0.444471    -0.048903
-0.114133    -0.274981    -0.061138
-0.118964    -0.273112    -0.049476
-0.115774    -0.290205    -0.057177
-0.121376    -0.370424    -0.043653
-0.120672    -0.287681    -0.045353
-0.124524    -0.444324    -0.036053
-0.125069    -0.413595    -0.034739
0.032702    -0.039778    0.047013
0.037891    -0.064131    0.054922
0.065441    -0.250157    0.108223
0.063593    -0.241122    0.107298
0.035057    -0.530726    0.124937
0.041642    -0.420178    0.122209
0.034413    -0.370128    0.125204
0.045021    -0.406479    0.12081
0.038046    -0.529414    0.123699
0.038211    -0.341862    0.12363
0.048612    -0.344481    0.119322
0.046198    -0.479118    0.120322
0.035053    -0.479526    0.124939
0.039182    0.091327    0.007005
0.039997    0.041658    0.013426
0.038899    0.029124    0.018222
0.037068    0.092542    -0.01441
0.037477    -0.03956    -0.043243
0.029039    -0.032478    -0.046259
0.036691    0.050913    -0.019824
-0.085409    -0.205234    -0.07999
-0.094502    -0.253105    -0.084319
-0.075104    -0.202052    -0.088333
-0.067287    -0.238444    -0.10377
-0.04037    -0.221336    -0.112914
-0.036964    -0.243912    -0.119353
-0.006531    -0.213177    -0.118248
-0.013496    -0.206796    -0.116007
0.004845    -0.183885    -0.112391
0.01631    -0.194261    -0.113035
0.03584    -0.167804    -0.10075
0.028748    -0.161815    -0.101177
0.031756    -0.130976    -0.087001
0.051611    -0.162689    -0.092074
-0.122893    -0.636816    0.023458
-0.087104    -0.644252    0.082006
-0.077097    -0.643391    0.091729
-0.029304    -0.634886    0.123661
-0.126927    -0.502016    -0.022995
-0.125841    -0.346363    -0.031241
-0.126969    -0.559666    -0.022677
-0.126548    -0.55469    -0.025869
-0.126675    -0.615775    -0.024909
-0.127763    -0.492426    -0.01664
-0.128405    -0.612208    -0.011765
-0.127346    -0.579703    -0.019811
-0.127498    -0.479647    -0.018658
0.006022    -0.640872    0.121955
-0.120512    -0.543298    -0.04574
-0.122948    -0.587039    -0.039859
-0.114359    -0.375591    -0.060594
-0.117512    -0.432444    -0.052982
-0.113772    -0.444606    -0.06201
-0.123598    -0.618591    -0.03829
-0.116933    -0.401764    -0.054378
-0.118565    -0.52464    -0.05044
-0.11657    -0.581097    -0.055255
-0.114278    -0.600594    -0.060789
0.048227    -0.094675    0.061903
0.058516    -0.167235    0.089435
0.072582    -0.169141    0.079572
0.077463    -0.198317    0.085554
0.089555    -0.257967    0.091745
0.071356    -0.2535    0.104551
0.051122    -0.622251    0.118282
0.040393    -0.556435    0.122726
0.036843    -0.626996    0.124197
0.055691    -0.446973    0.116389
0.05969    -0.518432    0.114733
0.06258    -0.588286    0.113536
0.053891    -0.561644    0.117135
0.039818    -0.610347    0.122965
0.063726    -0.582598    0.113061
0.039302    0.177451    0.006092
0.040838    0.05598    0.00509
0.036485    0.021651    0.023919
0.036165    0.000944    0.030094
0.0395    0.179531    -0.004588
0.070535    -0.150669    -0.072124
0.055471    -0.161367    -0.088907
0.047462    -0.078418    -0.054553
0.058975    -0.111031    -0.061642
0.04016    0.025307    -0.015829
-0.10969    -0.48565    -0.068694
-0.110085    -0.418216    -0.068181
-0.105384    -0.342535    -0.074306
-0.104603    -0.338008    -0.075324
-0.09876    -0.296074    -0.082939
-0.102559    -0.314753    -0.077989
-0.104946    -0.385673    -0.074878
-0.100678    -0.331171    -0.08044
-0.100582    -0.387215    -0.080565
-0.080621    -0.194995    -0.082269
-0.069555    -0.252545    -0.105686
-0.07421    -0.225817    -0.095182
-0.062301    -0.261504    -0.112775
-0.057487    -0.25672    -0.113704
-0.024117    -0.255193    -0.124653
-0.012291    -0.260641    -0.12734
0.024512    -0.192978    -0.111689
0.021159    -0.215426    -0.116789
0.011854    -0.236913    -0.122473
0.046659    -0.20608    -0.106912
0.050103    -0.1991    -0.10393
-0.116749    -0.639514    0.038959
-0.066976    -0.634792    0.10806
-0.007103    -0.636274    0.125478
0.018355    -0.643629    0.118133
-0.112681    -0.633993    -0.060179
0.078281    -0.131708    0.050446
0.069176    -0.138264    0.066484
0.077342    -0.163889    0.072146
0.083273    -0.206203    0.083102
0.088802    -0.242815    0.08827
0.099858    -0.246063    0.074959
0.076344    -0.279383    0.10382
0.075739    -0.435111    0.104285
0.076981    -0.364509    0.103332
0.069399    -0.531285    0.10915
0.071265    -0.4028    0.107718
0.079904    -0.380585    0.101089
0.086377    -0.279919    0.096122
0.087622    -0.27216    0.095167
0.07548    -0.28044    0.104484
0.044045    -0.63891    0.115159
0.039658    0.09385    -0.00339
0.048182    -0.006821    0.004255
0.048695    -0.016242    0.012575
0.076147    -0.12012    0.045854
0.073011    -0.117191    0.048078
0.068679    -0.20357    -0.093657
0.070033    -0.182137    -0.087059
0.065734    -0.126162    -0.06327
0.041873    0.000964    -0.021746
-0.094699    -0.352513    -0.088232
-0.09537    -0.546661    -0.087357
-0.094675    -0.58852    -0.088263
-0.098742    -0.593676    -0.082963
-0.101616    -0.510844    -0.079217
-0.107025    -0.616089    -0.072169
-0.09999    -0.631754    -0.081337
-0.093685    -0.319388    -0.089553
-0.094967    -0.494542    -0.087882
-0.097195    -0.513766    -0.084978
-0.066592    -0.46712    -0.111304
-0.068387    -0.268838    -0.109926
-0.065862    -0.447577    -0.111864
-0.08154    -0.400648    -0.099833
-0.067829    -0.461143    -0.110355
-0.0711    -0.392753    -0.107845
-0.071065    -0.509133    -0.107871
-0.067682    -0.472898    -0.110467
-0.066912    -0.384355    -0.111058
-0.084266    -0.348077    -0.097742
-0.040175    -0.491277    -0.122817
-0.040442    -0.320911    -0.122706
-0.050757    -0.279811    -0.118433
-0.043027    -0.272724    -0.121635
-0.045929    -0.389417    -0.120433
-0.047067    -0.295213    -0.119962
-0.036272    -0.556728    -0.124434
-0.036999    -0.29085    -0.124133
-0.035439    -0.281476    -0.124779
-0.015697    -0.345562    -0.127888
-0.011615    -0.379543    -0.128425
-0.000653    -0.331565    -0.129868
-0.009187    -0.409312    -0.128745
-0.020265    -0.27125    -0.127286
-0.004167    -0.47545    -0.129405
-0.010587    -0.26783    -0.12856
-0.002654    -0.295923    -0.129605
-0.009256    -0.391845    -0.128735
-0.026112    -0.31145    -0.126516
0.029814    -0.317425    -0.126029
0.019373    -0.463175    -0.127404
0.031931    -0.569298    -0.12575
0.033343    -0.504725    -0.125564
0.024035    -0.52084    -0.12679
0.032707    -0.46027    -0.125648
0.031966    -0.431919    -0.125746
0.030237    -0.487556    -0.125973
0.021374    -0.451394    -0.12714
0.031869    -0.521577    -0.125758
0.047485    -0.248058    -0.115918
0.051309    -0.23284    -0.110945
-0.109779    -0.642005    0.006556
-0.085762    -0.620777    0.040248
-0.1034    -0.644981    0.042535
-0.090992    -0.64475    0.064811
-0.058399    -0.643768    0.095033
-0.042497    -0.619161    0.083589
-0.05067    -0.647655    0.102084
-0.020173    -0.640186    0.106684
-0.117259    -0.644786    -0.01799
0.002124    -0.615871    0.091662
0.012835    -0.644516    0.110749
0.097136    -0.216316    0.068453
0.108722    -0.246632    0.0636
0.112166    -0.404298    0.065469
0.10329    -0.305164    0.077036
0.099799    -0.290638    0.081585
0.11019    -0.566612    0.068044
0.104828    -0.459668    0.075031
0.102925    -0.395457    0.077511
0.110371    -0.411445    0.067808
0.109171    -0.295571    0.069371
0.111102    -0.4535    0.066856
0.110271    -0.28792    0.067937
0.080162    -0.567628    0.100891
0.091836    -0.416746    0.091933
0.08455    -0.372834    0.097524
0.087014    -0.369924    0.095633
0.079523    -0.445226    0.101381
0.089279    -0.46019    0.093895
0.088238    -0.465103    0.094694
0.084867    -0.361615    0.097281
0.076201    -0.559065    0.103931
0.083697    -0.521619    0.098178
0.045631    0.007859    -0.004602
0.06538    -0.068542    0.020759
0.049896    -0.036811    0.02602
0.070481    -0.072712    0.000643
0.092885    -0.13116    0.003924
0.103039    -0.173239    0.035814
0.085315    -0.129403    0.034234
0.095259    -0.168183    0.049479
0.083832    -0.213387    -0.084576
0.080559    -0.2235    -0.08971
0.0841    -0.263963    -0.097486
0.066659    -0.105128    -0.04868
0.062195    -0.08252    -0.040112
0.089006    -0.156638    -0.052332
0.045788    -0.01962    -0.0214
-0.073259    -0.631094    -0.106188
-0.076218    -0.606984    -0.103917
-0.088043    -0.512053    -0.094844
-0.074633    -0.576114    -0.105133
-0.081905    -0.614524    -0.099554
-0.086506    -0.505889    -0.096023
-0.076338    -0.62402    -0.103825
-0.088868    -0.470531    -0.094211
-0.087229    -0.579588    -0.095469
-0.08557    -0.355045    -0.096741
-0.061258    -0.333864    -0.114083
-0.050836    -0.5314    -0.118401
-0.060703    -0.383624    -0.114314
-0.049973    -0.480004    -0.118758
-0.045016    -0.574739    -0.120812
-0.062937    -0.518082    -0.113388
-0.053644    -0.582445    -0.117237
-0.060929    -0.611999    -0.11422
-0.040666    -0.555977    -0.122613
-0.04344    -0.62453    -0.121464
-0.033262    -0.5369    -0.125575
-0.030826    -0.47515    -0.125896
-0.033117    -0.509192    -0.125594
-0.029857    -0.607554    -0.126023
-0.020086    -0.462538    -0.12731
-0.032422    -0.439684    -0.125686
-0.028275    -0.574453    -0.126232
-0.018761    -0.582807    -0.127484
-0.024016    -0.591293    -0.126792
-0.031887    -0.596866    -0.125756
0.009723    -0.461206    -0.128674
0.015945    -0.545515    -0.127855
0.009102    -0.391288    -0.128756
0.000631    -0.379486    -0.129871
0.005177    -0.339456    -0.129273
0.008502    -0.480409    -0.128835
0.01999    -0.502129    -0.127322
0.001845    -0.587516    -0.129711
0.002418    -0.631317    -0.129636
0.050997    -0.60145    -0.118334
0.05495    -0.609098    -0.116696
0.036758    -0.389396    -0.124232
0.033922    -0.588397    -0.125407
0.036439    -0.425129    -0.124365
0.044845    -0.460158    -0.120883
0.038272    -0.590466    -0.123605
0.049091    -0.506437    -0.119123
0.050841    -0.51491    -0.118399
0.045254    -0.410617    -0.120713
0.063705    -0.590619    -0.11307
0.053996    -0.319846    -0.117092
0.053179    -0.278909    -0.11743
0.052266    -0.301783    -0.117808
0.058998    -0.407516    -0.11502
0.054045    -0.493577    -0.117072
0.054156    -0.480343    -0.117025
0.058592    -0.480652    -0.115188
0.061272    -0.576022    -0.114078
0.039585    -0.325675    -0.123061
-0.080969    -0.602813    0.012376
-0.098448    -0.633405    0.03303
-0.064184    -0.60594    0.054519
-0.05735    -0.633569    0.086718
-0.001383    -0.638751    0.108131
-0.090582    -0.61418    -0.001134
-0.110382    -0.645933    -0.02333
0.047354    -0.629097    0.089207
0.019563    -0.613697    0.08781
-0.082599    -0.609184    -0.026393
0.109705    -0.226711    0.051005
0.118604    -0.258484    0.046605
0.112535    -0.23286    0.047479
0.092717    -0.545309    0.090815
0.094231    -0.349559    0.088842
0.104503    -0.564473    0.075455
0.099252    -0.520687    0.082298
0.101604    -0.477267    0.079233
0.094246    -0.42018    0.088822
0.102811    -0.59642    0.07766
0.094722    -0.565861    0.088202
0.109935    -0.599265    0.068376
0.095928    -0.473039    0.08663
0.12069    -0.619642    0.045308
0.112781    -0.411784    0.064402
0.114096    -0.532871    0.061229
0.115216    -0.471425    0.058525
0.121938    -0.58141    0.042298
0.115337    -0.562308    0.058233
0.117914    -0.521759    0.052011
0.11819    -0.530568    0.051345
0.112986    -0.483344    0.063908
0.080532    -0.637127    0.095332
0.058118    -0.628303    0.08142
0.095882    -0.146092    -0.025466
0.1031    -0.16527    -0.027556
0.081089    -0.10225    0.007725
0.088038    -0.121809    0.012985
0.069277    -0.0755    0.018062
0.062852    -0.057538    0.013561
0.087572    -0.118489    -0.006672
0.107369    -0.172885    -0.017729
0.088657    -0.12056    -0.004576
0.102661    -0.193006    0.04989
0.10677    -0.203413    0.045564
0.090745    -0.540425    -0.09277
0.066087    -0.272539    -0.111691
0.091818    -0.469433    -0.091947
0.073525    -0.346447    -0.105984
0.08341    -0.465116    -0.098399
0.075598    -0.334466    -0.104393
0.084888    -0.417241    -0.097265
0.086516    -0.474145    -0.096015
0.078703    -0.269293    -0.10201
0.081787    -0.469151    -0.099644
0.086143    -0.187108    -0.072907
0.08599    -0.212936    -0.081836
0.056214    -0.052619    -0.02677
0.076292    -0.115702    -0.042149
-0.085376    -0.637227    -0.091516
-0.050061    -0.634532    -0.116411
0.023249    -0.633125    -0.125862
0.067061    -0.508196    -0.110944
0.070706    -0.577598    -0.108147
0.070461    -0.423496    -0.108335
0.07941    -0.602593    -0.101468
0.074316    -0.556424    -0.105377
0.079207    -0.509969    -0.101624
0.075284    -0.533873    -0.104634
0.077905    -0.570698    -0.102623
0.084563    -0.58189    -0.097514
0.077069    -0.440027    -0.103265
-0.074999    -0.598076    0.004879
-0.075402    -0.600513    0.023575
-0.054548    -0.596633    0.048512
-0.033164    -0.575925    0.024855
-0.023756    -0.576126    0.034391
-0.031928    -0.595047    0.062981
-0.001597    -0.571468    0.03478
-0.082722    -0.606624    -0.019769
0.034571    -0.613973    0.082889
0.054863    -0.61598    0.072898
0.007885    -0.579224    0.045801
-0.080947    -0.613641    -0.038643
0.124519    -0.354473    0.036067
0.122891    -0.387363    0.039997
0.11383    -0.289871    0.06187
0.118893    -0.359816    0.049648
0.122186    -0.300904    0.041699
0.117206    -0.363709    0.053719
0.125227    -0.282543    0.034358
0.12256    -0.531739    0.040794
0.120496    -0.457265    0.045779
0.124575    -0.515082    0.03593
0.118734    -0.640262    0.032622
0.087133    -0.644851    0.081191
0.077133    -0.632675    0.0688
0.102064    -0.171298    -0.036203
0.092657    -0.155306    -0.042728
0.097343    -0.158747    -0.034897
0.114819    -0.201666    0.014431
0.115386    -0.195481    0.000379
0.119773    -0.234863    -0.029133
0.112253    -0.192642    -0.019696
0.121522    -0.243349    0.02922
0.11466    -0.20983    0.02851
0.112752    -0.197676    0.023841
0.093759    -0.365715    -0.089457
0.094425    -0.429795    -0.088589
0.10364    -0.383033    -0.07658
0.098833    -0.419813    -0.082845
0.100937    -0.339305    -0.080102
0.091926    -0.325213    -0.091845
0.09211    -0.337959    -0.091606
0.107792    -0.343699    -0.071169
0.093093    -0.565534    -0.090325
0.104014    -0.228006    -0.06344
0.094085    -0.232247    -0.077813
0.0939    -0.253574    -0.085262
-0.09008    -0.646027    -0.067488
-0.065182    -0.637611    -0.106628
-4.5e-05    -0.633772    -0.128401
0.043178    -0.639139    -0.115322
0.089197    -0.632234    -0.093556
-0.023662    -0.565484    0.009842
-0.022713    -0.572489    0.028247
-0.062801    -0.591099    -0.016557
0.009467    -0.572147    0.034741
0.022637    -0.586813    0.05333
0.027136    -0.579697    0.038615
-0.061036    -0.590932    -0.020338
0.125734    -0.40724    0.032054
0.126253    -0.358088    0.028111
0.128337    -0.537037    0.012282
0.127529    -0.487376    0.018417
0.127444    -0.479262    0.019064
0.125847    -0.490028    0.031193
0.125687    -0.595682    0.032411
0.125623    -0.621115    0.032901
0.127074    -0.5941    0.021874
0.129454    -0.629032    0.003801
0.117131    -0.64569    0.013491
0.08242    -0.632379    0.061565
0.055611    -0.592592    0.037073
0.108442    -0.233557    -0.057736
0.101206    -0.19885    -0.056545
0.128916    -0.265016    -0.007212
0.120757    -0.231692    -0.016658
0.126878    -0.265251    -0.023065
0.113259    -0.23854    -0.048786
0.117096    -0.235733    -0.038014
0.12846    -0.315037    0.011346
0.127109    -0.315019    0.021613
0.129795    -0.3204    0.001206
0.128149    -0.368565    0.013708
0.127608    -0.43233    0.017818
0.129016    -0.392392    0.007127
0.129851    -0.358813    0.000779
0.129715    -0.376904    0.001817
0.12742    -0.295288    0.019248
0.129553    -0.521304    0.003045
0.110856    -0.487448    -0.067176
0.106048    -0.429642    -0.073441
0.111413    -0.462407    -0.066449
0.103688    -0.578233    -0.076517
0.101262    -0.599923    -0.079679
0.111732    -0.554142    -0.066033
0.10847    -0.365729    -0.070285
0.109108    -0.333238    -0.069453
0.109346    -0.420275    -0.069144
0.107687    -0.542066    -0.071306
-0.06727    -0.618743    -0.065418
-0.069525    -0.642011    -0.084926
-0.03123    -0.644947    -0.108057
-0.020525    -0.621762    -0.093455
-0.023044    -0.644973    -0.109732
0.020917    -0.614208    -0.087998
0.035969    -0.64457    -0.105805
0.065939    -0.638206    -0.084275
0.067638    -0.632824    -0.078157
-0.074452    -0.5642    0.017214
-0.018093    -0.5642    0.025027
0.037648    -0.584193    0.039133
0.122014    -0.638912    0.017438
0.111493    -0.649376    0.031146
0.104835    -0.636328    0.013252
0.081355    -0.610522    0.031874
0.028286    -0.570222    0.017023
0.127459    -0.459497    -0.018952
0.129271    -0.280357    -0.005188
0.128369    -0.317349    -0.012041
0.12815    -0.283756    -0.0137
0.127555    -0.431542    -0.018225
0.128726    -0.266283    -0.009328
0.126794    -0.368446    -0.024005
0.127453    -0.443667    -0.019001
0.128158    -0.38174    -0.013639
0.116015    -0.434533    -0.056595
0.113666    -0.503631    -0.062267
0.116362    -0.373254    -0.055757
0.113492    -0.481952    -0.062686
0.11427    -0.454208    -0.060809
0.112857    -0.269806    -0.064218
0.116474    -0.45243    -0.055488
0.114714    -0.357965    -0.059736
0.117537    -0.297637    -0.052921
0.117923    -0.349107    -0.051989
0.127854    -0.471804    -0.015952
0.12879    -0.499497    -0.008843
0.129631    -0.387318    -0.002451
0.127272    -0.609175    -0.020376
0.129809    -0.532125    -0.001103
0.12863    -0.418394    -0.010055
0.128977    -0.426423    -0.00742
0.127589    -0.577405    -0.017967
0.129263    -0.434755    -0.00525
0.129203    -0.546473    -0.005702
-0.062742    -0.599016    -0.043763
-0.053996    -0.615192    -0.072859
-0.038176    -0.612086    -0.079946
-0.004947    -0.625636    -0.098277
0.00889    -0.608109    -0.085217
0.033322    -0.61197    -0.081868
0.049582    -0.602678    -0.065056
0.08696    -0.637626    -0.061762
-0.046745    -0.5642    0.002236
-0.115087    -0.5642    0.017369
-0.017527    -0.5642    0.028193
0.114908    -0.647044    -0.022184
0.085569    -0.610858    0.021157
0.096745    -0.622798    -0.001167
0.069139    -0.597431    0.026499
0.120623    -0.60376    -0.045471
0.124166    -0.484722    -0.036918
0.116339    -0.579726    -0.055814
0.125423    -0.502573    -0.033883
0.122788    -0.345608    -0.040244
0.125217    -0.5351    -0.034382
0.125296    -0.505727    -0.034189
0.117888    -0.587925    -0.052073
0.116861    -0.537545    -0.054553
0.124101    -0.40284    -0.037074
-0.028053    -0.575559    -0.030012
-0.030503    -0.587158    -0.050277
-0.026051    -0.597507    -0.069449
-0.003799    -0.585593    -0.05607
0.002384    -0.586849    -0.058175
0.024087    -0.593822    -0.064222
0.019518    -0.573061    -0.031792
0.036431    -0.593414    -0.057672
0.114575    -0.635202    -0.05311
0.080261    -0.5642    0.047224
0.034176    -0.5642    0.043651
-0.077352    -0.5642    0.034806
0.103376    -0.633284    -0.00779
0.075669    -0.598166    0.000835
0.041057    -0.57635    -0.010568
0.038904    -0.574475    -0.005162
0.108108    -0.646648    -0.045086
0.011118    -0.58054    -0.047386
0.060281    -0.598539    -0.045784
0.068676    -0.601299    -0.04171
0.10675    -0.643513    -0.031726
0.013839    -0.5642    0.056072
-0.061369    -0.5642    0.044342
0.079977    -0.609233    -0.032811
0.042964    -0.576773    0.000994
0.0352    -0.5642    0.004063
0.056631    -0.5642    0.078785
0.070487    -0.5642    0.068374
-0.095951    -0.5642    -0.017275
-0.078987    -0.5642    -0.022585
0.075669    -0.60107    -0.025139
0.114103    -0.5642    0.0062
-0.079018    -0.5642    -0.030033
0.085903    -0.5642    -0.017166
0.083972    -0.5642    -0.017492
0.004737    -0.5642    0.079222
-0.041147    -0.5642    -0.048036
-0.029793    -0.5642    -0.038094
-0.109363    -0.5642    -0.046409
0.032604    -0.5642    0.098119
0.099903    -0.5642    -0.043464
-0.035514    -0.5642    -0.058198
0.083638    -0.5642    -0.037692
-0.0587    -0.5642    0.093368
-0.063747    -0.5642    -0.063438
-0.061013    -0.5642    -0.069896
0.041641    -0.5642    -0.070766
0.041894    -0.5642    -0.079169
-0.057035    -0.5642    -0.086544
0.004814    -0.5642    -0.092738
0.038709    -0.5642    -0.095792
0.005626    -0.5642    -0.1141
-0.037266    -0.5642    0.019298
-0.110112    -0.5642    0.022956
-0.029072    -0.5642    0.029391
-0.080062    -0.5642    -0.005104
0.087015    -0.5642    0.036781
0.037234    -0.5642    0.035416
-0.027357    -0.5642    -0.015497
-0.080749    -0.5642    0.051417
-0.076771    -0.5642    0.038777
-0.02738    -0.5642    -0.024739
0.001106    -0.5642    0.070442
0.007723    -0.5642    0.074189
-0.109425    -0.5642    -0.003929
0.023274    -0.5642    -0.008374
0.103902    -0.5642    0.007226
0.087501    -0.5642    -0.030543
0.11576    -0.5642    -0.007572
-0.015898    -0.5642    0.083265
-0.052712    -0.5642    0.080347
-0.07332    -0.5642    -0.047054
-0.005183    -0.5642    -0.040468
0.072113    -0.5642    0.091654
0.002932    -0.5642    0.091539
0.089483    -0.5642    -0.050959
0.091976    -0.5642    -0.057466
-0.037753    -0.5642    0.094339
0.027754    -0.5642    -0.070242
0.026174    -0.5642    -0.061409
0.034628    -0.5642    0.105784
-0.004467    -0.5642    -0.085136
-0.023613    -0.5642    0.111821
0.046691    -0.5642    -0.090314
0.039945    -0.5642    -0.103101
0.001927    -0.5642    -0.107521
