0.068908    -0.445059    -0.008958
0.04349    -0.38429    0.019554
0.062709    -0.451986    0.052454
0.064283    -0.461636    0.053582
0.035483    -0.408375    0.037968
0.046712    -0.340728    0.004823
0.059719    -0.462227    0.003751
0.048782    -0.314036    0.021128
0.058043    -0.462227    0.016217
0.021955    -0.375303    0.040928
0.027115    -0.390978    -0.040582
0.013    -0.428314    0.054487
0.025463    -0.423593    -0.048681
0.005107    -0.405732    0.050959
0.022484    -0.436837    -0.05279
0.08358    -0.256065    0.009951
0.00501    -0.353763    0.046192
0.01162    -0.457399    -0.08189
-0.013897    -0.429998    0.054704
0.000454    -0.416103    -0.05361
0.02902    -0.298351    -0.052076
0.08136    -0.243051    0.052437
-0.031112    -0.446798    0.066685
-0.011261    -0.283038    -0.065125
0.100053    -0.239349    -0.007447
-0.018    -0.382111    0.04374
-0.020715    -0.441387    -0.057381
0.054849    -0.263873    -0.057127
0.116524    -0.209731    0.06099
0.040985    -0.233519    0.097803
-0.051957    -0.462227    0.011638
-0.024284    -0.2838    -0.061048
0.024622    -0.233884    -0.103283
0.104241    -0.199598    0.092931
0.03159    -0.223835    0.112577
-0.070107    -0.462227    0.035976
-0.028228    -0.233447    -0.103087
-0.020254    -0.24572    -0.091863
0.143903    -0.190761    0.029163
0.019002    -0.217086    0.121787
-0.06756    -0.462227    -0.049069
-0.026945    -0.324777    -0.04309
0.031292    -0.223074    -0.113512
0.124532    -0.219896    0.00151
0.091709    -0.182411    0.121713
0.023287    -0.204237    0.133585
-0.075535    -0.459316    0.034816
-0.052339    -0.237576    -0.088276
0.04224    -0.192105    -0.139815
0.130596    -0.208461    0.019524
0.127452    -0.174923    -0.091771
0.012393    -0.190033    0.146719
-0.03972    -0.33671    0.026842
-0.067106    -0.259173    -0.04716
0.065697    -0.198095    -0.124805
0.131863    -0.221819    0.013488
0.108312    -0.160311    0.125739
0.069667    -0.175774    -0.140469
-0.003857    -0.205301    0.135262
-0.07935    -0.459946    -0.025876
-0.070823    -0.227286    -0.087305
0.008847    -0.18178    -0.15287
0.152336    -0.140911    0.087806
0.097252    -0.142866    0.144036
-0.046281    -0.336263    0.01356
0.064326    -0.13741    0.163757
-0.074886    -0.450423    -0.031666
-0.079395    -0.217993    -0.093104
0.018821    -0.164974    -0.162034
0.137884    -0.212638    -0.018667
0.128734    -0.153408    -0.109407
0.03152    -0.144886    -0.16985
0.022492    -0.153577    0.167186
-0.058259    -0.297079    0.015518
-0.084361    -0.243826    -0.046213
0.003746    -0.146842    -0.172626
0.1771    -0.126889    -0.027247
0.144772    -0.111752    0.112869
-0.045607    -0.373186    -0.004546
-0.066942    -0.204402    0.118757
-0.072742    -0.271469    -0.010026
-0.045617    -0.16103    -0.160024
0.144378    -0.220095    -0.019011
0.185979    -0.102988    0.006663
-0.052296    -0.317289    -0.003768
-0.063019    -0.185061    0.137051
-0.087102    -0.251636    -0.010954
-0.121508    -0.137438    -0.128384
0.149447    -0.225946    0.017218
0.121335    -0.108484    0.13941
-0.056234    -0.171432    0.148979
-0.12282    -0.211864    -0.039738
-0.155784    -0.118696    -0.095083
0.181769    -0.077151    0.053817
0.113375    -0.098908    0.147283
-0.096838    -0.183108    0.117202
-0.129767    -0.202368    -0.044568
-0.11927    -0.132092    -0.132307
0.166958    -0.078731    -0.089488
0.18429    -0.063474    0.045147
-0.068931    -0.152144    0.154717
-0.147446    -0.186837    -0.026117
-0.152931    -0.100226    -0.105579
0.165909    -0.227852    0.015481
0.112763    -0.057613    0.151267
-0.137035    -0.166633    0.087704
-0.143011    -0.193774    -0.016711
-0.137171    -0.094419    -0.127513
0.167    -0.050839    -0.089216
0.186427    -0.027873    0.004175
-0.10466    -0.138694    0.140665
-0.148041    -0.17592    0.051179
-0.113071    -0.106873    -0.145956
-0.185447    -0.090248    -0.024591
0.181486    -0.027495    -0.041258
0.119217    -0.038848    0.144047
-0.16565    -0.1388    0.05802
-0.165335    -0.161502    0.009089
-0.170307    -0.068888    -0.081461
0.16715    -0.011843    -0.070477
0.153692    -0.002708    0.093554
-0.175372    -0.118259    0.051234
-0.13961    -0.044468    -0.126115
-0.182073    -0.100861    0.038397
0.177032    -0.004382    -0.029226
-0.128357    -0.030842    -0.135593
-0.179067    -0.044018    -0.057599
-0.180907    -0.099475    0.048609
0.114909    0.003333    0.13513
-0.143862    -0.114149    0.112853
-0.187141    -0.062759    0.023201
0.171688    0.007264    -0.040774
-0.15734    -0.107678    0.098103
-0.175727    -0.07661    0.06831
-0.157291    -0.082974    0.104101
0.066345    0.01421    0.159488
-0.170486    -0.061102    0.081213
-0.148868    -0.079208    0.115612
0.138506    0.023478    0.095761
-0.165605    0.012905    -0.052787
-0.17061    -0.006681    0.058331
0.215773    -0.196916    0.003149
-0.12069    0.027245    -0.115659
-0.157422    -0.047055    0.10353
0.21616    -0.182049    0.019029
-0.147175    0.025404    -0.081383
0.21099    -0.18056    -0.017953
0.111823    0.046427    0.10659
-0.141277    0.006979    0.104406
0.237536    -0.160504    0.015105
-0.09393    0.024799    -0.138959
0.140224    0.043147    -0.06941
0.118474    0.058512    0.081328
-0.154841    0.030088    -0.056312
0.128079    0.053588    -0.076231
0.127259    0.060992    0.061751
-0.157677    0.035047    0.03922
0.125749    0.0624    -0.061935
0.131365    0.065628    0.040117
-0.15563    0.040647    0.027344
0.122294    0.064523    -0.065134
0.231355    -0.140741    -0.009957
-0.149328    0.046179    -0.041202
0.125455    0.073805    -0.025485
0.254944    -0.089727    0.017776
-0.129672    0.057444    -0.06434
0.095791    0.079047    -0.073933
0.270252    -0.068895    0.010016
-0.17623    -0.227151    -0.011429
-0.085333    0.054201    0.120396
-0.098724    0.066573    -0.094109
0.06848    0.078953    0.100177
-0.140799    0.059909    0.019634
0.076125    0.084508    -0.084879
0.254719    -0.057561    -0.007622
-0.188113    -0.196784    0.012733
-0.059969    0.069326    0.118726
-0.073661    0.090398    -0.075114
-0.020852    0.074316    0.125508
-0.102965    0.074517    0.074284
-0.019714    0.091728    -0.100645
0.025497    0.079048    0.118723
-0.112048    0.077116    0.052272
-0.011429    0.09435    -0.097449
0.007053    0.088559    0.10738
-0.118154    0.079171    0.028204
-0.075551    0.095028    -0.060881
0.023129    0.087316    0.107225
-0.091307    0.088705    0.056975
-0.083001    0.098842    -0.037472
-0.046093    0.095323    0.085437
-0.082153    0.090673    0.063842
-0.091435    0.098696    0.00458
-0.242221    -0.158667    0.008318
0.256357    0.056421    -0.010852
0.245617    0.057375    0.018922
-0.239632    -0.162875    -0.007946
0.114085    0.102496    -0.015106
0.115141    0.10848    0.0065
-0.252562    -0.102051    0.018671
0.235095    0.064512    0.009468
-0.250197    -0.081445    0.000795
0.234743    0.067667    -0.011985
-0.271422    -0.068647    0.004148
-0.002106    0.109525    0.076736
0.045267    0.121744    -0.043374
-0.255161    -0.029299    0.005687
0.235081    0.100003    0.0076
-0.141731    0.105233    -0.015351
0.031507    0.12129    0.054977
0.048036    0.130333    -0.024874
-0.047238    0.121699    0.040889
0.034439    0.130685    -0.04109
-0.247506    0.033504    -0.012037
0.006189    0.13193    -0.052067
-0.254385    0.031578    0.018965
0.217661    0.095628    0.01645
-0.152971    0.105176    0.005878
-0.039984    0.132554    0.033142
-0.131808    0.118683    0.011241
-0.003864    0.148385    -0.038861
-0.015356    0.156578    -0.03064
-6.7e-05    0.154243    -0.035632
-0.148505    0.127568    0.007655
0.198696    0.10652    -0.014174
0.174543    0.132842    0.000729
-0.215195    0.091013    0.004998
0.187993    0.123555    -0.017655
0.022353    0.192055    0.014844
-0.173277    0.127879    -0.01521
-0.197814    0.106518    0.013789
-0.20761    0.12337    0.007037
-0.008775    0.214813    -0.029642
0.035629    0.228929    -0.010917
0.033963    0.246616    0.033443
0.049153    0.252208    0.015523
0.047108    0.257202    0.035739
-0.042544    0.245059    0.018446
-0.059678    0.271012    -0.035812
0.062285    0.268367    -0.026639
0.068569    0.276574    0.011628
-0.061059    0.265516    0.025463
-0.047978    0.262839    0.043747
0.004985    0.264432    0.065511
-0.043491    0.282516    0.049391
0.05143    -0.417393    0.015708
0.060286    -0.441853    -0.016635
0.055033    -0.433508    -0.015396
0.059249    -0.447352    -0.045617
0.049386    -0.453878    0.065544
0.030537    -0.429759    0.047169
0.045636    -0.449902    -0.066659
0.038605    -0.329045    0.031278
0.034853    -0.394182    -0.035297
0.012371    -0.442514    0.062536
0.029351    -0.454408    -0.076721
0.033037    -0.312918    0.041983
0.028836    -0.461572    -0.07849
0.031015    -0.309493    0.044646
0.015399    -0.369084    -0.043275
0.068755    -0.279    -0.000611
-0.020285    -0.459753    0.081279
0.037133    -0.459436    0.019957
0.025161    -0.30652    -0.049728
0.050004    -0.270113    0.055448
0.02852    -0.459436    0.016007
0.001634    -0.339232    -0.04743
0.063125    -0.269684    -0.040427
-0.019881    -0.396959    0.045559
-0.025729    -0.462227    0.058007
-0.007965    -0.293138    -0.061013
0.106795    -0.231941    -0.013241
-0.023227    -0.387701    0.042552
-0.019909    -0.459436    0.03082
0.0837    -0.253226    -0.023242
0.116343    -0.222129    -0.019405
-0.028561    -0.431813    0.049172
-0.017017    -0.352853    0.043249
-0.019307    -0.459436    -0.029776
-0.031308    -0.456928    -0.07644
0.069177    -0.237689    -0.075245
0.100665    -0.218796    -0.068207
0.016944    -0.272605    0.071094
-0.03751    -0.442844    -0.052279
-0.031074    -0.462227    -0.069567
0.07527    -0.227917    -0.083084
0.115299    -0.200008    0.07797
0.043574    -0.187122    0.143727
-0.065992    -0.462227    -0.037758
-0.02735    -0.324143    -0.042965
0.033398    -0.226749    -0.108436
0.127384    -0.218673    0.012822
0.115941    -0.163356    0.117964
0.015457    -0.208215    0.13134
-0.074535    -0.462227    0.037429
-0.049645    -0.269647    -0.056038
-0.009475    -0.214074    -0.126185
0.161659    -0.167245    0.011314
0.13531    -0.171008    -0.085505
0.022465    -0.232348    0.105183
-0.033573    -0.314873    0.040966
-0.052036    -0.287946    -0.037062
-0.034441    -0.192126    -0.142027
0.154429    -0.174203    -0.033221
0.147216    -0.14299    0.093015
0.063265    -0.177748    -0.1418
0.03283    -0.173654    0.154839
-0.056673    -0.440131    0.014294
-0.075994    -0.234071    -0.074129
0.058844    -0.180391    -0.141863
0.132806    -0.214567    0.01892
0.090355    -0.156324    0.141761
-0.057333    -0.437433    0.005007
-0.011437    -0.18795    0.148554
-0.076556    -0.448794    0.016819
-0.076896    -0.241339    -0.060963
-0.050244    -0.181479    -0.14468
0.170238    -0.143585    -0.033357
0.136015    -0.135189    0.113074
0.041485    -0.158083    -0.1626
-0.036096    -0.238389    0.094516
-0.062578    -0.282068    0.02268
-0.063888    -0.279474    -0.02311
-0.091134    -0.166234    -0.134665
0.179983    -0.125832    -0.007713
0.141069    -0.116341    0.1155
-0.047141    -0.340606    0.001459
-0.040668    -0.163623    0.160054
-0.047836    -0.333558    -0.008675
-0.104293    -0.171374    -0.120563
-0.081093    -0.139699    -0.155629
0.17622    -0.09713    0.060922
0.034687    -0.134611    -0.173809
-0.006994    -0.155203    0.168489
-0.077104    -0.265813    -0.006952
-0.088144    -0.156397    -0.143324
0.184478    -0.102691    -0.018338
0.149229    -0.093486    0.112139
-0.036993    -0.132623    -0.174084
-0.068708    -0.180687    0.137621
-0.112989    -0.219366    -0.042761
-0.136208    -0.13112    -0.114653
0.170672    -0.074685    0.080649
0.143356    -0.107327    -0.116408
-0.055569    -0.120923    -0.172707
-0.085801    -0.167174    0.138085
-0.135858    -0.19819    -0.038778
-0.127845    -0.117266    -0.131168
0.179994    -0.075796    -0.058066
0.189977    -0.053484    0.002427
0.115613    -0.127461    -0.136846
-0.022907    -0.106585    -0.183252
-0.113261    -0.166075    0.117869
-0.164489    -0.1476    -0.050505
-0.101497    -0.125382    -0.148407
0.17366    -0.048149    0.072258
0.161766    -0.067119    -0.098923
-0.011529    -0.089819    -0.187223
-0.056406    -0.1342    0.168236
-0.133851    -0.194693    0.051146
-0.176937    -0.128969    -0.023526
-0.183538    -0.097781    -0.030656
0.181824    -0.046824    0.052086
0.110339    -0.096785    -0.149945
0.017046    -0.07476    -0.187867
-0.127683    -0.204127    0.045906
-0.139864    -0.176549    0.069905
-0.182911    -0.115165    -0.008932
-0.18876    -0.085569    -0.004671
0.153003    -0.037359    -0.107158
0.180375    -0.022249    0.041932
0.079492    -0.053403    -0.171239
-0.065061    -0.062176    -0.17714
-0.154384    -0.136944    0.087382
-0.167412    -0.152112    0.02541
-0.184167    -0.060026    -0.045862
0.143956    -0.017511    -0.112941
0.154484    -0.016384    0.098766
0.138001    -0.050456    -0.129583
-0.044729    -0.04618    -0.183498
-0.166642    -0.129076    0.064079
-0.14496    -0.03965    -0.118085
0.166342    -0.214537    -0.016965
0.16496    0.004596    0.063331
0.093262    -0.039611    -0.16367
-0.053743    -0.041378    -0.180277
-0.156066    -0.133904    0.08594
-0.188384    -0.076482    0.013109
0.148633    0.005475    -0.095819
0.103519    -0.009231    0.148333
0.028257    -0.021628    -0.181949
-0.13018    -0.018118    -0.130896
-0.160823    -0.015906    -0.088598
0.177775    -0.226564    -0.010995
0.077577    0.003977    0.159336
-0.060209    -0.00774    -0.170121
-0.144097    -0.010571    -0.109533
-0.185726    -0.048515    0.030307
0.129925    0.020819    -0.109148
0.072463    0.000543    -0.162572
-0.161655    0.006542    -0.069081
-0.183481    -0.016869    -0.006498
0.204814    -0.208075    0.006337
0.0243    0.011102    -0.172239
-0.164062    -0.044084    0.093906
-0.178167    0.003111    -0.004165
0.216547    -0.194406    0.009023
-0.144484    -0.227684    0.014298
-0.157116    0.010204    0.07621
0.109492    0.022921    -0.128276
0.111531    0.03149    0.120853
-0.173098    0.011031    0.01807
0.109924    0.037467    -0.117211
0.109788    0.051848    0.102356
-0.126675    0.003208    0.125952
0.092647    0.045007    -0.123848
0.211859    -0.168966    -0.002996
-0.122687    0.034898    -0.105445
0.093356    0.048375    -0.120021
0.2253    -0.159624    0.017368
-0.112492    0.034237    -0.117811
0.219936    -0.166128    -0.0164
-0.030783    0.053232    -0.1455
0.052908    0.044878    0.14564
-0.116636    0.032249    0.116171
-0.070613    0.043624    -0.139279
0.106506    0.06623    0.0847
-0.158505    0.039731    0.009989
0.089486    0.072045    -0.094714
0.240326    -0.117078    0.000852
-0.132547    0.052807    -0.068323
0.121474    0.069948    -0.051519
0.270158    -0.077471    0.003612
-0.101424    0.061062    -0.099558
0.106247    0.078115    -0.062308
-0.070317    0.072648    -0.108553
-0.055555    0.044722    0.144657
-0.097992    0.06221    0.101346
0.01289    0.069638    -0.131692
0.091152    0.084589    0.067817
-0.14087    0.061253    -0.009513
0.104994    0.085801    -0.038343
0.253347    -0.067629    0.008447
-0.201888    -0.180043    -0.001669
-0.058331    0.072057    0.116152
-0.043609    0.085718    -0.102906
0.020732    0.076069    0.123283
-0.103982    0.06998    0.081158
-0.100876    0.088505    -0.037125
0.035538    0.084853    0.107793
-0.121921    0.07647    -0.026611
0.010898    0.091826    -0.101656
0.030965    0.086096    0.107581
-0.108981    0.081311    0.045333
-0.027671    0.096272    -0.091334
0.047212    0.096976    0.082077
-0.106374    0.085079    0.037924
-0.07554    0.098279    -0.05243
-0.008974    0.092716    0.100518
-0.098617    0.089573    0.038266
-0.097469    0.094035    0.01532
-0.059363    0.095001    0.076827
0.25798    0.043227    -0.016678
0.260497    0.047028    0.009717
-0.263319    -0.082661    -0.017752
0.077019    0.109119    -0.003626
0.071259    0.114136    0.001122
-0.258243    -0.060099    0.016639
0.241922    0.075691    0.018771
-0.251942    -0.071318    -0.003793
0.24147    0.085    0.015205
-0.266138    -0.086808    0.013463
0.060079    0.119283    0.024911
0.044179    0.118702    -0.048828
-0.254571    -0.046578    -0.004168
-0.114458    0.108688    -0.002267
-0.273843    -0.025624    -0.002722
0.043365    0.124192    0.041873
0.23127    0.089282    -0.019171
-0.022378    0.119614    0.060723
0.136692    0.11687    -0.016842
-0.253728    0.037539    -0.019097
-0.029224    0.135184    -0.039964
-0.244152    0.043801    0.012126
-0.129811    0.120014    0.001615
-0.260934    0.048821    -0.003941
0.001579    0.130324    0.054189
-0.036402    0.142128    0.024498
-0.133643    0.120751    -0.008768
0.008963    0.156917    -0.033126
0.01514    0.159036    -0.029469
-0.029667    0.15804    0.015897
0.196513    0.128882    0.002814
0.02822    0.173699    0.003079
0.171971    0.122797    0.018813
-0.164386    0.120808    0.019097
0.000658    0.178177    0.027797
0.017208    0.195906    -0.020647
-0.203106    0.107867    0.01746
0.018684    0.206238    0.021525
0.025829    0.217125    -0.018199
0.045605    0.243192    0.000823
0.045651    0.245714    0.0116
0.042992    0.257061    0.040742
0.056132    0.257631    0.020733
-0.03312    0.239342    0.027606
-0.022556    0.258493    -0.056756
0.066602    0.2671    -0.007812
-0.001508    0.257138    0.059333
-0.049786    0.261517    0.040198
-0.016785    0.261828    0.062491
-0.046914    0.2751    0.052326
0.036586    0.280697    0.049919
-0.045081    0.276988    -0.04499
-0.053298    0.276897    0.034395
-0.015441    0.276205    0.062014
-0.035496    0.256709    -0.037209
-0.047284    0.255512    0.014656
-0.030469    0.245807    -0.030445
0.005646    0.242518    -0.040431
0.001196    0.234141    -0.036152
-0.00254    0.234976    0.036514
-0.02553    0.218848    0.012986
0.021071    0.201061    0.012257
-0.021114    0.189591    0.009983
-0.00404    0.171755    -0.025024
-0.010701    0.160791    0.02668
-0.034568    0.146898    -0.009737
-0.037261    0.14486    -0.001677
0.016047    0.129256    -0.047365
-0.000191    0.132849    0.047096
0.020274    0.121092    -0.054041
-0.04611    0.117746    -0.040273
-0.058047    0.115291    0.0266
-0.028757    0.111168    -0.062107
0.025314    0.10502    0.071705
0.019186    0.099687    0.081211
0.03255    0.096824    0.080907
-0.075186    0.099835    0.03481
-0.066653    0.096676    0.056689
-0.056088    0.09175    -0.076598
0.084441    0.088569    -0.054444
-0.02492    0.089465    0.096273
-0.093902    0.090736    -0.025657
0.10253    0.082147    0.040505
-0.088007    0.081672    -0.067485
0.112483    0.080789    0.006318
-0.101669    0.084626    -0.032281
0.003033    0.071967    0.124692
0.111708    0.079922    -0.021779
-0.108454    0.074543    0.053335
0.025613    0.064442    -0.130158
-0.095045    0.073546    0.076416
0.104011    0.061663    0.087043
-0.062387    0.062643    -0.119586
-0.118928    0.065314    0.056369
0.067876    0.061202    -0.119024
-0.125771    0.068601    -0.023901
-0.021068    0.05732    0.138006
0.116579    0.05093    -0.087009
-0.074238    0.05213    0.124994
0.146987    0.050615    0.000343
-0.064827    0.048675    -0.132496
-0.140882    0.05624    0.006538
0.149043    0.044084    0.02346
0.15022    0.042835    -0.021857
-0.083129    0.04572    0.124717
0.153199    0.034124    0.042677
0.154439    0.030581    -0.045543
-0.097991    0.046016    0.113024
0.010936    0.034591    0.157492
-0.094449    0.032551    -0.127699
-0.124185    0.035916    0.095558
0.040739    0.027016    0.158451
0.161358    0.026262    -0.021542
-0.061789    0.027617    0.149772
-0.055731    0.022998    -0.154891
-0.162556    0.02505    0.01699
-0.115538    0.017126    -0.122434
0.162587    0.008489    0.055246
-0.15307    0.011152    -0.075229
0.053971    0.013661    0.160844
-0.078687    0.012314    -0.151122
-0.162795    0.013126    0.049713
0.173123    -0.002956    0.029105
0.041601    0.004785    -0.168813
-0.161648    -0.002311    -0.067582
-0.128948    0.00806    0.113664
0.168849    -0.023584    0.065809
0.044455    0.000797    0.170057
0.146636    -0.01529    -0.102681
-0.091283    2e-05    -0.149974
0.159106    -0.007791    -0.077801
-0.162601    -0.001304    0.064609
0.157923    -0.040602    0.096
0.025701    -0.024559    0.179634
0.037621    -0.012752    -0.174696
-0.060448    -0.01182    -0.167458
-0.178056    -0.019362    -0.026186
-0.060541    -0.004382    0.165242
-0.176793    -0.018221    0.033405
0.178626    -0.03298    0.042932
-0.040084    -0.019152    0.176219
-0.033105    -0.035397    -0.180188
-0.147741    -0.052121    -0.111684
0.171581    -0.047116    -0.068084
-0.143274    -0.03652    0.114139
0.149411    -0.058686    0.109725
0.052804    -0.04167    0.177151
0.083234    -0.047546    -0.165336
-0.083588    -0.049915    -0.165515
-0.167164    -0.058265    -0.080561
0.183499    -0.062281    -0.025765
-0.160439    -0.030285    0.089058
0.169893    -0.068669    0.073968
0.034914    -0.068302    0.182272
0.020786    -0.053544    -0.184165
0.144344    -0.057099    -0.116286
-0.181287    -0.058222    -0.042435
0.185494    -0.078581    -0.009835
-0.168408    -0.056463    0.077647
0.16561    -0.091515    0.079886
0.017805    -0.076266    0.184475
0.03898    -0.058847    -0.181736
-0.09393    -0.055055    -0.161469
0.163971    -0.080817    -0.087873
-0.095016    -0.073837    0.160549
-0.169281    -0.075654    0.075229
0.173135    -0.106262    0.056083
0.02308    -0.087745    0.182677
0.020024    -0.081243    -0.183979
-0.118576    -0.091358    -0.140348
0.178816    -0.083809    -0.05089
-0.091105    -0.062364    0.162824
-0.162951    -0.100348    0.082826
0.166603    -0.11224    0.067887
0.012422    -0.098526    0.18249
-0.015921    -0.101317    -0.181553
-0.173658    -0.108677    -0.053401
0.140806    -0.108523    -0.113742
-0.138064    -0.103629    0.118666
-0.184646    -0.088883    0.006471
0.171297    -0.1249    0.046923
-0.024893    -0.105861    0.179761
-0.088864    -0.108574    -0.158996
-0.169445    -0.128616    -0.048405
0.126191    -0.110949    -0.130352
-0.112144    -0.114547    0.139836
-0.176061    -0.116351    0.031414
0.167653    -0.143439    0.024586
0.027464    -0.131306    -0.17218
-0.123333    -0.153109    -0.110399
0.156734    -0.143346    -0.064412
0.167968    -0.142114    -0.026661
-0.038484    -0.116791    0.175045
0.140009    -0.144155    0.095344
0.023361    -0.148583    0.165506
-0.092706    -0.136386    -0.146312
-0.166111    -0.142341    -0.039662
0.072856    -0.14793    -0.150992
-0.097258    -0.135885    0.143159
-0.16575    -0.145555    0.031486
0.159141    -0.164805    0.010103
-0.049594    -0.143409    -0.162794
-0.166595    -0.14894    -0.013434
0.047646    -0.161721    -0.154485
-0.108653    -0.155932    0.123143
-0.16405    -0.155241    0.011291
0.154385    -0.172585    0.009381
-0.078462    -0.162038    -0.141492
-0.153784    -0.168137    -0.034633
0.02746    -0.17905    -0.147923
-0.093316    -0.172098    0.123234
-0.145575    -0.18106    0.035853
0.139962    -0.191077    0.021137
-0.108097    -0.185407    -0.099109
0.119708    -0.184408    -0.085374
-0.036214    -0.18643    -0.141747
-0.02727    -0.171629    0.152628
0.096113    -0.199725    0.095637
-0.06444    -0.188876    -0.128371
-0.132127    -0.198403    -0.034436
0.031989    -0.197891    -0.132869
-0.097556    -0.186959    0.107749
-0.142278    -0.188912    0.016761
0.043148    -0.192469    0.134093
-0.141922    -0.191029    -0.006167
0.018085    -0.211465    -0.122356
-0.104232    -0.195091    0.091215
-0.141828    -0.190969    0.007308
0.001769    -0.221556    0.113808
-0.11165    -0.223001    -0.006023
0.007236    -0.225523    -0.108801
-0.07186    -0.214394    0.096888
0.064704    -0.223308    0.09054
0.029795    -0.214933    0.117177
0.089172    -0.245053    -0.005845
-0.017489    -0.243357    -0.089307
-0.059757    -0.220643    0.097852
0.083722    -0.249103    0.016138
-0.093527    -0.238603    -0.022062
0.035872    -0.248559    -0.07781
-0.093305    -0.232887    0.039619
0.078471    -0.255379    0.019022
-0.064135    -0.267222    -0.033339
0.024929    -0.263824    -0.070183
-0.078231    -0.249136    0.033369
0.019157    -0.260604    0.074806
0.060576    -0.26535    -0.041531
-0.064736    -0.256822    0.045829
0.010589    -0.268006    0.070754
0.049859    -0.285531    -0.035515
-0.048536    -0.276852    0.044117
-0.017235    -0.282695    0.06047
0.013151    -0.290601    -0.057665
0.017408    -0.301118    0.051516
0.035321    -0.32545    -0.031208
0.045237    -0.321209    0.01632
0.041887    -0.339113    -0.013471
0.03984    -0.344012    0.017402
0.038727    -0.345853    -0.019866
0.020493    -0.341235    0.038669
0.027977    -0.350925    -0.03297
-0.008621    -0.368866    0.041843
0.008583    -0.376608    -0.042224
-0.031554    -0.377866    -0.029806
0.007126    -0.399729    -0.046186
-0.016902    -0.404084    0.044382
0.030796    -0.417111    -0.039412
0.050922    -0.425517    0.009576
-0.02715    -0.419552    0.042853
-0.022775    -0.441253    -0.049915
-0.017961    -0.430332    0.049598
0.025073    -0.443241    -0.042937
-0.017273    -0.443241    0.007538
-0.041136    -0.443241    -0.015292
-0.033565    -0.443241    -0.030185
0.03158    -0.459436    0.011466
-0.002855    -0.459436    0.044818
-0.026046    -0.459436    -0.016043
0.065982    -0.121669    0.168236
-0.02175    -0.124889    -0.178361
0.064066    -0.114256    -0.171306
-0.056064    -0.125213    -0.17115
0.126141    -0.1205    -0.131322
-0.081286    -0.112669    -0.164655
0.085961    -0.068976    0.168515
0.036729    -0.091641    -0.183642
0.038313    -0.081804    0.184945
0.071612    -0.055956    0.174546
0.03674    -0.080206    -0.18524
0.046864    -0.055794    0.184119
0.112901    -0.080938    -0.150899
-0.015876    -0.057903    -0.188121
-0.04321    -0.096271    0.18216
0.11824    -0.079019    -0.146838
0.027523    -0.047567    -0.185956
0.033197    -0.043683    0.184745
0.111265    -0.048744    -0.151757
0.097534    -0.057239    -0.162897
-0.010346    -0.053692    0.188935
0.047769    -0.002642    0.173818
-0.025023    -0.011185    -0.179442
-0.019551    -0.041548    0.186248
0.062338    -0.004981    -0.168427
-0.1258    -0.123994    0.130327
-0.085923    -0.070136    0.168504
-0.022231    -0.014323    0.180748
0.054739    0.006362    -0.167688
-0.078933    -0.042363    0.170046
-0.013606    0.007863    0.175029
-0.018163    0.018365    -0.169844
0.013606    0.025579    -0.16668
0.090675    0.047589    -0.122845
-0.108809    -0.024678    0.149614
-0.026686    0.033011    -0.160625
-0.103712    0.017304    0.136406
0.020574    0.057634    -0.142788
-0.013525    0.061359    -0.140235
-0.093656    0.048487    0.119709
0.080739    -0.125724    0.160846
0.017663    -0.121946    0.179829
-0.01903    -0.124179    0.178987
0.098384    -0.060812    0.162276
-0.049924    -0.125694    0.173602
-0.014134    -0.086859    0.187376
0.030284    -0.051266    0.18615
0.065883    -0.018    0.170934
0.059283    -0.006866    0.170319
-0.056119    -0.068291    0.180862
-0.031591    -0.027799    0.182809
-0.007918    -0.001944    0.179163
-0.026891    -0.005763    0.177736
-0.057273    -0.015961    0.17387
-0.120786    -0.06773    0.144999
-0.111758    -0.04552    0.150861
-0.109678    0.012007    0.134668
-0.029188    0.027536    0.16366
0.001118    0.042262    0.158026
0.033342    0.063839    0.135377
0.026441    -0.443241    0.03521
-0.023159    -0.443241    -0.030437
-0.011196    -0.443241    0.053415
0.016524    -0.443241    -0.001834
0.031862    0.278573    0.054517
-0.059887    0.270626    -0.020902
-0.061738    0.273775    0.019099
-0.04324    0.256639    -0.027461
-0.049151    0.258223    -0.021118
-0.033246    0.255565    0.036751
0.035321    0.236415    0.012369
0.028985    0.22973    -0.017231
-0.019354    0.232767    -0.029514
0.017836    0.220525    0.023089
0.020134    0.204445    -0.014162
0.005257    0.200542    0.023621
-0.023698    0.17794    -0.005741
0.022801    0.15865    -0.018796
0.021197    0.149633    0.026339
0.042186    0.13874    -0.000388
0.035296    0.13109    0.033354
-0.040871    0.131665    -0.025125
0.038126    0.123742    0.040217
0.011688    0.115177    -0.062926
-0.015527    0.11707    -0.060329
0.070612    0.108713    0.010694
-0.061706    0.10997    0.033568
-0.069153    0.110306    0.00674
-0.048589    0.104705    0.058927
-0.078776    0.101411    -0.019683
-0.062445    0.095635    -0.064117
0.086342    0.090385    -0.045507
0.092667    0.088948    0.03642
0.035897    0.086029    0.097866
-0.03544    0.08746    -0.095554
0.089901    0.08656    0.052564
-0.042697    0.084365    -0.097792
-0.022905    0.084452    0.104518
-0.00045    0.080059    -0.114284
0.080818    0.074939    0.089414
0.093877    0.072412    -0.080373
-0.04316    0.077402    0.108648
0.067851    0.068196    -0.109623
-0.092369    0.070472    -0.086183
0.030706    0.06658    0.127175
0.124983    0.071044    -0.009622
-0.040956    0.066324    0.12414
0.124889    0.054035    0.071167
-0.13059    0.062397    -0.03654
0.069787    0.058418    0.121078
-0.013751    0.052234    -0.143654
-0.131263    0.065301    -0.009993
-0.012086    0.051696    0.144433
0.146954    0.04299    -0.041526
-0.069943    0.05305    0.126369
0.135058    0.044779    0.06669
0.11065    0.042156    -0.10597
-0.138138    0.060045    -0.000363
0.029876    0.031963    0.156693
-0.076665    0.02864    -0.142843
-0.129397    0.040551    0.083583
0.043786    0.034415    0.152544
-0.031834    0.029477    -0.157973
-0.148772    0.047082    -0.007367
0.157007    0.021816    0.052398
-0.110956    0.020608    -0.123677
-0.109842    0.032455    0.116025
0.03073    0.021564    -0.162559
-0.125146    0.025301    0.105108
0.120667    0.021362    -0.114295
0.127543    0.01391    0.111646
0.158159    0.010032    -0.064236
0.154402    0.00825    0.075257
-0.033968    0.007223    -0.168813
-0.167781    0.012052    -0.026835
0.164211    -0.00342    0.062363
0.079292    0.00789    -0.152835
-0.133624    -0.002068    -0.113547
-0.111919    0.01243    0.128061
0.132908    -0.025309    0.125205
0.045161    -0.010374    0.173096
0.00792    -0.013579    -0.178838
-0.121839    -0.010919    -0.13036
-0.176662    -0.02326    -0.045068
-0.154528    -0.01561    0.092546
0.134249    -0.025712    0.123584
0.047528    -0.017227    0.174513
0.086256    -0.010105    -0.15627
-0.054478    -0.005374    -0.167992
-0.176677    -0.036847    -0.05209
-0.104134    -0.003842    0.141525
-0.158082    -0.012023    0.083301
0.16815    -0.045532    0.075871
-0.016129    -0.020609    0.179781
0.015473    -0.030762    -0.18189
-0.109099    -0.028384    -0.145723
0.163277    -0.043012    -0.086697
-0.076663    -0.019045    0.162974
0.102054    -0.034563    0.152262
0.180692    -0.072085    0.046681
0.126304    -0.046114    -0.135542
-0.01647    -0.047706    -0.184037
-0.14254    -0.070502    -0.118445
0.185367    -0.067779    -0.011311
-0.135299    -0.048187    0.127094
0.150766    -0.064274    0.107902
0.086852    -0.059356    0.164623
0.066876    -0.063641    -0.172809
0.140931    -0.066768    -0.120635
-0.177739    -0.064721    -0.054927
0.183514    -0.068247    -0.02537
-0.136062    -0.054058    0.127113
0.135868    -0.092097    0.124355
0.065211    -0.07237    0.1735
0.082852    -0.069917    -0.16615
-0.0964    -0.075698    -0.159414
-0.185197    -0.062899    -0.01251
-0.102604    -0.062575    0.154815
-0.126159    -0.062786    0.136738
0.148314    -0.10678    0.104608
0.088192    -0.09967    0.160883
0.057472    -0.089365    -0.17518
-0.128251    -0.100513    -0.131237
-0.179687    -0.097084    -0.034891
0.178846    -0.107688    -0.029726
-0.106038    -0.087971    0.150652
0.151769    -0.108066    0.099732
0.016374    -0.102787    0.181341
0.019272    -0.097036    -0.181749
-0.148292    -0.110903    -0.102792
0.128547    -0.118696    -0.124853
-0.059516    -0.096757    0.173204
-0.161196    -0.106189    0.08483
0.165193    -0.126226    0.060651
0.013431    -0.108589    0.180758
-0.03842    -0.115244    -0.175449
-0.158084    -0.132094    -0.073186
0.132826    -0.130207    -0.113772
-0.139451    -0.108487    0.115528
-0.179963    -0.109647    0.016725
0.163256    -0.139054    0.053729
-0.016401    -0.115381    0.178366
-0.095039    -0.133922    -0.145791
0.144901    -0.153224    -0.081466
0.052039    -0.138659    -0.164092
-0.086277    -0.126484    0.154484
0.113764    -0.147156    0.124189
0.059206    -0.134737    0.163076
-0.073094    -0.136223    -0.15653
-0.161303    -0.15205    -0.042997
0.073612    -0.153676    -0.147904
-0.097822    -0.141245    0.139713
-0.162355    -0.139271    0.055547
0.140809    -0.173171    0.062305
-0.018546    -0.156078    -0.162703
-0.132224    -0.181055    -0.070133
0.075779    -0.18215    -0.128834
-0.13367    -0.155731    0.095067
-0.151647    -0.154673    0.063444
0.140567    -0.179493    0.052677
-0.040941    -0.166201    -0.154153
-0.15801    -0.166342    -0.011035
0.049735    -0.18348    -0.139064
-0.135131    -0.163466    0.086562
-0.14168    -0.166528    0.070828
0.120112    -0.198225    0.064605
-0.091134    -0.172634    -0.124432
0.126138    -0.195517    -0.055778
0.010304    -0.187959    -0.143904
-0.051322    -0.179948    0.140812
0.089339    -0.19424    0.106593
0.014263    -0.192687    0.139548
-0.122199    -0.200381    -0.054804
0.049843    -0.201945    -0.122884
-0.113777    -0.190551    0.084867
-0.119918    -0.19965    0.061932
0.114965    -0.219628    0.008539
-0.118238    -0.212212    -0.035636
0.05909    -0.207533    -0.113887
0.128833    -0.207013    -0.005255
-0.137794    -0.18868    0.042182
0.057535    -0.207666    0.11444
-0.112986    -0.219523    -0.024035
0.069143    -0.214297    -0.099075
-0.096018    -0.210452    0.079819
-0.118534    -0.215009    0.018487
0.039053    -0.223671    0.103789
0.095764    -0.227475    -0.047931
0.009369    -0.232791    -0.101085
-0.104327    -0.215642    0.059809
0.092129    -0.229369    0.051794
-0.073209    -0.241842    -0.056284
0.064613    -0.248966    -0.055789
-0.075079    -0.240468    0.056174
0.060448    -0.254326    0.054317
-0.065093    -0.256548    -0.045619
0.063979    -0.255761    -0.048023
-0.071522    -0.246551    0.050774
0.024198    -0.256646    0.075935
-0.075458    -0.26079    0.012829
-0.043989    -0.271784    -0.053019
0.061614    -0.283493    0.00785
-0.064504    -0.272746    0.022496
-0.022015    -0.280456    -0.059512
-0.010639    -0.285034    0.060555
0.036351    -0.300979    -0.040515
0.044045    -0.311796    0.024916
-0.054663    -0.282072    0.031794
-0.029804    -0.303377    0.044217
-0.041224    -0.329822    0.020672
-0.031385    -0.319216    0.037028
-0.036144    -0.331113    0.027977
0.035635    -0.358433    0.024157
-0.02627    -0.347643    0.034449
0.041576    -0.37341    0.009944
0.034341    -0.376324    -0.025821
0.005941    -0.373124    0.042063
0.029707    -0.389493    -0.034031
0.004941    -0.396206    0.045959
0.050434    -0.417124    -0.000327
0.050414    -0.435685    0.018826
-0.044419    -0.413406    0.021521
0.010666    -0.412636    -0.04812
-0.021904    -0.419435    0.045599
