0.040815    -0.505292    -0.091526
0.067799    -0.483371    -0.083744
0.04766    -0.501158    -0.072675
-0.005544    -0.482346    -0.110332
0.029979    -0.515799    -0.061517
0.034409    -0.504452    -0.052983
0.054121    -0.495554    -0.096976
0.011195    -0.514573    -0.065255
0.026414    -0.517811    -0.059356
0.008702    -0.51065    -0.067353
0.056792    -0.489684    -0.100604
0.075035    -0.456399    -0.100392
0.001375    -0.483158    -0.119241
0.081167    -0.451156    -0.095954
0.046649    -0.47713    -0.111811
0.004644    -0.515469    -0.03713
0.069018    -0.461056    -0.104629
0.066375    -0.410247    -0.108588
0.052829    -0.41945    -0.114794
0.037781    -0.463095    -0.11941
-0.01717    -0.475101    -0.098153
0.096016    -0.458685    -0.079241
0.094645    -0.406892    -0.084753
0.086636    -0.389937    -0.092457
0.042714    -0.444606    -0.118306
0.007567    -0.463556    -0.124708
-0.00685    -0.446889    -0.125651
-0.02398    -0.479258    -0.08708
0.097493    -0.436782    -0.079819
0.106873    -0.445216    -0.067251
0.078767    -0.389527    -0.098476
0.023587    -0.437491    -0.123744
0.041364    -0.39153    -0.11935
-0.001061    -0.450899    -0.126312
-0.034983    -0.420279    -0.12197
-0.040415    -0.452573    -0.118849
0.05529    -0.491709    -0.043443
0.116792    -0.422449    -0.048143
0.116254    -0.390551    -0.04908
0.101478    -0.377055    -0.073063
0.013781    -0.453479    -0.124634
0.052128    -0.378651    -0.113775
-0.051606    -0.432222    -0.114763
-0.034382    -0.469259    -0.100626
0.119929    -0.445735    -0.039055
0.117816    -0.394882    -0.045708
0.065635    -0.380518    -0.107598
0.110408    -0.379456    -0.060816
0.040163    -0.373806    -0.118161
-0.07252    -0.447021    -0.102359
-0.01887    -0.506021    -0.043269
-0.015072    -0.517958    -0.023168
0.123793    -0.423459    -0.027437
0.124583    -0.398459    -0.022715
0.076825    -0.332789    -0.089884
0.079387    -0.291671    -0.079188
0.096105    -0.322891    -0.066049
0.09485    -0.311977    -0.064666
0.01144    -0.385797    -0.12536
0.04264    -0.346688    -0.11262
-0.033218    -0.388702    -0.122422
-0.083013    -0.428169    -0.094898
-0.077253    -0.418198    -0.099631
0.062941    -0.489182    -0.040075
-0.051016    -0.462744    -0.108653
0.125425    -0.43923    -0.012033
0.126737    -0.391149    -0.00437
0.122538    -0.36541    -0.016637
0.121192    -0.35055    -0.007689
0.060033    -0.320407    -0.10014
0.06826    -0.29435    -0.088295
0.087318    -0.345126    -0.083652
0.096088    -0.290257    -0.057042
0.107851    -0.316946    -0.041394
0.018132    -0.37302    -0.123078
0.040911    -0.337071    -0.111583
-0.055442    -0.377753    -0.112103
-0.077595    -0.384791    -0.098647
-0.092567    -0.434234    -0.085733
0.032545    -0.512785    -0.01702
-0.040654    -0.517958    -0.027021
0.124037    -0.441466    0.022153
0.125517    -0.432666    0.01259
0.125942    -0.382233    0.005597
0.115622    -0.314347    -0.003282
0.112732    -0.36412    -0.050374
0.114187    -0.351195    -0.041173
0.074565    -0.27616    -0.080761
0.026114    -0.330248    -0.115114
0.029238    -0.356916    -0.119232
-0.01668    -0.37561    -0.123491
-0.041857    -0.369805    -0.116794
-0.095096    -0.391779    -0.082763
-0.109085    -0.435547    -0.064152
-0.10035    -0.417225    -0.076284
-0.080259    -0.486691    -0.01548
-0.097026    -0.481452    -0.023365
-0.050096    -0.505362    -0.058961
-0.050627    -0.486582    -0.078587
0.045596    -0.50615    -0.018983
0.124009    -0.431053    0.024349
0.122306    -0.460727    0.029691
0.123416    -0.369016    0.013773
0.117632    -0.327442    0.00491
0.110661    -0.283728    -0.004695
0.097538    -0.281083    -0.052071
0.00466    -0.353883    -0.121954
0.002818    -0.322867    -0.116927
-0.008913    -0.355068    -0.121533
-0.009124    -0.31518    -0.114729
0.031856    -0.287447    -0.106479
-0.040883    -0.354007    -0.114488
-0.046836    -0.364719    -0.113976
-0.071504    -0.333976    -0.093859
-0.096482    -0.391647    -0.08095
-0.114221    -0.438757    -0.052156
-0.112105    -0.414603    -0.058836
-0.075926    -0.488941    -0.013132
-0.056541    -0.513071    -0.057893
0.123096    -0.465198    -0.018896
0.117804    -0.417992    0.045987
0.117095    -0.36969    0.041896
0.123174    -0.360603    0.005606
0.120036    -0.356081    0.023597
0.108284    -0.272114    0.013655
0.065626    -0.257462    -0.086037
0.091994    -0.251926    -0.057456
0.100136    -0.25242    -0.040513
0.107122    -0.264594    -0.018894
-0.01636    -0.390567    -0.124873
-0.027954    -0.355464    -0.119093
0.049143    -0.267935    -0.097305
0.050517    -0.259084    -0.096234
-0.032501    -0.298297    -0.107804
-0.061536    -0.31844    -0.098209
-0.063626    -0.349141    -0.103124
-0.08312    -0.306554    -0.077841
-0.083686    -0.317185    -0.080044
-0.116553    -0.381016    -0.045294
-0.12007    -0.42488    -0.038938
-0.01074    -0.517958    -0.007995
-0.061341    -0.516473    -0.043758
0.085448    -0.484959    -0.03445
0.102064    -0.477288    -0.042952
0.110639    -0.42446    0.062865
0.115598    -0.403487    0.05186
0.112985    -0.378496    0.054323
0.111682    -0.353397    0.048188
0.115593    -0.36271    0.042845
0.104569    -0.294926    0.039627
0.104197    -0.277027    0.034913
0.107218    -0.249748    0.012201
0.057641    -0.246165    -0.091418
0.085243    -0.236468    -0.064923
0.096752    -0.221343    -0.044429
0.105877    -0.241248    -0.018972
-0.031422    -0.395698    -0.123073
0.03961    -0.222163    -0.098657
-0.052462    -0.276475    -0.096536
-0.089337    -0.314753    -0.072007
-0.090185    -0.306411    -0.068594
-0.119246    -0.37307    -0.036535
-0.123038    -0.416515    -0.030933
-0.080091    -0.485964    -0.010379
-0.061023    -0.497306    -0.005715
0.121759    -0.476791    -0.005294
0.108042    -0.411344    0.067111
0.10991    -0.391965    0.064078
0.098155    -0.318284    0.062103
0.09646    -0.290874    0.056729
0.096158    -0.249649    0.049738
0.105291    -0.222736    0.015992
0.061206    -0.209717    -0.086722
0.091212    -0.217254    -0.055636
0.09604    -0.205705    -0.045306
0.097165    -0.208005    -0.042691
0.104404    -0.211646    -0.020478
0.02058    -0.24718    -0.105776
0.050724    -0.18049    -0.093194
0.048003    -0.202344    -0.094724
-0.110092    -0.358184    -0.053003
-0.097594    -0.29406    -0.054954
-0.122652    -0.387606    -0.030879
-0.122523    -0.450626    -0.028344
-0.125441    -0.402398    -0.013707
-0.118442    -0.461951    -0.007216
-0.099246    -0.473644    -0.004775
-0.026638    -0.517958    -0.002572
0.096185    -0.427739    0.081894
0.094199    -0.438239    0.084053
0.067946    -0.492783    0.027911
0.105552    -0.467152    0.05081
0.096177    -0.344342    0.071891
0.09936    -0.350643    0.069485
0.081006    -0.28878    0.076434
0.100909    -0.237295    0.036575
0.092502    -0.259652    0.05746
0.103714    -0.201855    0.024451
0.055998    -0.170617    -0.089881
0.085101    -0.180311    -0.06257
0.094164    -0.211002    -0.050071
0.103835    -0.171149    -0.019532
0.002741    -0.230303    -0.107232
-0.010657    -0.257666    -0.107574
-0.023197    -0.246857    -0.105353
-0.03411    -0.266159    -0.103237
0.040833    -0.180103    -0.097285
-0.072879    -0.265874    -0.080667
-0.109583    -0.329329    -0.041532
-0.108159    -0.299597    -0.031885
-0.126788    -0.427111    0.000431
-0.12376    -0.455345    -0.017744
-0.108819    -0.473125    -0.056572
-0.062408    -0.496302    -0.002913
0.119084    -0.483133    0.004202
0.088076    -0.441491    0.090955
0.085504    -0.390765    0.093361
0.078234    -0.486356    0.032837
0.078947    -0.355718    0.093123
0.085175    -0.358351    0.088903
0.077266    -0.272934    0.078274
0.086336    -0.257698    0.065328
0.093326    -0.180484    0.05074
0.077873    -0.211185    0.072851
0.106868    -0.209875    0.00153
0.097076    -0.190573    0.042134
0.064737    -0.168108    -0.083149
0.096971    -0.155674    -0.04187
0.024972    -0.185461    -0.103161
0.018289    -0.202324    -0.10433
-0.007041    -0.257211    -0.108026
-0.035149    -0.233916    -0.100977
-0.057418    -0.25245    -0.091645
-0.08411    -0.24931    -0.066895
-0.101856    -0.284372    -0.041395
-0.12052    -0.36532    -0.028287
-0.116102    -0.334556    -0.022154
-0.123281    -0.440508    0.024518
-0.124816    -0.386941    0.014266
-0.111355    -0.478039    -0.046157
0.116462    -0.484858    -0.017706
0.013753    -0.517958    0.001715
0.077897    -0.479273    0.04733
0.075067    -0.438465    0.101032
0.066767    -0.396489    0.107994
0.106366    -0.495182    0.030991
0.057425    -0.305051    0.098881
0.060469    -0.276262    0.091591
0.071726    -0.249529    0.080832
0.082892    -0.182683    0.065514
0.063362    -0.197344    0.084803
0.092401    -0.150375    0.053085
0.071326    -0.161221    -0.078207
0.083118    -0.143893    -0.065369
0.097959    -0.138794    -0.04006
0.016594    -0.180868    -0.104186
-0.006316    -0.207815    -0.105938
-0.018488    -0.204781    -0.104284
-0.038197    -0.219003    -0.098898
-0.071907    -0.176944    -0.07745
-0.086027    -0.238812    -0.063493
-0.09891    -0.275053    -0.046018
-0.116613    -0.324615    -0.005445
-0.122652    -0.369182    0.016154
-0.118792    -0.433881    0.041438
-0.118528    -0.397813    0.043129
-0.111629    -0.481872    -0.030702
0.110309    -0.496003    -0.005327
0.090882    -0.467801    0.060504
0.051967    -0.495817    0.036587
0.053624    -0.426357    0.114278
0.053045    -0.39529    0.114655
0.111505    -0.489925    0.030393
0.056885    -0.310164    0.100062
0.048504    -0.285673    0.099387
0.056962    -0.220482    0.090241
0.079602    -0.154811    0.069717
0.06245    -0.174275    0.085009
0.09729    -0.149516    0.041311
0.086171    -0.143745    0.061393
0.031273    -0.131171    -0.101873
0.090537    -0.116013    -0.05804
0.104337    -0.135453    -0.019217
-0.009595    -0.191186    -0.105222
-0.004486    -0.17202    -0.105566
-0.035241    -0.199434    -0.099762
-0.055842    -0.176587    -0.089769
-0.076413    -0.198375    -0.073786
-0.093741    -0.245281    -0.053844
-0.106948    -0.279581    -0.026096
-0.120233    -0.356393    0.01895
-0.121971    -0.366791    0.019166
-0.115392    -0.379598    0.047692
-0.112904    -0.408385    0.05731
-0.11564    -0.39441    0.049786
-0.09446    -0.498377    -0.053024
0.096211    -0.508255    -0.004333
0.029631    -0.513767    0.017986
0.051323    -0.49419    0.042213
0.058056    -0.446103    0.111911
0.036706    -0.378279    0.120119
0.035216    -0.355454    0.117293
0.040622    -0.325393    0.109574
0.040776    -0.260077    0.100324
0.044699    -0.26091    0.098747
0.04322    -0.21037    0.096853
0.056725    -0.148669    0.089617
0.1066    -0.125324    0.007035
0.066425    -0.110651    -0.084485
0.045281    -0.123606    -0.0966
0.078581    -0.110703    -0.074185
0.096669    -0.111559    -0.047475
-0.005585    -0.15743    -0.105517
-0.020843    -0.149373    -0.103614
-0.053856    -0.159153    -0.091287
-0.091732    -0.209149    -0.054122
-0.015243    -0.11552    -0.105893
-0.102848    -0.248601    -0.032313
-0.107187    -0.254354    -0.01073
-0.116989    -0.343394    0.02682
-0.112164    -0.307306    0.0169
-0.104303    -0.423068    0.070893
-0.114998    -0.461095    0.048127
-0.095902    -0.405855    0.08253
0.078201    -0.515883    0.008538
0.02305    -0.513635    0.028907
0.043149    -0.455426    0.117787
0.032216    -0.369752    0.120865
0.029985    -0.339881    0.11624
0.020096    -0.337033    0.117058
0.036587    -0.241765    0.101021
0.032335    -0.172298    0.100661
0.052718    -0.142209    0.09253
0.105472    -0.116355    0.020037
0.087775    -0.116665    0.061572
0.056496    -0.100535    -0.093355
0.002799    -0.098061    -0.109285
0.091753    -0.092154    -0.060724
0.105507    -0.103851    -0.026384
-0.052182    -0.144042    -0.092532
-0.062371    -0.149081    -0.084918
-0.097077    -0.199907    -0.041415
-0.096261    -0.200303    -0.043402
-0.10527    -0.258664    -0.027022
-0.107267    -0.269256    0.016104
-0.107798    -0.274534    0.015685
-0.111773    -0.326149    0.034847
-0.110164    -0.320662    0.036315
-0.090012    -0.407832    0.09014
-0.121081    -0.463131    0.032927
0.089444    -0.511462    0.011398
0.040396    -0.500188    0.042278
0.024134    -0.517012    0.052478
0.083482    -0.463376    0.093219
0.001577    -0.391102    0.1269
0.032938    -0.423778    0.122857
0.017467    -0.320228    0.11455
0.005681    -0.325298    0.116963
0.023262    -0.235872    0.104825
0.059449    -0.109789    0.089908
0.043954    -0.11568    0.097702
0.011791    -0.199272    0.105132
0.034498    -0.117142    0.101517
0.107096    -0.093701    0.025997
0.08022    -0.117488    0.071331
0.076326    -0.085697    -0.080949
0.041683    -0.088142    -0.102085
-0.013386    -0.085043    -0.109803
0.080684    -0.097024    -0.073947
0.110168    -0.07747    -0.021355
-0.028343    -0.13484    -0.102636
-0.08665    -0.157733    -0.059858
-0.096472    -0.178873    -0.041941
-0.042216    -0.097891    -0.100084
-0.104418    -0.193605    -0.014462
-0.105725    -0.24469    0.017949
-0.105697    -0.347175    0.058769
-0.097128    -0.378007    0.078291
-0.076149    -0.427673    0.10018
-0.108357    -0.470294    0.059979
-0.102228    -0.472804    0.013835
0.029337    -0.516573    0.06147
0.049681    -0.465191    0.114036
0.021369    -0.437375    0.124039
-0.011924    -0.382366    0.124858
-0.009852    -0.314664    0.114546
-0.011449    -0.329117    0.11679
0.000348    -0.258789    0.109053
0.058226    -0.082342    0.095474
0.032791    -0.082274    0.106723
0.00407    -0.188139    0.105958
0.009536    -0.104771    0.107405
0.111484    -0.082811    0.00521
0.093735    -0.101088    0.055934
0.070103    -0.084667    0.08592
0.038426    -0.065664    -0.107486
0.016174    -0.072282    -0.11153
0.099262    -0.063276    -0.058826
0.106008    -0.073156    -0.03859
-0.044162    -0.114926    -0.097475
-0.0757    -0.12142    -0.076132
-0.094546    -0.163375    -0.04633
-0.041514    -0.08807    -0.101972
-0.106394    -0.207421    -0.001256
-0.103837    -0.188493    0.018211
-0.098461    -0.263148    0.044895
-0.102162    -0.35269    0.065789
-0.094726    -0.346674    0.073817
-0.08404    -0.372178    0.091972
-0.07046    -0.43993    0.104162
-0.069556    -0.493437    0.016191
-0.009908    -0.515451    0.029879
-0.038837    -0.488972    0.068251
0.027693    -0.461577    0.12231
-0.015681    -0.407602    0.125473
-0.030204    -0.408487    0.123539
-0.015233    -0.309661    0.112987
-0.003808    -0.298568    0.112607
-0.001115    -0.238275    0.107806
0.050304    -0.098071    0.096899
-0.00553    -0.193381    0.105794
-0.009271    -0.207248    0.105539
0.014122    -0.121305    0.105725
0.111936    -0.071857    0.015263
0.105394    -0.072407    0.040448
0.072113    -0.05142    -0.091862
0.045093    -0.059014    -0.106097
0.013548    -0.048355    -0.11648
-0.044617    -0.064015    -0.105068
0.082987    -0.06984    -0.077978
0.114696    -0.056006    -0.017461
-0.069917    -0.095027    -0.08374
-0.098907    -0.148986    -0.036293
-0.105153    -0.162531    -0.006292
-0.103425    -0.173153    0.019349
-0.100997    -0.207071    0.03227
-0.098381    -0.229062    0.040423
-0.086569    -0.33187    0.08035
-0.087    -0.313751    0.074775
-0.059077    -0.426038    0.111834
-0.086164    -0.454328    0.091659
-0.060897    -0.505388    0.024629
-0.046021    -0.400217    0.117559
-0.022291    -0.489537    0.06997
-0.033919    -0.48485    0.075064
-0.025298    -0.507398    0.04005
0.005014    -0.51043    0.047138
-0.012325    -0.45498    0.1247
-0.028509    -0.43145    0.123186
-0.04024    -0.375893    0.11818
-0.033343    -0.292883    0.106468
-0.031554    -0.298323    0.108201
-0.02327    -0.220099    0.103929
0.035932    -0.059096    0.109875
-0.021539    -0.18956    0.103621
-0.006667    -0.133673    0.10584
-0.02363    -0.078498    0.109448
0.111839    -0.05096    0.035577
0.095115    -0.061538    0.064775
0.053161    -0.065658    0.101383
0.070418    -0.025198    -0.098955
0.048706    -0.02802    -0.110622
0.004093    -0.035874    -0.119937
-0.01572    -0.027646    -0.119757
-0.048136    -0.047017    -0.10712
0.103519    -0.025141    -0.064557
0.108927    -0.0442    -0.045934
0.118021    -0.041966    -0.012243
-0.085388    -0.094719    -0.067774
-0.092633    -0.136223    -0.051928
-0.103418    -0.15739    0.019984
-0.095179    -0.188257    0.045479
-0.090006    -0.242555    0.058631
-0.090249    -0.286162    0.063338
-0.077567    -0.34233    0.09098
-0.085076    -0.364161    0.089853
-0.036185    -0.428266    0.121256
-0.116368    -0.478954    0.033145
-0.016902    -0.481477    0.086545
-0.021133    -0.486261    0.07603
-0.041958    -0.516299    0.039323
0.05882    -0.49369    0.082332
0.06129    -0.490193    0.097165
-0.048035    -0.319234    0.105186
-0.047173    -0.355626    0.112178
-0.043024    -0.28907    0.101838
-0.041621    -0.228228    0.097974
0.022464    -0.0495    0.115086
-0.032652    -0.208378    0.100999
-0.021183    -0.152671    0.103525
-0.021406    -0.085862    0.108624
-0.003629    -0.067292    0.114081
0.11875    -0.040665    0.008402
0.106476    -0.036552    0.055252
0.097181    -0.034154    0.070297
0.07624    -0.03797    0.091747
0.041521    -0.043323    0.110778
0.082645    -0.036199    -0.087212
0.054607    -0.015473    -0.11049
0.020182    -0.013005    -0.121746
0.019397    -0.026598    -0.119515
-0.008359    -0.022338    -0.121638
-0.043434    -0.035317    -0.111267
0.094824    -0.012753    -0.079354
0.11022    -0.00188    -0.061638
0.119269    -0.022191    -0.028555
0.121456    -0.018867    0.016274
0.12356    -0.002046    0.022239
-0.101078    -0.106902    -0.036486
-0.103723    -0.129961    -0.023037
-0.093799    -0.166025    0.048044
-0.091532    -0.172991    0.053374
-0.082932    -0.246752    0.06821
-0.059568    -0.326628    0.101457
-0.064845    -0.319617    0.09592
-0.090009    -0.479776    0.079534
-0.014855    -0.485943    0.079568
0.018199    -0.516976    0.071265
0.006875    -0.510431    0.054892
0.054747    -0.491504    0.100155
-0.070252    -0.274654    0.083517
-0.05174    -0.252495    0.095158
-0.04165    -0.194625    0.097019
0.009354    -0.035992    0.119224
-0.03662    -0.160102    0.098752
-0.031867    -0.121665    0.102097
-0.014384    -0.056209    0.114797
0.117498    -0.007249    0.041678
0.097346    -0.019764    0.074106
0.082815    -0.031576    0.088074
0.060807    -0.023289    0.106482
0.020897    -0.004746    0.12307
0.069359    8.2e-05    -0.10511
0.014762    -0.000464    -0.124568
-0.050995    -0.029089    -0.109283
-0.049423    -0.024492    -0.110781
0.102471    0.007561    -0.07448
0.124976    0.000576    -0.014252
-0.084766    -0.070162    -0.074948
-0.097739    -0.095306    -0.048562
-0.104543    -0.107682    0.027821
-0.095315    -0.147762    0.045006
-0.077063    -0.213011    0.073347
-0.06551    -0.248891    0.0852
-0.085923    -0.478772    0.08566
-0.054956    -0.494993    0.074585
0.048499    -0.497115    0.097845
-0.003681    -0.471273    0.123567
-0.00835    -0.037588    0.11902
-0.047246    -0.152236    0.094462
-0.038462    -0.080182    0.10452
-0.046108    -0.070714    0.103067
0.100962    0.004595    0.075809
0.049992    0.001554    0.115407
0.075088    0.018782    -0.103805
0.018933    0.015166    -0.126086
-0.014473    0.015173    -0.126612
-0.068063    -0.016182    -0.102337
0.096663    0.005947    -0.081702
0.12468    0.010808    -0.02678
-0.095613    -0.049945    -0.067147
-0.104866    -0.095435    -0.031304
-0.105066    -0.106581    0.024391
-0.102112    -0.111724    0.033175
-0.068302    -0.211774    0.080962
-0.057623    -0.235342    0.090357
-0.098303    -0.491672    0.05767
-0.057481    -0.496112    0.076098
0.033209    -0.502689    0.098023
-0.059045    -0.190381    0.087608
-0.030493    -0.004282    0.121824
-0.061946    -0.118728    0.086905
-0.059506    -0.090372    0.092611
0.121834    0.015202    0.039481
0.099008    0.017132    0.081055
0.063786    0.012742    0.111281
-0.01266    0.007964    0.125898
0.036213    0.03143    -0.124871
-0.030609    0.038148    -0.126806
-0.064736    -0.004847    -0.107323
0.105167    0.029182    -0.075039
0.128441    0.028027    -0.013135
-0.09172    -0.030664    -0.077779
-0.101014    -0.069397    -0.051389
-0.111194    -0.085931    -0.000258
-0.09405    -0.114032    0.052249
-0.075252    -0.150876    0.07486
-0.094644    -0.494403    0.059034
0.025045    -0.506352    0.09611
-0.042395    -0.026717    0.113283
-0.028959    -0.001028    0.122563
-0.07505    -0.135272    0.075505
-0.063127    -0.052637    0.098106
0.116326    0.034649    0.057939
0.084497    0.025193    0.097397
0.000349    0.032164    0.130301
0.087374    0.028375    -0.095555
0.026454    0.027224    -0.12641
-0.021991    0.039341    -0.12805
-0.067601    0.008289    -0.107456
0.120735    0.038361    -0.048182
0.1286    0.031251    -0.014178
0.122085    0.031796    0.043357
-0.099983    -0.02485    -0.068636
-0.113476    -0.062638    -0.013479
-0.105256    -0.101746    0.027152
-0.090654    -0.128755    0.055927
-0.088449    -0.50398    0.051537
0.009907    -0.495945    0.109553
-0.051362    -0.0288    0.109185
-0.077447    -0.123618    0.073684
-0.079477    -0.078404    0.079506
0.106804    0.039042    0.074382
0.085801    0.034505    0.097465
0.03179    0.025331    0.125533
0.080706    0.044061    -0.102329
0.010757    0.043665    -0.129897
-0.022454    0.0577    -0.12871
-0.075684    0.015596    -0.102462
0.12545    0.053678    -0.038592
0.131944    0.060194    0.000458
0.121175    0.042718    0.048074
-0.11214    -0.041422    -0.03828
-0.114307    -0.062957    -0.006697
-0.115443    -0.061578    8.9e-05
-0.066912    -0.512713    0.056123
-0.064345    -0.00951    0.106623
-0.056673    0.01543    0.114415
-0.092531    -0.093087    0.058869
-0.085082    -0.064277    0.07638
0.106998    0.046202    0.074795
0.048021    0.054421    0.12143
-0.039427    0.033296    0.12353
0.089842    0.054647    -0.095708
0.06117    0.057572    -0.116083
-0.007019    0.059483    -0.130794
-0.089007    0.021986    -0.093208
0.098486    0.050823    -0.086109
0.128002    0.054618    -0.029151
0.126807    0.054119    0.035349
0.106467    0.065192    0.076398
-0.114021    -0.030564    -0.038568
-0.117051    -0.043526    -0.014018
-0.117844    -0.046073    0.004513
-0.066256    -0.50363    0.077665
-0.076774    -0.017652    0.095338
-0.113958    -0.045295    0.032154
-0.106623    -0.013504    0.063156
0.078897    0.063183    0.10442
0.017875    0.057982    0.129382
-0.02968    0.04514    0.127388
0.090641    0.074376    -0.095075
0.014838    0.067568    -0.129931
-0.062973    0.048403    -0.114852
0.096298    0.067727    -0.089536
0.124603    0.078114    -0.040294
0.127713    0.066007    0.033681
0.097548    0.070109    0.087758
-0.100029    0.026471    -0.080717
-0.119877    -0.028344    -0.012351
-0.119113    -0.033958    0.010835
-0.090082    -0.010727    0.08549
-0.076156    0.011836    0.101478
-0.111341    -0.030753    0.044955
-0.116549    -0.002687    0.044869
0.059618    0.081075    0.116339
0.013498    0.068429    0.130073
-0.044041    0.047337    0.12266
0.072316    0.085696    -0.108592
0.093457    0.073789    -0.092858
0.012442    0.074976    -0.12996
-0.043222    0.069065    -0.123434
0.124583    0.084654    -0.03969
0.130855    0.075728    -0.00697
0.122921    0.080878    0.044081
-0.107323    0.03612    -0.072657
-0.124023    0.001838    -0.019206
-0.118603    -0.029193    0.020919
-0.097275    0.004261    0.079931
-0.121756    0.00013    0.033376
0.034643    0.085311    0.126509
-0.087298    0.028237    0.095237
-0.049119    0.061996    0.12102
0.086667    0.119947    -0.093358
0.109823    0.09003    -0.070362
0.061936    0.107794    -0.112923
0.046638    0.09065    -0.121178
0.025347    0.09394    -0.127182
-0.013494    0.094998    -0.128571
-0.03839    0.070691    -0.125368
-0.079211    0.058144    -0.103634
0.12176    0.127734    -0.035547
0.127103    0.094288    -0.027216
0.128556    0.096392    0.014512
0.120533    0.095681    0.047169
0.09351    0.102938    0.089429
0.104616    0.090824    0.077012
-0.116154    0.028277    -0.055707
-0.124518    0.002956    0.016565
-0.103964    0.030197    0.076148
0.080699    0.096303    0.101019
0.083384    0.119079    0.095991
0.054584    0.113362    0.115345
0.021485    0.106801    0.12635
-0.093302    0.036263    0.09095
-0.064124    0.077521    0.114425
-0.001089    0.089965    0.130728
0.074866    0.131197    -0.100948
0.073128    0.110552    -0.104971
0.098317    0.120707    -0.080147
0.113317    0.132381    -0.054677
0.042832    0.102492    -0.12143
0.005724    0.106519    -0.128454
-0.007656    0.110912    -0.12768
-0.040256    0.102153    -0.12234
-0.040289    0.093755    -0.123266
-0.087861    0.070666    -0.097027
-0.086532    0.122389    -0.092785
0.127899    0.115819    -0.00412
0.12648    0.127706    0.005485
0.127304    0.109452    0.013685
0.120739    0.120652    0.039927
0.101094    0.116491    0.077244
-0.122404    0.026088    -0.040097
-0.113519    0.036063    0.063924
-0.127163    0.02671    0.018362
0.080494    0.126512    0.09724
0.036847    0.133746    0.120412
0.002641    0.127571    0.126665
-0.108585    0.045311    0.072073
-0.068136    0.086    0.111425
-0.05441    0.115936    0.114935
-0.01041    0.134659    0.124841
0.107232    0.144563    -0.063611
0.051323    0.138172    -0.113723
-0.024101    0.141215    -0.122005
-0.080136    0.119604    -0.098056
-0.078753    0.115448    -0.099658
-0.096966    0.096192    -0.08546
0.122813    0.141181    -0.020022
0.117166    0.139201    0.04292
-0.121683    0.045978    -0.045965
-0.123031    0.035625    0.040852
-0.116395    0.045744    0.058714
0.082068    0.140743    0.093773
0.023856    0.135196    0.123055
-0.115839    0.054185    0.060701
-0.08795    0.09931    0.094704
-0.078798    0.096098    0.102145
-0.037313    0.122424    0.121292
-0.079895    0.117841    0.098471
0.078544    0.150116    -0.094617
0.110762    0.152821    -0.052777
0.036814    0.144326    -0.118684
-0.007547    0.140388    -0.124316
-0.06439    0.151514    -0.104841
-0.112801    0.087981    -0.066148
-0.107161    0.130579    -0.066334
0.116552    0.151097    0.039507
-0.124418    0.060277    -0.040453
-0.127721    0.049468    -0.026571
0.064411    0.135866    0.108289
0.005493    0.14956    0.123192
-0.126382    0.075462    0.035134
-0.053594    0.13998    0.11228
-0.022797    0.152171    0.120438
0.093521    0.16099    -0.076627
0.119447    0.159979    -0.020565
0.027938    0.155567    -0.119245
-0.071248    0.160355    -0.097409
-0.113849    0.07319    -0.065618
-0.114902    0.107209    -0.056516
0.121728    0.157265    0.007784
-0.13015    0.053686    -0.009068
-0.128606    0.065009    0.02333
0.043666    0.159718    0.112909
-0.118495    0.076599    0.05406
-0.10018    0.100002    0.080624
-0.038327    0.152571    0.116459
-0.091678    0.147164    0.082599
0.069748    0.166403    -0.097255
0.112476    0.169471    -0.039477
0.03464    0.166654    -0.115008
-0.008838    0.170897    -0.118322
-0.066922    0.170287    -0.097995
-0.101469    0.149713    -0.06918
-0.116066    0.129736    -0.047621
0.108395    0.169316    0.049418
-0.130649    0.0802    -0.003668
0.079297    0.170599    0.088773
0.020257    0.16917    0.11726
-0.121498    0.122512    0.03646
-0.126822    0.092089    0.027531
-0.100581    0.11607    0.077372
-0.110463    0.123322    0.06288
-0.059093    0.165964    0.104848
-0.101614    0.146675    0.069776
-0.025784    0.163126    0.117802
0.108232    0.181249    -0.041807
0.114958    0.175898    0.027009
-0.003337    0.174274    -0.118266
-0.079068    0.178756    -0.085958
-0.114463    0.14311    -0.046706
-0.128983    0.089525    -0.013146
0.107363    0.174248    0.049005
0.071358    0.181135    0.091397
-0.122245    0.131841    0.03082
-0.12538    0.127365    0.010544
-0.127316    0.108064    -0.011133
-0.051041    0.171025    0.106987
-0.110945    0.142945    0.055266
-0.023013    0.175891    0.11522
0.085324    0.177341    -0.08108
0.115408    0.182756    0.008942
0.044654    0.189854    -0.104318
-0.029435    0.190688    -0.110177
-0.084719    0.174963    -0.082348
0.093437    0.188094    0.065583
0.033941    0.180639    0.111537
-0.123787    0.146219    0.00299
-0.121645    0.144791    0.020977
-0.097227    0.184664    0.061604
-0.106952    0.174602    0.048607
0.095288    0.19222    -0.061159
0.108756    0.199092    0.020862
0.036184    0.193131    -0.1067
-0.038902    0.192133    -0.105745
-0.104539    0.17202    -0.056053
0.076641    0.200194    0.079952
-0.119518    0.153646    -0.026458
-0.03223    0.187646    0.109937
-0.105887    0.187153    0.042035
-0.023936    0.191217    0.110776
0.1021    0.201433    -0.040272
0.100833    0.206018    0.039275
0.010756    0.199057    -0.109895
-0.06456    0.203107    -0.087619
-0.103738    0.17691    -0.054687
0.028916    0.201888    0.1065
-0.118929    0.167838    0.007798
-0.087819    0.19613    0.068108
-0.110779    0.197374    0.006391
0.076236    0.206919    -0.077384
0.096082    0.20781    -0.048944
0.104171    0.211956    -0.018921
0.093665    0.2119    0.050233
0.081745    0.214412    0.065389
0.015109    0.214168    -0.103521
-0.049776    0.207138    -0.095715
-0.067166    0.222061    -0.075865
-0.118338    0.166723    -0.014153
0.041716    0.222946    0.091969
0.017979    0.22565    0.098217
-0.083861    0.199198    0.07156
-0.114303    0.185031    -0.008915
-0.002102    0.210285    0.106838
0.080397    0.228176    -0.057528
0.101265    0.222608    -0.006287
0.101523    0.220827    0.010132
0.085867    0.229429    0.049524
0.023068    0.232155    -0.094756
-0.029689    0.212643    -0.1015
-0.076478    0.216231    -0.070371
-0.112034    0.184618    -0.027028
0.035536    0.223563    0.094245
0.005463    0.22869    0.098561
-0.073455    0.214797    0.074936
-0.10265    0.209638    0.029922
-0.104816    0.208306    0.022362
-0.014806    0.226504    0.098206
0.090781    0.235692    -0.030313
0.086422    0.249373    0.018492
0.074011    0.240882    0.055718
0.00838    0.242086    -0.09152
-0.037192    0.239566    -0.085335
-0.07965    0.23388    -0.053905
0.044094    0.238626    0.083218
-0.033559    0.226169    0.09367
-0.073617    0.229836    0.064593
-0.096911    0.232534    0.003455
-0.103469    0.216739    -0.005113
0.070326    0.250788    -0.051732
0.087189    0.247714    -0.019528
0.068789    0.249074    0.055256
0.019039    0.255557    -0.082778
-0.057486    0.25128    -0.065163
-0.093786    0.207365    -0.053846
0.03588    0.252406    0.078565
-0.033652    0.244336    0.084012
-0.079713    0.237853    0.050363
-0.09749    0.224227    -0.026119
0.054073    0.266466    -0.055618
0.068199    0.258353    -0.047094
0.073129    0.272377    -0.003702
0.075846    0.256987    0.035775
0.029142    0.264101    -0.073057
-0.000209    0.275525    -0.071098
-0.039058    0.260439    -0.071535
-0.071346    0.246161    -0.053898
0.044593    0.264143    0.064945
0.001651    0.257915    0.083425
-0.054055    0.247967    0.07005
-0.084756    0.251858    0.017305
-0.002089    0.256269    0.084469
0.054075    0.276956    -0.044071
0.075308    0.267283    -0.014521
0.070008    0.260523    0.042237
0.015313    0.281433    -0.064992
-0.026394    0.272565    -0.067577
-0.060247    0.263425    -0.051004
0.028576    0.278213    0.06258
-0.035962    0.27149    0.064429
-0.061953    0.255723    0.057653
-0.067338    0.276154    0.020061
-0.088733    0.245459    -0.013575
0.056309    0.288954    -0.025612
0.045463    0.293384    0.03785
-0.038506    0.29065    -0.046634
-0.077582    0.253182    -0.036358
-0.023139    0.280959    0.062554
-0.062187    0.274532    0.03547
-0.067891    0.278557    -0.00673
-0.008246    0.289865    0.060466
0.056826    0.297489    0.002534
-0.019281    0.292477    -0.05629
-0.075621    0.261432    -0.027042
-0.037714    0.293981    0.044697
-0.068866    0.274288    -0.019792
0.04873    0.301554    0.025206
-0.023456    0.297912    0.050998
-0.054482    0.298888    0.010284
0.053869    0.302726    -0.006063
-0.015773    0.299425    0.053256
0.038415    0.308785    0.035788
-0.051149    0.305754    0.01361
-0.029771    0.311138    -0.042067
0.051326    0.314139    -0.006507
-0.025947    0.311304    0.044963
0.036804    0.3161    0.036998
-0.050781    0.313427    0.006779
0.046813    0.324285    0.026265
0.001291    0.325971    0.053871
0.01082    0.329886    -0.053703
-0.002053    0.326114    -0.053748
-0.045479    0.320148    0.025381
0.054478    0.33069    -0.015193
-0.032853    0.33069    -0.044313
-0.047989    0.329346    -0.025932
0.059977    0.33069    0.022759
-0.044911    0.33069    0.047439
0.000564    0.33069    -0.059598
-0.016875    0.33069    0.06188
-0.039881    0.331416    0.05249
-0.053402    0.332973    -0.038622
0.036995    0.33572    -0.053976
0.047    0.33572    0.025908
-0.037927    0.33572    -0.036844
0.000216    0.33572    0.053699
0.039241    0.33572    -0.04657
0.054171    0.33572    0.018866
-0.051694    0.33572    -0.033201
-0.064729    0.33572    0.009098
-0.007486    0.334777    -0.065618
-0.055076    0.33572    0.00719
-0.028459    0.33572    0.042831
0.049821    0.339338    0.03094
0.054836    0.339337    -0.019123
0.053671    0.339343    0.029281
-0.039951    0.339338    0.042387
-0.009519    0.341823    -0.060869
-0.019221    0.339328    0.049461
0.032307    0.342531    -0.052984
0.009877    0.340058    0.060975
0.05969    0.347834    -0.016262
0.030574    0.363834    -0.052659
-0.041504    0.360238    -0.044184
0.046414    0.360994    0.039067
-0.059848    0.345784    0.013108
0.059433    0.370999    -0.008956
0.019438    0.371166    -0.05683
-0.021348    0.366122    -0.056148
0.058978    0.373121    0.011513
0.041832    0.366369    0.043861
-0.053937    0.351312    -0.028512
-0.060594    0.35254    -0.004462
0.036855    0.381437    -0.046714
-0.025908    0.381405    -0.053418
0.055609    0.381633    0.021393
0.006958    0.353882    0.060456
-0.05826    0.362002    -0.016519
-0.05664    0.374803    0.018567
0.053287    0.386577    -0.026431
-0.009701    0.388347    -0.058252
0.055239    0.385255    0.021869
0.004803    0.368555    0.059915
-0.053755    0.384163    -0.024446
-0.060579    0.351315    0.005099
-0.050267    0.393005    -0.030852
-0.012273    0.37203    0.058674
-0.043935    0.381342    0.039946
-0.058968    0.360535    0.013399
0.041225    0.398314    0.042379
-0.058855    0.37833    0.006947
-0.006403    0.38561    0.058808
-0.025063    0.398353    0.05292
0.058181    0.403259    0.005991
-0.038013    0.40525    -0.043594
-0.046976    0.404598    0.03391
0.005912    0.406424    0.057207
0.010182    0.409247    -0.028135
-0.037639    0.408816    -0.018942
0.027611    0.409061    -0.022099
0.03047    0.409205    -0.007931
0.037455    0.408008    0.042158
-0.022043    0.408721    -0.03944
-0.033041    0.407746    0.045619
-0.052534    0.408452    0.003317
0.03102    0.409153    0.010615
0.012674    0.408897    0.038021
0.007157    0.408809    0.041896
-0.027921    0.408567    0.040707
0.017259    0.409502    -0.011883
-0.005349    0.409672    -0.007554
-0.022041    0.409463    0.007105
