0.033791    -0.018247    0.132912
0.01805    0.016991    0.138895
0.019685    -0.072635    0.039409
0.051378    -0.020101    0.120802
0.048923    0.010898    0.006717
0.009418    -0.072635    0.137864
0.057904    -0.026684    0.114288
0.054595    0.002749    0.012188
-0.00876    -0.017161    0.140492
0.037108    -0.034064    0.139947
0.064965    0.029466    0.107268
0.009324    -0.007473    -0.010432
-0.016722    0.029466    0.146256
0.004732    -0.075666    0.150128
0.066129    -0.009155    0.027634
-0.005466    0.012373    0.148592
0.014223    -0.075666    0.152365
0.053745    0.005209    0.001099
0.071992    0.018009    0.040277
-0.004442    -0.02113    -0.011409
-0.036678    -0.047874    0.132262
0.059573    0.012897    0.124247
0.01311    -0.096931    0.157927
0.075217    -0.03371    0.101075
0.033312    -0.052927    -0.011562
0.010747    -0.050653    -0.017863
-0.017991    -0.072635    0.034003
-0.043107    -0.034986    0.12774
-0.012455    -0.127829    0.15809
0.021709    -0.094794    0.156795
0.076139    -0.051551    0.063218
0.070801    -0.062532    0.020342
-0.008464    0.016508    -0.01824
-0.041599    -0.072635    0.085415
-0.033081    -0.163752    0.153036
0.078557    0.029466    0.070568
0.072751    0.00022    0.022928
-0.031083    0.006525    -0.00448
-0.061551    -0.015369    0.11014
-0.039898    -0.089565    0.150213
0.083232    -0.064205    0.070841
0.066084    -0.089531    -0.002453
0.078265    -0.043704    0.03624
-0.014429    -0.085293    -0.027873
-0.041351    -0.05582    0.000292
-0.064096    -0.018579    0.11911
0.069501    -0.100186    0.128277
0.08395    -0.161797    0.106983
0.071937    -0.102621    0.004855
0.081669    0.00099    0.04724
-0.020939    -0.126266    -0.027016
-0.043913    0.02285    0.002433
-0.065279    -0.049408    0.025328
-0.05516    -0.098627    0.141238
0.072505    -0.161899    0.005595
-0.051515    0.014487    -0.001058
-0.074787    -0.062589    0.07999
-0.077763    -0.002611    0.096332
0.093548    -0.166312    0.071615
-0.043754    -0.147476    -0.018657
-0.076399    -0.001154    0.07074
-0.080192    -0.063549    0.090466
0.093891    -0.126507    0.06901
-0.051046    -0.124596    -0.014437
-0.075995    -0.022013    0.058642
-0.082639    -0.004832    0.079763
-0.058881    -0.176819    -0.008425
0.091288    -0.167808    0.041172
-0.081153    0.006452    0.04181
-0.091499    -0.125753    0.090161
-0.077408    -0.029146    0.032769
-0.089548    -0.075666    0.064961
-0.070556    -0.095233    0.002297
-0.090071    -0.168743    0.03635
-0.09461    -0.077586    0.061996
0.025291    -0.009847    0.136853
0.01716    -0.010433    0.13905
0.040447    -0.072635    0.030439
0.003421    0.015487    0.141443
0.049884    -0.009248    0.007394
0.017451    -0.072635    0.119772
0.025429    0.003796    0.144784
0.046399    0.008292    0.004942
-0.013927    0.005418    0.140029
0.032314    -0.061763    0.141933
0.066622    -0.009536    0.101892
0.013827    -0.026603    -0.010028
0.001957    -0.072635    0.116613
0.046822    0.010484    0.13417
0.03722    -0.097392    0.1399
0.017129    -0.075717    0.14698
0.068024    -0.015865    0.031719
0.010141    0.021166    0.067037
-0.017781    -0.007078    0.14697
-0.010381    -0.112285    0.147945
0.032869    -0.150288    0.141703
0.042699    -0.096464    0.137334
0.017417    -0.162768    0.146942
0.07078    -0.023632    0.109643
0.070938    -0.029262    0.038004
-0.009152    -0.053511    -0.010589
0.000923    -0.048854    0.075521
-0.026996    0.029466    0.143326
-0.019745    -0.121658    0.146712
0.058317    -0.09812    0.12535
0.03886    -0.175209    0.098882
0.053774    -0.175209    0.058566
0.024529    -0.136656    0.156337
0.021367    -0.175209    0.139407
0.020779    -0.175209    0.00579
0.07801    -0.043588    0.094332
0.029987    -0.014778    -0.01294
0.001058    -0.015327    -0.019139
0.007896    -0.025924    0.058218
-0.002236    -0.040218    0.075425
-0.045901    -0.051293    0.125775
-0.027301    -0.113258    0.14425
-0.016015    -0.175209    0.125878
-0.012629    -0.175209    0.114952
0.06162    -0.105593    0.12158
0.041894    -0.175209    0.037092
0.021865    -0.175209    0.095715
0.06556    -0.175209    0.02126
0.033011    -0.175961    0.152824
-0.008296    -0.136183    0.158637
0.005663    -0.175209    0.005014
0.076582    0.029466    0.063171
0.075575    -0.141225    0.100212
0.046097    -0.139599    -0.004769
0.02734    -0.080219    -0.014036
0.007116    -0.097027    -0.018341
-0.009372    -0.026303    -0.01812
0.008325    0.005967    0.048219
-0.046411    -0.072635    0.113911
-0.05605    -0.065273    0.127535
-0.017943    -0.175209    0.05312
-0.012977    -0.175209    -0.016364
0.065416    -0.168815    0.116633
0.056876    -0.111194    0.139476
0.058839    -0.124153    0.005008
0.027531    -0.180797    0.149864
0.066745    -0.150443    0.015057
0.017526    -0.165056    -0.016971
0.082297    0.001598    0.077942
0.079696    -0.118135    0.090261
0.070559    -0.080758    0.020027
-0.006173    -0.168741    -0.018542
-0.00737    -0.066075    -0.018384
0.003889    -0.029547    0.055224
-0.005916    -0.045186    0.074037
-0.061406    0.012019    0.110314
-0.048356    0.007499    0.133439
-0.037109    -0.175209    0.110339
-0.040479    -0.175209    0.135072
-0.023773    -0.175209    0.06708
-0.018713    -0.180797    0.147262
0.074032    -0.175209    0.060349
0.081261    -0.153921    0.085818
0.080444    -0.150504    0.114016
0.036994    -0.131705    -0.021217
0.073139    -0.168587    0.023864
0.017337    -0.108561    -0.027413
-0.017194    -0.146098    -0.017091
-0.030581    -0.005469    -0.012934
-0.009527    0.047237    0.059584
0.011129    -0.067236    0.051096
-0.010677    0.028095    0.062582
-0.065952    -0.072635    0.06369
-0.052497    -0.145516    0.130262
-0.042677    -0.175209    0.123327
-0.027018    -0.161314    -0.01441
-0.046644    -0.180797    0.143255
0.074363    -0.17977    0.103138
0.083339    -0.150907    0.07003
0.087503    -0.14723    0.098405
0.069811    -0.137291    0.002084
0.0818    -0.049996    0.048235
0.008992    -0.170943    -0.028512
-0.028444    -0.075666    -0.015393
0.001723    0.045929    0.054541
-0.005409    -0.020838    0.083187
-0.065234    -0.035888    0.025265
-0.062022    -0.130442    0.121814
-0.055721    -0.102791    0.140808
-0.052283    -0.175209    0.028133
-0.033557    -0.120456    -0.011702
0.083711    -0.16313    0.062752
0.081541    -0.108808    0.046268
0.089606    -0.092805    0.093328
-0.044361    -0.08475    -0.018406
-0.057222    0.018058    0.013874
-0.010254    0.057974    0.053165
-0.076406    -0.031823    0.099607
-0.069184    -0.075838    0.11248
-0.068333    -0.086547    0.130557
-0.047249    -0.12667    -0.004331
0.093631    -0.167599    0.070989
-0.040646    -0.152553    -0.019945
-0.006293    -0.003201    0.047137
-0.076406    -0.039358    0.070698
-0.079625    -0.019509    0.091836
-0.075895    -0.149243    0.100841
-0.075615    -0.164849    0.121066
-0.060586    -0.177756    0.006273
0.09056    -0.112822    0.038932
-0.058192    -0.075666    -0.003634
-0.013609    -0.067236    0.062894
-0.075894    -0.015177    0.057519
-0.080221    -0.156002    0.090397
-0.066626    -0.161696    0.014144
-0.089427    -0.097449    0.095164
-0.067575    -0.11386    0.015381
0.092744    -0.167941    0.052235
-0.065819    -0.075666    0.004186
-0.074037    0.02907    0.02463
-0.083597    -0.16466    0.072486
-0.074915    -0.075691    0.02675
-0.077441    -0.163393    0.032849
-0.084247    -0.112533    0.067542
-0.074673    -0.180797    0.014472
-0.075598    -0.019663    0.028399
-0.084453    -0.065784    0.063979
-0.083643    -0.120006    0.057821
-0.083479    -0.081261    0.056574
-0.08193    -0.089741    0.017121
-0.094955    -0.081915    0.065346
-0.088955    -0.168498    0.033654
-0.094952    -0.089625    0.064588
-0.092317    -0.105565    0.044571
0.004923    -0.06312    0.083147
-0.002534    0.050193    0.083626
0.016443    0.049347    0.056303
-0.010213    0.05136    0.04892
-0.015868    0.011405    0.075529
-0.019137    0.038853    0.064251
-0.004783    0.121879    -0.093342
-0.010994    0.12866    -0.08206
-0.011454    0.140516    -0.068946
-0.000471    0.133485    -0.027511
0.012691    0.142202    -0.04859
-0.016428    0.130277    -0.101223
0.011357    0.129146    -0.113994
-0.022495    0.132073    -0.09518
0.016331    0.138741    -0.038973
-0.005907    0.126434    -0.153712
-0.017446    0.134238    -0.116509
0.021535    0.146548    -0.120577
-0.024504    0.137351    -0.168166
-0.016655    0.138163    0.005013
0.013681    0.149454    -0.046117
-0.000178    0.128751    -0.023117
-0.022125    0.146609    -0.108857
-0.021677    0.143207    -0.094477
0.013075    0.152206    -0.061247
0.019855    0.155959    -0.122724
-0.028013    0.152916    -0.123424
-0.018096    0.16025    -0.114849
0.021751    0.165217    -0.111809
-0.012483    0.154916    -0.06705
-0.012505    0.164036    -0.106764
0.014837    0.171569    -0.108844
0.007385    0.159532    -0.078731
-0.009626    0.167094    -0.081824
0.008575    0.174487    -0.113578
0.002599    0.161494    -0.029043
0.001922    0.16935    -0.136215
-0.002183    0.16879    -0.105435
0.020619    0.131852    -0.089959
0.019556    0.138622    -0.082303
0.014528    0.136129    -0.007864
0.00819    0.130845    -0.060622
0.02766    0.144144    -0.16102
-0.02866    0.147331    -0.100253
-0.018549    0.15324    -0.077461
-0.022847    0.164547    -0.123591
0.017496    0.169528    -0.132412
0.007319    0.175007    -0.147038
0.004025    0.166033    -0.002749
0.014294    0.167147    0.115245
-0.005655    0.166302    0.115361
-0.017385    0.168226    0.09488
0.004432    0.049332    0.131627
0.008199    0.071609    0.131114
0.007322    0.005598    0.113293
-0.005302    0.07193    0.131778
0.01858    0.005598    0.021576
-0.015728    0.034735    0.130298
-0.001994    0.005598    0.028486
0.01792    0.09247    0.00037
0.008574    0.005598    0.031383
-0.001312    0.171093    -0.001919
-0.00243    0.005598    0.001345
0.042556    0.005598    0.051598
0.002687    0.135278    -0.001868
0.027367    0.171156    0.043069
-0.007603    0.045633    -0.001307
0.036223    0.089773    0.121007
0.033497    0.064521    0.006884
0.041197    0.171156    0.023433
-0.022275    0.046766    0.12803
-0.017367    0.107965    -7e-06
0.04763    0.005598    0.085348
0.045881    0.171156    0.103508
-0.042955    0.0477    0.116283
-0.016707    0.005598    -0.004318
0.050579    0.04524    0.108211
0.054558    0.06007    0.026932
0.0552    0.171156    0.031846
-0.044603    0.005598    0.095972
-0.039917    0.002567    0.119952
0.052364    0.146103    0.105877
-0.005234    0.002567    -0.005196
-0.050059    0.155642    0.109626
-0.035292    0.069109    0.007786
0.06361    0.093856    0.045007
-0.047144    0.171156    0.094625
-0.046785    0.086107    0.016632
0.059297    0.162902    0.09536
0.065686    0.083123    0.055348
-0.050271    0.126173    0.020584
0.068517    0.005598    0.061884
0.065034    0.024585    0.050451
-0.05016    0.160896    0.02044
0.066031    0.107801    0.071982
-0.066261    0.104795    0.074663
-0.066755    0.005598    0.071077
-0.063157    0.130237    0.042545
-0.066606    0.117137    0.057928
0.002245    0.062396    0.132087
-0.000387    0.128685    0.132217
0.022811    0.139987    0.128092
0.019219    0.028392    0.129155
0.030271    0.087511    0.005466
0.000755    0.10229    -0.002119
-0.010642    0.098045    -0.000903
0.033768    0.148019    0.007091
-0.02329    0.019833    0.127612
0.045844    0.097405    0.113603
-0.039097    0.077587    0.119235
-0.029119    0.138117    0.004761
0.051541    0.022107    0.023012
-0.045299    0.037693    0.11449
0.053908    0.117364    0.10386
-0.055835    0.134166    0.102121
-0.034074    0.101026    0.006848
0.061208    0.030059    0.039232
-0.047677    0.093056    0.017319
0.065048    0.11988    0.050557
-0.060149    0.167188    0.094672
0.064895    0.151881    0.080707
-0.065006    0.016534    0.082994
0.066488    0.139869    0.068471
-0.060271    0.058052    0.035549
-0.066107    0.054239    0.075823
-0.066801    0.126654    0.059425
0.024777    0.171156    0.03929
-0.032267    0.171156    0.075474
-0.041258    0.171156    0.013148
-0.041966    0.134966    -0.113029
-0.046709    0.145009    -0.095229
-0.039969    0.144964    -0.131365
-0.047657    0.154608    -0.088964
-0.051551    0.155613    -0.048726
0.013467    0.125429    -0.17167
-0.023435    0.110897    -0.113998
-0.038281    0.171966    -0.10358
0.037575    0.123911    -0.10693
0.032348    0.132264    -0.154414
-0.00906    0.097686    -0.073334
0.046727    0.134274    -0.083146
-0.006023    0.109527    -0.140793
0.015396    0.105572    -0.106158
0.049259    0.132944    -0.058659
-0.031244    0.188687    -0.070475
-0.029814    0.190192    -0.065509
-0.020069    0.179971    -0.143311
0.029331    0.170405    -0.147405
-0.012773    0.197811    -0.057609
0.033528    0.184297    -0.077671
0.019337    0.18076    -0.141735
0.043304    0.166485    -0.092472
-0.005587    0.197668    -0.075887
0.007641    0.191697    -0.106983
-0.051504    0.138956    -0.049116
-0.029437    0.104788    -0.062265
-0.035453    0.17979    -0.048448
0.007345    0.100946    -0.053872
-0.009064    0.19407    -0.050187
0.04534    0.159188    -0.062884
-0.047262    0.141272    -0.057781
-0.014698    0.153743    -0.17167
0.032652    0.114066    -0.064256
0.000225    0.194722    -0.060693
0.065186    -0.174899    0.116761
0.060677    -0.168183    0.094086
0.060692    -0.185438    0.050459
0.061397    -0.429046    0.121135
0.058485    -0.528905    0.124497
0.064715    -0.274772    0.117305
0.06611    -0.22137    0.115694
0.070517    -0.185438    0.109477
0.07136    -0.529329    0.108437
0.074284    -0.441653    0.102415
0.07082    -0.50336    0.109549
0.071983    -0.288895    0.107155
0.053902    -0.168183    0.079648
0.051739    -0.191371    0.136379
0.038248    -0.185438    0.136516
0.054859    -0.531194    0.128247
0.049046    -0.316886    0.132183
0.054489    -0.351739    0.128497
0.051986    -0.314702    0.130193
0.110165    -0.237438    0.129912
0.057781    -0.185438    0.073854
0.061174    -0.657094    0.121393
0.065095    -0.531275    0.116866
0.064783    -0.513199    0.117226
0.063164    -0.626566    0.119095
0.081418    -0.178351    0.081884
0.12174    -0.232404    0.083663
0.077023    -0.425123    0.096774
0.077977    -0.630686    0.094808
0.07232    -0.609497    0.106461
0.0748    -0.486016    0.101352
0.050352    -0.168183    0.121908
0.038087    -0.185891    0.140064
0.031368    -0.185438    0.014608
0.04172    -0.429483    0.137144
0.041861    -0.442294    0.137049
0.046899    -0.558639    0.133637
0.038271    -0.491211    0.13948
0.106465    -0.385122    0.159721
0.108548    -0.283192    0.15728
0.117516    -0.364195    0.146772
0.130635    -0.285041    0.122579
0.132862    -0.362071    0.117906
0.130699    -0.323604    0.122444
0.098399    -0.240105    -0.019358
0.069431    -0.186672    0.019626
0.071645    -0.518137    0.022896
0.06567    -0.219911    0.014073
0.072881    -0.275575    0.024722
0.05062    -0.172833    -0.000735
0.048159    -0.323511    -0.002867
0.055761    -0.244111    0.003718
0.050966    -0.407571    -0.000435
0.05655    -0.274344    0.004401
0.094796    -0.200943    0.082068
0.081676    -0.392402    0.080548
0.081236    -0.329694    0.082833
0.079822    -0.508256    0.090175
0.081317    -0.265398    0.08241
0.140382    -0.36445    0.090819
0.139127    -0.370831    0.097606
0.137914    -0.292886    0.104165
0.07661    -0.232526    0.03252
0.080554    -0.20938    0.043906
0.081908    -0.572738    0.047815
0.07956    -0.271508    0.041037
0.081532    -0.457304    0.046732
0.044355    -0.168183    -0.001814
0.017361    -0.185695    0.147128
0.023411    -0.185438    0.082966
0.0297    -0.459237    0.142628
0.032875    -0.24031    0.141528
0.021864    -0.278703    0.145342
0.03667    -0.407632    0.140214
0.074899    -0.518933    0.185916
0.076719    -0.260365    0.184664
0.066897    -0.560771    0.191419
0.038521    -0.355569    -0.008255
0.037742    -0.297212    -0.008634
0.036182    -0.251936    -0.009391
0.037333    -0.389182    -0.008832
0.038123    -0.388629    -0.008448
0.111946    -0.522167    0.153299
0.098956    -0.302849    0.16852
0.109522    -0.487472    0.156139
0.125837    -0.414776    0.132649
0.126431    -0.650078    0.131402
0.123221    -0.63776    0.138137
0.137135    -0.313803    0.108378
0.138732    -0.656014    0.09974
0.139758    -0.547667    0.094193
0.099349    -0.217473    0.015678
0.081787    -0.217725    -0.00939
0.069132    -0.488575    0.019185
0.064385    -0.401503    0.012175
0.067513    -0.385205    0.016794
0.070322    -0.615572    0.020943
0.075383    -0.337442    0.028979
0.075416    -0.292537    0.029073
0.076379    -0.506626    0.031854
0.077396    -0.450634    0.034789
0.053073    -0.237699    -0.049049
0.04978    -0.681575    -0.001463
0.059391    -0.466995    0.006861
0.05839    -0.441944    0.005994
0.059931    -0.662182    0.007328
0.037562    -0.615052    -0.008721
0.04556    -0.541556    -0.004838
0.039577    -0.547316    -0.007742
0.044009    -0.639582    -0.005591
0.054148    -0.682303    0.189812
0.082922    -0.180364    0.05964
0.082888    -0.661242    0.074251
0.082773    -0.589727    0.074847
0.083586    -0.572702    0.070625
0.083181    -0.341342    0.072726
0.12576    -0.237313    0.04196
0.083149    -0.352919    0.06281
0.083098    -0.294893    0.062101
0.083665    -0.511212    0.070005
0.083347    -0.467239    0.065575
0.143587    -0.464847    0.072079
0.14328    -0.37839    0.068195
0.142044    -0.630687    0.052564
0.118532    -0.23616    0.022511
0.083134    -0.529208    0.062594
0.082201    -0.334957    0.049593
0.08237    -0.536803    0.051944
0.083351    -0.626301    0.065619
0.03029    -0.168183    0.054278
0.041469    -0.229044    0.17704
0.006911    -0.185438    -0.015657
0.027263    -0.656156    0.143472
0.029212    -0.563954    0.142797
0.020609    -0.660494    0.145777
0.021038    -0.400966    0.145629
0.027564    -0.495846    0.143368
0.09689    -0.540981    0.17079
0.08879    -0.464976    0.176361
0.089726    -0.384188    0.175717
0.037219    -0.63089    0.201957
0.061807    -0.354597    0.19324
0.062565    -0.47547    0.192972
0.013499    -0.607168    -0.016537
0.023047    -0.38573    -0.0147
0.016387    -0.614885    -0.015982
0.024294    -0.403358    -0.01446
0.037856    -0.230261    -0.049155
0.106316    -0.682303    0.04186
0.098058    -0.682303    0.161012
0.129574    -0.682303    0.067571
0.107662    -0.557341    -0.028603
0.115489    -0.317295    -0.017225
0.109904    -0.537521    -0.025344
0.097546    -0.361535    -0.03729
0.102552    -0.346536    -0.033018
0.095882    -0.354111    -0.038711
0.077562    -0.417257    -0.053596
0.066255    -0.446277    -0.058984
0.073977    -0.325768    -0.055305
0.062354    -0.383419    -0.060843
0.141636    -0.45757    0.0474
0.142894    -0.310504    0.063322
0.142574    -0.307809    0.059264
0.133375    -0.367395    0.015507
0.138769    -0.289067    0.030724
0.137098    -0.28849    0.02601
0.082018    -0.682303    0.028478
0.07422    -0.682303    0.144989
0.016649    -0.168183    0.104611
-0.001618    -0.185438    0.116993
0.003023    -0.185438    0.088632
0.011918    -0.272101    0.147353
0.010084    -0.243843    0.147485
0.016279    -0.306662    0.147041
0.011512    -0.307338    0.147383
0.054316    -0.263798    0.195896
0.050002    -0.261971    0.197425
0.037409    -0.464921    0.20189
0.015083    -0.227819    -0.05135
0.014019    -0.437337    -0.016437
0.009431    -0.258005    -0.01732
0.012887    -0.360808    -0.016655
0.008581    -0.511581    -0.017484
0.011572    -0.682303    -0.042331
0.018347    -0.301106    -0.073665
0.04266    -0.362969    -0.069168
0.044372    -0.440387    -0.068851
0.120483    -0.682303    -0.003751
0.120945    -0.682303    0.10966
0.096455    -0.682303    0.150537
0.094603    -0.682303    0.018276
0.126898    -0.482849    -0.000637
0.127014    -0.408404    -0.000469
0.124687    -0.668989    -0.003853
0.093396    -0.642188    -0.040832
0.087686    -0.479598    -0.045705
0.087935    -0.426353    -0.045493
0.076758    -0.682303    -0.0079
0.061907    -0.468976    -0.061056
0.06168    -0.503183    -0.061164
0.053862    -0.595254    -0.06489
0.037023    -0.682303    -0.045346
0.13766    -0.635046    0.027596
0.139882    -0.443496    0.033863
0.14027    -0.402961    0.034958
0.087504    -0.682303    0.077986
0.001788    -0.168183    0.127357
-0.00351    -0.185438    0.097466
-0.00441    -0.185438    0.102717
0.000243    -0.477624    0.148191
-0.004002    -0.544614    0.148495
0.010784    -0.627439    0.147435
0.015064    -0.670793    0.147128
-0.000587    -0.405364    0.14825
0.01709    -0.635668    0.204952
0.026522    -0.349157    0.204206
0.011889    -0.54608    0.205363
-0.004052    -0.580671    -0.017447
-0.011604    -0.622512    -0.016905
-0.008657    -0.606762    -0.017116
-0.000285    -0.339874    -0.017717
0.000881    -0.427607    -0.017801
0.021684    -0.516615    -0.073048
0.013646    -0.421668    -0.074534
0.028683    -0.646932    -0.071753
-0.001257    -0.682303    0.153271
-0.004233    -0.168183    0.132016
-0.009714    -0.469534    0.147553
-0.008213    -0.403413    0.147842
-0.007308    -0.266257    0.148016
-0.019445    -0.219729    0.14568
-0.01649    -0.262057    0.146249
-0.019979    -0.185438    0.120741
-0.008643    -0.183047    -0.017117
-0.011672    -0.309762    -0.0169
-0.001969    -0.255178    -0.017596
-0.010723    -0.544403    -0.016968
-0.014134    -0.403647    -0.016724
0.010274    -0.468179    0.205491
0.002676    -0.40125    0.206092
0.001519    -0.55072    0.206183
0.00249    -0.476314    -0.074597
-0.0129    -0.313414    -0.07338
-0.006775    -0.323571    -0.073865
-0.004906    -0.682303    -0.022474
-0.017406    -0.62539    -0.073024
-0.023337    -0.45546    -0.072555
-0.003853    -0.682221    -0.074096
-0.017836    -0.168183    0.072256
-0.035009    -0.184496    0.140042
-0.016217    -0.522392    0.146301
-0.022378    -0.340722    0.145115
-0.008952    -0.649325    0.1477
-0.021174    -0.397741    0.145347
-0.027179    -0.185438    0.103844
-0.030705    -0.209596    0.163667
-0.034748    -0.239608    -0.056006
-0.02733    -0.624509    -0.012787
-0.025533    -0.545871    -0.013409
-0.021186    -0.462606    -0.014915
-0.032241    -0.608873    -0.011086
-0.012871    -0.407229    0.205137
-0.02253    -0.495575    0.203351
-0.019046    -0.436887    0.203995
-0.035971    -0.263174    -0.068991
-0.050342    -0.303885    -0.063896
-0.035516    -0.455403    -0.069152
-0.030027    -0.682303    0.174121
-0.02892    -0.168183    0.03633
-0.036121    -0.209727    0.139503
-0.036813    -0.305081    0.139167
-0.0409    -0.239411    0.137183
-0.02623    -0.421751    0.144304
-0.029544    -0.265786    0.142696
-0.04211    -0.185438    0.09756
-0.040833    -0.197735    -0.018474
-0.02422    -0.348994    -0.013864
-0.02766    -0.253878    -0.012672
-0.023859    -0.344269    -0.013989
-0.03111    -0.363168    -0.011478
-0.006942    -0.257245    0.206234
-0.027394    -0.301736    0.202451
-0.020573    -0.371646    0.203712
-0.041488    -0.682303    -0.044194
-0.06036    -0.667159    -0.060344
-0.045088    -0.508632    -0.065758
-0.040725    -0.611744    -0.067305
-0.039222    -0.168183    0.084974
-0.04944    -0.180776    0.131574
-0.038984    -0.589452    0.138113
-0.040863    -0.397986    0.137201
-0.035555    -0.491642    0.139778
-0.036333    -0.519289    0.1394
-0.041756    -0.185438    0.021198
-0.069674    -0.24016    -0.039594
-0.048296    -0.619535    -0.001798
-0.047647    -0.482407    -0.002238
-0.04537    -0.440664    -0.00378
-0.044207    -0.423312    -0.004568
-0.057074    -0.666452    0.192224
-0.062253    -0.678117    0.189756
-0.058318    -0.506153    0.191631
-0.042541    -0.682303    -0.00745
-0.074553    -0.392352    -0.050922
-0.065038    -0.332106    -0.057466
-0.067234    -0.414278    -0.055955
-0.048755    -0.682303    0.179278
-0.048586    -0.168183    0.016071
-0.054253    -0.299643    0.127406
-0.045916    -0.409184    0.134627
-0.049904    -0.421152    0.131173
-0.051867    -0.27544    0.129472
-0.054156    -0.185438    0.03588
-0.051412    -0.175489    0.000311
-0.054943    -0.440649    0.002703
-0.050862    -0.288157    -6.1e-05
-0.043345    -0.298458    -0.005152
-0.050748    -0.384997    -0.000138
-0.064617    -0.504774    0.18863
-0.059426    -0.351972    0.191104
-0.065851    -0.348586    0.188042
-0.083673    -0.384311    -0.044649
-0.087377    -0.396871    -0.042102
-0.089612    -0.547799    -0.040565
-0.063932    -0.682303    0.135676
-0.056117    -0.168183    0.024701
-0.051142    -0.592252    0.1301
-0.057838    -0.672874    0.124301
-0.057435    -0.380203    0.124649
-0.060651    -0.473506    0.121864
-0.079009    -0.220378    0.142988
-0.092365    -0.232966    -0.011131
-0.057023    -0.419574    0.005041
-0.055381    -0.53188    0.003145
-0.05927    -0.44949    0.007635
-0.061679    -0.363611    0.010416
-0.082533    -0.643508    0.176909
-0.092988    -0.627953    0.167986
-0.075115    -0.543223    0.183239
-0.056532    -0.639278    0.004474
-0.058719    -0.65853    0.006999
-0.066233    -0.631232    0.015674
-0.063283    -0.635312    0.012268
-0.068597    -0.682303    -0.050198
-0.096919    -0.612809    -0.03303
-0.109542    -0.574495    -0.018238
-0.108398    -0.609649    -0.019579
-0.072525    -0.682303    0.139056
-0.068869    -0.168183    0.076865
-0.068397    -0.588605    0.111292
-0.062128    -0.249361    0.120549
-0.066284    -0.567411    0.114413
-0.062612    -0.577211    0.119835
-0.066945    -0.185438    0.066927
-0.08868    -0.39914    0.171662
-0.094744    -0.330136    0.166487
-0.101288    -0.558038    0.160902
-0.114982    -0.284303    -0.011863
-0.1003    -0.376766    -0.029068
-0.10406    -0.274286    -0.024662
-0.097383    -0.682303    0.156873
-0.070472    -0.579511    0.021589
-0.071083    -0.285347    0.022847
-0.074748    -0.194142    0.030397
-0.075946    -0.28002    0.032866
-0.082468    -0.682303    0.009831
-0.101152    -0.682303    0.005231
-0.09571    -0.682303    0.02583
-0.06741    -0.398086    0.112748
-0.071357    -0.500281    0.10692
-0.072859    -0.233194    0.104702
-0.066269    -0.295095    0.114434
-0.116549    -0.245968    0.008048
-0.110969    -0.486729    0.147319
-0.107202    -0.379814    0.152795
-0.105647    -0.46826    0.155056
-0.090877    -0.213892    0.118336
-0.122196    -0.445223    0.002656
-0.124651    -0.597918    0.007809
-0.118046    -0.413779    -0.006051
-0.078178    -0.528896    0.037461
-0.074174    -0.584486    0.029214
-0.077407    -0.519269    0.035874
-0.077921    -0.659325    0.036933
-0.073783    -0.628899    0.028409
-0.092199    -0.682303    0.092789
-0.111711    -0.682303    0.080218
-0.077947    -0.180653    0.092029
-0.076427    -0.505915    0.096416
-0.075886    -0.516661    0.097978
-0.076493    -0.577513    0.096226
-0.075062    -0.343133    0.100356
-0.125421    -0.462588    0.009424
-0.128911    -0.496924    0.016749
-0.124822    -0.476631    0.008168
-0.114378    -0.454198    0.142362
-0.121146    -0.412385    0.132521
-0.115518    -0.605989    0.140705
-0.103187    -0.225207    0.114525
-0.090458    -0.682303    0.1074
-0.080873    -0.254629    0.049324
-0.078887    -0.52975    0.039006
-0.081633    -0.236082    0.05327
-0.081361    -0.227587    0.051859
-0.079364    -0.671813    0.041485
-0.082508    -0.363484    0.057811
-0.08073    -0.585511    0.048581
-0.082968    -0.536025    0.060205
-0.081756    -0.486506    0.053909
-0.076988    -0.269411    0.094797
-0.079482    -0.211852    0.087597
-0.078588    -0.34355    0.090177
-0.080682    -0.368531    0.084131
-0.13594    -0.546282    0.046192
-0.133718    -0.652164    0.034179
-0.131923    -0.321693    0.024479
-0.130568    -0.350149    0.108456
-0.124919    -0.398734    0.124391
-0.131142    -0.397968    0.106838
-0.110526    -0.227069    0.098094
-0.082044    -0.599272    0.073306
-0.081848    -0.546051    0.076037
-0.081868    -0.442451    0.075754
-0.081829    -0.667028    0.076303
-0.082679    -0.67121    0.064465
-0.133052    -0.279537    0.030584
-0.135676    -0.380318    0.044766
-0.135618    -0.454534    0.044455
-0.082474    -0.300628    0.067308
-0.082751    -0.500578    0.063458
-0.082477    -0.454097    0.06727
-0.082165    -0.394805    0.071614
-0.135374    -0.682303    0.069498
-0.135123    -0.306415    0.095608
-0.132522    -0.596722    0.102944
-0.13087    -0.548316    0.107605
-0.129063    -0.243921    0.0594
-0.137907    -0.471636    0.062075
-0.137847    -0.340172    0.062846
-0.136232    -0.674943    0.083262
-0.135398    -0.369712    0.093815
-0.13606    -0.334537    0.085443
-0.135322    -0.446722    0.094774
0.043563    -0.190204    0.140731
0.102633    -0.229266    0.129536
0.133285    -0.249907    0.103293
0.114566    -0.493062    0.150229
0.109571    -0.339521    0.156081
0.117285    -0.530978    0.147043
0.135882    -0.258702    0.111568
0.134827    -0.340651    0.113782
0.128752    -0.382048    0.12653
0.130531    -0.33377    0.122797
0.124904    -0.233635    0.072578
0.138065    -0.292714    0.103347
0.139726    -0.340335    0.094365
0.143374    -0.630896    0.074642
0.081871    -0.327677    0.18112
0.086396    -0.304135    0.178008
0.087394    -0.353248    0.177322
0.074269    -0.405678    0.186349
0.107331    -0.553445    0.158706
0.112859    -0.564836    0.152229
0.113906    -0.580829    0.151002
0.123472    -0.342832    0.13761
0.127902    -0.642319    0.128315
0.126204    -0.627424    0.131878
0.139341    -0.671523    0.096451
0.137803    -0.559037    0.104765
0.138371    -0.590053    0.101691
0.111314    -0.242867    -0.004637
0.049535    -0.222931    -0.037228
0.139891    -0.252498    0.057003
0.143319    -0.598795    0.068687
0.14263    -0.470904    0.059972
0.142389    -0.626687    0.056933
0.11954    -0.237968    0.020768
0.085889    -0.680661    0.178357
0.093205    -0.572341    0.173324
0.092232    -0.55714    0.173994
0.048968    -0.540297    0.197792
0.065642    -0.457838    0.191881
0.044904    -0.549422    0.199233
0.029212    -0.222428    -0.044249
0.11129    -0.451569    -0.02333
0.1107    -0.531404    -0.024187
0.115782    -0.276711    -0.016799
0.106687    -0.505532    -0.029489
0.09478    -0.267991    -0.039651
0.104726    -0.480799    -0.031163
0.07799    -0.59559    -0.053392
0.064251    -0.310028    -0.059939
0.073246    -0.507234    -0.055653
0.141586    -0.547289    0.046764
0.141546    -0.296259    0.046267
0.140947    -0.283251    0.038688
0.134409    -0.442776    0.018426
0.131424    -0.385913    0.010006
0.138763    -0.2617    0.030706
-0.002166    -0.188921    0.151243
0.042284    -0.526843    0.200161
0.051679    -0.418359    0.196831
0.037936    -0.348501    0.201703
0.028988    -0.400518    -0.071697
0.038991    -0.34849    -0.069847
0.031418    -0.46085    -0.071247
0.122176    -0.529997    -0.007503
0.118213    -0.620281    -0.013264
0.117831    -0.616974    -0.013819
0.085928    -0.412719    -0.047206
0.099824    -0.676768    -0.035347
0.088669    -0.649423    -0.044867
0.061033    -0.508301    -0.061472
0.060453    -0.565329    -0.061749
0.047822    -0.610805    -0.067768
0.13877    -0.494781    0.030728
0.1313    -0.625393    0.009654
0.13567    -0.568975    0.021983
0.021325    -0.24886    0.199159
0.029305    -0.345937    0.203986
0.009758    -0.678631    0.205532
0.024215    -0.362154    0.204388
-0.006303    -0.230364    -0.053595
0.018598    -0.549841    -0.073618
0.01688    -0.38233    -0.073936
0.02738    -0.653033    -0.071994
0.014896    -0.446629    0.205125
0.000132    -0.368278    0.206293
0.000529    -0.352744    0.206261
0.002319    -0.290667    -0.074583
-0.005324    -0.329554    -0.073979
-0.004823    -0.313434    -0.074019
0.010004    -0.407893    -0.075191
-0.012072    -0.606079    -0.073446
-0.010228    -0.667839    -0.073592
-0.024337    -0.282971    -0.072476
-0.019717    -0.202517    -0.02988
-0.029404    -0.644757    0.202079
-0.029847    -0.617258    0.201997
-0.019024    -0.549391    0.203999
-0.034356    -0.505792    -0.069563
-0.029201    -0.343188    -0.071391
-0.028017    -0.484838    -0.071811
-0.032047    -0.190891    -0.015749
-0.030329    -0.532363    0.201908
-0.026176    -0.46578    0.202676
-0.017133    -0.388357    0.204349
-0.031392    -0.635034    -0.070614
-0.045592    -0.517143    -0.06558
-0.042912    -0.67299    -0.06653
-0.061472    -0.253251    -0.057823
-0.043395    -0.590754    0.198742
-0.058828    -0.642462    0.191388
-0.043305    -0.36356    0.198785
-0.062473    -0.283205    -0.05923
-0.065241    -0.286005    -0.057327
-0.067467    -0.352749    -0.055795
-0.069176    -0.237991    0.169959
-0.072661    -0.395826    0.184797
-0.06829    -0.448144    0.18688
-0.047378    -0.289585    0.196844
-0.090644    -0.420108    -0.039855
-0.07662    -0.554133    -0.0495
-0.071966    -0.627439    -0.052701
-0.08913    -0.243582    0.158796
-0.091268    -0.643502    0.169453
-0.084442    -0.619558    0.175279
-0.088496    -0.494422    0.171819
-0.110713    -0.641858    -0.016866
-0.10263    -0.492728    -0.026337
-0.105026    -0.511311    -0.023529
-0.085096    -0.218094    -0.00165
-0.095721    -0.422422    0.165653
-0.091493    -0.438373    0.169262
-0.095217    -0.280419    0.166083
-0.105678    -0.270795    -0.022766
-0.110419    -0.430425    -0.017211
-0.111766    -0.411015    -0.015632
-0.094809    -0.221078    0.007772
-0.113321    -0.373263    0.143898
-0.112856    -0.305567    0.144574
-0.117218    -0.36425    0.138233
-0.12078    -0.618016    -0.000315
-0.125776    -0.646713    0.01017
-0.125385    -0.597722    0.00935
-0.116678    -0.503867    -0.008922
-0.123942    -0.26751    0.006321
-0.131162    -0.486446    0.021472
-0.12505    -0.326287    0.008647
-0.111205    -0.66664    0.146975
-0.118961    -0.508279    0.135698
-0.107055    -0.665503    0.153009
-0.125497    -0.245385    0.032975
-0.134333    -0.505647    0.037509
-0.132529    -0.677162    0.027751
-0.134196    -0.635066    0.036767
-0.12332    -0.365023    0.128902
-0.132361    -0.271458    0.103398
-0.129179    -0.391361    0.112376
-0.102968    -0.216692    0.094937
-0.137368    -0.484046    0.053916
-0.137638    -0.333081    0.055373
-0.134285    -0.419528    0.037249
-0.129562    -0.542142    0.111295
-0.128977    -0.50506    0.112944
-0.129056    -0.554812    0.112722
-0.133433    -0.533272    0.100375
-0.138149    -0.503073    0.059016
-0.13772    -0.352395    0.064448
-0.138192    -0.56602    0.058477
-0.136424    -0.324836    0.080831
-0.136524    -0.293887    0.079568
-0.136966    -0.397443    0.07398
0.074486    -0.682303    0.059643
0.065616    -0.682303    0.053018
0.049411    -0.682303    0.005175
0.042869    -0.682303    0.079611
0.032628    -0.682303    0.045259
0.034599    -0.682303    0.110961
0.021674    -0.682303    0.058635
0.016264    -0.682303    0.139712
0.010746    -0.682303    0.08913
0.00249    -0.682303    0.024137
-0.008149    -0.682303    0.116664
-0.028246    -0.682303    0.093255
-0.026686    -0.682303    0.023866
-0.031896    -0.682303    0.141258
-0.052321    -0.682303    0.039287
-0.059803    -0.682303    0.113071
-0.065681    -0.682303    0.097296
