-0.017833    -0.65616    -0.022975
0.08913    -0.65616    -0.031073
0.045603    -0.65616    -0.032562
0.115958    -0.65616    -0.022212
-0.063693    -0.65616    -0.004602
0.132832    -0.648837    -0.063577
0.073446    -0.65616    -0.056866
0.07201    -0.65616    -0.063534
0.0854    -0.65616    0.001454
0.072017    -0.65616    -0.113207
0.009375    -0.65616    -0.057025
0.117343    -0.65616    0.021476
0.09711    -0.65616    0.023577
0.077177    -0.654198    -0.118278
-0.009007    -0.65616    -0.085162
0.036592    -0.65616    -0.113034
0.117443    -0.65616    0.05782
0.018156    -0.65616    0.031973
0.054014    -0.649145    -0.13655
-0.065689    -0.65616    -0.053133
0.04426    -0.65616    0.064011
0.098466    -0.65616    0.074837
0.057892    -0.65616    0.07163
-0.067603    -0.65616    -0.076327
-0.02308    -0.65616    -0.129022
-0.005187    -0.65616    0.06554
0.086131    -0.65616    0.102613
-0.057879    -0.65616    -0.102712
0.045888    -0.65616    0.125613
0.013222    -0.65616    0.084842
0.084183    -0.634883    -0.135231
-0.104317    -0.65616    -0.027724
-0.082933    -0.65616    0.033304
0.112019    -0.633577    -0.11488
-0.094225    -0.65616    0.022323
-0.041072    -0.65616    0.099777
-0.11783    -0.655845    -0.074711
-0.07146    -0.65616    0.097742
0.005979    -0.636886    -0.157842
-0.120661    -0.65616    0.06417
0.08691    -0.624051    -0.140341
-0.103188    -0.65616    0.075672
-0.126887    -0.650779    -0.073251
-0.142237    -0.650933    -0.031495
0.158254    -0.612209    -0.057317
0.142924    -0.608025    -0.09138
0.10567    -0.606903    -0.132293
0.118264    -0.600823    -0.12362
0.107848    -0.602369    -0.131378
0.110422    -0.598294    -0.129825
0.117415    -0.594324    -0.124659
0.15543    -0.586369    -0.069812
0.168116    -0.562879    -0.027759
0.102296    -0.574992    -0.136269
-0.128599    -0.6231    -0.103355
0.141087    -0.551189    -0.095951
0.169037    -0.567371    -0.020757
0.06208    -0.588676    -0.158759
-0.120769    -0.621983    -0.114247
0.158031    -0.477447    -0.063534
0.154564    -0.528551    -0.071904
0.153403    -0.455467    -0.074707
0.127439    -0.414197    -0.113738
0.125716    -0.43696    -0.115983
0.129834    -0.527771    -0.110617
0.122461    -0.340103    -0.120225
0.170097    -0.444911    -0.012708
0.167699    -0.536928    -0.030922
0.171495    -0.499105    -0.002089
0.109045    -0.423065    -0.13109
0.118591    -0.364808    -0.123765
0.10768    -0.379896    -0.132138
0.120677    -0.373411    -0.122165
-0.069239    -0.608322    -0.154472
0.159506    -0.399367    -0.059974
0.165561    -0.359672    -0.045356
0.1655    -0.423545    -0.045503
0.139025    -0.418921    -0.098639
0.141646    -0.400263    -0.095223
0.141017    -0.29312    -0.096043
0.142829    -0.362257    -0.093681
0.168743    -0.379362    -0.022997
0.170059    -0.326541    -0.012999
0.169196    -0.3393    -0.019551
0.086348    -0.414936    -0.148506
0.113781    -0.278016    -0.127456
0.092292    -0.414631    -0.143945
0.115225    -0.300776    -0.126348
0.082925    -0.452291    -0.150125
0.072469    -0.515116    -0.154456
0.07892    -0.431546    -0.151784
0.041654    -0.557568    -0.166473
0.151948    -0.266945    -0.07822
0.167148    -0.24415    -0.035113
0.11966    -0.261646    -0.122945
0.060754    -0.417014    -0.159309
0.048591    -0.439012    -0.164347
0.046142    -0.301051    -0.165361
0.032422    -0.552993    -0.167688
0.158363    -0.248987    -0.062733
-0.055374    -0.235335    -0.000817
0.021877    -0.235335    -0.017464
-0.007936    -0.235335    -0.01317
0.079123    -0.235335    -0.003224
0.090264    -0.235335    -0.019732
0.021137    -0.235335    -0.003878
-0.007457    -0.235335    -0.01183
-0.052053    -0.235335    -0.004018
0.031767    -0.235335    -0.008568
0.094044    -0.235985    -0.1426
0.042863    -0.489772    -0.166314
0.02997    -0.413726    -0.168011
0.02753    -0.523969    -0.168333
0.028838    -0.539486    -0.16816
-0.150784    -0.610563    -0.077262
0.093108    -0.235335    -0.060584
0.042067    -0.235335    -0.050789
-0.12235    -0.235335    -0.00687
0.068354    -0.235335    -0.040809
0.086404    -0.235335    -0.034279
0.11936    -0.235335    -0.076552
0.087315    -0.235335    -0.037111
0.059108    -0.235335    -0.044927
0.077882    -0.235335    -0.08159
-0.108819    -0.235335    -0.022352
0.079258    -0.235335    -0.09853
-0.046006    -0.235335    -0.036044
0.130097    -0.235335    -0.089883
0.073069    -0.235335    -0.074673
0.085735    -0.235335    -0.072768
0.077442    -0.235335    -0.070235
0.159797    -0.230622    0.058089
-0.116869    -0.235335    -0.025139
-0.080798    -0.235335    -0.042371
0.100907    -0.235335    -0.134679
-0.067336    -0.235335    -0.059245
0.001295    -0.235335    -0.095686
-0.098469    -0.235335    -0.033534
0.060902    -0.235335    -0.112544
0.016199    -0.430337    -0.169824
0.011812    -0.285729    -0.170402
0.0122    -0.410604    -0.170351
0.02024    -0.370318    -0.169292
-0.026302    -0.544171    -0.168551
0.128936    -0.225275    0.110058
-0.020718    -0.235335    -0.116013
-0.004249    -0.235335    -0.118791
-0.064406    -0.235335    -0.063896
0.031123    -0.235335    -0.150896
0.034761    -0.235335    -0.141417
0.01007    -0.235335    -0.128836
-0.010293    -0.436844    -0.170658
-0.025056    -0.484179    -0.168715
-0.032757    -0.522221    -0.167701
-0.007678    -0.467417    -0.171002
-0.067491    -0.590431    -0.156697
0.162602    -0.222842    0.048885
-0.040682    -0.235335    -0.115203
-0.002979    -0.235335    -0.131406
-0.002507    -0.235335    -0.159943
-0.008944    -0.235335    -0.163063
-0.020563    -0.235335    -0.129866
-0.025828    -0.337855    -0.168613
-0.041384    -0.42194    -0.166565
-0.030043    -0.392904    -0.168058
-0.035848    -0.3295    -0.167294
-0.066085    -0.562819    -0.157279
0.129529    -0.215969    0.106962
-0.01977    -0.235335    -0.163902
-0.089736    -0.235335    -0.087959
-0.098819    -0.235335    -0.079081
-0.056813    -0.235335    -0.144565
-0.019768    -0.253485    -0.169411
-0.059477    -0.486018    -0.160016
-0.06103    -0.454073    -0.159373
-0.051962    -0.528717    -0.163129
-0.098943    -0.559691    -0.139172
0.096833    -0.218139    -0.137835
-0.097526    -0.235335    -0.1054
-0.099582    -0.235335    -0.108474
-0.106489    -0.235335    -0.095729
0.051784    -0.223968    -0.161693
-0.054454    -0.272507    -0.162097
-0.077569    -0.356038    -0.152522
-0.068031    -0.386628    -0.156473
-0.115239    -0.570305    -0.126668
-0.157003    -0.572209    -0.067057
-0.172026    -0.588509    -0.001325
0.131612    -0.211599    0.102966
-0.129264    -0.235335    -0.084845
-0.151796    -0.235335    -0.037179
-0.049363    -0.247014    -0.164205
-0.116474    -0.524613    -0.125721
-0.10861    -0.494551    -0.131755
-0.089379    -0.428951    -0.146511
-0.093579    -0.356025    -0.143288
-0.150176    -0.587944    -0.083541
-0.171359    -0.541993    -0.006391
0.050925    -0.204306    0.15814
-0.139934    -0.235335    -0.087893
-0.083531    -0.2335    -0.149862
-0.112403    -0.281306    -0.128844
-0.110905    -0.382282    -0.129993
-0.097374    -0.270704    -0.140376
-0.102596    -0.350468    -0.136369
-0.122937    -0.513423    -0.120166
-0.127644    -0.445263    -0.114033
-0.128334    -0.349106    -0.113134
-0.163826    -0.406642    -0.050582
-0.165392    -0.288052    -0.046801
-0.164682    -0.361436    -0.048515
-0.161489    -0.415858    -0.056226
-0.170724    -0.348561    -0.011213
-0.171317    -0.410029    -0.00671
-0.171691    -0.356284    -0.003865
0.144106    -0.201686    0.082755
-0.029272    -0.219328    0.166271
-0.130711    -0.242051    -0.110035
-0.142406    -0.342301    -0.094794
-0.136043    -0.368485    -0.103088
-0.147748    -0.300381    -0.087833
-0.148103    -0.441672    -0.08737
-0.149396    -0.347974    -0.085423
-0.151301    -0.440675    -0.080824
-0.161564    -0.291665    -0.056043
-0.167559    -0.34761    -0.035253
-0.166493    -0.3742    -0.043349
-0.169884    -0.331099    -0.01759
0.165515    -0.199783    0.001493
-0.004055    -0.197142    0.164727
-0.167589    -0.243909    -0.035028
-0.129976    -0.265898    -0.110993
-0.152666    -0.265269    -0.077529
0.088837    -0.195748    0.137668
-0.062105    -0.201681    0.152961
0.160521    -0.192182    0.022888
-0.064537    -0.191376    0.148817
-0.131985    -0.22167    -0.105839
0.126463    -0.185329    0.097933
-0.114066    -0.22673    0.12649
-0.099829    -0.213941    -0.134931
0.137673    -0.184663    0.082943
-0.136975    -0.217989    0.098404
-0.08526    -0.210866    -0.145378
0.136543    -0.175366    0.078498
-0.132286    -0.228656    0.106928
-0.128152    -0.209047    -0.10712
0.145544    -0.17622    0.057645
-0.145877    -0.199165    0.077795
-0.000494    -0.192587    -0.163837
0.04609    -0.168365    0.146835
-0.166156    -0.207184    -0.013651
0.143532    -0.169836    0.05545
-0.090075    -0.167374    0.123826
-0.060579    -0.189006    -0.149678
0.108207    -0.162921    0.106424
-0.160689    -0.186235    0.010207
0.138342    -0.160787    0.05684
-0.11342    -0.165026    0.101877
0.007962    -0.1771    -0.157349
0.000924    -0.158508    0.149731
-0.110171    -0.184752    -0.1172
0.104786    -0.152761    -0.102173
-0.147755    -0.184074    -0.061073
0.126374    -0.15169    -0.072724
-0.154189    -0.167936    0.004071
0.144521    -0.150688    -0.004375
-0.139247    -0.157397    0.051086
0.13923    -0.146866    -0.023715
-0.130644    -0.153358    0.06617
0.136986    -0.14175    0.016208
-0.13696    -0.151239    0.047365
0.129767    -0.140532    0.045282
-0.147915    -0.155006    0.002106
0.135018    -0.135297    -0.003653
-0.13502    -0.152689    -0.054665
0.078757    -0.135261    -0.108979
-0.039981    -0.14753    -0.137034
-0.010443    -0.132529    0.13302
0.128636    -0.125301    0.017541
-0.139214    -0.142147    0.004436
0.092099    -0.125378    0.093114
-0.065801    -0.145651    -0.125003
-0.025789    -0.11789    0.125082
0.128006    -0.119924    -0.006947
-0.137594    -0.138534    -0.000906
0.067856    -0.115627    0.107335
-0.027993    -0.129623    -0.129325
-0.072884    -0.111206    0.102298
0.110355    -0.108137    -0.0587
-0.095276    -0.124549    -0.08923
-0.006444    -0.105935    0.124408
0.119578    -0.097825    -0.030361
-0.125353    -0.1195    -0.029284
0.053669    -0.097494    0.110471
0.041651    -0.104938    -0.116821
-0.126174    -0.113471    0.008633
0.086179    -0.092763    0.087656
-8e-05    -0.102196    -0.124425
-0.10282    -0.092939    0.066935
0.086403    -0.085009    0.086877
-0.042802    -0.103704    -0.116244
-0.083205    -0.078585    0.08964
0.099269    -0.074756    0.070352
-0.077151    -0.09883    -0.095851
0.095438    -0.073042    -0.074854
-0.039969    -0.090254    -0.115494
0.01464    -0.067308    0.119317
-0.006245    -0.085542    -0.121926
0.061676    -0.072802    -0.105536
0.008234    -0.079901    -0.121535
0.018006    -0.056117    0.116064
0.026289    -0.074932    -0.11931
-0.020514    -0.054449    0.115298
0.057352    -0.060786    -0.104587
-0.043222    -0.049444    0.107132
0.031627    -0.062445    -0.115706
-0.054885    -0.042268    0.099715
0.012884    -0.064559    -0.118937
-0.01569    -0.040947    0.111514
-0.003952    -0.059623    -0.118884
0.002913    -0.029901    0.108837
-0.03995    -0.059871    -0.111718
0.053542    -0.030772    0.095351
-0.040797    -0.056315    -0.110373
0.033749    -0.023391    0.100059
-0.075186    -0.054442    -0.089896
0.044258    -0.020449    0.094261
-0.046662    -0.048045    -0.105245
0.0079    -0.014409    0.100894
-0.015236    -0.038217    -0.110603
-0.002968    -0.017684    0.103273
0.0007    -0.035912    -0.111568
-0.062476    -0.007341    0.074873
0.093091    -0.003457    0.019993
-0.099055    -0.022099    -0.035377
0.080194    0.001685    -0.046215
-0.052623    -0.01529    -0.087771
0.037089    0.001313    0.08435
-0.085702    0.000365    0.036095
-0.098223    -0.009597    -0.010746
0.058275    0.01069    0.063602
0.0098    -0.00611    -0.096126
-0.049905    0.017141    0.064505
0.074594    0.019008    0.028517
0.001587    0.0001    -0.093523
-0.086802    0.008063    -0.015428
0.03394    0.028379    0.064338
0.065558    0.031428    0.027352
-0.077979    0.021268    0.009486
-0.038593    0.021145    -0.068992
-0.048109    0.022533    -0.060683
-0.039486    0.024072    -0.065711
-0.025111    0.029069    -0.067733
0.021003    0.040906    -0.064746
0.060468    0.055321    0.020334
0.021117    0.057522    0.059703
-0.054447    0.06102    0.032047
-0.064307    0.052937    0.007057
0.018188    0.058715    -0.060626
0.047875    0.074071    -0.036065
-0.037684    0.080934    0.045811
-0.015224    0.064683    -0.060321
0.054062    0.090937    0.020897
-0.011805    0.093665    0.05694
-0.035638    0.08439    -0.046846
0.057364    0.105848    -0.003286
0.000863    0.107359    0.05788
-0.050688    0.095759    -0.029251
-0.054271    0.109796    -0.019881
0.03661    0.11583    0.047488
-0.063482    0.117795    -0.002218
0.066162    0.123708    0.000533
0.040731    0.12245    -0.051618
-0.060175    0.13409    0.027409
0.059239    0.137272    -0.028484
-0.036438    0.133309    -0.055251
-0.012713    0.14311    0.064316
-0.028231    0.144257    -0.059032
-0.019141    0.150241    0.061831
0.061754    0.156681    0.011719
-0.05535    0.157777    -0.030678
0.006396    0.164472    0.060288
0.051391    0.170265    -0.028076
-0.011503    0.172598    -0.056421
0.110808    -0.648998    -0.096903
0.100987    -0.644835    -0.112804
0.051064    -0.653313    -0.132578
0.140721    -0.640721    -0.063534
0.129385    -0.646914    0.076077
0.011909    -0.651923    -0.143462
0.089962    -0.654025    0.108752
-0.058586    -0.655313    -0.126802
0.078816    -0.652399    0.119966
-0.052784    -0.652961    -0.132543
0.044637    -0.650891    0.138329
0.040736    -0.635435    -0.154263
-0.028118    -0.655479    0.136798
0.142028    -0.630854    0.07735
0.102789    -0.634052    0.12162
0.162054    -0.62448    0.025259
0.017981    -0.643727    0.151016
-0.002233    -0.645597    0.151411
-0.031521    -0.636906    -0.154522
0.136131    -0.628584    0.088841
0.166499    -0.618795    -0.0084
-0.135124    -0.652035    -0.049786
0.044642    -0.63125    0.155457
0.144968    -0.616725    -0.0852
-0.136634    -0.651403    0.047977
-0.07896    -0.648565    0.125563
-0.026233    -0.627292    -0.16084
0.119327    -0.622308    0.115363
0.167963    -0.609009    0.017242
-0.149847    -0.647669    0.000498
0.02522    -0.628657    0.160271
0.15538    -0.610981    0.064911
-0.14972    -0.645341    0.018344
0.008091    -0.626254    0.163661
0.048955    -0.609217    -0.162501
-0.128097    -0.643919    0.082937
-0.042245    -0.632321    0.155968
0.03461    -0.609472    -0.165769
-0.133502    -0.641387    0.079241
-0.101669    -0.635986    0.121196
-0.059854    -0.618595    -0.155471
0.088333    -0.605966    0.145808
0.150179    -0.594629    -0.08244
-0.10008    -0.62117    -0.131973
0.088434    -0.604556    0.145943
0.161519    -0.587997    -0.055114
0.168934    -0.58652    -0.02154
0.130053    -0.591094    -0.110331
0.096359    -0.584246    -0.140825
-0.160859    -0.63049    0.014964
-0.048125    -0.620247    0.159659
0.163059    -0.565672    -0.051397
0.168185    -0.544746    -0.02723
0.165692    -0.591957    0.04504
0.089645    -0.561889    -0.145976
-0.037953    -0.60582    -0.166095
0.045559    -0.601168    0.165216
-0.156362    -0.625114    0.051269
0.150994    -0.464096    -0.080523
0.158173    -0.52317    -0.063191
0.15503    -0.389485    -0.070778
0.131511    -0.535973    -0.108431
0.128622    -0.441677    -0.112195
0.136037    -0.438583    -0.102532
0.146456    -0.531348    -0.088954
0.171555    -0.287949    -0.00163
0.169665    -0.507541    -0.015988
0.169207    -0.40849    -0.01947
0.169852    -0.533669    0.014572
0.169982    -0.491682    0.013582
0.167217    -0.370382    0.034587
0.166058    -0.481459    0.043388
0.169571    -0.55864    0.016707
0.169231    -0.511017    0.019286
0.166165    -0.420179    0.042576
0.170322    -0.504493    0.010997
0.170489    -0.566031    0.009734
0.148953    -0.403138    0.085448
0.152263    -0.430562    0.077459
0.150536    -0.416458    0.081628
0.153468    -0.551011    0.074549
0.15641    -0.56557    0.067447
0.156619    -0.508129    0.066943
0.150259    -0.420799    0.082297
0.154776    -0.582889    0.071392
0.16238    -0.53973    0.053034
0.097744    -0.480752    -0.139761
0.110346    -0.363239    -0.130092
0.113142    -0.53889    -0.127946
0.117894    -0.487048    -0.1243
-0.028227    -0.600815    -0.167981
0.100159    -0.590263    0.137907
-0.144022    -0.627788    0.077787
0.16269    -0.353177    -0.052287
0.160121    -0.288118    -0.058489
0.160177    -0.314766    -0.058353
0.130254    -0.347734    -0.11007
0.140305    -0.33968    -0.096971
0.135565    -0.361131    -0.103148
0.130428    -0.352103    -0.109843
0.169887    -0.449308    0.014302
0.167116    -0.466983    -0.035353
0.168448    -0.289962    -0.025231
0.165912    -0.272647    -0.044498
0.164342    -0.515452    0.048299
0.130266    -0.539841    0.110052
0.128553    -0.581595    0.112285
0.130445    -0.459047    0.109819
0.137772    -0.48054    0.100271
0.131928    -0.581661    0.107886
0.142023    -0.579389    0.09473
0.132045    -0.470241    0.107733
0.143988    -0.583843    0.092169
0.126491    -0.384555    0.114973
0.096634    -0.447733    -0.140613
0.090988    -0.493033    -0.144945
0.096943    -0.277048    -0.140376
0.096856    -0.385718    -0.140443
0.075286    -0.482861    -0.153289
0.0786    -0.38434    -0.151917
0.07991    -0.413106    -0.151374
0.033231    -0.578323    -0.167582
-0.166975    -0.615078    0.016735
-0.080482    -0.614448    0.148268
0.125302    -0.264354    -0.116522
0.171449    -0.243416    0.00244
0.170814    -0.388274    0.007263
0.168931    -0.248388    0.021569
0.168849    -0.320629    0.022188
0.170072    -0.354653    0.012899
0.167159    -0.27523    0.035027
0.169884    -0.342546    0.01433
0.170889    -0.315303    0.006689
0.160636    -0.28543    0.057244
0.162561    -0.437613    0.052598
0.159112    -0.280271    0.060924
0.156805    -0.369078    0.066493
0.162605    -0.267029    0.052491
0.164621    -0.451445    0.047625
0.16536    -0.310638    0.045841
0.164935    -0.33127    0.046866
0.140365    -0.289536    0.096892
0.146432    -0.299426    0.088985
0.143594    -0.406498    0.092683
0.145993    -0.470207    0.089556
0.147228    -0.312417    0.087947
0.143647    -0.265968    0.092614
0.136845    -0.258767    0.101479
0.143689    -0.23772    0.092559
0.129262    -0.326421    0.111361
0.107937    -0.265482    -0.13194
0.059704    -0.430261    -0.159744
0.044888    -0.521911    -0.165881
0.061653    -0.371952    -0.158936
0.004458    -0.578292    -0.17137
-0.149478    -0.618699    0.074521
0.107839    -0.559772    0.132014
-0.101942    -0.617208    0.132326
0.146053    -0.248433    -0.08948
0.106567    -0.379263    0.13299
0.102043    -0.418697    0.136462
0.098064    -0.448471    0.139515
0.110326    -0.433391    0.130106
0.101361    -0.435768    0.136985
0.119852    -0.538658    0.122796
0.098628    -0.533378    0.139082
0.091669    -0.505325    0.144422
0.071891    -0.247229    -0.154696
0.042654    -0.452514    -0.166341
0.03342    -0.528739    -0.167557
0.030434    -0.440775    -0.16795
-0.014385    -0.571213    -0.17012
0.091213    -0.567242    0.144772
0.100131    -0.55631    0.137929
-0.116634    -0.613496    0.12239
0.093873    -0.451365    0.142731
0.097159    -0.325869    0.140209
0.100993    -0.254236    0.137267
0.086542    -0.495341    0.148356
0.102587    -0.254302    0.136045
0.111799    -0.24181    0.128976
0.089038    -0.382047    0.146441
0.088498    -0.267952    0.146855
0.054535    -0.247643    -0.161885
0.024761    -0.307726    -0.168697
0.01442    -0.431596    -0.170058
0.006785    -0.289898    -0.171064
-0.037074    -0.55821    -0.167133
-0.165559    -0.606705    0.042312
0.081282    -0.568574    0.150805
-0.108972    -0.611081    0.129026
0.086059    -0.221744    0.146795
0.084099    -0.374976    0.149638
0.084574    -0.318164    0.149441
0.074857    -0.356111    0.153466
0.054394    -0.528184    0.161942
0.06089    -0.517357    0.159251
0.059392    -0.495258    0.159872
0.078138    -0.338679    0.152107
0.075633    -0.229811    -0.152572
-0.003279    -0.516833    -0.171582
-0.03947    -0.510345    -0.166817
-0.012297    -0.400279    -0.170394
-0.04616    -0.554197    -0.165532
-0.169318    -0.606029    0.014674
0.047481    -0.567996    0.164806
-0.087194    -0.606402    0.146928
0.093608    -0.22092    0.140861
0.066536    -0.272815    0.156913
0.045956    -0.526797    0.165437
0.053918    -0.401515    0.162139
0.081658    -0.250912    0.150649
0.044466    -0.453725    0.166054
0.063377    -0.293466    0.158222
0.06196    -0.358371    0.158808
0.056748    -0.288012    0.160967
-0.022066    -0.321663    -0.169108
-0.009101    -0.32141    -0.170815
-0.01911    -0.277105    -0.169498
-0.04339    -0.339399    -0.166301
-0.142134    -0.598644    -0.094855
0.014157    -0.57988    0.170093
-0.064976    -0.59974    0.157496
0.084789    -0.212009    0.145708
0.015961    -0.495286    0.169855
0.01093    -0.538078    0.170518
0.032076    -0.485859    0.167733
0.025402    -0.404323    0.168612
0.026808    -0.39507    0.168427
0.023687    -0.530748    0.168838
0.028522    -0.379994    0.168201
0.031353    -0.405771    0.167828
-0.058592    -0.400455    -0.160383
-0.052851    -0.494746    -0.16276
-0.049171    -0.467945    -0.164285
-0.053216    -0.380727    -0.162609
-0.093878    -0.586485    -0.143059
0.002214    -0.556957    0.171665
-0.02538    -0.587835    0.168672
0.145581    -0.217726    -0.086553
0.023921    -0.368889    0.168807
0.000824    -0.471644    0.171848
0.01199    -0.456176    0.170378
0.002787    -0.514059    0.17159
0.01151    -0.382296    0.170441
0.022728    -0.252956    0.168964
0.013137    -0.30213    0.170227
0.020718    -0.323562    0.169229
-0.010138    -0.241067    -0.170679
-0.075956    -0.360546    -0.15319
-0.059855    -0.275764    -0.159859
-0.079089    -0.485253    -0.151893
-0.108519    -0.570692    -0.131824
-0.14798    -0.558493    -0.087531
-0.17185    -0.582197    -0.002659
-0.014343    -0.581141    0.170125
-0.058516    -0.592151    0.160413
0.130697    -0.209178    -0.10329
-0.009752    -0.426131    0.170729
-0.019553    -0.389911    0.169439
-0.003956    -0.42937    0.171492
-0.002297    -0.410994    0.171711
-0.003301    -0.347198    0.171579
-0.015919    -0.41273    0.169917
-0.023835    -0.49359    0.168875
-0.012543    -0.528688    0.170362
-0.075537    -0.236076    -0.153364
-0.095782    -0.490349    -0.141597
-0.090932    -0.44889    -0.145319
-0.098234    -0.53587    -0.139717
-0.088438    -0.401816    -0.147233
-0.145668    -0.541097    -0.090543
-0.168403    -0.558037    -0.028839
-0.04106    -0.555758    0.166607
-0.042176    -0.572729    0.16646
0.136677    -0.206063    0.094378
-0.021589    -0.207874    0.165075
-0.04122    -0.357004    0.166586
-0.024722    -0.350959    0.168758
-0.030317    -0.252545    0.168021
-0.019366    -0.349642    0.169463
-0.021263    -0.29655    0.169214
-0.035748    -0.410711    0.167306
-0.023292    -0.351154    0.168946
-0.094939    -0.23844    -0.142244
0.034871    -0.220194    -0.165606
-0.101134    -0.311896    -0.137491
-0.109299    -0.353581    -0.131226
-0.108701    -0.410879    -0.131685
-0.12603    -0.352482    -0.116136
-0.124361    -0.377755    -0.118311
-0.133338    -0.423921    -0.106612
-0.124361    -0.448423    -0.11831
-0.154325    -0.522674    -0.073523
-0.165304    -0.53507    -0.047014
-0.165002    -0.412691    -0.047744
-0.171298    -0.385754    -0.006852
-0.169697    -0.395465    -0.019011
-0.171082    -0.467324    -0.008492
-0.169614    -0.392677    -0.019645
-0.167365    -0.584703    0.036728
-0.050104    -0.55333    0.163897
0.154354    -0.201697    0.05802
-0.035066    -0.215424    0.164811
-0.056699    -0.376969    0.161165
-0.04901    -0.316016    0.16435
-0.051792    -0.407679    0.163198
-0.071498    -0.515946    0.155036
-0.049242    -0.449807    0.164254
-0.050176    -0.435856    0.163867
-0.060475    -0.420632    0.159602
-0.070203    -0.512287    0.155572
0.064034    -0.210644    -0.15421
-0.145806    -0.323708    -0.090364
-0.147836    -0.303523    -0.087718
-0.135681    -0.292659    -0.103559
-0.149245    -0.457923    -0.085787
-0.151072    -0.335643    -0.081376
-0.153547    -0.337484    -0.075402
-0.154978    -0.324868    -0.071946
-0.168191    -0.303203    -0.030452
-0.170887    -0.286339    -0.009972
-0.170841    -0.314172    -0.010324
-0.171008    -0.494128    0.009051
-0.170056    -0.397561    0.016287
-0.16881    -0.554174    0.025748
-0.171844    -0.423999    0.002703
-0.168408    -0.475716    0.028806
-0.167633    -0.57131    0.034691
-0.16991    -0.417734    0.017398
-0.15387    -0.592509    0.07462
-0.056263    -0.543073    0.161346
0.156455    -0.201587    0.052873
-0.069913    -0.227461    0.154875
-0.084666    -0.40991    0.149582
-0.080041    -0.342139    0.151497
-0.074565    -0.309181    0.153766
-0.07306    -0.331166    0.154389
-0.086162    -0.492447    0.148962
-0.076228    -0.248498    0.153077
-0.05918    -0.326462    0.160138
-0.07945    -0.31957    0.151742
-0.163871    -0.236423    -0.050475
-0.072234    -0.22339    -0.153315
-0.170457    -0.246625    -0.013238
-0.169286    -0.384829    0.022137
-0.17007    -0.264384    0.01618
-0.168411    -0.368432    0.028779
-0.168468    -0.451574    0.028346
-0.168339    -0.329324    0.029329
-0.166749    -0.395714    0.041408
-0.166861    -0.326691    0.040552
-0.167763    -0.373082    0.033704
-0.169996    -0.295958    0.016741
-0.09378    -0.568129    0.143133
0.163225    -0.194984    -0.008865
-0.085469    -0.22678    0.148332
-0.117347    -0.527255    0.125049
-0.092945    -0.346749    0.143774
-0.091965    -0.386051    0.144525
-0.099715    -0.379088    0.138579
-0.098906    -0.452405    0.1392
-0.115158    -0.488308    0.126729
-0.100835    -0.499614    0.13772
-0.110054    -0.457451    0.130646
0.075434    -0.198773    -0.146442
-0.164486    -0.575365    0.048988
-0.163332    -0.548697    0.051775
-0.111793    -0.559229    0.129311
-0.128796    -0.573495    0.11253
0.075452    -0.190082    0.143692
-0.093302    -0.191453    0.132928
-0.107246    -0.391581    0.1328
-0.102679    -0.374481    0.136305
-0.110172    -0.347507    0.130555
-0.095873    -0.285654    0.141527
-0.121675    -0.467934    0.121729
-0.103182    -0.368783    0.135918
-0.117633    -0.348191    0.12483
-0.168582    -0.227482    0.021718
-0.166295    -0.460756    0.044621
-0.162869    -0.389431    0.052893
-0.16578    -0.416674    0.045864
-0.163173    -0.475559    0.052158
-0.165735    -0.252362    0.045973
-0.165248    -0.299818    0.047148
-0.152738    -0.52632    0.077354
-0.166095    -0.470975    0.045106
-0.143858    -0.388933    0.092902
-0.141112    -0.353998    0.096481
-0.131414    -0.520024    0.109118
-0.148257    -0.45056    0.087168
-0.147048    -0.457267    0.088745
-0.145758    -0.371221    0.090425
-0.130916    -0.555452    0.109767
-0.144395    -0.30421    0.092202
0.12886    -0.187349    -0.095963
-0.100701    -0.211553    0.133717
-0.037982    -0.20538    -0.162368
-0.164169    -0.244883    0.049755
-0.161559    -0.237801    0.056055
-0.156777    -0.348035    0.067602
-0.16275    -0.248372    0.053179
-0.154938    -0.306074    0.072041
-0.153337    -0.481109    0.075906
-0.149654    -0.460792    0.0848
-0.152138    -0.259183    0.078803
-0.154599    -0.410188    0.07286
-0.146016    -0.257313    0.090089
-0.132451    -0.402327    0.107767
-0.123324    -0.500192    0.119662
-0.136862    -0.280295    0.102018
-0.126321    -0.377437    0.115756
-0.12886    -0.404386    0.112447
-0.144344    -0.250293    0.092268
-0.125711    -0.430203    0.116551
-0.128372    -0.31396    0.113083
0.089139    -0.187743    -0.134319
-0.12605    -0.193988    0.103595
0.006889    -0.196961    -0.16425
0.114916    -0.176197    -0.107389
-0.139691    -0.205219    0.090708
-0.062057    -0.201476    -0.152924
0.061221    -0.177499    0.144732
-0.166447    -0.211324    -0.018371
0.148784    -0.16733    0.039819
-0.021859    -0.17216    0.153536
-0.12997    -0.200695    -0.101525
0.119346    -0.169243    -0.09677
-0.161437    -0.202244    0.040637
0.041944    -0.179274    -0.153473
-0.029206    -0.162375    0.14802
-0.120414    -0.195417    -0.111654
0.130218    -0.164385    -0.078915
-0.162754    -0.189386    -0.0027
0.144944    -0.156534    -0.027722
-0.084873    -0.158782    0.12253
0.030829    -0.172046    -0.152248
0.029131    -0.155683    0.144482
-0.138811    -0.182421    -0.080739
0.115439    -0.151539    -0.086933
-0.134363    -0.168096    -0.076624
0.114229    -0.147093    0.083307
-0.144173    -0.168558    -0.053472
0.120498    -0.141478    0.069111
-0.131522    -0.161667    -0.075469
0.112821    -0.143447    -0.08136
-0.117901    -0.159819    -0.091863
0.089486    -0.141421    -0.105034
-0.106462    -0.154759    -0.102316
0.06835    -0.134971    0.116764
-0.052719    -0.153712    -0.136297
-0.023858    -0.13262    0.131297
0.129041    -0.130055    0.029867
-0.139537    -0.144914    0.015281
0.113553    -0.124077    -0.063862
-0.079775    -0.146471    -0.116803
0.020871    -0.122636    0.127304
0.129139    -0.122101    0.003932
-0.126158    -0.132404    0.043903
0.108334    -0.117873    -0.067722
-0.052942    -0.137566    -0.125143
-0.055724    -0.114396    0.11367
0.115436    -0.111687    0.048811
-0.13065    -0.128913    -0.016783
0.032788    -0.106837    0.120919
0.050545    -0.114292    -0.115607
-0.118043    -0.113728    0.045002
0.091267    -0.099694    -0.082839
-0.051126    -0.120638    -0.117751
-0.075852    -0.0967    0.096451
0.111464    -0.094875    -0.050023
-0.080462    -0.113192    -0.097161
-0.027985    -0.08908    0.119207
0.111453    -0.085665    0.048356
-0.092947    -0.10855    -0.083996
0.013984    -0.081761    0.12074
0.11649    -0.079358    0.036042
-0.114871    -0.101356    -0.045267
0.086542    -0.077607    -0.086788
0.037681    -0.081521    -0.115872
-0.05285    -0.068445    0.108601
0.118658    -0.067729    0.018919
-0.047372    -0.068065    0.110783
0.118268    -0.062646    -0.012763
-0.084983    -0.06206    0.084931
0.114983    -0.05595    -0.024475
-0.099225    -0.060582    0.065795
0.116065    -0.055471    -0.015231
-0.093289    -0.055308    0.071263
0.112462    -0.051006    -0.030865
-0.121684    -0.070066    -0.002991
0.100124    -0.040382    -0.051426
-0.117175    -0.066042    -0.030698
0.11266    -0.042661    -0.009778
-0.086973    -0.039906    0.071263
0.10966    -0.03538    0.012141
-0.072911    -0.035127    0.083395
0.044897    -0.045502    -0.10491
-0.062015    -0.033078    0.090717
0.036421    -0.038763    -0.105848
-0.065057    -0.0257    0.084468
0.05369    -0.032332    -0.09597
-0.055016    -0.024566    0.091524
0.028789    -0.029825    -0.105192
-0.08502    -0.017096    0.057772
0.097723    -0.011284    0.018441
-0.042455    -0.041515    -0.104577
0.085274    -0.007682    -0.04838
-0.093568    -0.022232    -0.048776
0.073879    -0.003818    -0.06002
-0.047274    -0.025712    -0.095774
0.055392    0.001317    0.07355
-0.09138    -0.003059    0.027877
-0.051332    0.003972    0.074916
0.063779    0.008708    0.060202
-0.033055    -0.008399    -0.092363
0.017839    0.009719    0.0851
0.083875    0.014197    0.001975
-0.065946    0.001657    -0.065449
0.017234    0.015731    0.080895
0.071764    0.026941    -0.01782
-0.030808    0.006733    -0.08341
-0.043012    0.027399    0.059571
0.002691    0.032513    0.071061
0.062552    0.034633    -0.031516
0.061276    0.036684    0.032737
0.064409    0.041085    0.021356
0.061924    0.043239    0.02558
0.059843    0.048083    -0.026864
0.023848    0.051464    0.060224
-0.028119    0.055588    0.057471
-0.049706    0.043498    -0.045761
-0.007814    0.048223    -0.065292
0.05941    0.064772    0.017405
0.022467    0.071677    0.056069
-0.061418    0.062366    -0.011892
-0.057779    0.077081    0.016863
0.047597    0.086678    -0.033827
-0.016238    0.087796    0.0566
-0.025825    0.07879    -0.053706
0.051443    0.100428    -0.025909
-0.003791    0.102288    0.057623
-0.021902    0.092795    -0.053813
0.03513    0.111786    -0.045443
-0.042019    0.10828    -0.04003
0.0579    0.116519    0.019155
-0.003319    0.119289    -0.064687
0.021652    0.125661    0.062249
0.065412    0.134397    0.006274
0.053105    0.13536    -0.038742
-0.059583    0.121683    -0.028816
0.05725    0.141224    -0.032606
0.065634    0.143186    -0.000784
-0.06507    0.145358    -0.006332
0.054044    0.153066    -0.034118
-0.064032    0.155328    0.000221
-0.01206    0.1619    0.06046
0.052752    0.167231    0.027957
0.012449    0.171367    -0.056792
-0.030315    0.171742    -0.049761
-0.042151    -0.65616    -0.019337
0.039985    -0.65616    -0.040531
0.055498    -0.65616    -0.02425
0.00141    -0.65616    -0.009877
-0.002086    -0.65616    -0.000337
0.108685    -0.65616    -0.083353
0.036218    -0.65616    -0.049124
0.090934    -0.65616    0.004617
0.002563    -0.65616    -0.054164
0.047975    -0.65616    -0.103416
0.080828    -0.65616    0.00485
0.015044    -0.65616    0.007765
0.059277    -0.65616    -0.120068
0.016762    -0.65616    -0.111167
0.078417    -0.65616    0.03821
-0.110092    -0.65616    0.000206
-0.032553    -0.65616    -0.082837
-0.041085    -0.65616    -0.072352
-0.01765    -0.65616    0.032706
0.0017    -0.65616    0.044615
-0.021777    -0.65616    -0.124924
-0.076681    -0.65616    -0.054017
0.04246    -0.65616    0.099331
-0.047194    -0.65616    0.030317
-0.063782    -0.65616    -0.09956
-0.049509    -0.65616    0.0545
-0.059276    -0.65616    0.042627
0.013717    -0.65616    0.122948
0.025463    -0.65616    0.13474
-0.058413    -0.65616    0.071113
-0.042943    -0.65616    0.109396
-0.046706    -0.65616    0.126242
-0.117472    -0.65616    0.025367
-0.081904    -0.65616    0.093606
0.057905    0.178553    -0.031754
0.039061    0.174915    0.043082
0.029036    0.174915    -0.02137
0.01906    0.178768    0.063301
0.00327    0.174915    -0.021173
-0.009366    0.174915    -0.049171
-0.010508    0.174915    0.021269
-0.018504    0.174915    -0.045432
0.025007    0.185195    0.060698
-0.041184    0.174915    -0.029806
-0.048693    0.180142    0.045092
-0.058108    0.174915    0.000751
0.057795    0.199751    -0.022018
-0.050995    0.19556    0.038315
-0.051429    0.19461    -0.038238
0.010669    0.206924    0.05656
-0.038523    0.206698    -0.043368
0.028605    0.211051    -0.041202
-0.024042    0.212579    0.037138
0.034948    0.214271    0.006854
-0.031904    0.214891    -0.006119
-0.0089    0.215757    -0.025061
0.058522    0.182271    -0.030421
-0.011653    0.17598    -0.064702
0.012441    0.187716    -0.064334
-0.011232    0.189218    -0.064321
-0.065267    0.183518    0.010358
0.060009    0.202253    -0.008709
-0.007106    0.204134    0.059394
-0.054727    0.201463    -0.028409
-0.006051    0.207633    -0.056445
-0.027236    0.210927    0.043103
0.034499    0.213012    0.023876
-0.02164    0.214012    0.030401
0.019736    0.215457    0.020755
-0.005295    0.2168    0.01649
0.055712    0.174915    -0.031543
0.040206    0.174915    -0.027442
0.02314    0.174915    -0.040932
0.001387    0.174915    -0.021086
-0.002495    0.174915    -0.025322
-0.023966    0.174915    -0.041554
-0.033509    0.174915    -0.013672
-0.051085    0.174915    -0.010704
