0.017124    0.327061    -0.017112
-0.035223    0.324239    -0.0287
0.024853    0.326489    0.006648
-0.01029    0.309429    -0.081589
0.015121    0.327149    0.016303
-0.046983    0.314915    0.053053
-0.084982    0.308505    0.016044
-0.075818    0.305883    0.047926
-0.060437    0.30419    0.068523
-0.083512    0.300967    0.050891
-0.103173    0.295565    0.027591
-0.109038    0.288653    -0.038646
0.050932    0.312094    0.049641
0.097844    0.275435    -0.072523
-0.027261    0.267976    -0.127649
0.046326    0.269165    -0.119067
0.089408    0.210954    -0.08962
-0.089356    0.275778    -0.092728
0.010944    0.217099    -0.128619
0.077438    0.235167    -0.100096
0.097774    0.292268    0.029823
-0.073311    0.210885    -0.110129
0.119567    0.216691    -0.036972
-0.117256    0.263699    -0.064154
-0.129916    0.216097    0.028479
-0.0742    0.238136    0.106869
0.025628    0.185236    -0.125512
-0.108178    0.224443    -0.076819
-0.13065    0.192134    -0.02548
-0.105309    0.21698    0.077981
-0.069026    0.26976    0.110794
0.12473    0.260578    -0.002477
-0.024533    0.203962    0.125431
0.083609    0.287121    0.068856
0.11304    0.196208    0.050149
0.004999    0.234431    0.126825
0.010217    0.222358    0.126138
0.083932    0.218846    0.083813
0.031343    0.255333    0.122697
0.061788    0.233956    0.109527
-0.024365    0.326506    -0.023881
-0.033562    0.319981    -0.049337
-0.027326    0.33366    0.024269
-0.051546    0.322329    0.011996
0.014017    0.3599    0.018464
0.043892    0.322197    -0.009185
0.021987    0.368105    0.026409
-0.070882    0.315716    0.007718
0.007453    0.367355    0.028622
0.006207    0.305643    -0.087605
0.023624    0.380934    0.058762
0.025388    0.3021    -0.089385
0.039764    0.382682    0.050507
0.056265    0.297642    -0.079866
0.047078    0.382988    0.066166
0.037164    0.294059    -0.096746
0.062242    0.383071    0.045797
0.014128    0.291079    -0.10763
0.096721    0.373549    0.079321
0.063763    0.373741    0.11153
0.08311    0.304832    0.010363
0.098472    0.363212    0.101322
0.076552    0.287153    -0.080574
0.110463    0.361877    0.09169
-0.053897    0.286103    -0.103871
0.093091    0.335005    0.136218
-0.09115    0.283828    0.076553
0.126689    0.32068    0.115595
0.122495    0.345666    0.104758
-0.026417    0.260648    -0.12776
0.064211    0.206702    -0.110245
0.04898    0.306882    0.064651
0.117913    0.301634    0.138357
-0.060705    0.257854    -0.116818
0.04621    0.196092    -0.119115
0.106239    0.214419    -0.067684
0.121736    0.28852    0.132545
0.114587    0.296577    0.143459
-0.07634    0.242201    -0.107804
0.119017    0.277262    -0.004268
0.121075    0.280442    0.138941
-0.118044    0.268542    -0.062252
-0.12766    0.267799    0.036459
-0.071321    0.193336    0.109079
0.107432    0.185236    -0.054971
0.139262    0.265211    0.112544
-0.110304    0.188979    -0.074049
-0.131643    0.190218    -0.017941
-0.108535    0.210522    0.073776
-0.047298    0.186559    0.119794
0.123811    0.215652    -0.009452
0.130141    0.247651    0.122611
-0.026165    0.192244    0.125216
0.105178    0.278459    0.052009
0.134741    0.245932    0.116958
-0.025458    0.243377    0.125309
0.114743    0.225428    0.117078
-0.003199    0.241796    0.127904
0.096256    0.207549    0.112704
0.102071    0.201046    0.107205
0.1018    0.186289    0.068366
0.092356    0.19226    0.084989
0.034494    0.271855    0.121006
0.0649    0.190372    0.107665
0.037283    0.206559    0.120236
-0.032748    0.295076    0.089909
-0.022376    0.316671    0.046896
0.001192    0.292677    0.097389
-0.029069    0.31885    0.03537
-0.06557    0.313272    -0.004686
-0.111687    0.27776    0.043199
0.065969    0.304152    0.039202
0.041566    0.317488    0.015195
-0.064946    0.305573    -0.050563
0.061799    0.272876    0.100072
-0.105008    0.281529    -0.051229
0.114796    0.273936    -0.012896
0.087849    0.289086    -0.047881
0.039867    0.316226    -0.030142
0.004264    0.281728    -0.11288
0.013232    0.32025    -0.035469
0.025288    0.31331    -0.054902
-0.075071    0.303293    0.041478
-0.038879    0.315893    0.040089
0.001996    0.287223    0.104228
-0.105372    0.288719    0.025801
0.005971    0.322228    0.024899
-0.037648    0.320727    -0.016363
-0.118524    0.277405    0.024666
0.081931    0.299518    0.020377
0.106576    0.281908    0.010069
0.037223    0.319369    -0.005905
-0.029658    0.310917    -0.063184
-0.022675    0.31721    -0.047548
-0.040164    0.284552    -0.10418
0.083791    0.283681    -0.066399
0.00517    0.324112    -0.008862
0.026975    0.310275    -0.062304
0.151013    -0.407714    0.054576
0.154957    -0.400913    0.040487
0.157153    -0.423019    0.036278
0.095502    -0.411436    0.128761
0.161633    -0.416503    0.009287
0.158553    -0.380915    -0.006468
0.156855    -0.450555    0.028174
0.134505    -0.373286    0.076287
0.08002    -0.430163    0.138334
0.150792    -0.453303    0.045413
0.152484    -0.389729    -0.057046
0.155082    -0.369589    -0.024112
0.032536    -0.376478    0.152167
0.158073    -0.437238    -0.037099
0.142809    -0.36771    0.057435
0.01978    -0.400408    0.158979
0.090936    -0.455982    0.127867
0.14614    -0.43427    -0.075056
0.132797    -0.359486    0.07148
0.127448    -0.354957    -0.088081
-0.010647    -0.381448    0.15746
0.146174    -0.469583    0.046651
0.126371    -0.414825    -0.108791
0.149587    -0.353902    0.013127
-0.024387    -0.424365    0.160389
-0.010695    -0.465157    0.15518
0.153049    -0.476533    -0.007787
0.105746    -0.416756    -0.131751
0.131699    -0.345423    0.063462
0.146864    -0.345204    -0.022161
-0.047877    -0.415172    0.155708
-0.058112    -0.382651    0.148779
0.12652    -0.479559    0.079669
0.122145    -0.452884    -0.108701
0.11125    -0.335926    0.088632
0.089312    -0.341367    0.112366
0.021532    -0.340687    0.142442
-0.062945    -0.419369    0.150908
-0.069261    -0.371747    0.142484
0.117579    -0.482481    0.091432
0.095862    -0.431769    -0.13812
0.064425    -0.353191    -0.144626
0.091855    -0.325913    0.102467
0.040742    -0.334426    0.136002
0.095916    -0.323695    -0.108514
-0.068437    -0.44466    0.147106
-0.096968    -0.36813    0.124785
0.132001    -0.472606    -0.086154
0.065389    -0.385394    -0.154458
0.113258    -0.301145    0.065255
0.134523    -0.314312    -0.029495
0.109913    -0.320097    -0.091411
-0.090171    -0.408797    0.137331
-0.100736    -0.383982    0.126902
0.1366    -0.484796    -0.06778
0.054258    -0.404773    -0.160721
0.048997    -0.320359    -0.137888
0.131494    -0.300273    0.017011
0.115804    -0.290168    -0.065675
0.055071    -0.30085    -0.12987
-0.127916    -0.449121    0.102525
-0.116006    -0.366241    0.108219
0.100998    -0.490313    0.047069
0.099227    -0.490313    0.042558
0.04539    -0.438729    -0.162906
-0.001508    -0.348282    -0.157811
0.124139    -0.278074    0.025754
0.065866    -0.298435    0.112104
-0.029171    -0.310249    0.133418
0.015093    -0.283284    -0.137332
-0.125885    -0.46342    0.100297
0.105038    -0.490313    0.099374
0.075217    -0.490313    0.094117
-0.002879    -0.490313    0.129281
0.059904    -0.490313    0.080478
0.009489    -0.490313    0.089343
0.104139    -0.490313    -0.020725
0.013718    -0.490313    0.084531
0.036581    -0.490313    -0.012769
-0.068157    -0.490313    0.101027
-0.084102    -0.490313    0.115293
0.132851    -0.490313    -0.018029
0.069086    -0.490313    0.033761
0.123879    -0.483808    -0.093508
-0.011565    -0.397789    -0.171116
0.001879    -0.313109    -0.145602
0.086445    -0.280034    0.090973
0.03071    -0.28559    0.123819
-0.034609    -0.31918    0.134627
-0.110505    -0.355676    0.109088
-0.14764    -0.453704    0.072931
0.066452    -0.490313    -0.093099
-0.084165    -0.490313    0.069785
-0.020832    -0.490313    0.009605
0.03829    -0.490313    -0.055367
0.001024    -0.490313    0.064501
-0.059261    -0.490313    0.122006
0.005872    -0.490313    0.056436
0.069034    -0.490313    -0.064606
0.113917    -0.490313    -0.092207
0.080496    -0.490313    -0.103424
0.037516    -0.490313    -0.02017
-0.028841    -0.413123    -0.170126
-0.047249    -0.346033    -0.151196
0.113456    -0.262999    0.050624
0.124784    -0.268458    -0.023687
0.077031    -0.253077    -0.104602
-0.011005    -0.254495    -0.133622
-0.159749    -0.43875    0.054137
-0.159801    -0.38901    0.051239
0.035477    -0.490313    -0.106556
-0.099827    -0.490313    0.053088
0.066723    -0.490313    -0.114427
-0.003575    -0.455691    -0.168068
-0.0346    -0.375315    -0.163695
-0.028786    -0.2829    -0.135851
0.122757    -0.245813    -0.005235
0.101054    -0.237118    -0.076063
-0.082296    -0.317794    0.113427
-0.009263    -0.248611    -0.132831
-0.159483    -0.460134    0.042512
-0.003662    -0.490313    -0.074499
-0.099176    -0.490313    0.036566
-0.019508    -0.490313    -0.062687
-0.156409    -0.362509    0.038061
-0.079261    -0.418346    -0.153989
-0.058247    -0.340913    -0.145955
0.111895    -0.234019    0.044191
0.050024    -0.241522    0.109117
0.067939    -0.236839    -0.108586
0.008571    -0.229481    -0.130073
-0.073285    -0.273001    -0.116968
-0.155027    -0.478394    0.038316
0.036772    -0.490313    -0.127997
0.014123    -0.490313    -0.102128
-0.045057    -0.490313    -0.074196
-0.036859    -0.454955    -0.164798
-0.091219    -0.375323    -0.141981
-0.073734    -0.283066    -0.119012
0.057663    -0.227994    0.103758
0.101729    -0.213628    -0.071756
-0.067102    -0.298794    0.11679
-0.13772    -0.347332    0.068354
-0.170529    -0.422174    -0.015253
-0.105965    -0.490313    -0.006762
-0.061493    -0.490313    -0.066551
-0.022274    -0.490313    -0.111348
-0.016676    -0.475175    -0.163518
-0.119885    -0.38301    -0.120641
-0.082838    -0.299958    -0.118565
0.068138    -0.217016    0.097571
0.013013    -0.221198    0.118917
0.037447    -0.213056    -0.12277
-0.019952    -0.209071    -0.129284
-0.089341    -0.254731    -0.100861
-0.156127    -0.487784    -0.030727
-0.01573    -0.490313    -0.154092
-0.015593    -0.490313    -0.153305
-0.075328    -0.456542    -0.151417
-0.10397    -0.38175    -0.134629
-0.09732    -0.298147    -0.10495
0.079191    -0.214174    0.087479
0.10131    -0.19742    -0.072196
0.050573    -0.199423    -0.117975
-0.005232    -0.199871    -0.129909
-0.072033    -0.23899    -0.112444
-0.162543    -0.450499    -0.047966
-0.107256    -0.490313    -0.066022
-0.14556    -0.490313    -0.0154
-0.128404    -0.428866    -0.117186
-0.134983    -0.383526    -0.1037
-0.117102    -0.278964    -0.073921
0.083469    -0.190864    0.083643
0.111284    -0.192703    -0.052994
0.063383    -0.178496    -0.110462
-0.113332    -0.29397    0.07614
-0.034367    -0.188176    -0.126478
-0.158825    -0.413102    -0.068354
-0.158665    -0.394798    -0.0644
-0.125003    -0.490313    -0.068373
-0.111816    -0.463908    -0.124788
-0.146336    -0.388645    -0.087745
-0.123468    -0.317776    -0.082364
0.091235    -0.178713    0.077155
0.117433    -0.162832    -0.041305
-0.008481    -0.192502    0.119503
-0.002335    -0.171619    -0.131066
-0.146193    -0.324683    0.019966
-0.097362    -0.220965    -0.089636
-0.148152    -0.454999    -0.082785
-0.130697    -0.490313    -0.063395
-0.138077    -0.302113    -0.037956
0.102241    -0.166413    0.062565
0.064472    -0.164525    0.101686
0.064452    -0.163174    -0.111479
0.036771    -0.157277    -0.125556
-0.125655    -0.283376    0.049701
-0.071838    -0.1949    -0.110715
-0.126938    -0.472299    -0.107234
-0.144477    -0.342828    -0.061248
-0.12784    -0.234932    -0.032573
0.082826    -0.154163    0.087843
0.106896    -0.13906    -0.072827
-0.01363    -0.177532    0.119744
-0.045164    -0.143152    -0.128583
-0.065029    -0.144243    -0.119076
-0.107094    -0.190418    -0.076162
-0.142396    -0.307867    -0.027531
0.109305    -0.134447    0.059529
0.067605    -0.150504    0.101795
0.079332    -0.148803    -0.103819
-0.058249    -0.194672    0.108404
-0.107809    -0.248026    0.069979
-0.091943    -0.1847    -0.094516
-0.098937    -0.483679    -0.127855
-0.128967    -0.19389    -0.010217
0.128072    -0.123153    0.004704
0.091213    -0.115244    -0.100132
0.005121    -0.152524    0.123155
-0.00961    -0.118494    -0.139464
-0.129782    -0.268402    0.030726
-0.129662    -0.2349    0.010926
0.125455    -0.126106    0.022719
0.1282    -0.10729    -0.03737
0.050517    -0.112898    -0.129416
-0.036074    -0.158983    0.118055
-0.061207    -0.11917    -0.126255
-0.109768    -0.157348    -0.076391
-0.12909    -0.183639    0.009386
0.073255    -0.119889    0.104592
0.115076    -0.084108    -0.08573
0.007205    -0.104707    0.13237
-0.081075    -0.174028    0.094741
-0.08473    -0.084248    -0.124672
-0.116339    -0.215296    0.04997
0.119453    -0.093974    0.061357
0.056063    -0.099215    0.119524
0.083475    -0.093329    -0.115434
-0.029305    -0.084058    -0.146104
-0.100824    -0.184956    0.074465
-0.12947    -0.130164    -0.044958
-0.118631    -0.161558    0.049793
0.081535    -0.095385    0.105435
0.124433    -0.06333    -0.083559
-0.003494    -0.065604    -0.154862
-0.032317    -0.125133    0.124843
-0.102325    -0.087339    -0.108127
-0.128801    -0.149727    0.02566
0.138695    -0.068418    0.035026
0.143623    -0.058074    -0.041308
0.086328    -0.070007    -0.12267
0.040822    -0.077766    0.133509
-0.058307    -0.109985    0.120029
-0.129696    -0.105149    -0.062342
-0.135878    -0.125952    -0.020641
0.048923    -0.06304    0.136532
0.005985    -0.056809    -0.157598
-0.051726    -0.097082    0.125767
-0.135035    -0.10107    -0.049631
-0.138397    -0.1206    0.004706
0.13847    -0.055665    -0.062279
0.03907    -0.053695    0.142919
-0.123168    -0.064833    -0.097311
-0.128264    -0.126056    0.042668
0.153319    -0.044466    -0.008964
-0.008155    -0.043158    -0.163274
-0.049214    -0.079584    0.132082
-0.13827    -0.10442    0.023858
0.11789    -0.037846    0.099061
0.098218    -0.036321    -0.129086
-0.137611    -0.05653    -0.080624
-0.148847    -0.070875    -0.038101
-0.149363    -0.075912    -0.02359
0.132374    -0.025802    -0.094378
-0.123924    -0.041168    -0.110509
-0.149916    -0.052079    -0.057294
-0.152457    -0.070628    -0.001021
0.157266    -0.027812    -0.023399
-0.079371    -0.025315    -0.149298
-0.10089    -0.071032    0.108059
-0.157585    -0.053477    -0.0242
0.158428    -0.021801    -0.024303
-0.097124    -0.016834    -0.141988
-0.150575    -0.037523    -0.071059
0.160954    -0.01437    -0.018248
0.049739    -0.012777    -0.160782
-0.026347    -0.031061    0.154998
-0.162638    -0.037993    -0.02824
0.147078    -0.007975    -0.072033
-0.119145    -0.011973    -0.123626
-0.157742    -0.037608    0.039691
0.161835    -0.007129    -0.017269
0.02437    -0.005616    -0.169436
-0.046683    -0.02573    0.151762
-0.165744    -0.026529    -0.02468
0.142234    0.002263    -0.083528
-0.126667    -0.008763    -0.117342
-0.161554    -0.029488    0.031926
0.16234    0.009699    -0.006199
-0.007424    0.01058    -0.172029
-0.01367    -0.003707    0.160243
-0.167372    -0.022267    -0.011481
0.139202    0.013102    -0.090198
-0.115738    0.007774    -0.128779
-0.163627    -0.020688    0.031325
0.160852    0.023514    0.01777
0.055517    0.018483    -0.160647
-0.006256    0.008883    0.161335
-0.168733    -0.004351    -0.033943
0.028474    0.022507    0.157754
-0.022714    0.034261    -0.170192
-0.082778    -0.002409    0.141592
0.146403    0.033514    0.065683
0.120391    0.032651    -0.113762
-0.091644    0.034767    -0.146054
-0.169496    -0.005347    0.014155
0.160408    0.038542    -0.00334
0.075633    0.038599    -0.149539
-0.159159    0.016662    -0.067301
-0.145371    0.006199    0.084376
0.153384    0.047962    -0.047415
0.057805    0.048132    -0.156453
-0.160213    0.039178    -0.058014
-0.17107    0.021429    -0.00054
0.036213    0.047146    0.153046
-0.003906    0.052031    -0.167554
-0.168916    0.033617    -0.023167
-0.170449    0.022558    0.012932
0.015938    0.052215    0.156256
-0.038626    0.057857    -0.162308
-0.105306    0.021367    0.127496
0.149969    0.063155    0.035488
0.102239    0.069252    -0.122156
-0.108113    0.055277    -0.128982
-0.160263    0.042896    0.049705
0.151511    0.070964    0.020274
-0.011179    0.054902    0.15617
-0.111326    0.062621    -0.123537
-0.148715    0.04689    0.071119
0.144574    0.074514    -0.053246
-0.087583    0.042392    0.136317
-0.164987    0.061267    0.008448
0.127649    0.078512    0.074601
0.010713    0.074073    0.150956
-0.119906    0.076325    -0.109715
-0.136894    0.052424    0.089867
0.136541    0.082054    -0.063826
-0.139186    0.080174    -0.079491
-0.128629    0.060704    0.09608
-0.016989    0.081326    0.147474
-0.136724    0.083079    0.066365
0.070487    0.084662    0.122481
-0.034041    0.087594    -0.145604
-0.094904    0.074552    0.121636
0.051176    0.090349    -0.134068
-0.144424    0.086829    0.031182
0.014515    0.089668    0.134606
-0.120195    0.089973    -0.08432
0.124678    0.094033    0.036021
-0.017689    0.095241    -0.139458
-0.108338    0.090694    0.087445
0.025484    0.096729    -0.134701
-0.067243    0.093013    0.116861
0.100041    0.098875    -0.084111
-0.131782    0.10014    0.016761
0.012668    0.100452    0.122977
-0.132817    0.101168    -0.004069
0.116278    0.107559    -0.028701
-0.123384    0.110368    -0.029455
0.113208    0.115945    -0.011044
-0.112813    0.112629    -0.057083
0.07085    0.112028    0.088048
-0.095859    0.113941    -0.081702
0.108643    0.123662    -0.005119
-0.103641    0.119437    -0.063508
0.110091    0.120735    -0.016825
-0.115777    0.126443    -0.008463
0.101391    0.13129    -0.034263
-0.112151    0.130025    0.016775
0.076581    0.132948    -0.077939
-0.081636    0.126781    0.075307
0.016757    0.139546    -0.110481
0.08146    0.142277    0.057046
-0.060911    0.139801    -0.096008
0.072207    0.137132    0.070357
-0.105416    0.148559    -0.032317
0.093663    0.152608    -0.041255
-0.057396    0.15128    0.084326
0.018913    0.156255    -0.106263
0.081543    0.158216    0.051881
-0.069598    0.159152    -0.085111
0.098491    0.166419    -0.004741
-0.039363    0.164138    -0.102694
-0.007476    0.161131    0.097625
0.055397    0.170994    -0.088863
-0.106071    0.174625    0.01028
0.10948    0.175389    -0.002826
0.062497    0.175389    -0.098267
-0.115448    0.175389    -0.001837
0.107653    0.175389    0.02878
0.111515    0.175389    -0.050005
-0.003609    0.175389    -0.122858
-0.110833    0.175389    0.037441
0.110566    0.178261    0.0432
-0.027651    0.175518    -0.127268
0.053133    0.175389    0.099918
-0.126656    0.178426    0.017084
0.117976    0.180709    0.003663
0.026601    0.180709    -0.125587
-0.10682    0.180231    -0.075558
-0.118114    0.180709    0.039459
0.029165    0.180709    0.103002
0.099674    0.180709    0.006179
0.03984    0.180709    -0.10829
-0.080481    0.180709    -0.077834
-0.03652    0.180709    0.096491
0.075761    0.244859    0.060043
0.090516    0.229006    0.035225
0.093832    0.199629    -0.037215
0.057192    0.194206    -0.0877
0.068442    0.187902    -0.077834
0.002326    0.202337    -0.107701
-0.016477    0.22231    -0.107637
-0.064864    0.223447    -0.088949
-0.097944    0.261581    -0.049615
-0.107023    0.196233    -0.008948
-0.090398    0.232943    0.052187
-0.071696    0.249061    0.07352
-0.028743    0.232713    0.094883
-0.003949    0.206942    0.097683
0.034244    0.22262    0.090429
0.086471    0.234232    0.043518
0.097776    0.261112    0.008664
0.096171    0.229653    -0.026261
0.092567    0.231723    -0.041234
0.052432    0.230825    -0.090785
0.036887    0.212916    -0.099801
-0.054122    0.255564    -0.095116
-0.027304    0.218285    -0.105325
-0.092636    0.230255    -0.057854
-0.107465    0.25269    -0.00037
-0.107094    0.216966    0.005587
-0.07606    0.248756    0.068681
-0.060748    0.250631    0.080669
-0.014462    0.223693    0.097142
0.010791    0.260242    0.096605
0.063276    0.236423    0.072127
0.06035    0.264292    0.076807
0.089362    0.264237    0.047372
-0.014624    0.253768    -0.112656
0.003857    0.26288    0.102612
0.07156    0.251989    -0.081128
-0.108996    0.259723    -0.03017
0.027653    0.261002    0.097628
-0.106277    0.249914    -0.043245
0.068501    0.249914    -0.089772
0.049413    0.249914    0.095085
-0.103739    0.24952    0.051783
-0.066463    0.247826    -0.10195
0.103115    0.242729    0.033128
-0.106051    0.242729    0.037395
-0.014617    0.242729    -0.11316
0.094227    0.234525    0.038441
-0.013922    0.237796    -0.112805
-0.054255    0.232273    0.090264
0.074226    0.229856    0.068338
-0.054557    0.231387    -0.099971
-0.021114    0.231964    0.101326
-0.077306    0.228356    -0.084384
0.08205    0.228356    0.062707
0.021622    0.228356    0.104978
-0.116328    0.227458    0.018362
-0.006744    0.222249    -0.119881
0.106091    0.221171    -0.022147
-0.112946    0.221171    0.025148
0.004817    0.221171    -0.115868
0.099139    0.219877    -0.034009
-0.004692    0.213175    -0.112589
-0.082974    0.21607    0.067765
0.102941    0.212244    -0.003728
-0.081016    0.211437    -0.080468
-0.047095    0.21671    0.09369
-0.019377    0.206794    -0.11229
0.108476    0.206794    0.005063
-0.016307    0.206794    0.108528
-0.118711    0.205886    -0.009454
0.022358    0.199879    -0.116804
0.047109    0.20249    0.096994
-0.117654    0.199609    -0.012912
0.020328    0.199609    -0.109966
0.095099    0.198242    -0.046214
0.005283    0.196009    -0.112075
-0.081532    0.19119    0.069364
0.102865    0.195846    -0.016554
-0.056307    0.187319    -0.099077
-0.048514    0.194861    0.09323
0.113441    0.185236    -0.043337
0.007263    0.185236    -0.115112
-0.107175    0.185236    0.056059
0.053546    0.185236    0.094691
0.036979    0.185236    -0.123444
-0.021248    0.185236    -0.117019
-0.127078    0.185236    0.007199
-0.003497    0.185236    0.120321
0.026992    0.175586    -0.130391
-0.078069    0.185236    -0.093549
-0.075735    0.179311    0.102
0.123235    0.176125    -0.024269
-0.034593    0.173752    -0.130409
-0.108308    0.174948    0.071826
0.074842    0.170862    -0.08851
0.121716    0.170862    0.008134
-0.075658    0.185041    -0.113372
-0.076698    0.170862    -0.101037
-0.061974    0.170862    0.095782
0.114076    0.170862    -0.046844
-0.050216    0.170862    -0.103171
0.080492    0.178955    0.091683
-0.106837    0.170862    -0.040322
-0.079555    0.170862    0.079795
0.054382    0.170862    0.094641
-0.101278    0.175143    -0.091188
0.103308    0.168996    -0.014531
-0.097591    0.163798    0.048126
0.095592    0.15621    0.03629
0.028042    0.157903    0.098023
-0.081652    0.157623    -0.080561
0.057227    0.150734    -0.094779
-0.095381    0.148168    0.056631
-0.026499    0.148384    -0.11206
-0.007835    0.14828    0.103929
0.081284    0.143894    0.065106
0.098939    0.138307    -0.04862
-0.116283    0.137267    -0.010768
-0.012803    0.134437    -0.118882
-0.064579    0.132599    0.09144
-0.043468    0.131766    -0.113421
-0.002999    0.129221    0.110222
0.085541    0.127385    0.069439
0.077995    0.124092    0.079059
-0.101208    0.122296    -0.073912
0.079026    0.119725    -0.092009
-0.126302    0.115892    -0.019507
0.03327    0.115528    -0.122026
-0.127402    0.114632    0.009126
0.005206    0.110686    -0.131054
-0.110017    0.113157    0.06115
-0.002791    0.10944    -0.132438
-0.121925    0.107514    0.047483
0.015259    0.102426    -0.137611
-0.119781    0.105041    0.056375
-0.013967    0.101482    -0.140007
-0.134739    0.101053    0.028545
0.037232    0.09815    -0.136391
-0.139768    0.099498    -0.02225
0.094059    0.097643    -0.102424
-0.12163    0.09474    -0.084434
0.094884    0.095481    0.094721
0.109021    0.093521    0.082887
0.022781    0.093986    0.134635
0.145056    0.089392    -0.014537
-0.058989    0.089517    0.133282
-0.045353    0.088778    -0.149491
-0.152382    0.086876    0.033767
0.06531    0.086637    -0.142712
-0.129103    0.086488    -0.095044
0.079757    0.0852    0.126705
-0.087067    0.081868    -0.140077
-0.099745    0.082369    -0.131333
-0.081493    0.081224    0.133084
0.09736    0.08273    -0.126848
0.149944    0.081675    0.030559
-0.141168    0.074554    0.079836
0.087794    0.08121    0.124449
-0.077526    0.073061    -0.148683
-0.129053    0.069549    -0.110915
-0.08233    0.066111    0.138737
0.123808    0.062446    -0.108397
0.160348    0.062793    -0.010989
-0.168525    0.064294    -0.001163
0.009285    0.070768    0.157306
0.010734    0.058007    -0.170049
0.124728    0.056268    0.100519
-0.124751    0.056341    0.108891
0.151367    0.052597    -0.066734
-0.071205    0.050486    -0.158772
-0.165389    0.049444    -0.051374
-0.033002    0.057176    0.159163
0.077668    0.040556    -0.153294
0.14952    0.047082    0.06432
-0.164792    0.045785    0.048154
0.076617    0.048439    0.141633
0.024722    0.046275    -0.171865
-0.113935    0.038613    -0.134246
-0.143341    0.039298    0.093209
0.145049    0.034638    -0.085748
-0.098415    0.033614    -0.147826
-0.161311    0.033647    -0.071683
-0.048461    0.032702    0.159108
0.081265    0.028055    -0.152697
0.1661    0.027946    -0.002735
-0.174617    0.034229    0.000366
0.016816    0.025294    0.164758
0.033482    0.021747    -0.172428
0.129451    0.021568    0.102319
-0.149871    0.018736    0.085553
0.114834    0.021451    0.117268
-0.031915    0.018951    -0.17401
-0.153993    0.019467    -0.088429
-0.115708    0.015547    0.126373
0.152902    0.012574    -0.073329
0.158255    0.007274    -0.061903
-0.169098    0.009179    -0.051333
-0.013254    0.007862    0.165471
0.107393    0.008858    -0.136446
0.165486    0.003103    0.016453
-0.174067    0.00585    0.018104
0.031427    0.006023    0.161851
0.007497    -0.003757    -0.17504
0.135277    -0.001715    0.092723
-0.117396    -0.003893    0.123635
0.099322    -0.002766    0.130669
-0.074015    -0.009938    -0.160082
-0.145293    -0.006857    -0.100182
-0.0386    -0.011043    0.161902
0.109049    -0.01921    -0.130594
0.164169    -0.015627    0.004364
-0.174655    -0.012025    0.007789
0.001381    -0.012664    0.164621
0.063595    -0.020205    -0.159816
0.1262    -0.021024    0.102079
-0.156612    -0.023799    0.064849
0.105497    -0.019612    0.122149
-0.040874    -0.028188    -0.167572
-0.146967    -0.03105    -0.089928
-0.086459    -0.027447    0.140129
0.119433    -0.029732    -0.11588
0.160298    -0.031218    0.01953
-0.168249    -0.034744    -0.028919
0.049098    -0.031652    0.15274
-0.0159    -0.038731    -0.169756
0.144827    -0.037343    0.066482
-0.126265    -0.03938    0.103854
0.143725    -0.045568    -0.070679
-0.082249    -0.04562    -0.146931
-0.153073    -0.041722    -0.074534
-0.020259    -0.039793    0.157636
0.036442    -0.050981    -0.159921
0.131715    -0.048169    0.080572
-0.126154    -0.051503    0.098037
0.112005    -0.053374    0.103795
-0.068847    -0.058639    -0.148413
-0.154252    -0.054582    -0.056524
-0.028218    -0.056552    0.151457
0.101518    -0.059476    -0.121563
-0.0442    -0.063518    -0.155274
0.151218    -0.059171    0.020153
-0.130006    -0.060728    -0.098366
-0.14488    -0.062373    0.061577
-0.042188    -0.065981    0.144637
0.102156    -0.060615    0.109017
0.091937    -0.076267    -0.122049
-0.089335    -0.077893    -0.130053
0.122553    -0.079666    0.073309
-0.143121    -0.071196    -0.071015
-0.119877    -0.077657    0.090594
0.027524    -0.072378    0.143281
0.122026    -0.093907    -0.076139
0.000444    -0.092853    -0.150276
0.138786    -0.101517    -0.0124
-0.13284    -0.09698    -0.071587
-0.144392    -0.086518    0.042997
-0.054456    -0.085902    0.133297
0.080526    -0.092806    0.113716
0.050291    -0.099194    -0.138089
-0.07921    -0.100754    -0.127327
0.110828    -0.100065    0.080033
-0.148112    -0.095334    -0.02171
-0.082007    -0.1034    0.113743
0.074509    -0.095313    0.116687
0.065665    -0.112005    -0.126553
-0.075007    -0.110294    -0.12667
0.111555    -0.113507    0.07261
-0.144541    -0.112094    -0.003584
-0.101986    -0.109355    0.096391
0.008598    -0.128125    0.131392
0.098388    -0.122224    -0.096739
-0.030141    -0.125216    -0.139712
0.123244    -0.117703    0.050756
-0.133944    -0.116606    -0.055855
-0.079029    -0.123827    0.109974
0.069593    -0.113665    0.113738
0.061947    -0.145481    -0.121179
-0.065261    -0.130042    -0.126656
0.103102    -0.132792    0.078005
-0.139132    -0.140618    0.002875
-0.076532    -0.13021    0.109915
0.043092    -0.142395    0.120913
0.079354    -0.146497    -0.109702
-0.07842    -0.135833    -0.118894
0.098363    -0.150127    0.080208
-0.138167    -0.137734    -0.024855
-0.04435    -0.143041    0.122487
0.082917    -0.146428    0.095523
0.020355    -0.169164    -0.134454
0.124624    -0.161871    -0.029816
-0.085821    -0.158553    -0.108946
-0.133006    -0.155879    0.02379
-0.007275    -0.16373    0.12594
0.120127    -0.161769    -0.050102
0.015248    -0.165319    -0.135311
0.126497    -0.15841    0.012881
-0.128286    -0.166179    -0.047316
-0.108681    -0.170428    0.073949
0.02488    -0.165539    0.122451
0.081142    -0.179506    -0.104005
-0.020651    -0.181998    -0.134232
0.11179    -0.195375    0.053098
-0.133653    -0.192117    -0.008272
-0.060547    -0.199085    0.112187
0.045323    -0.182243    0.114944
0.035018    -0.200589    -0.128043
0.123923    -0.185305    -0.024511
-0.08707    -0.192057    -0.10469
-0.132009    -0.19864    0.015106
-0.013584    -0.194661    0.123701
0.108561    -0.20362    -0.067619
0.012094    -0.204668    -0.13351
0.115294    -0.219922    0.045592
-0.125347    -0.208421    -0.050685
-0.099584    -0.20964    0.082072
0.028058    -0.215641    0.120148
0.067754    -0.213799    -0.112519
-0.063393    -0.222832    -0.120542
0.106893    -0.216203    0.061005
-0.133895    -0.211314    -0.002236
-0.056528    -0.20738    0.113596
0.078158    -0.220369    0.09477
0.028686    -0.237057    -0.131821
0.123001    -0.238274    -0.03494
-0.107486    -0.236615    -0.086224
-0.115306    -0.241943    0.065862
-0.023738    -0.227824    0.123748
0.115973    -0.237917    -0.057001
0.005658    -0.239    -0.135687
0.125414    -0.239111    0.018781
-0.13287    -0.247873    -0.035812
-0.105021    -0.243835    0.07925
0.0154    -0.241557    0.124626
0.08552    -0.26057    -0.104822
-0.044398    -0.263812    -0.13366
0.104715    -0.253056    0.0697
-0.137367    -0.259701    -0.015039
-0.074628    -0.255515    0.107357
0.06662    -0.266473    0.109497
0.081555    -0.262924    -0.109013
-0.052474    -0.271588    -0.132482
0.107952    -0.271803    0.070246
-0.138709    -0.266262    -0.009495
-0.07844    -0.270639    0.107783
0.041047    -0.260838    0.121539
0.063981    -0.291564    -0.12711
-0.081795    -0.292287    -0.122449
-0.08987    -0.290752    -0.115655
-0.138449    -0.297999    0.041794
-0.059545    -0.276733    0.120013
0.088717    -0.282916    0.096048
0.035342    -0.292178    -0.139092
-0.065996    -0.295785    -0.131407
0.12025    -0.294805    0.060348
-0.144446    -0.296001    -0.016637
-0.090863    -0.285762    0.103392
0.046522    -0.287981    0.124526
0.07479    -0.301077    -0.122764
-0.08857    -0.319753    -0.127493
0.117255    -0.305878    0.070323
-0.149543    -0.315767    -0.025702
-0.102519    -0.314962    0.103678
0.039375    -0.305834    0.13181
0.107217    -0.312516    -0.098102
-0.01673    -0.310176    -0.1502
0.136425    -0.305102    0.023892
-0.135805    -0.312676    -0.069234
-0.134592    -0.320271    0.063826
-0.024541    -0.313974    0.139476
0.102306    -0.321647    0.097603
0.050191    -0.323652    -0.143486
0.142143    -0.337505    -0.053856
-0.097209    -0.327313    -0.123065
-0.155529    -0.332127    -0.015049
-0.074653    -0.337713    0.132191
0.07445    -0.325902    0.122087
0.115887    -0.327993    -0.095773
-0.030036    -0.345007    -0.15941
0.152142    -0.345369    -0.004908
-0.139515    -0.345632    -0.084242
-0.153775    -0.3332    0.022332
-0.047238    -0.345903    0.145434
0.065057    -0.335262    0.130725
-0.006583    -0.347349    -0.16256
-0.095929    -0.355352    -0.138168
-0.085139    -0.34863    0.130179
0.123145    -0.353738    -0.101908
0.15655    -0.358037    0.002316
-0.161195    -0.349179    0.015702
0.06621    -0.355328    0.138494
0.005427    -0.360826    -0.166841
-0.105958    -0.366595    -0.134003
-0.087845    -0.360476    0.133552
0.128021    -0.359863    -0.099764
0.15888    -0.368004    0.016172
-0.168313    -0.364648    0.007034
0.035427    -0.36836    0.154249
0.007671    -0.370899    -0.169723
0.124309    -0.374415    0.101044
-0.12113    -0.371426    0.111786
0.145037    -0.379734    -0.079833
-0.073367    -0.380003    -0.157541
-0.163843    -0.378155    -0.053585
-0.072865    -0.374111    0.146779
0.078306    -0.387405    -0.152305
0.163458    -0.387047    0.009508
-0.169925    -0.38244    0.022006
0.047906    -0.388907    0.156114
0.021848    -0.389535    -0.172832
0.134568    -0.391958    0.09149
-0.142105    -0.391722    0.094614
0.118463    -0.39048    0.11151
-0.084735    -0.39775    -0.15489
-0.144624    -0.395426    -0.100694
-0.03657    -0.402887    0.163473
0.122824    -0.400768    -0.118256
0.16677    -0.401417    -0.018224
-0.173727    -0.405821    -0.034965
0.024255    -0.404769    0.16311
0.058795    -0.406911    -0.164197
0.127588    -0.408119    0.105201
-0.15121    -0.415324    0.083256
0.07975    -0.407082    0.143564
-0.023183    -0.416844    -0.176085
-0.122669    -0.414189    -0.128723
-0.112346    -0.408642    0.128343
0.141477    -0.421661    -0.095604
-0.076005    -0.421202    -0.160633
-0.169308    -0.426674    -0.050365
-0.049793    -0.426447    0.159678
0.101997    -0.4254    -0.139889
0.165553    -0.426169    0.017418
-0.175252    -0.422744    0.013225
0.046375    -0.427273    0.158645
0.027507    -0.438448    -0.173504
0.141227    -0.437066    0.082888
-0.161482    -0.431042    0.062409
0.09805    -0.438439    0.131294
-0.046437    -0.439854    -0.169839
-0.146759    -0.441041    -0.097477
-0.108063    -0.439086    0.130036
0.112237    -0.446073    -0.128213
0.156797    -0.452734    -0.05437
-0.173989    -0.443389    -0.005662
-0.010235    -0.446396    0.163656
0.061884    -0.44585    -0.161396
0.15027    -0.450378    0.06347
-0.160776    -0.447604    0.059509
0.07939    -0.452577    0.140567
-0.050196    -0.455906    -0.166472
-0.119054    -0.459185    -0.126002
-0.083499    -0.457169    0.142526
0.119445    -0.465715    -0.114276
0.161057    -0.465027    -0.021399
-0.169496    -0.465272    -0.008845
0.034167    -0.463645    0.155794
0.033703    -0.469843    -0.165077
0.140745    -0.474615    0.069479
-0.12722    -0.469492    0.103371
0.116845    -0.471425    0.105467
-0.094281    -0.473066    -0.142133
-0.158989    -0.478687    -0.05075
-0.012828    -0.475983    0.156552
0.030204    -0.483386    -0.161521
0.153864    -0.480389    0.027195
-0.140608    -0.482893    0.078849
0.087027    -0.484345    0.126514
-0.076629    -0.487889    -0.145328
-0.15158    -0.48385    -0.067322
-0.027859    -0.489812    0.15075
