-0.071913    -0.363564    -0.131321
-0.036389    -0.348527    -0.146229
-0.050313    -0.365821    -0.140125
-0.04445    -0.338037    -0.14418
-0.024031    -0.361989    -0.14706
-0.056353    -0.384152    -0.136026
-0.080925    -0.374242    -0.124497
-0.085565    -0.366988    -0.121672
-0.042343    -0.322276    -0.145681
-0.001286    -0.368098    -0.149641
-0.016752    -0.329168    -0.149635
-0.050869    -0.390266    -0.137728
-0.116411    -0.35418    -0.093699
-0.078488    -0.335033    -0.129255
-0.051415    -0.318079    -0.141999
0.029665    -0.358739    -0.14651
0.024012    -0.382973    -0.145442
-0.012662    -0.321732    -0.150444
-0.036663    -0.397666    -0.142449
-0.078776    -0.389877    -0.124523
-0.108978    -0.363343    -0.102504
-0.081085    -0.324872    -0.127734
-0.128011    -0.379453    -0.075657
0.052425    -0.355669    -0.139895
0.049422    -0.37298    -0.13987
-0.00452    -0.311546    -0.151671
-0.008486    -0.392832    -0.146616
-0.097713    -0.402686    -0.108471
-0.140277    -0.34439    -0.053233
-0.098533    -0.320479    -0.114508
-0.143286    -0.366868    -0.042459
0.067052    -0.35899    -0.133625
0.07032    -0.371809    -0.131316
0.026894    -0.39757    -0.143744
-0.008213    -0.292841    -0.151311
0.050705    -0.337823    -0.141598
-0.048825    -0.407383    -0.136807
-0.120021    -0.401432    -0.082863
-0.144619    -0.360563    -0.040271
-0.144914    -0.323087    -0.044116
-0.122882    -0.321986    -0.087584
-0.104138    -0.316459    -0.110284
-0.039947    -0.297062    -0.147021
-0.086336    -0.286525    -0.124142
0.097411    -0.386374    -0.110616
0.03323    -0.410855    -0.14161
-0.018141    -0.284372    -0.149948
0.028612    -0.313991    -0.148463
0.073138    -0.33216    -0.132531
-0.072201    -0.415865    -0.126217
-0.133999    -0.390927    -0.059709
-0.146883    -0.34733    -0.031956
-0.147557    -0.331202    -0.031963
-0.112139    -0.302167    -0.102075
-0.101011    -0.288316    -0.112897
-0.042838    -0.27758    -0.145671
-0.086297    -0.274169    -0.12396
0.096629    -0.374164    -0.112455
0.099933    -0.408456    -0.106053
0.039407    -0.405303    -0.140929
-0.033434    -0.267469    -0.147587
0.031442    -0.260753    -0.147657
0.05556    -0.310932    -0.140399
-0.028349    -0.422293    -0.141085
-0.077611    -0.422598    -0.121384
-0.130516    -0.41251    -0.062696
-0.141859    -0.408469    -0.033138
-0.149438    -0.337053    -0.016026
-0.148642    -0.320858    -0.026454
-0.125895    -0.285506    -0.084041
-0.122164    -0.282088    -0.088866
-0.054918    -0.266299    -0.14032
-0.096319    -0.257474    -0.115671
0.12085    -0.363278    -0.087037
0.106961    -0.374062    -0.103803
0.113957    -0.405708    -0.090076
0.097241    -0.421084    -0.106518
-0.015025    -0.269172    -0.150059
0.027424    -0.262715    -0.148242
0.04932    -0.257937    -0.142382
0.102983    -0.340358    -0.110211
-0.064897    -0.433463    -0.127258
-0.109452    -0.430862    -0.091747
-0.143457    -0.413651    -0.017096
-0.148383    -0.336566    0.024176
-0.148601    -0.301501    -0.029007
-0.146967    -0.280061    -0.039784
-0.133882    -0.284909    -0.071458
-0.113676    -0.2737    -0.099677
-0.073668    -0.248509    -0.131824
-0.096529    -0.243159    -0.114641
0.115304    -0.348971    -0.095643
0.123836    -0.376065    -0.081546
0.031806    -0.427301    -0.14011
0.095389    -0.426832    -0.107193
-0.019654    -0.253074    -0.148919
0.069977    -0.264637    -0.134031
0.029375    -0.248905    -0.147429
0.101089    -0.319238    -0.112571
0.119554    -0.325616    -0.091701
-0.044812    -0.434228    -0.135489
-0.126918    -0.432976    -0.065855
-0.144974    -0.394139    0.020023
-0.148071    -0.364706    0.015126
-0.149944    -0.324556    0.015708
-0.14942    -0.320068    0.020636
-0.148857    -0.293065    0.026869
-0.147626    -0.367241    0.017121
-0.056261    -0.239777    -0.138561
-0.123528    -0.238591    -0.08457
0.129403    -0.335544    -0.078265
0.134158    -0.386944    -0.060275
0.128465    -0.397651    -0.071422
0.071033    -0.440798    -0.123864
0.111633    -0.426244    -0.089703
0.017341    -0.244959    -0.148813
0.09551    -0.279748    -0.117046
0.046237    -0.240879    -0.142773
0.090534    -0.237631    -0.118891
0.115427    -0.309738    -0.097603
-0.063585    -0.451161    -0.125699
-0.122029    -0.450076    -0.071906
-0.144519    -0.421562    -0.00284
-0.140992    -0.42415    0.02759
-0.145546    -0.343284    0.040647
-0.151506    -0.281707    -0.006165
-0.151203    -0.283838    0.008575
-0.138029    -0.284663    0.061442
-0.142358    -0.382254    0.041466
-0.071278    -0.229496    -0.131668
-0.138741    -0.234891    -0.055185
-0.110591    -0.227927    -0.100321
0.137206    -0.359732    -0.058293
0.145725    -0.337206    -0.0408
0.137434    -0.396515    -0.050047
0.01738    -0.437969    -0.140859
0.106473    -0.431787    -0.095466
0.119277    -0.438627    -0.077572
0.035592    -0.229893    -0.14555
0.094721    -0.28721    -0.117714
0.09894    -0.250978    -0.113284
0.063388    -0.233146    -0.13522
0.127265    -0.302139    -0.082364
-0.054311    -0.454435    -0.129144
-0.106045    -0.451533    -0.092468
-0.133326    -0.397789    0.059652
-0.143614    -0.425644    0.006496
-0.133742    -0.347613    0.068516
-0.136998    -0.332374    0.062335
-0.134905    -0.31611    0.068619
-0.132624    -0.285504    0.074505
-0.149484    -0.271892    0.019983
-0.141468    -0.249903    -0.050571
-0.136887    -0.378485    0.055467
-0.092071    -0.221101    -0.116302
-0.141064    -0.22245    -0.047268
0.133628    -0.306111    -0.072096
0.145865    -0.350586    -0.038229
0.146309    -0.366013    -0.027879
0.142447    -0.413349    -0.024995
0.057336    -0.447486    -0.128733
0.131051    -0.42579    -0.057864
-0.017014    -0.215077    -0.14692
0.057607    -0.213749    -0.136103
0.10852    -0.29432    -0.10678
0.110187    -0.252138    -0.103071
0.079176    -0.229445    -0.126954
0.119693    -0.226129    -0.088247
-0.068572    -0.461549    -0.122345
-0.129533    -0.451786    -0.054148
-0.13779    -0.389547    0.050895
-0.129858    -0.412599    0.064262
-0.138015    -0.429313    0.040094
-0.124423    -0.342601    0.084328
-0.14803    -0.256383    -0.027655
-0.119636    -0.281496    0.092154
-0.151403    -0.274542    0.005984
-0.150624    -0.255965    -0.007818
-0.123024    -0.383289    0.081649
-0.086297    -0.203992    -0.118946
-0.136454    -0.223548    -0.058603
-0.124809    -0.194596    -0.077208
0.141895    -0.30515    -0.052176
0.150125    -0.337246    -0.010749
0.148542    -0.375858    -0.004847
0.144839    -0.41119    -0.008458
0.072739    -0.445225    -0.122074
0.126722    -0.44243    -0.063671
-0.029651    -0.208275    -0.14467
0.035432    -0.199984    -0.143123
0.128023    -0.283021    -0.081241
0.113976    -0.260777    -0.098683
0.098959    -0.206462    -0.109522
0.12978    -0.227763    -0.075294
0.021927    -0.460676    -0.137691
-0.117035    -0.465891    -0.075427
-0.13873    -0.454289    -0.01969
-0.132969    -0.439412    0.049441
-0.117758    -0.423194    0.082236
-0.110642    -0.353925    0.101242
-0.11828    -0.309215    0.093898
-0.111991    -0.293205    0.102244
-0.149463    -0.246308    0.012923
-0.129445    -0.262753    0.078617
-0.149476    -0.240523    -0.010598
-0.123159    -0.366806    0.083653
-0.084927    -0.197028    -0.119173
-0.117682    -0.192738    -0.086209
-0.148553    -0.213533    -0.003761
-0.128564    -0.204612    -0.07364
0.149854    -0.300726    -0.019572
0.149221    -0.359333    0.008803
0.146959    -0.342725    0.033257
0.143455    -0.387637    0.036227
0.144034    -0.413439    0.012876
0.082001    -0.458956    -0.11301
0.12868    -0.453798    -0.055617
-0.033226    -0.194302    -0.142876
0.006489    -0.195313    -0.146492
0.089745    -0.192916    -0.114989
0.138703    -0.289019    -0.05989
0.131367    -0.250946    -0.075092
0.106105    -0.206806    -0.103465
-0.031099    -0.460259    -0.136533
-0.06391    -0.480166    -0.121873
-0.11098    -0.475546    -0.081422
-0.1395    -0.454362    0.013777
-0.130911    -0.442993    0.053394
-0.114905    -0.43887    0.083227
-0.104692    -0.360573    0.107503
-0.083625    -0.300131    0.126335
-0.093235    -0.295221    0.118922
-0.146096    -0.245526    0.038198
-0.130833    -0.244855    0.075565
-0.094824    -0.372659    0.113993
-0.052506    -0.187741    -0.135535
-0.121844    -0.178218    -0.078098
-0.144092    -0.195376    -0.024765
-0.147582    -0.200241    -0.001756
-0.129302    -0.179852    -0.065167
0.147283    -0.354234    0.025815
0.150865    -0.311068    0.010698
0.147418    -0.372042    0.015741
0.143189    -0.404971    0.025669
0.139354    -0.436089    0.030361
0.138287    -0.448412    -0.028103
0.142022    -0.437359    0.009053
0.013546    -0.184718    -0.144428
0.089559    -0.188989    -0.114622
0.133903    -0.259292    -0.069889
0.146077    -0.250672    -0.039545
0.121826    -0.191261    -0.08058
0.13753    -0.20817    -0.052868
0.042871    -0.469812    -0.131945
-0.107897    -0.480586    -0.084436
-0.122382    -0.470935    -0.065603
-0.10384    -0.393544    0.104858
-0.084325    -0.401861    0.118846
-0.100217    -0.440045    0.10171
-0.104912    -0.343873    0.108568
-0.088339    -0.319027    0.122359
-0.080741    -0.29139    0.128477
-0.145331    -0.227335    0.035842
-0.118167    -0.236477    0.091382
-0.087972    -0.384124    0.118088
-0.048592    -0.178119    -0.135949
-0.10948    -0.178569    -0.094277
-0.145438    -0.212367    0.026758
-0.140257    -0.182748    -0.039595
0.145058    -0.350259    0.040789
0.14822    -0.32162    0.029573
0.137695    -0.324864    0.061374
0.131829    -0.366778    0.070138
0.135407    -0.404025    0.053067
0.08877    -0.477311    -0.105071
0.142552    -0.443198    -0.000179
-0.008638    -0.180984    -0.144638
0.00853    -0.178594    -0.144373
0.088166    -0.170606    -0.113006
0.112383    -0.179016    -0.090578
0.147554    -0.254396    -0.030538
0.145966    -0.222918    -0.028586
-0.002949    -0.473708    -0.138637
0.085221    -0.480028    -0.107379
-0.09515    -0.48949    -0.098277
-0.137331    -0.482759    -0.004463
-0.136438    -0.460968    0.031186
-0.081905    -0.411161    0.11955
-0.116516    -0.454344    0.078305
-0.067252    -0.358283    0.133587
-0.050291    -0.303809    0.142697
-0.053439    -0.29398    0.141411
-0.1063    -0.242396    0.107094
-0.134734    -0.220053    0.062099
-0.057415    -0.375336    0.136354
-0.058968    -0.159932    -0.129157
-0.118481    -0.161436    -0.079016
-0.142129    -0.180284    -0.027081
-0.144645    -0.197611    0.022173
-0.135317    -0.168096    -0.047039
0.152039    -0.297543    0.002927
0.131065    -0.360142    0.073058
0.142106    -0.291063    0.051711
0.132483    -0.327744    0.07368
0.131279    -0.393579    0.065624
0.126604    -0.420581    0.069998
0.100304    -0.473475    -0.095746
0.141295    -0.450659    0.003327
0.130958    -0.478377    -0.042541
-0.027877    -0.168446    -0.140631
0.0682    -0.15821    -0.125076
0.075373    -0.16768    -0.122362
0.150285    -0.237837    -0.003425
0.148113    -0.220887    -0.011155
0.139263    -0.182395    -0.041886
0.145258    -0.191117    -0.012843
0.036968    -0.482986    -0.132661
-0.056178    -0.496159    -0.122911
-0.127864    -0.492605    -0.045391
-0.137789    -0.480666    0.002927
-0.123468    -0.466696    0.064291
-0.100319    -0.462364    0.097886
-0.063587    -0.430148    0.128187
-0.044533    -0.331045    0.144424
-0.047766    -0.313794    0.14358
-0.040262    -0.269267    0.146482
-0.0821    -0.240249    0.125527
-0.120019    -0.217479    0.086798
-0.06386    -0.387595    0.132617
-0.071407    -0.155125    -0.123221
-0.108741    -0.154346    -0.090101
-0.145237    -0.185842    0.008402
-0.137933    -0.152837    0.031868
-0.125668    -0.150513    -0.063994
0.148864    -0.275243    0.025425
0.141965    -0.300737    0.052181
0.1325    -0.284172    0.074781
0.129578    -0.327027    0.078552
0.122544    -0.374484    0.083439
0.123389    -0.423638    0.074822
0.118979    -0.449677    0.075953
0.138114    -0.459871    0.019434
0.137552    -0.481751    -0.003714
-0.017238    -0.158591    -0.14066
0.061628    -0.149491    -0.126495
0.106197    -0.163431    -0.095476
0.11674    -0.15527    -0.079886
0.150533    -0.245744    0.004575
0.147481    -0.231626    0.021882
0.141922    -0.177599    -0.026268
0.015717    -0.490157    -0.134911
0.069116    -0.484391    -0.119063
-0.099465    -0.499335    -0.091546
-0.136237    -0.489496    0.006283
-0.055878    -0.394813    0.135192
-0.04128    -0.406666    0.140009
-0.09745    -0.456554    0.101508
-0.035397    -0.344184    0.146616
-0.017037    -0.336105    0.14934
-0.031609    -0.285603    0.148183
-0.038453    -0.260029    0.146713
-0.090991    -0.229411    0.117885
-0.116084    -0.203585    0.089964
-0.067218    -0.130412    -0.120928
-0.096551    -0.129972    -0.099072
-0.138601    -0.152535    -0.026476
-0.14275    -0.164238    0.007329
-0.134949    -0.15234    0.042246
-0.122383    -0.138373    -0.067039
0.109466    -0.354757    0.102694
0.127766    -0.305247    0.081634
0.144266    -0.258222    0.044794
0.123533    -0.324513    0.086582
0.109776    -0.3944    0.097298
0.103192    -0.424161    0.101054
0.11088    -0.490112    -0.078597
0.135942    -0.468169    0.028515
0.136462    -0.492318    -0.001853
-0.007616    -0.14246    -0.139576
0.025576    -0.134104    -0.135861
0.087365    -0.143247    -0.108801
0.119132    -0.140724    -0.073237
0.146541    -0.243092    0.033884
0.146367    -0.219861    0.023851
0.145293    -0.18282    -0.005296
0.012161    -0.497383    -0.134458
-0.043511    -0.504173    -0.127029
-0.127237    -0.503606    -0.043202
-0.133998    -0.506447    0.006602
-0.007398    -0.389996    0.147028
-0.027987    -0.412027    0.142185
-0.06204    -0.449504    0.12654
-0.009845    -0.360006    0.149044
-0.004238    -0.326066    0.151398
-0.000414    -0.293538    0.152343
-0.001807    -0.265815    0.151703
-0.080209    -0.224612    0.125723
-0.106888    -0.192175    0.100188
-0.04722    -0.128653    -0.128906
-0.110767    -0.127031    -0.080535
-0.135607    -0.140712    -0.035623
-0.127195    -0.172288    0.067962
-0.123832    -0.157749    0.071035
-0.129552    -0.128194    -0.045468
0.095365    -0.356924    0.11493
0.107791    -0.281554    0.107591
0.119053    -0.269259    0.092463
0.11187    -0.259022    0.101346
0.106324    -0.328545    0.108197
0.099485    -0.390932    0.108508
0.100924    -0.423603    0.103365
0.108868    -0.500281    -0.079089
0.137236    -0.482865    0.005083
0.121603    -0.470266    0.067694
-0.023776    -0.13629    -0.136452
0.045309    -0.13818    -0.13135
0.110638    -0.129208    -0.081276
0.12215    -0.139702    -0.068155
0.142954    -0.241219    0.045843
0.138849    -0.228969    0.053842
0.137707    -0.201936    0.05091
0.139286    -0.15946    -0.028592
0.056388    -0.509901    -0.120887
-0.042765    -0.51143    -0.126307
-0.128002    -0.516572    -0.036859
-0.131202    -0.494031    0.036862
-0.099108    -0.479065    0.096193
-0.084632    -0.472714    0.108949
-0.047031    -0.45512    0.132076
0.012016    -0.352526    0.149201
0.00963    -0.321234    0.150851
0.011658    -0.279666    0.150769
-0.005535    -0.24462    0.15035
-0.029434    -0.237266    0.146832
-0.097092    -0.208829    0.111235
-0.111633    -0.188541    0.093369
-0.066922    -0.108726    -0.116034
-0.084622    -0.12244    -0.106438
-0.139169    -0.135361    -0.001997
-0.138563    -0.130286    0.000371
-0.1043    -0.168306    0.099053
-0.118413    -0.131642    0.071784
0.082752    -0.354798    0.124766
0.084577    -0.343341    0.124197
0.104701    -0.281155    0.110006
0.102321    -0.260179    0.111163
0.103941    -0.321455    0.11034
0.079846    -0.386638    0.124068
0.081563    -0.412866    0.119602
0.073159    -0.454599    0.120429
0.134451    -0.506967    -0.002644
0.132429    -0.492196    0.032609
-0.007124    -0.1167    -0.134864
0.028654    -0.123087    -0.133508
0.052328    -0.116774    -0.124077
0.108608    -0.116469    -0.079544
0.131182    -0.130697    -0.042582
0.142309    -0.185823    0.030624
0.140378    -0.208177    0.045993
0.139799    -0.151129    -0.015887
0.034635    -0.512537    -0.129495
-0.037334    -0.519998    -0.127304
-0.119485    -0.519293    -0.05646
-0.133288    -0.515959    0.00229
0.018942    -0.398137    0.144738
0.010063    -0.423579    0.143359
-0.067872    -0.469038    0.12169
0.007548    -0.439675    0.141969
0.023013    -0.35246    0.147757
0.023263    -0.334905    0.148565
0.018375    -0.303332    0.149972
0.037218    -0.266572    0.147063
0.014125    -0.254553    0.149722
-0.004307    -0.229599    0.149647
-0.057546    -0.222441    0.136806
-0.111034    -0.175708    0.091707
-0.062604    -0.102512    -0.116279
-0.068359    -0.117892    -0.117601
-0.13518    -0.114372    -0.000635
-0.133949    -0.11686    0.01436
-0.105552    -0.160973    0.095759
-0.101079    -0.140744    0.09677
0.062486    -0.35532    0.13575
0.060274    -0.331801    0.137874
0.085872    -0.264763    0.123949
0.107834    -0.254665    0.106347
0.042502    -0.366293    0.143318
0.063582    -0.396498    0.13183
0.066952    -0.431921    0.126587
0.101044    -0.510123    -0.087177
0.13059    -0.513221    -0.025613
0.133544    -0.49929    0.017197
0.071508    -0.45745    0.121283
0.01879    -0.112024    -0.132246
0.045057    -0.108017    -0.124915
0.116869    -0.122217    -0.070944
0.116995    -0.106327    -0.063164
0.125558    -0.218379    0.079686
0.141415    -0.164433    0.017677
0.133726    -0.177329    0.053721
0.138936    -0.14836    0.019513
0.003075    -0.511658    -0.13377
0.075268    -0.515994    -0.109184
-0.10188    -0.525077    -0.082761
-0.129648    -0.520813    0.024916
-0.117575    -0.489287    0.070043
0.037449    -0.417729    0.14036
-0.052083    -0.474207    0.127553
0.001581    -0.45549    0.140979
0.045253    -0.351341    0.143141
0.045233    -0.338315    0.143845
0.042107    -0.317502    0.145864
0.049961    -0.283608    0.142777
0.05726    -0.23674    0.137982
0.027851    -0.22574    0.146268
0.012886    -0.220832    0.147881
-0.069192    -0.204945    0.130441
0.045508    -0.398377    0.139125
-0.082091    -0.086328    -0.097861
-0.095386    -0.089938    -0.086701
-0.13267    -0.107045    0.006823
-0.11929    -0.103629    0.056005
-0.090214    -0.132097    0.104363
-0.113746    -0.110443    0.070577
0.07575    -0.286724    0.132117
0.100781    -0.253578    0.112036
0.109056    -0.222433    0.101672
0.044888    -0.427308    0.136256
0.059548    -0.453852    0.127045
0.13102    -0.513394    0.02217
0.129586    -0.498873    0.039143
0.099285    -0.487731    0.094201
-0.00329    -0.099342    -0.131345
0.054849    -0.084678    -0.11499
0.086409    -0.096972    -0.09768
0.129763    -0.112295    -0.035917
0.134592    -0.119649    -0.014372
0.110078    -0.207002    0.098319
0.122933    -0.181825    0.077365
-0.010668    -0.531847    -0.129983
0.069067    -0.523761    -0.11262
-0.075202    -0.528625    -0.107056
-0.128461    -0.535909    -0.017889
-0.121147    -0.513245    0.05458
-0.080364    -0.492231    0.109188
-0.01112    -0.469313    0.138098
0.06652    -0.252539    0.135004
0.073665    -0.23185    0.130862
-0.036893    -0.199684    0.142903
0.035317    -0.194492    0.142618
-0.081049    -0.183037    0.120283
-0.035991    -0.087052    -0.123402
-0.097924    -0.076912    -0.078397
-0.123824    -0.081903    -0.029219
-0.122196    -0.08467    0.037447
-0.074426    -0.166792    0.122935
-0.099085    -0.103082    0.08691
-0.115644    -0.086636    -0.054465
0.097311    -0.234284    0.113478
0.119213    -0.528879    -0.053671
0.130309    -0.534177    -0.005694
0.118682    -0.499072    0.0654
0.057588    -0.465994    0.126334
0.000307    -0.087954    -0.129056
0.045838    -0.089655    -0.119981
0.097075    -0.081689    -0.081336
0.125522    -0.091687    -0.033699
0.133349    -0.111059    0.008722
0.125334    -0.16744    0.070902
0.103426    -0.203573    0.105753
0.118588    -0.156872    0.077841
-0.023949    -0.532223    -0.128182
0.076991    -0.53494    -0.104572
-0.068157    -0.537325    -0.11093
-0.128528    -0.546468    -0.005751
-0.119716    -0.524781    0.053954
-0.095004    -0.508019    0.095385
0.018573    -0.474925    0.136431
0.079647    -0.229146    0.126565
-0.004809    -0.199973    0.147154
0.046469    -0.200641    0.139415
-0.044685    -0.188047    0.138812
-0.080974    -0.068112    -0.093311
-0.103839    -0.073821    -0.069483
-0.126699    -0.07899    0.002173
-0.116014    -0.094379    0.058297
-0.06094    -0.133172    0.124007
-0.073978    -0.122603    0.114653
-0.117825    -0.060767    -0.03324
0.127066    -0.533574    0.030979
0.128547    -0.526545    -0.027245
0.111902    -0.501732    0.074824
0.089099    -0.494118    0.102187
0.030088    -0.060767    -0.118664
0.056974    -0.069205    -0.110165
0.104537    -0.074254    -0.068741
0.111053    -0.078714    -0.060715
0.1295    -0.103054    0.023886
0.122833    -0.135881    0.064908
0.083352    -0.192284    0.11982
0.128841    -0.125979    0.046257
0.027637    -0.538084    -0.126866
0.087377    -0.545805    -0.09464
-0.067154    -0.54296    -0.110675
-0.124854    -0.547193    -0.032854
-0.110182    -0.525449    0.071856
-0.085696    -0.506703    0.102744
0.01348    -0.481653    0.136279
-0.02409    -0.187364    0.143349
0.054373    -0.188396    0.134844
-0.046631    -0.18115    0.137142
-0.070294    -0.057626    -0.098365
-0.100711    -0.060863    -0.0685
-0.123676    -0.06722    0.003778
-0.112191    -0.067867    0.051251
-0.062799    -0.148257    0.125826
-0.072682    -0.104781    0.110493
-0.085709    -0.088257    0.095652
-0.120475    -0.064969    -0.023983
0.114073    -0.513437    0.069463
0.130296    -0.538211    0.001442
0.068473    -0.500988    0.116898
-0.01825    -0.054148    -0.118636
0.05037    -0.053252    -0.108797
0.093512    -0.054155    -0.075262
0.119951    -0.07184    -0.034984
0.130863    -0.100418    0.008877
0.124389    -0.104262    0.044076
0.083287    -0.181603    0.118356
0.084162    -0.168218    0.115712
-0.011931    -0.548308    -0.127447
0.067031    -0.547055    -0.110026
-0.127233    -0.543034    0.019385
-0.084992    -0.520829    0.100899
0.027663    -0.493739    0.132884
-0.009734    -0.180433    0.144429
0.033176    -0.170038    0.140128
-0.050326    -0.044416    -0.106505
-0.092844    -0.051109    -0.074934
-0.120112    -0.061309    0.02008
-0.106944    -0.055479    0.056225
-0.024744    -0.162511    0.140217
-0.055538    -0.112224    0.121618
-0.102686    -0.034387    -0.053207
-0.116937    -0.042138    -0.00896
0.116744    -0.537163    0.056611
0.125164    -0.547759    0.029879
0.035635    -0.4873    0.132626
0.027854    -0.036246    -0.113012
0.049198    -0.041837    -0.106297
0.100334    -0.04132    -0.061284
0.119082    -0.059785    -0.025128
0.123886    -0.071308    -0.009619
0.117128    -0.100872    0.059569
0.104649    -0.128409    0.08887
0.113614    -0.104531    0.068521
-0.118676    -0.545104    0.048953
-0.061758    -0.517106    0.11761
-0.012973    -0.504612    0.133401
0.019774    -0.157159    0.140127
-0.039768    -0.031693    -0.107547
-0.092417    -0.028751    -0.066609
-0.116221    -0.045494    0.020617
-0.109942    -0.05238    0.047061
-0.009904    -0.136746    0.138352
-0.018614    -0.115796    0.133143
-0.050204    -0.094728    0.119454
-0.069143    -0.076715    0.104966
-0.115303    -0.03628    -0.010509
0.120042    -0.54651    0.045124
0.058361    -0.506786    0.120509
0.00955    -0.031697    -0.114312
0.064487    -0.034099    -0.095675
0.10337    -0.037021    -0.053221
0.117524    -0.049638    -0.018396
0.119982    -0.064222    0.026373
0.117511    -0.078893    0.045232
0.081118    -0.145159    0.113981
0.107316    -0.089521    0.070994
-0.083267    -0.545622    0.097827
-0.036827    -0.512275    0.128642
0.000529    -0.154789    0.142331
0.040829    -0.16526    0.137466
-0.070347    -0.013389    -0.084788
-0.114882    -0.043313    0.026744
-0.09999    -0.042269    0.06211
0.015754    -0.127891    0.136151
-0.049564    -0.084696    0.117184
-0.065948    -0.069938    0.105388
-0.110576    -0.023507    -0.0226
0.104847    -0.538072    0.075908
0.058036    -0.512552    0.119817
0.019835    -0.011632    -0.107994
0.079207    -0.0247    -0.081498
0.109986    -0.034176    -0.035451
0.11526    -0.040087    -0.017897
0.115197    -0.059405    0.038739
0.080913    -0.122955    0.109432
0.093788    -0.088467    0.088219
-0.07869    -0.547405    0.101015
0.011186    -0.512322    0.132612
0.062646    -0.135654    0.12373
-0.043804    -0.008306    -0.099665
-0.083088    -0.004982    -0.069166
-0.091471    -0.038162    0.071581
-0.109825    -0.026806    0.031165
0.012279    -0.101652    0.130704
-0.019072    -0.092206    0.127587
-0.081949    -0.050249    0.087199
-0.109058    -0.008135    -0.005164
0.114027    -0.553103    -0.056648
0.062186    -0.523287    0.11653
0.001164    -0.004772    -0.10875
0.058296    -0.010434    -0.09312
0.094016    -0.018952    -0.060569
0.111887    -0.024424    -0.014369
0.107821    -0.054475    0.053484
0.071997    -0.101867    0.110176
0.087302    -0.090645    0.095133
-0.086857    -0.551386    0.093982
-0.012381    -0.51497    0.132094
0.036127    -0.134726    0.134554
-0.069259    0.006793    -0.079309
-0.088652    -0.020685    0.06826
0.04645    -0.103402    0.123192
0.026745    -0.099253    0.128237
-0.034918    -0.053274    0.115202
-0.060627    -0.048843    0.103132
-0.102792    0.007648    -0.022642
0.057623    -0.529318    0.11751
-0.014688    -0.003543    -0.106663
0.038906    -0.003378    -0.100379
0.088541    0.013069    -0.054648
0.102581    -0.013604    -0.040167
0.111133    -0.022963    0.017345
0.106584    -0.043306    0.049435
0.058352    -0.124043    0.123387
0.074769    -0.070342    0.09874
0.011571    -0.554307    -0.126199
-0.011605    -0.536719    0.129174
0.033225    -0.530347    0.127224
-0.058266    0.006084    -0.087968
-0.094606    0.008244    -0.045246
-0.074266    -0.024625    0.085265
0.045278    -0.09345    0.121172
0.014937    -0.07702    0.124555
-0.015784    -0.069218    0.122574
-0.031098    -0.060606    0.118493
-0.103702    0.012821    -0.005818
0.038832    -0.528108    0.125476
-0.002203    0.016911    -0.103146
0.03667    0.017221    -0.095727
0.085929    0.018241    -0.055927
0.108047    -0.002352    -0.001895
0.107829    -0.017617    0.030079
0.08625    -0.031495    0.075736
0.06674    -0.055064    0.100325
-0.028081    -0.54909    0.125207
0.015691    -0.535523    0.128804
-0.0704    0.023296    -0.073214
-0.090887    0.02903    -0.04054
-0.061321    -0.01343    0.091727
0.027136    -0.067099    0.120571
0.050702    -0.062436    0.111022
-0.024565    -0.051554    0.117179
-0.097814    0.037465    -0.002757
0.037724    -0.548236    0.122838
-0.017196    0.034261    -0.096736
0.037238    0.030843    -0.091756
0.075482    0.023541    -0.067341
0.09981    0.019259    -0.023038
0.096507    -0.009737    0.052347
0.072076    -0.049957    0.094687
-0.124113    -0.555525    0.023639
-0.029605    0.030985    -0.094879
-0.072545    0.036762    -0.065645
-0.084152    0.010354    0.061485
-0.075399    -0.00024    0.076815
-0.097353    0.023609    0.028534
0.020541    -0.041688    0.115302
-0.096145    0.042293    -0.006032
0.083233    -0.553761    0.096006
0.004512    0.039524    -0.097055
0.061301    0.044233    -0.073483
0.089356    0.026641    -0.045825
0.106838    0.002039    0.002666
0.092446    -0.00426    0.056679
0.060411    -0.556644    -0.110908
-0.041255    0.059769    -0.082059
-0.067428    0.05348    -0.065268
-0.070436    0.034306    0.06942
-0.038854    -0.010798    0.102379
0.050053    -0.042871    0.106213
0.033661    -0.04394    0.113283
-0.015397    -0.025037    0.111904
-0.094388    0.050742    0.002709
0.022728    0.052385    -0.091325
0.065183    0.051582    -0.068111
0.091174    0.037446    -0.034255
0.093843    0.042541    0.023037
0.088186    0.014979    0.054326
0.068291    -0.024265    0.089738
-0.029563    0.053531    -0.088648
-0.07503    0.059376    -0.052856
-0.091202    0.055229    -0.018027
-0.068081    0.035861    0.070965
-0.026506    -0.015934    0.108183
0.012001    -0.026178    0.112635
0.022458    -0.006666    0.106417
0.123039    -0.557308    -0.024568
0.000917    0.053139    -0.093999
0.051128    0.068614    -0.073346
0.091783    0.061982    -0.000228
0.094569    0.031563    0.029969
0.087008    0.017463    0.05484
-0.123261    -0.557363    0.02262
-0.055093    0.076206    -0.067789
-0.077697    0.082718    -0.036128
-0.078279    0.051278    0.052061
-0.043023    0.019237    0.09255
-0.080574    0.067811    0.039406
0.018349    0.007046    0.10351
-0.000189    0.080711    -0.086855
0.040193    0.078534    -0.077203
0.073169    0.085769    -0.043955
0.090411    0.064564    -0.005539
0.087455    0.032714    0.046379
0.070565    0.004288    0.079097
-0.029974    0.09188    -0.07764
-0.063212    0.078596    -0.060027
-0.082343    0.092515    -0.010691
-0.073179    0.060785    0.05467
-0.066481    0.050593    0.067437
-0.081223    0.069642    0.036593
0.012888    0.01511    0.102193
-0.078735    0.084155    0.032636
0.011012    0.082008    -0.085086
0.044571    0.079716    -0.074701
0.08465    0.082784    -0.012753
0.08758    0.048563    0.0355
0.064123    0.021646    0.078559
0.037609    -0.558879    -0.118785
-0.028141    0.096354    -0.077111
-0.07491    0.101208    -0.030071
-0.077486    0.115631    0.000323
-0.031951    0.04128    0.091073
-0.021198    0.026549    0.098187
0.047396    0.029406    0.087944
-0.003599    0.101372    -0.080894
0.036657    0.110977    -0.069359
0.066904    0.093019    -0.04899
0.0883    0.071518    0.00771
0.079892    0.053623    0.048964
0.110659    -0.559515    -0.055968
-0.049591    0.11604    -0.058696
-0.072769    0.107654    -0.030744
-0.066828    0.087122    0.051635
-0.0558    0.0825    0.065163
0.001082    0.029062    0.100191
-0.074198    0.11175    0.024435
-0.019908    0.09657    -0.080039
0.041445    0.109773    -0.067056
0.075807    0.09969    -0.028963
0.086272    0.071696    0.02276
0.051271    0.046658    0.080391
-0.113844    -0.559658    0.047942
-0.051133    0.132337    -0.051949
-0.073416    0.128101    -0.005384
-0.029455    0.055022    0.088275
0.007327    0.049823    0.09402
-0.06574    0.128493    0.033052
0.081027    -0.559623    0.093566
0.0336    0.126436    -0.066116
0.073935    0.11575    -0.022281
0.080165    0.097838    0.016361
0.071878    0.076611    0.049589
-0.113343    -0.561506    -0.04444
-0.047033    0.138113    -0.053121
-0.071387    0.131956    -0.012781
-0.040324    0.087792    0.074516
-0.003206    0.058457    0.092311
0.028242    0.066785    0.085486
0.112229    -0.561091    0.048289
0.026662    0.131805    -0.067414
0.059317    0.136789    -0.039548
0.075455    0.11482    0.017412
0.065257    0.081091    0.056286
-0.122152    -0.561688    0.003213
-0.043104    0.153212    -0.050911
-0.066254    0.154866    -0.003738
-0.025176    0.074947    0.084444
-0.001389    0.08788    0.084796
0.041828    0.074793    0.07759
0.031538    -0.558539    0.12131
0.029844    0.152749    -0.059897
0.069977    0.131621    -0.020605
0.070361    0.113576    0.032426
0.057638    0.091783    0.060678
-0.019793    -0.558671    0.122758
-0.059338    0.160182    -0.025844
-0.066756    0.145443    0.01854
-0.027798    0.093979    0.07794
0.02221    0.092862    0.080578
0.017034    -0.559799    0.122222
0.042829    0.162065    -0.04805
0.066728    0.148014    -0.014595
0.070074    0.12991    0.021584
0.050924    -0.562464    -0.109379
-0.042638    0.170127    -0.045056
-0.018634    0.09375    0.080967
0.035399    0.104722    0.071688
-0.038284    0.117981    0.066657
0.042254    0.165927    -0.047102
0.063549    0.158439    0.016749
0.049943    0.112371    0.059661
-0.071765    -0.562493    0.096824
-0.055721    0.167262    0.029188
0.023321    0.099994    0.078057
-0.028517    0.136335    0.065317
0.051266    0.169434    -0.034921
0.053094    0.139317    0.046532
0.117757    -0.56333    0.019281
-0.05661    0.17508    -0.020326
0.01686    0.132012    0.070835
-0.050673    0.175238    0.032575
0.060274    0.169233    -0.016493
0.05872    0.147884    0.035337
-0.104302    -0.564288    0.055297
-0.053567    0.180503    0.023368
0.027344    0.140149    0.064683
-0.011275    0.177624    -0.058334
0.05831    0.170965    0.019736
0.097346    -0.563936    0.067306
-0.05014    0.189115    -0.025181
0.00192    0.143187    0.069737
-0.00816    0.184334    -0.056704
0.047505    0.16669    0.041315
-0.116504    -0.564614    0.009603
-0.043565    0.190351    0.034586
0.022994    0.15333    0.062561
0.042247    0.192283    -0.035424
0.112668    -0.564458    -0.034111
-0.051114    0.194698    0.018898
-0.013819    0.193649    -0.053371
0.046399    0.178009    0.036762
-0.043733    0.202338    0.029311
0.031817    0.202277    -0.041828
-0.035485    0.205492    -0.038097
-0.022037    0.192539    0.050415
0.052915    0.198856    -0.00727
-0.050621    0.208997    -0.006512
-0.007614    0.210086    -0.050229
0.037681    0.188733    0.041755
0.027181    0.190519    0.04889
0.042351    0.219285    -0.025154
-0.044819    0.22073    -0.01886
-0.003765    0.219865    -0.048722
0.035135    0.194928    0.041606
-0.016362    0.205176    0.049395
0.045652    0.220395    -0.017023
-0.047079    0.227906    0.005234
-0.002201    0.22593    -0.047824
-0.015953    0.231628    -0.04397
0.02184    0.209148    0.04616
0.048464    0.223862    9.4e-05
-0.03571    0.240348    0.028094
0.035806    0.236423    -0.028925
-0.042195    0.246635    -0.014807
0.008198    0.245037    -0.044154
-0.028374    0.247215    -0.034417
0.012678    0.230642    0.045495
0.039348    0.238173    0.023882
0.010745    0.233021    0.045508
0.041336    0.236104    0.020575
-0.021357    0.243989    0.039836
0.043189    0.250724    -0.010238
-0.02682    0.258918    0.034059
0.03918    0.253566    -0.020063
-0.036586    0.26918    0.022242
0.038081    0.262602    -0.020562
-0.037751    0.273047    0.019566
0.032874    0.272112    -0.026826
-0.041046    0.275411    0.011306
0.023372    0.275222    -0.035331
0.020108    0.2681    0.03783
0.042407    0.278652    0.000349
0.022144    0.276505    0.036193
0.029666    0.279346    0.031476
-0.023526    0.281732    -0.041832
-0.031945    0.282332    0.03611
-0.011866    0.282765    0.04726
-0.011386    0.286267    0.048357
-0.011888    0.288032    0.048132
0.008643    0.290126    0.047766
0.012784    0.291198    0.047817
0.041252    0.293787    -0.026929
0.047782    0.292711    0.013166
0.026233    0.296721    0.040672
0.000483    0.29848    0.047577
0.013621    0.300893    0.042973
0.043459    0.301971    0.000207
0.033009    0.303284    -0.029107
-0.009333    0.306356    0.045101
0.046014    0.307226    -0.005947
-0.042985    0.309035    -0.019209
-0.046435    0.310966    0.012419
0.003379    0.313978    0.047964
0.044784    0.314888    -0.01729
-0.034098    0.317829    -0.033989
-0.046284    0.319263    0.011211
0.020529    0.322983    0.041188
-0.015186    0.324236    -0.042686
-0.04362    0.324874    -0.011655
-0.042987    0.32928    0.005458
-0.013434    0.33201    0.037703
0.018785    0.333457    0.028906
-0.023037    0.334824    0.015871
-0.0193    0.336172    -0.003182
-0.022465    0.327594    -0.037507
-0.025908    0.330666    0.033888
0.004624    0.332755    -0.036914
-0.024607    0.334228    0.018732
0.021965    0.335506    -0.009967
0.00405    0.336537    0.016184
