-0.023824    0.345597    -0.019204
-0.015352    0.336339    -0.028295
-0.030406    0.334868    -0.011923
-0.026154    0.350578    -0.014018
-0.007663    0.354155    0.019942
0.00712    0.340954    -0.029918
-0.027985    0.351172    -0.003256
-0.03031    0.308158    -0.008964
-0.027988    0.351282    0.001312
-0.033813    0.323337    -0.001777
-0.003815    0.342148    0.030353
-0.016899    0.270882    -0.025776
-0.023867    0.259999    -0.01978
-0.02937    0.300496    -0.008326
-0.016914    0.239544    -0.026634
-0.02383    0.248374    -0.020249
-0.010685    0.290854    -0.028393
-0.030465    0.206086    -0.010497
-0.028372    0.278091    -0.011407
0.009511    0.354299    0.01882
-0.02624    0.148778    -0.027953
-0.009172    0.281117    -0.029226
0.003676    0.309812    -0.032593
-0.032591    0.332175    0.009526
-0.030092    0.26647    -0.007654
-0.010109    0.316562    0.03235
-0.02546    0.133542    -0.031831
-0.028244    0.157223    -0.023492
-0.012913    0.209826    -0.029375
-0.043246    0.10803    -0.013468
-0.03916    0.139269    -0.007271
-0.030043    0.317072    0.01568
-0.030419    0.285971    -0.001887
0.024656    0.350132    -0.018042
-0.006165    0.314005    0.033235
-0.026194    0.099773    -0.039384
-0.021092    0.117876    -0.038269
-0.039885    0.090535    -0.029975
-0.001535    0.283972    -0.030509
-0.047872    0.086924    -0.017552
-0.053156    0.080302    -0.001358
-0.031711    0.206314    0.005497
-0.039329    0.141573    0.002982
0.01831    0.3383    0.025232
-0.029767    0.075182    -0.045696
-0.052176    0.030963    -0.042537
-0.054282    0.024824    -0.042738
-0.01999    0.110583    -0.040073
-0.058574    0.024037    -0.037522
-0.060212    0.037942    -0.025143
-0.080546    -0.023723    -0.023115
-0.001478    0.228218    -0.031754
-0.062931    0.033393    -0.022053
-0.076345    0.000378    -0.004055
-0.055038    0.069654    -0.010887
-0.07726    -0.001986    -0.002398
-0.031119    0.216965    0.008203
-0.036439    0.154016    0.008654
0.022706    0.352385    0.011557
-0.042588    0.015227    -0.057929
-0.052877    0.003313    -0.054421
-0.063922    -0.021219    -0.052265
-0.061508    -0.021926    -0.055749
-0.010172    0.121982    -0.041756
-0.078576    -0.031731    -0.033983
-0.079683    -0.035228    -0.033981
0.002165    0.213141    -0.031999
-0.081589    -0.024249    -0.019329
-0.07777    -0.008439    0.012963
-0.071342    0.013929    0.011742
-0.061959    0.047798    0.007227
-0.073616    0.007931    0.007891
-0.022523    0.306352    0.020454
-0.035767    0.154089    0.010973
-0.049959    0.089252    0.005619
-0.065214    0.034602    0.012031
0.026854    0.34287    0.015106
0.021127    0.293102    0.022007
-0.046114    -0.00812    -0.063819
-0.023833    0.058556    -0.054238
-0.020301    0.056737    -0.056275
-0.070448    -0.056284    -0.058175
-0.004151    0.132083    -0.040809
-0.082425    -0.048629    -0.035531
0.00574    0.196911    -0.031888
-0.090369    -0.055752    -0.012262
0.018056    0.305518    -0.024363
-0.094317    -0.070758    0.005663
-0.02871    0.183674    0.016023
-0.042314    0.106057    0.016601
0.028554    0.342235    0.011004
0.010464    0.291853    0.028484
-0.053504    -0.04928    -0.072237
-0.031015    0.011881    -0.066018
-0.015241    0.059731    -0.057388
-0.068551    -0.075275    -0.066994
-0.069591    -0.058746    -0.060114
-0.079132    -0.048014    -0.043154
0.001066    0.178781    -0.033173
-0.089286    -0.055023    -0.019353
0.008666    0.192508    -0.031546
-0.092007    -0.065647    0.015247
0.030664    0.309064    -0.010058
-0.027581    0.171265    0.020417
-0.050646    0.075427    0.01963
-0.070546    0.012932    0.019284
0.031589    0.334094    0.009945
-0.008639    0.261215    0.029921
-6.4e-05    0.283213    0.03072
0.000718    0.282654    0.030646
0.019542    0.244426    0.024482
-0.018155    0.257224    0.025191
-0.062444    -0.087114    -0.075078
-0.050097    -0.054326    -0.076145
-0.0319    -0.025289    -0.077403
-0.002847    0.092512    -0.049364
-0.005461    0.045118    -0.06298
-0.087212    -0.127186    -0.053723
-0.098671    -0.132228    -0.029379
-0.089145    -0.091111    -0.04152
0.005441    0.146873    -0.038092
-0.099338    -0.105745    -0.009488
0.011739    0.181654    -0.030532
0.016929    0.28339    -0.025406
-0.085298    -0.0598    0.034534
-0.097969    -0.099464    0.015024
-0.103436    -0.136128    0.001887
-0.022183    0.261734    0.021911
-0.029184    0.146282    0.025336
-0.058945    0.034472    0.03085
-0.058419    0.041625    0.026662
0.029493    0.308479    0.011627
0.024583    0.279939    0.018127
-0.004809    0.216262    0.031581
0.002747    0.215531    0.031869
0.009674    0.220072    0.030472
0.018602    0.220999    0.025853
0.025449    0.219057    0.019199
-0.021707    0.183286    0.024516
-0.061676    -0.093668    -0.076839
-0.057875    -0.106097    -0.081339
-0.04404    -0.063495    -0.082174
-0.003353    0.022247    -0.069996
0.002453    0.055275    -0.060385
-0.075054    -0.129155    -0.069893
-0.076619    -0.142877    -0.070132
-0.094884    -0.12472    -0.03654
-0.101897    -0.138684    -0.015555
-0.103999    -0.145191    -0.004628
0.009821    0.158355    -0.035456
0.021529    0.224752    -0.023502
-0.093414    -0.086229    0.028988
-0.077338    -0.0414    0.043969
-0.07515    -0.022219    0.034995
-0.0691    -0.000216    0.032807
-0.100836    -0.129068    0.016171
0.028744    0.245764    -0.012369
-0.024505    0.116724    0.036184
-0.039719    0.089122    0.030868
0.030016    0.192668    0.012352
-0.013248    0.165662    0.032686
-0.004834    0.157543    0.036334
0.012297    0.164855    0.03323
0.018625    0.173321    0.028514
-0.019129    0.178554    0.027001
-0.053508    -0.113873    -0.08568
-0.054673    -0.146961    -0.089001
-0.038271    -0.085586    -0.089428
-0.007558    -0.021839    -0.082429
-0.007049    0.008707    -0.073498
0.008576    0.074482    -0.05392
-0.081498    -0.245258    -0.06451
-0.077417    -0.441392    -0.069829
-0.077864    -0.402663    -0.069245
-0.081136    -0.373075    -0.064982
-0.076138    -0.346396    -0.071495
-0.077317    -0.344761    -0.069958
-0.078389    -0.327914    -0.068561
-0.076921    -0.382789    -0.070475
-0.084432    -0.232652    -0.060687
-0.080823    -0.34514    -0.065389
-0.08274    -0.313154    -0.062892
-0.079028    -0.165332    -0.067729
-0.091914    -0.157609    -0.049678
-0.098499    -0.175802    -0.03378
-0.092367    -0.429416    -0.048584
-0.0916    -0.37456    -0.050436
-0.095325    -0.186143    -0.041442
-0.09292    -0.34995    -0.047249
-0.091333    -0.222324    -0.05108
-0.096785    -0.193941    -0.037918
-0.092671    -0.435278    -0.047851
-0.0918    -0.449437    -0.049953
-0.092105    -0.333408    -0.049216
-0.101538    -0.516811    -0.024965
-0.101703    -0.168781    -0.023713
-0.10172    -0.252223    -0.023582
-0.103761    -0.179997    -0.00808
-0.101788    -0.430657    -0.023064
-0.102692    -0.231342    -0.016202
-0.101608    -0.263052    -0.024437
-0.102603    -0.178461    -0.016879
-0.101924    -0.425759    -0.022038
-0.101585    -0.498637    -0.024608
-0.101591    -0.359394    -0.024564
0.018132    0.154007    -0.032817
0.020863    0.136332    -0.034758
0.026327    0.197689    -0.018827
0.029329    0.231741    -0.011763
-0.070808    -0.048901    0.05524
-0.098964    -0.138837    0.030418
-0.094753    -0.092    0.028215
-0.052019    0.022507    0.046798
-0.103571    -0.253414    0.009524
-0.103315    -0.187271    0.011471
-0.102547    -0.225791    0.017303
-0.103485    -0.17617    0.010181
-0.102356    -0.221058    0.018753
-0.101506    -0.174904    0.025207
-0.104277    -0.403098    0.004163
-0.104122    -0.197712    0.005338
-0.104237    -0.244955    0.004463
-0.103652    -0.39539    0.008911
-0.102786    -0.281327    0.015488
0.030829    0.242005    -0.006186
0.03128    0.237982    -0.003436
-0.03105    0.057241    0.051316
-0.038942    0.074908    0.0387
0.031485    0.204703    0.007485
0.028683    0.248339    0.012368
0.036623    0.149359    0.011018
-0.018437    0.128002    0.037497
-0.00583    0.128071    0.041279
0.001095    0.115807    0.044015
0.015249    0.105501    0.042976
0.037166    0.114369    0.023886
0.039144    0.119141    0.018414
-0.071191    -0.371441    -0.076371
-0.072637    -0.442828    -0.075261
-0.06558    -0.329559    -0.080677
-0.072362    -0.202707    -0.075473
-0.07235    -0.519001    -0.075482
-0.071622    -0.391218    -0.07604
-0.071471    -0.364926    -0.076157
-0.0708    -0.156757    -0.076671
-0.064208    -0.319646    -0.08173
-0.069624    -0.380311    -0.077573
-0.054051    -0.161417    -0.089524
-0.06573    -0.398552    -0.080562
-0.027984    -0.0947    -0.095144
-0.02105    -0.040764    -0.086137
0.002901    -0.009093    -0.079287
0.008179    0.010042    -0.072955
0.021306    0.083443    -0.047417
-0.08169    -0.402966    -0.06426
-0.077975    -0.537898    -0.069101
-0.089351    -0.302138    -0.054276
-0.089394    -0.482074    -0.05422
-0.089696    -0.349117    -0.053827
-0.090654    -0.368729    -0.052579
-0.09036    -0.259109    -0.052961
-0.087172    -0.438408    -0.057117
-0.081859    -0.411529    -0.06404
-0.086982    -0.324498    -0.057363
-0.088962    -0.392636    -0.054783
-0.097791    -0.340638    -0.03549
-0.09882    -0.357349    -0.033005
-0.098305    -0.267835    -0.034248
-0.100104    -0.323482    -0.029905
-0.097699    -0.37322    -0.035711
-0.101076    -0.206199    -0.027558
-0.101131    -0.403315    -0.027424
-0.099502    -0.462324    -0.031358
-0.100218    -0.317192    -0.029629
-0.097667    -0.516736    -0.035789
-0.100122    -0.199971    -0.029861
-0.103929    -0.463426    -0.006804
-0.104753    -0.520259    -0.000544
-0.104418    -0.277252    -0.003095
-0.104635    -0.486232    -0.001447
-0.104006    -0.534518    -0.006224
-0.103606    -0.53593    -0.00926
-0.104761    -0.494381    -0.00049
-0.102613    -0.471034    -0.016802
-0.104055    -0.493864    -0.005848
-0.103428    -0.547078    -0.010608
-0.103997    -0.36605    -0.006292
-0.10393    -0.261717    -0.006796
0.024099    0.11705    -0.036424
0.039449    0.129251    -0.013168
-0.077048    -0.081776    0.058093
-0.066449    -0.019606    0.048197
-0.059583    0.000456    0.04752
-0.094054    -0.13969    0.042498
-0.099436    -0.140937    0.029833
-0.101845    -0.309654    0.022631
-0.103468    -0.519303    0.01031
-0.103564    -0.556729    0.009579
-0.102561    -0.451997    0.017193
-0.101871    -0.328028    0.02244
-0.101804    -0.33814    0.022944
-0.102247    -0.367205    0.019583
-0.102686    -0.552758    0.016245
-0.102486    -0.518437    0.017769
-0.101674    -0.229351    0.02393
-0.102083    -0.376781    0.020829
0.034994    0.168989    -4.2e-05
0.032066    0.185964    0.006233
-0.040195    0.038672    0.051135
-0.023585    0.086338    0.045559
-0.031602    0.036505    0.05799
-0.014226    0.077571    0.052206
-0.005521    0.093678    0.048668
0.015087    0.059275    0.057543
0.022357    0.099049    0.042049
0.02658    0.099876    0.039051
0.047671    0.062665    0.033197
0.04384    0.103288    0.014796
-0.058104    -0.507514    -0.086414
-0.052751    -0.408133    -0.090521
-0.055792    -0.299937    -0.088188
-0.056995    -0.277364    -0.087265
-0.069985    -0.557971    -0.077297
-0.054309    -0.480055    -0.089326
-0.060994    -0.462214    -0.084196
-0.055626    -0.448881    -0.088316
-0.056741    -0.335349    -0.08746
-0.06534    -0.470641    -0.080861
-0.062022    -0.533161    -0.083407
-0.047578    -0.143892    -0.092409
-0.045212    -0.134293    -0.092339
-0.008888    -0.076868    -0.095146
0.012966    -0.012396    -0.078935
0.017199    0.024029    -0.067647
0.021003    0.04264    -0.060441
-0.081082    -0.560565    -0.064449
-0.103009    -0.559026    -0.013295
0.030869    0.080511    -0.042888
0.04181    0.105484    -0.018073
0.039474    0.135691    -0.009567
-0.060936    -0.081792    0.07487
-0.064566    -0.084279    0.072723
-0.076279    -0.099262    0.063334
-0.051097    0.00449    0.055353
-0.04891    -0.012852    0.063416
-0.097785    -0.351094    0.035502
-0.101136    -0.348239    0.027413
-0.095475    -0.266821    0.04108
-0.099336    -0.420234    0.031759
-0.099022    -0.321833    0.032518
-0.098195    -0.354745    0.034512
-0.100891    -0.434548    0.028005
-0.099403    -0.175058    0.031597
-0.097052    -0.349021    0.037273
-0.094736    -0.202666    0.042863
-0.101011    -0.307422    0.027716
-0.101537    -0.571201    0.006151
0.043157    0.120979    0.000845
-0.040606    0.001174    0.064624
-0.031261    0.024895    0.061802
-0.011303    0.087123    0.049837
-0.008754    0.077787    0.052923
0.001185    0.0493    0.062312
0.028575    0.039676    0.058242
0.034013    0.067742    0.045177
0.031215    0.072394    0.045612
0.051075    0.043613    0.037902
0.068798    0.010749    0.025168
0.058518    0.035127    0.031382
0.055441    0.057448    0.021777
0.051538    0.081236    0.011559
-0.040775    -0.352674    -0.095602
-0.052408    -0.479329    -0.090783
-0.04145    -0.342044    -0.095322
-0.045355    -0.428638    -0.093705
-0.04192    -0.18536    -0.095127
-0.047993    -0.277316    -0.092612
-0.05107    -0.340857    -0.091337
-0.037496    -0.250356    -0.09696
-0.046951    -0.384163    -0.093044
-0.049045    -0.283415    -0.092176
-0.04549    -0.276382    -0.093648
-0.051943    -0.259345    -0.090976
-0.024831    -0.096349    -0.09636
0.000538    -0.048939    -0.090515
0.023159    -0.007746    -0.075477
0.025634    -0.00027    -0.072088
-0.097995    -0.571981    -0.028176
0.033693    0.068881    -0.045003
0.046304    0.069589    -0.031658
0.050535    0.079039    -0.017141
0.072072    0.006135    -0.020786
0.052439    0.081312    -0.004544
0.05685    0.066938    -0.003206
-0.058011    -0.042843    0.067128
-0.050537    -0.104597    0.086778
-0.054234    -0.110995    0.084757
-0.072049    -0.09987    0.068948
-0.092536    -0.361547    0.048174
-0.097945    -0.437987    0.035116
-0.091335    -0.257031    0.051074
-0.091801    -0.301191    0.04995
-0.092451    -0.217272    0.04838
-0.094685    -0.517616    0.042988
-0.091543    -0.507251    0.050573
-0.094569    -0.539225    0.043266
-0.099098    -0.544778    0.032333
-0.094541    -0.536501    0.043336
-0.092962    -0.412459    0.047146
-0.098992    -0.534865    0.032589
-0.040347    -0.019047    0.07193
-0.037217    0.007    0.064992
-0.015195    -0.012881    0.078785
-0.020786    -0.012505    0.077938
-0.002095    0.009767    0.073838
0.006146    0.029336    0.06754
0.032591    0.025246    0.06114
0.040856    -0.016202    0.07082
0.051381    0.006296    0.054471
0.064713    -0.001578    0.041809
0.073914    -0.022085    0.037876
0.076264    -0.031469    0.039363
0.079321    -0.016531    0.019295
-0.029366    -0.506354    -0.100327
-0.037443    -0.419981    -0.096982
-0.049723    -0.535463    -0.091895
-0.041524    -0.42879    -0.095291
-0.036471    -0.332458    -0.097384
-0.029805    -0.327675    -0.100146
-0.031919    -0.456119    -0.09927
-0.034308    -0.279844    -0.09828
-0.037944    -0.522676    -0.096774
-0.032728    -0.260618    -0.098935
-0.048096    -0.517229    -0.092569
-0.02751    -0.507979    -0.101096
-0.012591    -0.136546    -0.102069
0.00917    -0.074987    -0.094723
0.007276    -0.088821    -0.097811
0.02657    -0.021536    -0.078423
-0.065345    -0.59036    -0.06123
-0.096137    -0.575093    -0.030959
0.045327    0.029637    -0.050523
0.040205    0.003635    -0.064025
0.054556    0.031937    -0.038968
0.064325    -0.006323    -0.044592
0.062968    0.029174    -0.025182
0.064087    0.019357    -0.029971
0.076114    -0.001097    -0.009118
0.065952    0.033951    -0.007878
-0.032584    -0.072107    0.088815
-0.06662    -0.119096    0.076284
-0.071106    -0.124991    0.073593
-0.039289    -0.137328    0.095125
-0.045497    -0.133321    0.092115
-0.090043    -0.162396    0.053373
-0.090497    -0.343423    0.052781
-0.088614    -0.359059    0.055236
-0.079037    -0.225459    0.067717
-0.085891    -0.349068    0.058784
-0.083705    -0.38182    0.061633
-0.084121    -0.224716    0.061092
-0.082001    -0.222893    0.063855
-0.088071    -0.256138    0.055944
-0.087469    -0.471972    0.056729
-0.090312    -0.260594    0.053023
-0.099194    -0.568911    0.026856
-0.095353    -0.582997    0.001142
-0.023447    -0.04259    0.0861
-0.001122    -0.041125    0.088835
0.009013    -0.001197    0.076157
0.007316    -0.021769    0.08244
0.025321    -0.023762    0.079645
0.048808    -0.039274    0.073221
0.048096    -0.031014    0.070727
0.052297    0.018499    0.048358
0.05032    0.023013    0.04877
0.087894    -0.0662    0.031667
0.067104    0.032308    0.002802
0.073472    0.006137    0.012995
-0.065082    -0.584117    -0.068343
-0.026004    -0.39968    -0.101401
-0.010115    -0.296376    -0.103493
-0.007471    -0.256942    -0.103841
-0.025406    -0.206671    -0.10148
-0.015398    -0.373633    -0.102798
-0.014258    -0.340713    -0.102948
-0.013955    -0.291848    -0.102988
-0.023646    -0.359872    -0.101712
-0.013266    -0.158054    -0.103078
-0.020069    -0.184349    -0.102183
-0.017896    -0.407068    -0.102469
0.014019    -0.096735    -0.097823
0.002488    -0.09424    -0.099087
0.036833    -0.04596    -0.081298
-0.070266    -0.588412    -0.057238
-0.091404    -0.586696    -0.009698
0.049082    -0.0383    -0.072653
0.046117    -0.030562    -0.072079
0.072521    -0.03067    -0.045592
0.079165    -0.035258    -0.035253
0.072128    -0.018669    -0.039579
0.08098    -0.022111    -0.019176
0.087123    -0.03626    -0.004174
0.082933    -0.024096    0.008782
0.075489    0.001909    0.007133
-0.048016    -0.090501    0.086387
-0.060384    -0.300819    0.084664
-0.059564    -0.183463    0.085293
-0.059277    -0.374098    0.085514
-0.054861    -0.504616    0.088902
-0.054326    -0.4153    0.089313
-0.073057    -0.150845    0.074939
-0.059789    -0.212796    0.085121
-0.062844    -0.282356    0.082776
-0.072972    -0.148194    0.075005
-0.057713    -0.185536    0.086714
-0.05993    -0.237236    0.085013
-0.036076    -0.335619    0.097548
-0.033226    -0.186804    0.098728
-0.032625    -0.186279    0.098977
-0.03457    -0.428938    0.098172
-0.050449    -0.162073    0.091595
-0.030487    -0.168316    0.099863
-0.036138    -0.184852    0.097522
-0.03365    -0.381406    0.098553
-0.031096    -0.453374    0.099611
-0.039469    -0.286784    0.096143
-0.042491    -0.272769    0.094891
-0.039347    -0.331249    0.096193
-0.079186    -0.426693    0.067523
-0.077149    -0.500825    0.070177
-0.078284    -0.498388    0.068698
-0.074945    -0.3497    0.073049
-0.083974    -0.429139    0.061283
-0.079133    -0.392817    0.067591
-0.077037    -0.335083    0.070324
-0.078828    -0.519324    0.067989
-0.082928    -0.546774    0.062646
-0.083202    -0.450891    0.062288
-0.078521    -0.351375    0.068389
-0.088178    -0.567507    0.052961
-0.090875    -0.585102    0.02296
-0.017373    -0.067026    0.09201
0.005796    -0.073876    0.09494
0.005034    -0.0507    0.090284
0.021673    -0.064915    0.091011
0.046243    -0.07341    0.083445
0.060453    -0.044993    0.065805
0.077631    -0.05902    0.049728
0.085561    -0.066987    0.037718
0.084028    -0.0722    0.04419
0.090925    -0.061766    0.017418
-0.027791    -0.570794    -0.098407
-0.00552    -0.391515    -0.104098
-0.015169    -0.449782    -0.102828
-0.003011    -0.34668    -0.104429
-0.018493    -0.510936    -0.10239
-0.000386    -0.16769    -0.104774
-0.004063    -0.52787    -0.10429
-0.004927    -0.317438    -0.104176
-0.008389    -0.387191    -0.10372
-0.005507    -0.507941    -0.1041
-0.015594    -0.470445    -0.102772
-0.015552    -0.489965    -0.102778
0.015367    -0.128262    -0.100859
0.022841    -0.09905    -0.096898
0.038196    -0.080886    -0.088424
-0.055386    -0.597436    -0.032209
-0.071078    -0.59547    -0.034727
0.050792    -0.062867    -0.077802
0.07514    -0.042408    -0.047423
0.083442    -0.079429    -0.048976
0.091037    -0.067132    -0.024574
0.09416    -0.068233    -0.002922
-0.018991    -0.107707    0.098287
-0.024725    -0.123944    0.099187
-0.064978    -0.535452    0.081139
-0.060672    -0.510345    0.084443
-0.062404    -0.536033    0.083114
-0.059973    -0.432872    0.08498
-0.067304    -0.431493    0.079354
-0.059166    -0.496234    0.085599
-0.05876    -0.52044    0.085911
-0.057386    -0.494107    0.086965
-0.071742    -0.427594    0.075949
-0.067249    -0.502268    0.079397
-0.071028    -0.364344    0.076496
-0.043028    -0.481928    0.094668
-0.042223    -0.327719    0.095002
-0.046773    -0.446333    0.093117
-0.047443    -0.430643    0.09284
-0.041196    -0.365834    0.095427
-0.048447    -0.435728    0.092424
-0.046969    -0.384751    0.093036
-0.041694    -0.397959    0.095221
-0.048275    -0.555918    0.092495
-0.047868    -0.507139    0.092664
-0.044636    -0.335594    0.094002
-0.023532    -0.225695    0.101727
-0.024289    -0.200894    0.101627
-0.023814    -0.299871    0.10169
-0.018038    -0.526854    0.10245
-0.024534    -0.52485    0.101595
-0.019846    -0.359387    0.102212
-0.006394    -0.53965    0.103983
-0.02439    -0.318242    0.101614
-0.018939    -0.516294    0.102332
-0.020566    -0.372393    0.102117
-0.021011    -0.368093    0.102059
-0.019669    -0.442017    0.102235
-0.078533    -0.575628    0.062352
-0.092744    -0.581342    0.026795
-0.069381    -0.596625    0.008585
-0.007056    -0.118028    0.10091
0.019426    -0.12209    0.099696
0.023488    -0.128823    0.099848
0.028061    -0.071111    0.090469
0.052117    -0.070358    0.078706
0.063302    -0.042573    0.062907
0.068659    -0.079292    0.068196
0.091391    -0.091977    0.036324
0.092692    -0.066789    0.011823
0.090861    -0.050712    0.000671
-0.048603    -0.580405    -0.084479
0.003308    -0.160518    -0.104389
0.003201    -0.22309    -0.104404
0.005583    -0.3112    -0.10409
0.010428    -0.164705    -0.103452
0.00538    -0.154518    -0.104117
0.004216    -0.184558    -0.10427
0.010935    -0.360987    -0.103385
0.020791    -0.165369    -0.102088
0.005349    -0.153733    -0.104121
0.00462    -0.368594    -0.104217
0.022919    -0.185897    -0.101808
0.01085    -0.374397    -0.103396
0.03307    -0.1162    -0.095389
-0.053669    -0.596659    -0.044447
-0.075167    -0.595764    -0.016314
0.052288    -0.07975    -0.080983
0.07275    -0.064562    -0.057942
0.091503    -0.082867    -0.031814
0.087236    -0.067848    -0.034132
0.093965    -0.077723    -0.019191
-0.011644    -0.248554    0.103292
-0.001484    -0.313353    0.10463
-0.004752    -0.209215    0.104199
-0.015904    -0.259771    0.102731
-0.008241    -0.424346    0.10374
-0.002438    -0.295546    0.104504
-0.006136    -0.406467    0.104017
-0.010262    -0.301139    0.103474
-0.014719    -0.27399    0.102887
-0.023073    -0.19112    0.101787
-0.002966    -0.23492    0.104435
-0.067833    -0.560242    0.078565
-0.005216    -0.570188    0.10186
-0.05712    -0.58678    0.071912
-0.059474    -0.597714    0.016781
-0.064478    -0.597215    0.010346
0.002907    -0.118834    0.101539
0.029222    -0.137864    0.099353
0.0302    -0.118639    0.096844
0.037227    -0.111149    0.093115
0.0702    -0.128173    0.074694
0.068044    -0.099977    0.072756
0.077358    -0.108691    0.063493
0.093196    -0.123585    0.040315
0.088796    -0.112932    0.048125
0.097227    -0.090408    0.013648
0.099366    -0.125016    0.024197
-0.026374    -0.577088    -0.096402
0.023522    -0.38122    -0.101728
0.018668    -0.279474    -0.102367
0.022205    -0.451186    -0.101902
0.020625    -0.385384    -0.10211
0.014458    -0.471432    -0.102922
0.016059    -0.504264    -0.102711
0.025597    -0.396873    -0.101455
0.022289    -0.482457    -0.10189
0.012025    -0.515768    -0.103242
0.014368    -0.370174    -0.102933
0.013538    -0.472683    -0.103043
0.030037    -0.146894    -0.100003
0.051612    -0.146734    -0.091049
-0.050412    -0.598441    -0.017611
0.052833    -0.102009    -0.084687
0.080612    -0.103712    -0.058426
0.081584    -0.115021    -0.059038
0.096817    -0.130096    -0.033292
0.102155    -0.125412    -0.003321
0.097863    -0.096673    -0.013668
0.002205    -0.527018    0.104535
0.002651    -0.400982    0.104476
0.006678    -0.415657    0.103946
0.002179    -0.340325    0.104538
0.004584    -0.227706    0.104222
0.00565    -0.476918    0.104081
0.002501    -0.345898    0.104496
0.002854    -0.479746    0.104449
0.022441    -0.555229    0.10187
0.00991    -0.522576    0.10352
0.007363    -0.516601    0.103856
-0.025468    -0.564076    0.100406
-0.053233    -0.581994    0.079459
-0.04816    -0.596773    0.049696
-0.050723    -0.597328    0.039677
0.0198    -0.382574    0.102218
0.00233    -0.178881    0.104518
0.02506    -0.368774    0.101526
0.023048    -0.245479    0.101791
0.017627    -0.331548    0.102504
0.016247    -0.241368    0.102686
0.021981    -0.172445    0.101931
0.013833    -0.235819    0.103004
0.004978    -0.200026    0.10417
0.01309    -0.310692    0.103102
0.010325    -0.157438    0.103466
0.038083    -0.15506    0.096716
0.050129    -0.204119    0.091727
0.052034    -0.184207    0.090938
0.040931    -0.217054    0.095537
0.04799    -0.167557    0.092613
0.038511    -0.250468    0.096539
0.047424    -0.471381    0.092847
0.044962    -0.170094    0.093867
0.05038    -0.25595    0.091623
0.037418    -0.155228    0.096992
0.044975    -0.407492    0.093862
0.055334    -0.13159    0.086536
0.053318    -0.119988    0.086605
0.071225    -0.095318    0.069266
0.075516    -0.138135    0.070782
0.091636    -0.381067    0.050348
0.095572    -0.182283    0.040845
0.090946    -0.165979    0.052014
0.09099    -0.489188    0.051908
0.098728    -0.161894    0.033227
0.09371    -0.425704    0.045341
0.094704    -0.310464    0.042941
0.091839    -0.306142    0.049859
0.091132    -0.270846    0.051564
0.095089    -0.150826    0.042011
0.092685    -0.40301    0.047816
0.102059    -0.125219    0.003898
0.101003    -0.126564    0.01296
-0.039675    -0.595216    -0.071185
-0.020865    -0.584521    -0.091594
0.027433    -0.371521    -0.101128
0.033547    -0.401325    -0.098595
0.045059    -0.258999    -0.093827
0.032937    -0.427565    -0.098848
0.038227    -0.194542    -0.096657
0.03078    -0.328396    -0.099741
0.04179    -0.219868    -0.095181
0.028078    -0.303047    -0.100861
0.045818    -0.237587    -0.093512
0.03306    -0.187548    -0.098797
0.035672    -0.163257    -0.097715
-0.036704    -0.598441    0.039861
0.071018    -0.114987    -0.072386
0.062747    -0.124168    -0.079902
0.081094    -0.135062    -0.063003
0.095439    -0.136736    -0.038373
0.091087    -0.119186    -0.044246
0.102806    -0.142133    -0.011326
0.099666    -0.117741    -0.016286
-0.028932    -0.583946    0.089727
0.018083    -0.579791    0.095569
-0.03646    -0.591559    0.080375
0.034498    -0.351679    0.098201
0.031135    -0.302972    0.099594
0.028779    -0.272161    0.100571
0.040484    -0.485045    0.095722
0.040232    -0.436561    0.095826
0.040642    -0.548479    0.095656
0.043988    -0.555248    0.094271
0.047804    -0.550407    0.09269
0.029727    -0.546226    0.100178
0.034949    -0.471529    0.098015
0.032836    -0.512642    0.09889
0.06646    -0.469044    0.080002
0.053051    -0.338628    0.09029
0.057341    -0.524061    0.086999
0.071491    -0.510293    0.076141
0.066421    -0.465599    0.080032
0.052587    -0.263224    0.090647
0.066527    -0.469295    0.07995
0.056243    -0.535048    0.087841
0.054938    -0.202624    0.088843
0.058427    -0.462801    0.086165
0.059621    -0.324045    0.08525
0.060326    -0.402255    0.084708
0.061833    -0.303304    0.083552
0.060792    -0.293004    0.084351
0.072114    -0.226329    0.075663
0.066847    -0.225016    0.079705
0.067195    -0.289365    0.079438
0.063403    -0.162801    0.082347
0.06083    -0.237332    0.084322
0.067543    -0.160781    0.079171
0.065826    -0.352297    0.080488
0.074014    -0.400178    0.074206
0.072457    -0.16904    0.0754
0.07495    -0.149886    0.073045
0.079837    -0.312676    0.066675
0.075173    -0.485486    0.072753
0.081861    -0.357399    0.064037
0.086263    -0.148857    0.058301
0.085005    -0.206276    0.059939
0.076958    -0.434038    0.070427
0.080229    -0.395183    0.066164
0.076311    -0.443664    0.071271
0.07498    -0.215962    0.073005
0.085497    -0.269306    0.059299
0.074965    -0.298248    0.073025
0.097187    -0.414317    0.036948
0.100032    -0.276506    0.030078
0.094214    -0.491024    0.044125
0.097417    -0.489212    0.036392
0.092733    -0.527042    0.0477
0.099812    -0.512566    0.030611
0.095072    -0.524937    0.042052
0.099071    -0.440582    0.032399
0.09914    -0.377397    0.032231
0.096221    -0.51537    0.039278
0.093838    -0.52014    0.045032
0.085904    -0.408758    0.058768
0.081156    -0.537975    0.064956
0.079355    -0.491554    0.067303
0.082913    -0.3689    0.062666
0.08685    -0.260214    0.057535
0.076301    -0.508807    0.071284
0.081624    -0.488434    0.064346
0.079069    -0.505086    0.067677
0.086225    -0.268709    0.05835
0.088615    -0.268074    0.055235
0.085815    -0.387804    0.058885
0.101718    -0.496555    0.0236
0.101779    -0.465558    0.023139
0.101428    -0.156391    0.025805
0.101326    -0.401511    0.026579
0.10333    -0.227185    0.011353
0.101351    -0.488345    0.026384
0.103368    -0.245926    0.011069
0.102413    -0.266974    0.018321
0.101507    -0.243526    0.025205
0.102749    -0.283369    0.015767
0.102524    -0.298243    0.017475
0.104474    -0.170211    0.002669
-0.01801    -0.598267    -0.054276
-0.004621    -0.592619    -0.087553
0.0522    -0.450147    -0.090869
0.050039    -0.344398    -0.091764
0.046631    -0.381255    -0.093176
0.038203    -0.395274    -0.096667
0.048214    -0.271585    -0.09252
0.033846    -0.495922    -0.098471
0.044002    -0.369155    -0.094265
0.034919    -0.551831    -0.098027
0.051922    -0.27219    -0.090984
0.050614    -0.518178    -0.091526
0.049071    -0.433527    -0.092165
0.062011    -0.292665    -0.083416
0.057593    -0.252982    -0.086806
0.054935    -0.294566    -0.088845
0.060389    -0.221176    -0.08466
0.066619    -0.273691    -0.07988
0.053399    -0.391021    -0.090023
0.05339    -0.210846    -0.090031
0.059857    -0.30073    -0.085068
0.069998    -0.156933    -0.077287
0.052831    -0.29292    -0.090459
0.059481    -0.411277    -0.085357
0.064422    -0.186185    -0.081565
0.076279    -0.16083    -0.071312
0.08905    -0.475694    -0.054669
0.087129    -0.386589    -0.057172
0.080312    -0.186455    -0.066056
0.084069    -0.269312    -0.06116
0.084493    -0.22893    -0.060607
0.086071    -0.343023    -0.058551
0.086616    -0.38841    -0.05784
0.078605    -0.21563    -0.06828
0.08888    -0.339033    -0.05489
0.08797    -0.416542    -0.056077
0.096228    -0.26765    -0.039263
0.096506    -0.24968    -0.038591
0.100063    -0.25171    -0.030003
0.094497    -0.194308    -0.043442
0.098533    -0.193604    -0.033697
0.092154    -0.198028    -0.049097
0.099662    -0.212651    -0.030971
0.095544    -0.280472    -0.040913
0.099155    -0.371144    -0.032195
0.097178    -0.281352    -0.03697
0.100586    -0.318739    -0.028741
0.091794    -0.170485    -0.049967
0.103425    -0.22812    -0.010637
0.103434    -0.184266    -0.010562
0.103793    -0.301646    -0.007836
0.104712    -0.315365    -0.000856
0.102034    -0.19953    -0.021196
0.103952    -0.414022    -0.006632
0.104348    -0.162146    -0.003626
0.103052    -0.304121    -0.013463
0.10267    -0.205403    -0.016366
0.104002    -0.174974    -0.006255
0.103357    -0.158182    -0.01115
-0.022696    -0.588808    0.088082
0.033975    -0.586845    0.085264
-0.038444    -0.595702    0.067572
0.065307    -0.561366    0.080226
0.078502    -0.56379    0.066771
0.104819    -0.231411    4.5e-05
0.102521    -0.523857    0.017502
0.103034    -0.459938    0.013603
0.102174    -0.464194    0.020134
0.102684    -0.425626    0.01626
0.102485    -0.468405    0.017771
0.101996    -0.49625    0.021489
0.103112    -0.349785    0.013013
0.102792    -0.512341    0.015443
0.103509    -0.55342    0.009996
0.102051    -0.511937    0.021072
-0.019816    -0.598441    -0.034414
-0.009449    -0.597229    -0.064487
0.009427    -0.587487    -0.090836
0.068314    -0.26124    -0.078579
0.065757    -0.399985    -0.080542
0.063188    -0.468704    -0.082513
0.073881    -0.175668    -0.074308
0.062708    -0.509314    -0.08288
0.056664    -0.536523    -0.087519
0.06736    -0.466941    -0.079311
0.06664    -0.485011    -0.079864
0.068808    -0.538685    -0.0782
0.072925    -0.444314    -0.075041
0.067303    -0.425799    -0.079355
0.071622    -0.223729    -0.076041
0.080331    -0.365188    -0.066032
0.079675    -0.310728    -0.066887
0.079653    -0.363272    -0.066915
0.078597    -0.430763    -0.068291
0.086287    -0.54181    -0.058269
0.081133    -0.509499    -0.064986
0.082991    -0.411982    -0.062565
0.08083    -0.33892    -0.065381
0.078169    -0.463535    -0.068849
0.075597    -0.505286    -0.072202
0.084717    -0.479123    -0.060316
0.094373    -0.395252    -0.043741
0.092962    -0.272557    -0.047148
0.094861    -0.525698    -0.042562
0.092796    -0.339719    -0.047549
0.095479    -0.334099    -0.041072
0.096395    -0.41092    -0.03886
0.091141    -0.231935    -0.051545
0.093173    -0.536022    -0.046639
0.099298    -0.557512    -0.031852
0.090883    -0.487797    -0.052166
0.092382    -0.512631    -0.048548
0.093228    -0.386437    -0.046505
0.101845    -0.273468    -0.022635
0.101932    -0.413574    -0.021976
0.101947    -0.496013    -0.021862
0.103691    -0.484099    -0.008615
0.101737    -0.557994    -0.023458
0.102194    -0.396365    -0.019984
0.104108    -0.542945    -0.005447
0.101701    -0.232483    -0.023728
0.101781    -0.46463    -0.023118
0.102748    -0.373393    -0.015777
0.103942    -0.474973    -0.006705
0.037774    -0.579674    0.089563
0.010781    -0.596421    0.070704
0.027962    -0.596223    0.067489
0.093747    -0.570308    0.039291
0.100773    -0.563481    0.023573
-0.003339    -0.598441    0.028912
0.003383    -0.597023    -0.06692
0.050467    -0.57191    -0.088777
0.086219    -0.559435    -0.058119
0.100964    -0.563825    -0.021602
-0.006914    -0.596894    0.067471
0.038503    -0.595904    0.065692
0.058752    -0.576056    0.080887
0.067505    -0.587649    0.061783
0.006503    -0.598441    0.043927
0.018714    -0.596279    -0.070782
0.013426    -0.598441    -0.042936
0.05172    -0.574565    -0.087382
0.093678    -0.574598    -0.037254
0.055873    -0.594865    0.062627
0.015438    -0.598441    0.053023
0.091593    -0.581859    0.028555
0.09642    -0.579114    0.015547
0.033625    -0.59075    -0.082211
0.049715    -0.590184    -0.074348
0.08745    -0.57821    -0.04577
0.094273    -0.581802    -0.016275
0.026895    -0.598441    0.006518
0.080319    -0.595003    0.021971
0.089583    -0.58879    0.011394
0.032008    -0.595406    -0.072747
0.073219    -0.591813    -0.049162
0.090127    -0.589293    -0.004343
0.040206    -0.595386    -0.069501
0.068251    -0.596643    0.016074
0.059559    -0.594702    -0.061411
0.069356    -0.594708    -0.049125
0.075788    -0.594624    -0.040675
0.051063    -0.598441    0.000243
0.05341    -0.598087    -0.023793
-0.050605    -0.598441    -0.008951
-0.036965    -0.598441    0.036328
-0.027615    -0.598441    -0.007766
-0.007867    -0.598441    0.0372
-0.005799    -0.598441    -0.050581
0.0059    -0.598441    0.042764
0.001641    -0.598441    -0.047731
0.02936    -0.598441    -0.016155
0.024939    -0.598441    0.002131
0.047722    -0.598441    -0.02446
