0.182199    -0.210875    -0.030164
0.18241    -0.197463    0.022473
0.173245    -0.203761    -0.063249
0.17904    -0.20891    0.04731
0.182797    -0.184227    -0.01906
0.16547    -0.208146    -0.083496
0.182095    -0.236555    -0.045558
0.164467    -0.196152    0.081583
0.183837    -0.170729    -0.01014
0.178291    -0.173153    0.048495
0.186552    -0.229682    -0.000953
0.179543    -0.227484    0.05051
0.161062    -0.199212    0.089633
0.184317    -0.165703    -0.006359
0.165712    -0.186637    -0.081444
0.146854    -0.199856    -0.111494
0.185948    -0.248734    -0.020689
0.168586    -0.257641    -0.085577
0.137843    -0.246173    -0.128405
0.150592    -0.18033    0.104452
0.170182    -0.17627    -0.069899
0.161706    -0.181289    -0.090832
0.130092    -0.209322    -0.132499
0.188886    -0.258909    -0.003697
0.181748    -0.23788    0.041317
0.164105    -0.217911    0.08458
0.131155    -0.210392    0.129868
0.135319    -0.162388    0.123887
0.183221    -0.15435    0.018617
0.170175    -0.153603    0.069252
0.097128    -0.203343    -0.158562
0.12805    -0.228985    -0.135498
0.186342    -0.263755    -0.031501
0.171102    -0.235893    0.071528
0.14897    -0.219274    0.108305
0.12051    -0.203067    0.13845
0.094645    -0.163352    0.157194
0.168589    -0.161437    -0.074515
0.146506    -0.176568    -0.111463
0.129099    -0.19064    -0.132628
0.07634    -0.223378    -0.16896
0.067238    -0.259074    -0.176248
0.183422    -0.276008    -0.053769
0.154423    -0.273664    -0.111101
0.147253    -0.222086    0.110707
0.121794    -0.195895    0.137205
0.091111    -0.183583    0.159639
0.100845    -0.140723    0.153725
0.186192    -0.140267    0.00311
0.169569    -0.134222    0.072964
0.152453    -0.138461    0.10401
0.075876    -0.20219    -0.168103
0.082004    -0.230377    -0.166972
0.092282    -0.261725    -0.165633
0.171415    -0.27782    -0.08451
0.14192    -0.284897    -0.12861
0.121643    -0.217724    0.138392
0.081342    -0.211448    0.164588
0.088259    -0.183694    0.161161
0.053386    -0.131457    0.176471
0.180392    -0.136973    -0.047241
0.142636    -0.162926    -0.116975
0.139197    -0.123321    0.122229
0.09114    -0.185325    -0.161063
0.041543    -0.202022    -0.180089
0.039189    -0.257427    -0.184333
0.191669    -0.28046    0.002123
0.187651    -0.272502    0.026579
0.133033    -0.229671    0.129261
0.123922    -0.229652    0.137589
0.049461    -0.21566    0.177326
0.071774    -0.185799    0.167645
0.072746    -0.157643    0.167574
0.0503    -0.122628    0.178402
0.164428    -0.13504    -0.088281
0.146751    -0.153367    -0.111932
0.116581    -0.162873    -0.142699
0.05883    -0.186984    -0.175203
0.021195    -0.20475    -0.18326
0.027814    -0.231021    -0.183657
0.032747    -0.283863    -0.187601
0.186991    -0.279077    0.034071
0.15147    -0.292366    -0.116323
0.108084    -0.239039    0.150177
0.090206    -0.292404    -0.168944
0.03085    -0.21765    0.180679
0.015    -0.179329    0.181391
0.02027    -0.14207    0.181796
0.187506    -0.114362    -0.00261
0.18498    -0.107935    0.027566
0.108383    -0.151709    -0.149723
0.057439    -0.14845    -0.176447
0.054116    -0.172467    -0.177251
0.015482    -0.194474    -0.183799
-0.017014    -0.219545    -0.184079
-0.002416    -0.25745    -0.188819
0.006175    -0.285556    -0.191622
0.186065    -0.287796    0.040186
0.107075    -0.301505    -0.160874
0.122706    -0.246487    0.14019
0.053545    -0.254991    0.179004
0.017918    -0.192722    0.181215
0.030593    -0.240108    0.182246
0.009761    -0.152732    0.182507
0.183228    -0.110931    -0.043892
0.168991    -0.125343    -0.078443
0.137666    -0.141236    -0.125151
0.099345    -0.09873    0.159075
0.073125    -0.101336    0.171567
0.046674    -0.153017    -0.179429
0.022231    -0.110807    0.183862
-0.027963    -0.223996    -0.183103
0.00127    -0.259942    -0.189485
-0.018496    -0.278474    -0.189296
0.19032    -0.292583    0.01497
0.14359    -0.304135    -0.130322
0.111355    -0.307551    -0.158589
0.066537    -0.307678    -0.181956
0.01445    -0.304654    -0.192828
-0.019456    -0.214147    0.181718
-0.020345    -0.172828    0.180785
-0.007929    -0.1451    0.18342
0.189105    -0.097302    -0.004008
0.147556    -0.124437    -0.11355
0.133217    -0.132605    -0.13112
0.085503    -0.141247    -0.164582
0.062368    -0.097719    0.176187
0.028948    -0.162286    -0.181798
-0.026121    -0.181452    -0.181913
-0.066937    -0.19698    -0.170993
-0.052052    -0.240141    -0.179357
-0.061632    -0.266254    -0.178485
0.194597    -0.309921    -0.00011
0.188254    -0.301317    0.038521
0.124061    -0.309079    -0.148715
0.098022    -0.312342    -0.168901
0.041612    -0.309524    -0.189399
-0.025956    -0.307792    -0.191342
-0.043747    -0.219176    0.178327
-0.041205    -0.173453    0.177621
-0.048603    -0.137167    0.177713
0.188876    -0.083107    -0.021791
0.173863    -0.088796    0.073799
0.145354    -0.088594    0.120163
0.130531    -0.093302    0.136908
0.07959    -0.090528    0.170394
-0.024444    -0.178005    -0.18209
-0.00449    -0.142319    -0.185294
-0.050963    -0.20927    -0.177693
-0.05343    -0.227355    -0.177754
-0.064429    -0.253713    -0.175883
-0.055363    -0.286393    -0.182273
0.190064    -0.307078    0.032252
0.146999    -0.322117    -0.129577
0.104918    -0.320165    -0.165803
0.073713    -0.268593    0.17278
0.01374    -0.326619    -0.195679
-0.059054    -0.199198    0.172694
-0.056103    -0.224617    0.175228
-0.08719    -0.176812    0.160095
-0.054671    -0.120877    0.176885
0.184892    -0.082188    0.047964
0.133716    -0.12152    -0.131774
0.051343    -0.129694    -0.17992
0.029451    -0.086351    0.185808
-0.042814    -0.147972    -0.180707
-0.033122    -0.102785    0.182896
-0.082761    -0.176262    -0.16458
-0.105142    -0.231    -0.152275
-0.10471    -0.264622    -0.156565
0.193718    -0.323388    -0.022672
0.15837    -0.324758    -0.114627
0.136821    -0.32896    -0.141537
0.094887    -0.287888    0.164884
0.019171    -0.267774    0.186418
-0.045147    -0.248209    0.180312
-0.091658    -0.199924    0.158473
-0.091256    -0.233164    0.160518
-0.08185    -0.155299    0.162878
-0.092829    -0.12336    0.159998
0.140459    -0.110079    -0.125238
0.127816    -0.078177    0.142
0.020977    -0.109526    -0.186225
-0.032073    -0.096132    0.183783
-0.094272    -0.113919    0.160187
-0.10924    -0.195149    -0.147148
-0.12597    -0.22071    -0.136121
-0.108185    -0.271631    -0.15508
-0.056207    -0.30012    -0.18378
0.17337    -0.331627    -0.094906
0.157291    -0.334774    -0.117621
0.101581    -0.288738    0.15995
0.04856    -0.329689    -0.190734
-0.0013    -0.288455    0.189771
-0.059643    -0.247264    0.175616
-0.10545    -0.204185    0.148706
-0.112166    -0.216048    0.143976
-0.117518    -0.162876    0.138703
-0.104132    -0.125279    0.151772
0.143349    -0.095539    -0.123894
0.079738    -0.102882    -0.170404
-0.009368    -0.112356    -0.18689
-0.039614    -0.089854    0.183426
-0.072836    -0.137768    -0.169753
-0.143262    -0.207111    -0.114389
-0.148691    -0.225561    -0.109077
-0.144842    -0.25759    -0.118322
-0.107834    -0.287003    -0.156053
0.175159    -0.341957    -0.092504
0.16907    -0.309741    0.09463
0.144411    -0.298432    0.124895
0.052196    -0.338203    -0.190842
0.024246    -0.291322    0.187129
-0.04741    -0.272308    0.182705
-0.097908    -0.311555    -0.167576
-0.118113    -0.189148    0.138132
-0.123669    -0.23581    0.136433
-0.105152    -0.133681    0.150204
0.193991    -0.073197    0.002923
0.127656    -0.096978    -0.139615
0.076512    -0.074299    0.174866
-0.018403    -0.10248    -0.186881
-0.071692    -0.095871    0.1721
-0.109911    -0.110774    0.148716
-0.154196    -0.22065    -0.101742
-0.136954    -0.174932    -0.121451
-0.14606    -0.260915    -0.11736
-0.134966    -0.283076    -0.1343
0.192875    -0.333978    0.033897
0.179567    -0.320384    0.073961
0.128397    -0.346891    -0.149866
0.079176    -0.296854    0.172904
-0.026613    -0.338414    -0.194556
-0.004611    -0.302262    0.191777
-0.107449    -0.254403    0.151544
-0.137282    -0.208843    0.120816
-0.135897    -0.214426    0.123113
-0.153147    -0.147421    0.09942
-0.161164    -0.1152    0.092138
0.11534    -0.084835    -0.151367
0.098112    -0.070822    0.165836
-0.000346    -0.091322    -0.190196
-0.090464    -0.118656    -0.163955
-0.099338    -0.149004    -0.155035
-0.122394    -0.100433    0.140084
-0.162922    -0.193098    -0.083145
-0.159744    -0.243837    -0.097219
-0.163629    -0.271487    -0.09592
-0.147314    -0.299297    -0.121354
0.193874    -0.336637    0.028653
0.18336    -0.327673    0.067233
0.09885    -0.349723    -0.172123
0.064274    -0.311327    0.181101
-0.06147    -0.336394    -0.1863
-0.019897    -0.301912    0.189404
-0.122185    -0.318779    -0.150822
-0.143047    -0.206997    0.112891
-0.157368    -0.177972    0.092531
-0.156808    -0.240004    0.097613
-0.144308    -0.125226    0.113682
0.190041    -0.068905    0.034039
0.093122    -0.071818    0.168888
-0.084044    -0.104701    -0.168207
-0.102491    -0.091975    0.157249
-0.136584    -0.139411    -0.12366
-0.161546    -0.198581    -0.086619
-0.171597    -0.182798    -0.063005
-0.177066    -0.249095    -0.058892
-0.178933    -0.279237    -0.06238
-0.150724    -0.306729    -0.11892
0.18198    -0.358897    -0.077026
0.144782    -0.358552    -0.136695
0.108634    -0.31257    0.159132
0.015955    -0.365813    -0.197435
-0.091379    -0.332178    -0.174235
-0.052476    -0.296434    0.183527
-0.105774    -0.266533    0.154631
-0.143    -0.318224    -0.131042
-0.163043    -0.182192    0.081974
-0.174629    -0.231532    0.05756
-0.166275    -0.13826    0.076929
-0.174004    -0.103841    0.064775
0.154144    -0.06725    0.115612
-0.04517    -0.090545    -0.185159
-0.084259    -0.078609    0.169539
-0.141643    -0.149762    -0.116504
-0.155711    -0.091945    0.103701
-0.179098    -0.226097    -0.043941
-0.175462    -0.164882    -0.054464
-0.182456    -0.27238    -0.051822
-0.186208    -0.297752    -0.039012
0.195569    -0.368847    -0.028233
0.168839    -0.358868    -0.104067
0.116983    -0.367056    -0.159725
0.106109    -0.319764    0.162091
-0.030981    -0.356588    -0.195012
-0.101258    -0.332199    -0.167928
-0.083613    -0.297938    0.170198
-0.127686    -0.275536    0.138558
-0.176005    -0.324334    -0.081318
-0.170614    -0.188965    0.062857
-0.177958    -0.219719    0.047032
-0.172509    -0.145085    0.059973
-0.172189    -0.110728    0.067502
0.185931    -0.066904    0.056412
0.017559    -0.074939    -0.19179
-0.115786    -0.107109    -0.146618
-0.144409    -0.121669    -0.115769
-0.166112    -0.138126    -0.078476
-0.180229    -0.200182    -0.028513
-0.185589    -0.234502    -0.005172
-0.178066    -0.168003    -0.041379
-0.187561    -0.280506    -0.021313
-0.18986    -0.313181    -0.030251
0.19604    -0.374329    -0.02338
0.17398    -0.344129    0.091853
0.143048    -0.371448    -0.138912
0.078571    -0.373332    -0.181445
-0.030413    -0.366843    -0.195233
0.026373    -0.327503    0.191941
-0.112729    -0.295103    0.151722
-0.147896    -0.267935    0.114592
-0.171434    -0.252131    0.070637
-0.178409    -0.191662    0.042292
-0.178545    -0.157053    0.043257
-0.180193    -0.230043    0.04127
-0.184023    -0.101918    0.028295
0.186951    -0.065348    -0.05438
0.120434    -0.062015    0.150771
-0.093828    -0.083634    -0.166158
-0.168586    -0.129352    -0.07411
-0.175973    -0.143019    -0.05523
-0.184252    -0.213763    -0.00354
-0.185449    -0.25833    0.017161
-0.180463    -0.172004    -0.025243
-0.190587    -0.299279    0.004944
-0.188172    -0.316649    -0.044522
0.192934    -0.373292    -0.049326
0.17869    -0.353627    0.08216
0.132879    -0.380902    -0.146846
0.074165    -0.332745    0.179744
-0.05797    -0.36476    -0.188979
-0.145061    -0.336541    -0.131254
-0.116213    -0.301189    0.150261
-0.034093    -0.322156    0.189937
-0.176194    -0.255619    0.059453
-0.182304    -0.177507    0.006477
-0.184272    -0.125879    0.006692
-0.184936    -0.093326    0.028937
0.143765    -0.068577    -0.131276
0.038494    -0.062585    0.189089
-0.113022    -0.076717    0.152268
-0.173059    -0.122527    -0.065211
-0.177701    -0.135241    -0.052111
-0.18491    -0.272411    0.037207
-0.191081    -0.306587    0.010677
-0.191936    -0.326139    0.024545
0.197749    -0.372786    0.011154
0.153445    -0.390035    -0.124289
0.107872    -0.339866    0.163068
0.084292    -0.386024    -0.178615
-0.088082    -0.364399    -0.177176
-0.111383    -0.351917    -0.161982
-0.165538    -0.285953    0.092399
-0.053841    -0.317073    0.186242
-0.169677    -0.271223    0.081084
-0.182441    -0.155017    -0.014625
-0.180785    -0.117675    -0.040229
-0.186832    -0.090478    -0.0193
0.105743    -0.068972    -0.163286
-0.053528    -0.074475    -0.185112
-0.124111    -0.075229    0.143842
-0.181601    -0.127695    -0.029591
-0.183652    -0.280145    0.047136
-0.179251    -0.326993    0.072579
-0.193124    -0.340908    0.024976
0.192623    -0.37305    0.045003
0.152966    -0.350173    0.12279
0.121909    -0.394718    -0.154855
-0.013881    -0.386725    -0.196721
-0.081165    -0.375493    -0.179861
-0.144834    -0.346565    -0.132573
-0.173049    -0.28134    0.074196
-0.069289    -0.325062    0.180426
-0.195413    -0.353449    -0.015872
-0.181674    -0.096807    -0.048162
0.175646    -0.061203    -0.084286
0.044194    -0.068244    -0.18902
-0.133038    -0.072695    0.137418
-0.175684    -0.10203    -0.06391
-0.178328    -0.304261    0.067239
-0.18635    -0.341052    0.057606
0.192917    -0.399362    -0.04218
0.187736    -0.37746    0.061909
0.126123    -0.352664    0.150448
0.139722    -0.39768    -0.140383
-0.059246    -0.387053    -0.188109
-0.101265    -0.380828    -0.169698
-0.151303    -0.357389    -0.125192
-0.106622    -0.32539    0.161911
-0.055105    -0.340166    0.188028
-0.195056    -0.361013    0.015082
0.183642    -0.057583    -0.064413
0.12213    -0.052297    0.149877
-0.086594    -0.063757    0.171435
-0.181182    -0.070398    0.060982
-0.162636    -0.325845    0.104867
-0.188887    -0.351687    0.052597
0.195015    -0.391393    0.025499
0.173078    -0.380124    0.09535
0.048935    -0.362116    0.191194
0.063996    -0.403399    -0.18636
0.007017    -0.405596    -0.197258
-0.126932    -0.387418    -0.150465
-0.169084    -0.362166    -0.10279
-0.137674    -0.320829    0.136492
-0.195461    -0.365166    0.012031
-0.166012    -0.069743    -0.099106
0.110333    -0.06337    -0.160513
-0.091302    -0.068636    -0.171476
-0.188123    -0.0693    0.039258
-0.160857    -0.333207    0.108413
-0.179101    -0.361405    0.078334
0.182924    -0.410336    -0.069984
0.154333    -0.370754    0.121786
0.1332    -0.413101    -0.144382
-0.061506    -0.402537    -0.186238
-0.16639    -0.373742    -0.106472
-0.138574    -0.405397    -0.138939
-0.192128    -0.372067    -0.039385
-0.067573    -0.351873    0.183247
-0.187134    -0.370559    0.0581
0.192774    -0.049095    0.022463
-0.024064    -0.063666    -0.19237
-0.095364    -0.062497    0.167704
-0.117789    -0.339211    0.154504
-0.168673    -0.356093    0.100051
0.187426    -0.417756    -0.058082
0.172531    -0.395022    0.095078
0.095272    -0.371665    0.173114
-0.053582    -0.409387    -0.188807
-0.170929    -0.38088    -0.098391
-0.166543    -0.412017    -0.103376
0.032512    -0.369714    0.193281
-0.027706    -0.368927    0.193526
-0.146199    -0.0663    -0.125608
0.106437    -0.057065    -0.164094
-0.061443    -0.055213    0.182906
-0.192158    -0.064004    0.009507
-0.105722    -0.36154    0.165361
0.190826    -0.426722    -0.043626
0.185095    -0.396738    0.066055
0.103777    -0.37491    0.167247
0.082899    -0.422369    -0.176913
-0.148148    -0.413558    -0.126366
-0.176558    -0.395201    -0.083993
-0.192099    -0.385718    -0.037515
-0.033367    -0.380481    0.192499
-0.049289    -0.379445    0.190105
-0.119289    -0.063908    -0.152143
0.074871    -0.055743    -0.179676
-0.122632    -0.068326    -0.149003
-0.191014    -0.063506    0.020156
-0.119688    -0.369701    0.154349
0.191474    -0.417415    0.039689
0.138273    -0.387452    0.141247
0.105241    -0.426854    -0.165275
-0.120235    -0.421304    -0.153009
-0.193053    -0.391732    -0.029375
-0.193846    -0.394223    0.020333
0.025112    -0.38662    0.193723
-0.152541    -0.392234    0.121177
0.188027    -0.040535    0.048199
-0.037622    -0.055365    -0.191284
-0.079918    -0.052347    0.174805
-0.164406    -0.061663    -0.103556
0.193949    -0.429667    -0.010874
0.173735    -0.409816    0.089677
0.105713    -0.389754    0.165261
-0.026415    -0.424797    -0.192925
-0.139412    -0.427501    -0.135406
-0.193696    -0.408266    -0.017501
-0.192156    -0.395918    0.034666
0.028553    -0.390217    0.193172
-0.094242    -0.384477    0.171693
0.194144    -0.038859    -0.001522
0.007443    -0.050011    -0.195503
0.071295    -0.039773    0.177996
-0.189826    -0.057432    -0.033454
0.175842    -0.436862    -0.079006
0.149765    -0.408481    0.124686
0.110922    -0.434958    -0.158558
-0.124663    -0.431715    -0.147695
0.028218    -0.435349    -0.190764
-0.189323    -0.431571    -0.031664
0.021311    -0.395915    0.193715
-0.089778    -0.39705    0.172972
0.184127    -0.039318    0.059703
-0.077662    -0.055858    -0.177934
-0.132271    -0.050689    0.140193
-0.13906    -0.054312    -0.135796
0.170171    -0.418538    0.097366
0.055899    -0.403997    0.187033
-0.021548    -0.435531    -0.191378
-0.168227    -0.429475    -0.096262
-0.194546    -0.41419    0.003457
-0.171313    -0.409826    0.093499
-0.011319    -0.399983    0.194862
0.18824    -0.03827    -0.049141
0.017906    -0.045746    -0.193624
-0.100837    -0.037712    0.163528
-0.189916    -0.053586    0.033791
0.186093    -0.441801    -0.048407
0.149056    -0.41368    0.125363
-0.032811    -0.440826    -0.188514
-0.190312    -0.438771    -0.01314
-0.193668    -0.428123    -0.000204
0.00506    -0.411418    0.194484
0.18249    -0.036939    -0.063186
-0.046998    -0.049441    -0.189853
0.077286    -0.032135    0.174041
-0.191828    -0.050008    -0.020033
0.152899    -0.422148    0.119681
-0.072621    -0.442639    -0.175745
-0.186181    -0.44004    -0.037638
-0.186156    -0.424048    0.053295
-0.10067    -0.417842    0.166985
0.181515    -0.034488    -0.064364
0.021984    -0.040924    -0.192451
-0.064295    -0.031034    0.178572
-0.172646    -0.036891    0.082146
0.190646    -0.442618    0.011412
0.060886    -0.418971    0.184397
-0.188647    -0.445031    -0.010304
-0.175349    -0.438379    0.072784
-0.041737    -0.424953    0.188582
0.146493    -0.028235    0.120818
-0.134322    -0.044826    -0.140981
-0.18963    -0.047895    0.034355
0.185951    -0.44745    -0.034922
0.148245    -0.448454    -0.116651
0.104821    -0.447543    -0.15814
-0.136646    -0.44619    -0.130609
-0.146017    -0.432646    0.124024
0.039808    -0.42621    0.189509
0.186302    -0.02112    -0.040335
0.183752    -0.028434    -0.05457
0.185037    -0.021921    0.04356
0.164252    -0.021374    0.096391
0.140278    0.002311    0.122525
-0.029973    -0.036982    -0.190566
0.111037    -0.021134    0.152232
-0.077212    -0.027345    0.171816
0.081984    -0.002742    0.167655
-0.188356    -0.033722    0.027666
0.184487    -0.443688    0.04975
0.120346    -0.429606    0.15075
-0.046267    -0.452905    -0.181542
-0.17283    -0.449669    -0.069982
-0.010189    -0.452026    -0.186599
-0.14054    -0.448163    0.123153
0.185274    0.01021    -0.017353
0.186029    -0.0011    0.021094
0.187517    -0.008901    0.017221
0.179558    -0.010259    0.058193
0.158649    0.00316    0.099362
-0.002562    -0.038274    -0.193863
0.102473    0.009314    0.154221
0.04078    -0.022193    0.18457
-0.046791    -0.020568    0.182621
-0.060293    -0.025078    0.178759
-0.085292    -0.007356    0.165624
-0.117163    -0.021662    0.146387
-0.149765    -0.007524    0.110159
-0.18015    0.005589    0.046044
0.05165    0.009282    0.178063
-0.191674    -0.034445    -0.000472
-0.187027    -0.006813    0.002512
0.171036    -0.454819    -0.072019
0.080579    -0.436138    0.173554
-0.114508    -0.455413    -0.144607
-0.183276    -0.453188    0.019059
0.020048    -0.458649    -0.182316
0.03081    -0.435607    0.188579
0.17582    -0.008065    -0.067522
0.184903    -0.02282    -0.048962
0.130798    -0.030995    -0.141068
0.10086    0.016042    0.154257
0.031132    -0.010029    0.184252
-0.016731    0.007949    0.183873
-0.057526    -0.013817    0.178563
-0.109538    0.01279    0.147435
-0.138151    -0.007768    0.125961
-0.167868    0.005107    0.077542
-0.184524    0.010641    0.006931
0.076104    0.017904    0.166999
-0.181909    0.003357    -0.035924
0.179797    -0.461643    -0.024285
0.152658    -0.441315    0.113332
0.091863    -0.463867    -0.156471
-0.16104    -0.461834    -0.080935
-0.138839    -0.455752    0.119434
-0.115674    -0.452995    0.143101
0.181578    0.018511    -0.037572
0.173273    0.008226    -0.068915
0.136998    -0.030294    -0.135874
0.107603    0.022247    0.147427
-0.160571    0.017105    0.090259
-0.186429    -0.030771    -0.036898
-0.182997    -0.022008    -0.048118
0.157362    -0.468    -0.083725
0.057778    -0.442935    0.180174
-0.110983    -0.466331    -0.13863
-0.180753    -0.46116    0.0016
-0.041943    -0.463932    -0.176193
0.180238    0.022725    -0.040139
0.165497    -0.019467    -0.095287
0.027851    -0.026412    -0.188345
-0.013634    0.020539    0.182148
-0.180073    0.021177    0.028556
-0.178796    -0.006491    -0.057008
-0.16475    0.011891    -0.083904
0.139974    -0.46903    -0.107452
0.073679    -0.47215    -0.157379
-0.161335    -0.466364    -0.072234
-0.148995    -0.463915    0.097318
-0.067489    -0.453916    0.170922
0.164957    0.016405    -0.087017
0.139419    0.00123    -0.126678
0.120576    -0.018223    -0.146407
0.095188    -0.004711    -0.163619
0.032265    -0.013324    -0.186161
-0.015701    -0.026786    -0.189716
-0.136789    0.022699    0.120206
-0.166495    -0.024554    -0.090316
-0.168074    0.022632    -0.070707
0.169853    -0.458705    0.067135
0.071021    -0.450578    0.171681
-0.118578    -0.47577    -0.122623
-0.163783    -0.46658    0.064026
-0.030885    -0.473065    -0.170155
0.169367    0.023926    -0.070262
0.112479    -0.000348    -0.150256
0.076906    0.006825    -0.170169
0.007323    0.000851    -0.188296
-0.010947    -0.025449    -0.190032
-0.028609    -0.022919    -0.187762
-0.07344    -0.005741    -0.172654
-0.108305    -0.010725    -0.15348
-0.095889    0.02269    0.155572
-0.160929    -0.01668    -0.100001
-0.136368    0.021004    -0.122594
0.138432    -0.475008    -0.100641
0.055583    -0.450474    0.17778
-0.143622    -0.47648    -0.090224
-0.158419    -0.476362    0.054988
0.001847    -0.475618    -0.171496
0.177836    0.028686    -0.035998
0.094569    0.016442    -0.161022
-1.8e-05    -0.003927    -0.188781
-0.066027    0.013457    -0.1732
-0.097482    -0.002541    -0.160295
-0.142287    -0.00399    -0.121024
0.003802    0.02917    0.179337
0.075564    0.029059    0.162624
0.153134    -0.478231    -0.068937
0.115452    -0.459766    0.140073
0.034178    -0.480427    -0.161917
-0.162332    -0.477508    -0.041755
-0.101245    -0.475666    0.1342
0.011171    -0.455925    0.182788
0.110964    0.018026    -0.148252
-0.10189    0.016996    -0.153923
-0.16139    0.029207    0.077025
0.161061    -0.482167    -0.027276
0.13025    -0.462109    0.125721
0.068609    -0.483493    -0.146365
-0.126601    -0.47998    -0.105229
-0.142143    -0.482245    0.078246
-0.081579    -0.474577    0.148875
0.169202    0.032266    0.05786
-0.103416    0.018381    -0.152383
-0.161811    0.030725    0.073583
0.155192    -0.485827    -0.033846
0.139982    -0.482795    -0.084142
0.055479    -0.463937    0.169761
-0.045675    -0.48339    -0.15515
-0.16024    -0.48252    0.014244
-0.02193    -0.463375    0.17694
0.177711    0.034718    -0.008928
-0.035819    0.025606    -0.179567
-0.175658    0.033269    0.016536
0.144084    -0.487371    -0.059882
0.140762    -0.473353    0.098489
0.102901    -0.487607    -0.117219
-0.102893    -0.483943    -0.122957
-0.1392    -0.487276    0.066569
-0.007833    -0.468963    0.174959
0.176973    0.035534    0.013603
-0.057614    0.026192    -0.172842
-0.175026    0.036868    0.008456
0.156585    -0.486271    0.015296
0.133299    -0.482436    0.092542
0.063929    -0.471782    0.159938
-0.055764    -0.488995    -0.142045
-0.150705    -0.488914    0.013074
-0.034902    -0.485086    0.153548
0.177059    0.038707    -0.00075
-0.039349    0.027006    -0.17845
-0.175363    0.035412    -0.015578
0.146161    -0.490356    -0.039882
0.123204    -0.485257    0.098789
0.08771    -0.49289    -0.116134
-0.097169    -0.491154    -0.112667
-0.134923    -0.491826    0.05506
0.006994    -0.477563    0.166754
0.135032    0.041564    0.1102
-0.089899    0.039737    0.150148
-0.060703    0.032213    -0.167893
0.108193    -0.492321    -0.10072
0.090891    -0.482544    0.133556
-0.019398    -0.492806    -0.144021
-0.134783    -0.494658    -0.039551
-0.014627    -0.49067    0.147336
0.171537    0.044026    0.03128
0.100727    0.043483    0.141225
-0.161945    0.040441    -0.064472
0.142096    -0.493457    0.019992
0.088105    -0.489595    0.122174
0.083491    -0.490208    -0.094739
0.04842    -0.494122    -0.128496
0.013553    -0.489616    -0.123629
-0.140145    -0.49356    -0.022193
-0.047787    -0.494333    0.131291
0.172144    0.046522    0.023676
0.102235    0.044876    0.139741
-0.170218    0.043046    -0.032421
0.138637    -0.494822    -0.009423
0.097322    -0.484482    -0.052602
0.10786    -0.494475    -0.086513
0.073358    -0.492278    0.1266
0.073412    -0.484797    -0.083225
0.024238    -0.482926    -0.102898
-0.00635    -0.488004    -0.119536
-0.052661    -0.492039    -0.119666
-0.074722    -0.492641    -0.108935
-0.096799    -0.485547    -0.056497
-0.116153    -0.488472    -0.029672
-0.1336    -0.494075    0.018769
-0.106836    -0.487177    0.04305
-0.102178    -0.490428    0.070781
-0.070745    -0.489867    0.100436
-0.063022    -0.49381    0.118503
-0.007487    -0.484705    0.108336
0.012426    0.036265    -0.177263
-0.169803    0.047053    -0.029395
0.11643    -0.487053    -0.010518
0.118008    -0.487816    0.014011
0.091292    -0.484098    -0.05958
0.122317    -0.492266    0.047361
0.07396    -0.482669    0.073417
0.068217    -0.488643    0.098984
0.041641    -0.480806    -0.085102
-0.018526    -0.483179    -0.104457
-0.061997    -0.481123    -0.077885
-0.095225    -0.48337    -0.044741
-0.109396    -0.485252    -0.013514
-0.111662    -0.487455    0.032884
-0.100256    -0.487044    0.057274
-0.031382    -0.48173    0.095082
0.03277    -0.49487    0.134352
0.01759    -0.494207    0.139006
0.076354    0.048383    0.155353
0.093675    -0.480755    -0.016631
0.089229    -0.480947    -0.027082
0.062463    -0.481729    -0.05718
0.07289    -0.485318    0.083869
0.049802    -0.493461    0.12382
0.049633    -0.482252    -0.060571
-0.024852    -0.480772    -0.09167
-0.060639    -0.481478    -0.061519
-0.083263    -0.481682    -0.001577
-0.060717    -0.481    0.066651
0.012497    -0.482758    0.102191
0.094853    0.042388    -0.148531
-0.139567    0.048181    -0.102518
0.084638    -0.481543    0.013823
0.074901    -0.480943    0.053531
0.036397    -0.479789    -0.05328
0.027833    -0.481716    -0.064644
0.011608    -0.475516    -0.049476
-0.053956    -0.48201    -0.059693
-0.070858    -0.482637    0.011954
-0.037339    -0.481688    0.073417
0.130556    0.043498    -0.117761
-0.166493    0.049712    0.046797
0.049312    -0.475388    -0.009835
0.058198    -0.47953    -0.025204
0.059763    -0.482318    -0.040785
0.029675    -0.482016    0.073348
-0.015749    -0.482047    -0.069759
-0.024783    -0.478987    -0.055957
-0.033397    -0.473746    -0.028597
-0.054506    -0.479564    -0.030098
-0.039479    -0.472534    -0.002998
-0.043321    -0.474649    0.014748
-0.044204    -0.476312    0.02574
-0.022708    -0.473821    0.036832
-0.026452    -0.479388    0.054572
0.174817    0.051904    -0.004427
-0.074451    0.050135    0.155194
0.028271    -0.468664    0.004328
0.018769    -0.465875    0.005713
0.016013    -0.467533    0.018094
0.008788    -0.465499    0.01517
0.015139    -0.481781    0.067237
-0.014537    0.046149    -0.173484
0.156254    0.054165    0.076018
-0.073388    0.052011    -0.158008
-0.135891    0.053305    0.105623
0.032921    0.05453    0.169752
0.12833    0.05183    -0.120051
-0.036073    0.056243    -0.171003
-0.17067    0.056609    -0.024261
-0.088711    0.058612    0.148452
0.126981    0.060307    0.1174
0.171026    0.061001    -0.029211
-0.077761    0.059347    -0.155603
-0.158782    0.060197    -0.066421
0.173666    0.062325    -0.0025
0.035889    0.062787    0.167987
-0.055694    0.0634    0.161631
-0.014281    0.064549    0.169926
0.164841    0.06399    -0.052248
-0.058811    0.065691    -0.161029
0.115025    0.065657    -0.128353
-0.085437    0.066929    -0.148905
0.07286    0.068478    0.152864
-0.167195    0.06848    0.021737
0.078909    0.11335    0.105377
0.060689    0.128618    0.102748
0.067958    0.13055    0.095357
0.081593    0.07558    0.143132
0.051009    0.106383    0.127404
0.057636    0.107786    0.123533
0.074337    0.081535    0.140863
-0.081984    0.068711    -0.150335
0.13375    0.110965    0.01588
0.159322    0.07898    0.027907
0.134001    0.108751    0.02675
0.131236    0.094082    0.070826
0.085874    0.156675    0.04227
0.135363    0.093717    0.062153
0.095642    0.139514    0.056208
0.085661    0.136022    0.07346
0.117221    0.089427    0.097165
0.114934    0.105486    0.078237
0.118242    0.129535    -0.014786
0.144898    0.099925    -0.002052
0.16418    0.074866    -0.020519
0.072253    0.136227    0.086219
0.071122    0.147912    0.07476
-0.00052    0.0767    0.163169
-0.001476    0.089175    0.152647
0.015388    0.093144    0.147375
-0.031391    0.118134    0.123494
-0.028149    0.102453    0.137414
-0.020482    0.14574    0.101504
-0.018759    0.076804    0.1608
-0.080564    0.077897    0.140207
-0.065288    0.078633    0.146202
-0.049165    0.110128    0.124144
-0.115896    0.075031    0.116184
-0.09188    0.101821    0.106331
-0.066472    0.139381    0.08592
-0.089048    0.105924    0.104147
-0.105393    0.111371    0.080109
-0.119294    0.090277    0.091353
-0.13532    0.079491    0.085006
-0.135141    0.104028    0.03529
-0.132899    0.093163    0.066233
-0.152764    0.080492    0.044943
-0.111946    0.135151    0.011599
-0.155037    0.084345    0.013377
-0.117062    0.129273    0.010643
-0.153334    0.084084    0.03055
-0.118118    0.125448    -0.028246
-0.100834    0.14578    -0.027393
-0.142917    0.09832    -0.017888
-0.148751    0.073972    -0.071416
-0.091638    0.148358    -0.044817
-0.105079    0.126071    -0.061188
-0.133872    0.069736    -0.102761
0.033218    0.136218    0.107242
-0.076723    0.107822    -0.113515
-0.089746    0.078613    -0.134642
-0.080474    0.116377    -0.101751
0.028259    0.069986    -0.167366
-0.042754    0.086195    -0.15028
-0.043534    0.09183    -0.144849
-0.041686    0.149568    -0.093065
0.158443    0.084183    0.004273
0.090352    0.164231    0.001223
0.133185    0.10662    0.03985
0.078799    0.152792    0.059295
0.080722    0.155907    0.052659
0.094721    0.156213    -0.021832
0.157376    0.080533    -0.038137
0.01825    0.146697    0.101424
-0.004455    0.153968    0.096882
-0.015592    0.165384    0.08542
-0.036695    0.161636    0.081996
-0.049997    0.17277    0.062897
-0.076694    0.141994    0.074928
-0.09247    0.144284    0.050673
-0.101196    0.13079    0.058091
-0.104043    0.133168    0.047028
-0.105889    0.140832    0.022451
-0.082519    0.170404    0.006156
-0.091624    0.159925    -0.008204
-0.092569    0.149167    -0.040976
-0.134809    0.102082    -0.043883
-0.062142    0.172944    -0.05267
-0.105698    0.116571    -0.074619
-0.133259    0.078467    -0.091812
-0.117433    0.089135    -0.097156
-0.108821    0.109708    -0.080023
-0.045348    0.16758    -0.07378
-0.079677    0.124681    -0.093603
0.005161    0.073748    -0.167655
0.021089    0.128059    -0.118734
0.03496    0.099327    -0.141241
0.065062    0.108901    -0.120982
0.079634    0.089747    -0.132314
0.086895    0.074017    -0.143677
0.083254    0.105262    -0.112738
0.095582    0.093949    -0.115154
0.066573    0.129921    -0.099338
0.116378    0.077503    -0.11637
0.134574    0.082535    -0.085845
0.125391    0.090142    -0.087445
0.117062    0.100434    -0.084058
0.140438    0.087081    -0.067255
0.106426    0.138913    -0.033751
0.143879    0.095416    -0.039122
-0.034938    0.094552    -0.145728
-0.011211    0.132643    -0.115933
-0.012073    0.079276    -0.161308
-0.020707    0.163553    -0.088531
-0.026345    0.17495    -0.075993
0.070212    0.175208    0.03592
0.013963    0.14229    -0.107624
0.004759    0.120646    -0.127553
0.037422    0.11621    -0.126306
0.076782    0.136226    -0.084355
0.101431    0.104996    -0.098514
0.108805    0.122807    -0.063332
0.096667    0.146036    -0.042128
0.098276    0.144301    -0.042048
-0.000417    0.165318    -0.089301
-0.003706    0.15271    -0.099675
0.026729    0.175467    0.071529
0.061758    0.175208    -0.050512
0.066013    0.181189    0.029557
0.076024    0.175233    -0.020523
0.017562    0.195331    0.056507
-0.023396    0.181122    0.067039
-0.04339    0.196911    0.0372
-0.073483    0.179013    -0.000906
-0.03955    0.201292    -0.037606
0.009774    0.197466    0.056147
0.03436    0.175208    -0.071617
0.047809    0.205953    0.017259
0.050115    0.206552    -0.008526
-0.039644    0.204688    0.030846
-0.046865    0.206268    -0.01688
-0.018098    0.188446    -0.06403
0.024574    0.191437    -0.059354
0.053579    0.189302    -0.038736
-0.042519    0.209361    -0.02478
0.033988    0.201069    -0.044368
-0.029385    0.210442    -0.041283
0.035613    0.248747    -0.030996
-0.011744    0.249985    0.043476
-0.029583    0.249137    -0.035473
-0.015894    0.279276    -0.015934
0.016584    0.279017    -0.02053
0.032018    0.277045    0.020849
-0.013608    0.261451    0.042733
-0.002866    0.264491    0.044818
-0.005829    0.26862    -0.046326
0.021709    0.279202    0.009133
-0.023022    0.277958    -0.02369
0.009616    0.278844    0.023978
0.031829    0.276131    0.0281
-0.034034    0.260929    -0.030741
0.032434    0.264159    0.03266
-0.047744    0.236819    -0.005892
0.037546    0.222853    -0.036723
0.048835    0.213534    -0.017838
-0.038947    0.231239    0.030789
-0.039994    0.234318    -0.031324
-0.026806    0.237276    0.03765
0.049721    0.213633    0.014149
0.034785    0.22825    0.037183
-0.004027    0.236024    -0.050654
-0.047169    0.232331    0.015945
-0.048691    0.22998    -0.013639
-0.061403    0.243402    0.008702
-0.071029    0.312202    0.011379
-0.003372    0.331631    0.007196
0.058588    0.298128    0.010345
0.063927    0.296182    0.012853
-0.068373    0.229524    0.007197
-0.079038    0.314834    0.010587
-0.025376    0.326564    0.012853
0.031256    0.330849    0.010707
0.060782    0.280836    0.007197
0.068242    0.280382    0.009312
0.008066    0.244245    0.043754
0.014765    0.243372    -0.042555
0.0395    0.258047    0.01965
-0.000758    0.255903    -0.044752
-0.034132    0.257786    0.025248
