0.110394    -0.624342    -0.010339
0.108396    -0.634118    -0.025505
0.11162    -0.623939    0.001489
0.110277    -0.596028    -0.011224
0.102304    -0.63783    -0.042389
0.109635    -0.649498    0.016565
0.109809    -0.600125    0.015247
0.109811    -0.616926    0.015225
0.11072    -0.601342    0.008327
0.109607    -0.586594    -0.016311
0.101848    -0.636424    -0.043491
-0.109679    -0.648557    0.01605
-0.109291    -0.646738    -0.018534
0.103027    -0.630519    0.041112
0.105455    -0.565907    0.035249
0.107836    -0.581442    0.029501
0.109032    -0.484028    0.02114
0.111594    -0.474711    0.001693
0.11034    -0.330055    0.011213
0.111463    -0.351551    0.002685
0.109504    -0.504352    0.017559
0.111611    -0.382703    0.001557
0.11134    -0.34288    0.003616
0.111247    -0.542588    0.004322
0.109492    -0.488044    0.017653
0.111289    -0.540513    0.004007
0.108548    -0.55043    -0.02435
0.108798    -0.327577    -0.022452
0.108209    -0.205477    -0.026924
0.108046    -0.362713    -0.028166
0.110789    -0.472251    -0.00734
0.10803    -0.206899    -0.028282
0.108708    -0.279414    -0.023141
0.108956    -0.25727    -0.021255
0.108643    -0.304839    -0.023631
0.10886    -0.340123    -0.021984
0.109172    -0.307713    -0.019613
0.104257    -0.584841    -0.037674
0.094021    -0.655701    -0.059289
-0.111108    -0.617894    0.005203
-0.109701    -0.634635    -0.01542
-0.107122    -0.634692    -0.030701
0.097876    -0.646333    0.05355
0.097967    -0.612764    0.05333
0.101154    -0.412099    0.045634
0.103531    -0.459841    0.039894
0.104689    -0.414587    0.037098
0.1074    -0.417478    0.030552
0.107677    -0.559093    0.029884
0.106688    -0.481341    0.032271
0.106824    -0.429366    0.031943
0.105854    -0.220374    0.034285
0.107683    -0.472614    0.02987
0.100586    -0.511063    0.047005
0.10066    -0.44176    0.046826
0.108075    -0.145687    0.028408
0.108653    -0.171533    0.024018
0.108992    -0.422011    0.021449
0.109195    -0.413063    0.019908
0.108263    -0.422679    0.026981
0.108732    -0.414101    0.023424
0.110396    -0.253975    0.01079
0.109754    -0.136406    0.015658
0.108193    -0.3935    0.027514
0.108577    -0.477961    0.024599
0.111441    -0.442183    -0.002388
0.110295    -0.165401    -0.011087
0.110264    -0.219577    -0.011324
0.110746    -0.156682    -0.007666
0.110502    -0.206803    -0.009515
0.108218    -0.156581    -0.026857
0.111111    -0.278939    -0.004896
0.109915    -0.182369    -0.013971
0.110247    -0.312229    -0.011456
0.110138    -0.23823    -0.01228
0.109507    -0.239942    -0.017068
0.103849    -0.232759    -0.038659
0.100994    -0.212347    -0.045553
0.106943    -0.472761    -0.031189
0.103351    -0.2345    -0.039862
0.106196    -0.160652    -0.032994
0.104257    -0.14076    -0.037674
0.10656    -0.140227    -0.032114
0.10792    -0.285564    -0.028829
0.107122    -0.131954    -0.030757
0.10266    -0.190613    -0.041531
0.098994    -0.563346    -0.050383
0.082468    -0.61755    -0.074345
-0.099425    -0.627505    -0.049285
-0.102588    -0.644556    0.042115
-0.109532    -0.594743    0.01717
-0.110552    -0.606269    0.00942
-0.108482    -0.614811    -0.024681
-0.097158    -0.58195    -0.054758
0.096595    -0.625912    0.056402
0.096524    -0.583363    0.056494
0.092017    -0.581845    0.062367
0.102732    -0.191363    0.041824
0.099247    -0.316345    0.050238
0.101986    -0.192538    0.043625
0.097517    -0.182882    0.054416
0.105159    -0.185601    0.035963
0.099758    -0.206763    0.049005
0.100443    -0.42092    0.047349
0.100883    -0.274162    0.046287
0.103031    -0.221042    0.041103
0.097166    -0.150193    0.055263
0.110537    -0.12002    0.009715
0.109659    -0.115227    0.016386
0.109217    -0.099534    -0.019277
0.106435    -0.510892    -0.032415
0.105817    -0.482034    -0.033909
0.097928    -0.189082    -0.052956
0.098013    -0.326516    -0.052751
0.103068    -0.444708    -0.040545
0.102347    -0.522038    -0.042287
0.097662    -0.343291    -0.053599
0.099943    -0.497679    -0.048091
0.097289    -0.537914    -0.0545
0.10115    -0.395519    -0.045177
0.105596    -0.120197    -0.034441
0.099542    -0.090981    -0.049059
0.096497    -0.564963    -0.056062
0.06198    -0.581724    -0.091899
-0.091028    -0.643941    -0.063159
-0.100672    -0.617421    0.04674
-0.111469    -0.60711    -0.001994
-0.109156    -0.575592    0.020027
-0.107955    -0.604931    0.029147
-0.106009    -0.575345    -0.033389
-0.093475    -0.577578    -0.05997
0.085975    -0.640962    0.07024
0.08337    -0.59971    0.073635
0.082461    -0.592408    0.074819
0.094593    -0.551853    0.05901
0.086815    -0.535629    0.069145
0.094747    -0.423786    0.058809
0.092321    -0.350486    0.06197
0.092473    -0.334133    0.061773
0.091966    -0.540168    0.062433
0.089934    -0.460401    0.065082
0.095454    -0.297891    0.057889
0.095478    -0.286718    0.057857
0.089488    -0.532253    0.065663
0.101957    -0.131013    0.043695
0.102935    -0.113986    0.041333
0.109525    -0.086024    0.017404
0.111552    -0.119869    -0.001542
0.106015    -0.10658    -0.03343
0.101668    -0.091683    -0.043925
0.094778    -0.200604    -0.058303
0.096734    -0.456599    -0.055753
0.093781    -0.324441    -0.059601
0.095434    -0.430058    -0.057448
0.093066    -0.277513    -0.060533
0.085604    -0.156175    -0.070259
0.094497    -0.452435    -0.058669
0.09568    -0.507394    -0.057127
0.087769    -0.306788    -0.067437
0.091663    -0.425289    -0.062363
0.090233    -0.084167    -0.064225
0.084472    -0.085867    -0.071734
0.084014    -0.599579    -0.072331
0.062015    -0.56754    -0.091872
0.067593    -0.649115    -0.087592
0.059416    -0.644278    -0.093867
0.06756    -0.627635    -0.087618
-0.082513    -0.627433    -0.074255
-0.088346    -0.60784    -0.066654
-0.094887    -0.639705    0.058596
-0.105715    -0.613021    0.034565
-0.11164    -0.417151    -0.000695
-0.111342    -0.370515    -0.002958
-0.11059    -0.303844    -0.008666
-0.110992    -0.388605    -0.005614
-0.111392    -0.176412    -0.002577
-0.110909    -0.531043    -0.006243
-0.111356    -0.453227    -0.002851
-0.111669    -0.316837    -0.000471
-0.11057    -0.476248    -0.008821
-0.111592    -0.420838    -0.001056
-0.110727    -0.302033    -0.00763
-0.108729    -0.467996    0.023269
-0.108782    -0.300472    0.022867
-0.111244    -0.545658    0.004167
-0.109932    -0.474494    0.014135
-0.111258    -0.550842    0.00406
-0.110605    -0.472583    0.009021
-0.110033    -0.389972    0.013363
-0.108764    -0.558545    0.023
-0.110045    -0.36995    0.013275
-0.108141    -0.371744    0.027731
-0.099944    -0.44824    -0.04803
-0.105935    -0.239736    -0.033567
-0.104248    -0.368345    -0.037641
-0.105565    -0.443695    -0.034459
-0.107039    -0.281672    -0.030902
-0.101171    -0.537477    -0.045068
-0.103024    -0.32765    -0.040595
-0.105717    -0.410162    -0.034093
-0.097808    -0.55299    -0.053189
-0.105451    -0.3103    -0.034736
-0.104436    -0.445653    -0.037187
-0.091209    -0.465428    -0.062923
-0.084244    -0.507192    -0.072
-0.082204    -0.543239    -0.074658
-0.085735    -0.474437    -0.070056
-0.085929    -0.551771    -0.069803
-0.088957    -0.503952    -0.065857
-0.094868    -0.514907    -0.058154
-0.096743    -0.438742    -0.055711
-0.084702    -0.46771    -0.071403
-0.095902    -0.264737    -0.056807
0.067946    -0.641759    0.087786
0.067791    -0.630073    0.087905
0.067261    -0.613392    0.088312
0.081262    -0.378529    0.076382
0.080881    -0.348841    0.076879
0.080517    -0.436841    0.077353
0.08619    -0.271676    0.06996
0.085216    -0.294047    0.07123
0.083442    -0.369061    0.07354
0.093941    -0.194068    0.05986
0.081639    -0.368021    0.07589
0.082618    -0.275316    0.074615
0.087004    -0.167012    0.068899
0.106142    -0.079187    0.033591
0.111325    -0.073791    0.003349
0.080628    -0.231493    -0.076744
0.081572    -0.20435    -0.075513
0.080503    -0.435989    -0.076907
0.080358    -0.185441    -0.077095
0.080775    -0.494593    -0.076552
0.095323    -0.544    -0.057592
0.082467    -0.407746    -0.074347
0.08226    -0.487943    -0.074617
0.080308    -0.518895    -0.077161
0.084416    -0.394919    -0.071807
0.090402    -0.127367    -0.064006
0.079611    -0.089809    -0.078069
0.076852    -0.452284    -0.080488
0.074779    -0.216983    -0.082079
0.057654    -0.560744    -0.095219
0.076195    -0.194616    -0.080992
0.064199    -0.533227    -0.090197
0.068358    -0.53296    -0.087006
0.07759    -0.203676    -0.079922
0.073468    -0.556466    -0.083085
0.067706    -0.441197    -0.087506
0.072413    -0.418009    -0.083894
-0.080072    -0.630793    0.077901
-0.102026    -0.57605    0.043471
-0.098406    -0.568046    0.052211
-0.107996    -0.215556    -0.028371
-0.109442    -0.354305    -0.017384
-0.107978    -0.376781    -0.028506
-0.10852    -0.33173    -0.024387
-0.110532    -0.169222    -0.00911
-0.107988    -0.480711    -0.028431
-0.109451    -0.324939    -0.017321
-0.10876    -0.172827    -0.022565
-0.108265    -0.374207    -0.026325
-0.108115    -0.491318    -0.027465
-0.108726    -0.210316    0.023292
-0.109918    -0.321037    0.014236
-0.110686    -0.277338    0.008406
-0.110754    -0.178877    0.007889
-0.110908    -0.452238    0.006719
-0.110916    -0.404415    0.006654
-0.111066    -0.305111    0.005522
-0.111524    -0.426857    0.002043
-0.111198    -0.137092    0.004513
-0.11043    -0.202859    0.01035
-0.110905    -0.18726    0.006742
-0.106956    -0.216055    0.031568
-0.099549    -0.179797    0.049451
-0.105408    -0.438267    0.035306
-0.104899    -0.431364    0.036536
-0.106537    -0.248708    0.032581
-0.107523    -0.524596    0.030201
-0.107129    -0.470694    0.031152
-0.107591    -0.404042    0.030035
-0.09941    -0.164337    0.049788
-0.105885    -0.300707    0.034154
-0.101755    -0.206415    -0.043659
-0.101408    -0.239226    -0.044497
-0.097878    -0.266638    -0.053019
-0.103813    -0.195669    -0.03869
-0.103604    -0.290137    -0.039195
-0.103468    -0.200421    -0.039522
-0.104235    -0.188174    -0.037671
-0.0992    -0.194379    -0.049826
-0.101191    -0.21256    -0.04502
-0.099775    -0.215189    -0.048439
-0.106187    -0.141704    -0.032959
-0.086733    -0.257978    -0.068757
-0.079955    -0.392759    -0.07759
-0.080748    -0.44881    -0.076556
-0.089083    -0.222969    -0.065693
-0.082204    -0.477753    -0.074659
-0.087276    -0.1682    -0.068048
-0.082    -0.406546    -0.074924
-0.092491    -0.176709    -0.061252
-0.087277    -0.340132    -0.068047
-0.091959    -0.135163    -0.061945
0.058737    -0.626229    0.094852
0.056528    -0.630384    0.096547
0.085082    -0.123832    0.071404
0.095808    -0.129109    0.057427
0.078544    -0.44547    0.079654
0.07299    -0.206947    0.083916
0.064351    -0.16845    0.090544
0.076591    -0.440008    0.081152
0.076813    -0.295829    0.080982
0.068823    -0.145779    0.087113
0.059993    -0.181927    0.093888
0.074551    -0.219236    0.082718
0.067635    -0.274389    0.088024
0.074093    -0.363218    0.083069
0.109618    -0.06837    0.013775
0.074522    -0.120513    -0.082276
0.072323    -0.073348    -0.083865
0.062031    -0.350665    -0.09186
0.058258    -0.416312    -0.094755
0.070888    -0.205317    -0.085065
0.0648    -0.35445    -0.089736
0.05636    -0.516784    -0.096212
0.066793    -0.278244    -0.088206
0.071517    -0.270385    -0.084582
0.06759    -0.232901    -0.087595
0.060178    -0.343491    -0.093282
0.058843    -0.486504    -0.094306
0.048089    -0.582141    -0.0998
0.035821    -0.582149    -0.104881
-0.063653    -0.625476    -0.090598
-0.076847    -0.590794    -0.080474
-0.068221    -0.641397    -0.087093
-0.057899    -0.625062    0.095477
-0.089604    -0.586506    0.06548
-0.100701    -0.515094    0.046671
-0.099582    -0.464508    0.049372
-0.101601    -0.320797    0.044499
-0.098997    -0.523007    0.050784
-0.096807    -0.445242    0.056071
-0.104788    -0.44296    0.036804
-0.098598    -0.314042    0.051747
-0.100246    -0.548814    0.04777
-0.102566    -0.36369    0.042167
-0.102177    -0.391997    0.043107
-0.098477    -0.475926    0.05204
-0.110221    -0.130932    -0.011474
-0.111451    -0.129026    0.002592
-0.097358    -0.091856    0.054741
-0.10101    -0.121973    0.045923
-0.107172    -0.093213    -0.030581
-0.093398    -0.128435    -0.060069
-0.065182    -0.169411    -0.089424
-0.077984    -0.303554    -0.079601
-0.069346    -0.327454    -0.086229
-0.072741    -0.436643    -0.083624
-0.070713    -0.198355    -0.08518
-0.07172    -0.291425    -0.084408
-0.067457    -0.338907    -0.087679
-0.07097    -0.408681    -0.084983
-0.06417    -0.137012    -0.090201
-0.070219    -0.149596    -0.08556
-0.05917    -0.146978    -0.094038
0.058334    -0.242318    0.095161
0.061695    -0.324769    0.092582
0.064046    -0.491009    0.090778
0.067413    -0.47884    0.088194
0.05927    -0.504197    0.094443
0.058973    -0.414545    0.09467
0.066315    -0.46133    0.089037
0.059654    -0.481952    0.094148
0.060339    -0.250977    0.093622
0.073124    -0.500803    0.083813
0.084016    -0.090315    0.072792
0.094907    -0.077854    0.058601
0.06134    -0.098374    0.092855
0.110338    -0.067049    -0.006833
0.062138    -0.092743    -0.091778
0.062089    -0.06915    -0.091394
0.041951    -0.502204    -0.102342
0.038105    -0.495449    -0.103935
0.055127    -0.192225    -0.096885
0.054825    -0.247409    -0.09701
0.048207    -0.290173    -0.099751
0.053996    -0.251192    -0.097354
0.053795    -0.184826    -0.097437
0.054997    -0.2451    -0.096939
0.049249    -0.502143    -0.09932
0.05146    -0.325233    -0.098404
0.045178    -0.641387    -0.101006
0.030651    -0.619715    -0.107022
-0.063993    -0.604974    -0.090337
-0.068924    -0.625076    0.087017
-0.057801    -0.575683    0.095552
-0.081765    -0.564685    0.075695
-0.05904    -0.568296    0.094601
-0.073348    -0.568787    0.083622
-0.094678    -0.14337    0.058869
-0.088855    -0.288542    0.066456
-0.095061    -0.302456    0.05837
-0.095136    -0.212409    0.058272
-0.089215    -0.234482    0.065987
-0.087629    -0.324105    0.068054
-0.088443    -0.265823    0.066992
-0.094874    -0.469843    0.058613
-0.090287    -0.156808    0.064591
-0.095072    -0.318575    0.058354
-0.092856    -0.195621    0.061242
-0.10948    -0.092223    -0.017102
-0.111215    -0.086214    0.00439
-0.111425    -0.115607    0.002792
-0.104656    -0.102088    0.037123
-0.095497    -0.119836    0.057801
-0.097096    -0.124309    -0.054906
-0.103369    -0.079754    -0.039763
-0.084141    -0.082933    -0.072135
-0.074173    -0.532832    -0.082526
-0.058175    -0.447837    -0.094801
-0.062193    -0.524936    -0.091718
-0.056591    -0.497813    -0.096017
-0.064693    -0.51479    -0.0898
-0.071465    -0.505156    -0.084603
-0.067406    -0.470494    -0.087718
-0.056043    -0.382326    -0.096437
-0.058563    -0.189352    -0.094503
-0.068152    -0.540026    -0.087146
-0.072069    -0.543224    -0.08414
-0.058989    -0.119449    -0.094177
-0.042886    -0.650489    0.102411
0.043207    -0.645645    0.102287
0.052977    -0.580695    0.09824
0.039725    -0.236483    0.10373
0.054872    -0.47269    0.097455
0.050753    -0.444662    0.099161
0.033118    -0.182304    0.106467
0.052356    -0.241704    0.098498
0.043503    -0.194177    0.102165
0.039072    -0.20627    0.104
0.054948    -0.139825    0.097423
0.045034    -0.307112    0.101531
0.044539    -0.141651    0.101736
0.050484    -0.140367    0.099273
0.069651    -0.101983    0.086477
0.04496    -0.078148    0.101561
0.055025    -0.108699    0.097392
0.084588    -0.062759    -0.069657
0.046482    -0.125746    -0.100466
0.040427    -0.315068    -0.102973
0.032736    -0.323885    -0.106159
0.038935    -0.354873    -0.103591
0.036636    -0.300287    -0.104544
0.034331    -0.304021    -0.105498
0.046017    -0.141994    -0.100658
0.034793    -0.38999    -0.105307
0.029831    -0.198666    -0.107362
0.045128    -0.168742    -0.101027
0.039169    -0.203594    -0.103495
0.030824    -0.148616    -0.106951
-0.042912    -0.649212    -0.101935
-0.055363    -0.646513    -0.096778
-0.063501    -0.591914    -0.090714
-0.054108    -0.562171    0.097762
-0.055789    -0.59379    0.097066
-0.047607    -0.580626    0.100455
-0.082783    -0.349311    0.074368
-0.081992    -0.395203    0.075399
-0.079537    -0.438809    0.078598
-0.083089    -0.41682    0.07397
-0.085282    -0.550103    0.071112
-0.081352    -0.212672    0.076234
-0.07981    -0.485714    0.078242
-0.092768    -0.549794    0.061358
-0.088142    -0.456532    0.067385
-0.091013    -0.49172    0.063644
-0.073526    -0.426667    0.083486
-0.077342    -0.556634    0.080558
-0.075773    -0.424885    0.081762
-0.068206    -0.45773    0.087568
-0.075091    -0.243651    0.082285
-0.076026    -0.250862    0.081567
-0.076863    -0.375915    0.080925
-0.071833    -0.321243    0.084785
-0.074711    -0.560184    0.082576
-0.076642    -0.553965    0.081095
-0.069013    -0.395047    0.086949
-0.080045    -0.091814    0.077937
-0.106088    -0.074579    0.033659
-0.076331    -0.079662    -0.08087
-0.043899    -0.313899    -0.101526
-0.033269    -0.16391    -0.105928
-0.040781    -0.131699    -0.102817
-0.042521    -0.290746    -0.102097
-0.055057    -0.514752    -0.096905
-0.054375    -0.336075    -0.097187
-0.04635    -0.275117    -0.100511
-0.045853    -0.213936    -0.100717
-0.038265    -0.21124    -0.10386
-0.050248    -0.332764    -0.098896
-0.049722    -0.153412    -0.099114
-0.045516    -0.078064    -0.100856
-0.034801    -0.616627    0.10576
-0.035002    -0.593955    0.105677
0.046604    -0.588382    0.10088
0.036745    -0.609101    0.104965
0.032533    -0.399986    0.106709
0.029015    -0.429753    0.108167
0.03169    -0.299382    0.107059
0.037771    -0.384436    0.10454
0.035646    -0.333973    0.10542
0.043121    -0.485052    0.102323
0.034059    -0.251303    0.106077
0.051817    -0.551835    0.098721
0.037104    -0.426416    0.104816
0.030248    -0.227344    0.107656
0.03624    -0.119163    0.105174
0.043607    -0.118354    0.102122
0.108223    -0.059969    0.014519
0.040477    -0.090715    -0.102953
0.034243    -0.084462    -0.105535
0.018798    -0.346611    -0.109067
0.024765    -0.429045    -0.108281
0.01498    -0.299896    -0.10957
0.027216    -0.290611    -0.107958
0.028835    -0.420573    -0.107745
0.02849    -0.271357    -0.10779
0.010599    -0.156024    -0.110147
0.006131    -0.188546    -0.110735
0.01711    -0.238696    -0.109289
0.022159    -0.368823    -0.108624
0.020574    -0.598932    -0.108833
0.027871    -0.606693    -0.107872
0.012102    -0.587668    -0.109949
0.002086    -0.592676    -0.111268
0.011132    -0.645473    -0.110076
-0.005533    -0.648423    -0.110811
-0.005605    -0.582585    -0.110801
-0.038014    -0.621438    -0.103963
-0.039828    -0.39028    0.103678
-0.030111    -0.555513    0.107703
-0.048328    -0.489472    0.100157
-0.049096    -0.528793    0.099838
-0.055306    -0.322182    0.097266
-0.049007    -0.499192    0.099875
-0.048796    -0.531097    0.099963
-0.047524    -0.324932    0.10049
-0.051115    -0.271164    0.099002
-0.045802    -0.413743    0.101203
-0.043676    -0.427894    0.102084
-0.069724    -0.264909    0.086403
-0.057425    -0.352722    0.095841
-0.063949    -0.220296    0.090835
-0.062745    -0.225647    0.091758
-0.060452    -0.179039    0.093518
-0.064478    -0.369162    0.090429
-0.073249    -0.179472    0.083699
-0.056379    -0.148859    0.096643
-0.072328    -0.228844    0.084405
-0.056126    -0.191708    0.096837
-0.065117    -0.11695    0.089938
-0.07042    -0.122304    0.08587
-0.097722    -0.069863    -0.052638
-0.049518    -0.524786    -0.099199
-0.046028    -0.449709    -0.100644
-0.035585    -0.527872    -0.104969
-0.04104    -0.375551    -0.10271
-0.042826    -0.4084    -0.10197
-0.04811    -0.556479    -0.099782
-0.036405    -0.394821    -0.10463
-0.029539    -0.209465    -0.107473
-0.042606    -0.454185    -0.102062
-0.029384    -0.421547    -0.107538
-0.036701    -0.112855    -0.104507
-0.029278    -0.078316    -0.107582
-0.012155    -0.648423    0.110404
0.022273    -0.628927    0.109075
-0.019823    -0.62222    0.109395
-0.027578    -0.624384    0.108374
0.021747    -0.36668    0.109145
0.024728    -0.137856    0.108752
0.021608    -0.216505    0.109163
0.018763    -0.354493    0.109537
0.02633    -0.361353    0.108541
0.023906    -0.375522    0.10886
0.021416    -0.242035    0.109188
0.021795    -0.295033    0.109138
0.016724    -0.335909    0.109806
0.006939    -0.226473    0.111093
0.027735    -0.492391    0.108357
0.024512    -0.092878    0.108781
0.037302    -0.067657    0.104273
0.091446    -0.055539    -0.058092
0.01976    -0.122044    -0.10894
0.007963    -0.468183    -0.110494
0.015056    -0.471663    -0.109559
0.014215    -0.52059    -0.10967
0.002608    -0.372147    -0.111199
0.005691    -0.447692    -0.110793
0.019829    -0.496995    -0.108931
0.003774    -0.328896    -0.111045
0.000277    -0.55819    -0.111506
0.016018    -0.552406    -0.109433
0.000752    -0.363488    -0.111443
0.003275    -0.35066    -0.111111
-0.023152    -0.625933    -0.10849
-0.022746    -0.616447    -0.108544
-0.033471    -0.564159    -0.105845
-0.031664    -0.468704    0.10706
-0.037738    -0.408495    0.104544
-0.03648    -0.364036    0.105065
-0.029065    -0.351865    0.108137
-0.032815    -0.413466    0.106583
-0.029444    -0.183653    0.10798
-0.03463    -0.142209    0.105831
-0.029498    -0.236701    0.107957
-0.03069    -0.518431    0.107463
-0.038186    -0.345132    0.104358
-0.030611    -0.408869    0.107496
-0.067573    -0.08738    0.088054
-0.100907    -0.066266    0.044518
-0.011949    -0.531584    -0.109966
-0.026709    -0.313102    -0.108022
-0.027056    -0.297444    -0.107976
-0.021746    -0.525318    -0.108676
-0.023287    -0.319911    -0.108472
-0.028286    -0.167877    -0.107814
-0.017209    -0.472883    -0.109273
-0.015363    -0.390969    -0.109516
-0.020093    -0.421197    -0.108893
-0.008105    -0.078913    -0.110472
-0.00964    -0.628036    0.110735
-0.004886    -0.59024    0.111361
0.011735    -0.618437    0.110462
-0.012343    -0.535295    0.110379
-0.02059    -0.45129    0.109294
-0.009544    -0.529886    0.110748
-0.025399    -0.493902    0.108661
-0.024135    -0.324072    0.108827
-0.02752    -0.355509    0.108382
-0.011016    -0.555465    0.110554
-0.026373    -0.252764    0.108533
-0.027214    -0.292162    0.108422
-0.019089    -0.401205    0.109491
-0.012056    -0.532855    0.110417
0.006144    -0.365111    0.111198
0.010232    -0.491288    0.11066
0.017115    -0.468226    0.109754
0.001715    -0.320006    0.111781
0.001201    -0.528444    0.111848
0.002048    -0.330503    0.111737
0.010494    -0.459734    0.110625
0.015868    -0.52285    0.109918
0.009551    -0.466768    0.11075
0.011617    -0.558164    0.110478
0.005724    -0.101725    0.111253
0.015666    -0.07082    0.10971
0.104683    -0.053036    -0.027104
0.014621    -0.082989    -0.109617
0.002922    -0.095371    -0.111158
-0.000682    -0.45592    -0.11145
-0.000169    -0.416638    -0.111517
-0.045135    -0.107032    0.101479
-0.037152    -0.116773    0.104786
-0.051596    -0.068839    0.098421
-0.010692    -0.13592    -0.110131
-0.010669    -0.258747    -0.110134
-0.019159    -0.183031    -0.109016
-0.007872    -0.333821    -0.110503
-0.005734    -0.355601    -0.110784
-0.001639    -0.248    -0.111324
-0.023516    -0.170818    -0.108442
-0.008552    -0.463514    -0.110413
-0.011391    -0.281266    -0.110039
-0.018397    -0.153503    -0.109117
-0.022298    -0.16342    -0.108603
-0.003153    -0.082004    -0.111124
0.003197    -0.625309    0.111586
0.016197    -0.589335    0.109875
0.012316    -0.576351    0.110386
-0.007686    -0.408607    0.110992
-0.013294    -0.27904    0.110254
-5.3e-05    -0.256805    0.111997
-0.019522    -0.136619    0.109434
-0.022108    -0.178808    0.109094
-0.001028    -0.195683    0.111868
-0.005758    -0.142257    0.111246
-0.007819    -0.250197    0.110975
-0.023057    -0.173099    0.108969
-0.012838    -0.13924    0.110314
-0.008421    -0.105722    0.110895
-0.005128    -0.110852    0.111329
0.104231    -0.051031    0.025626
0.028012    -0.066976    -0.107326
-0.038935    -0.087109    0.104048
-0.099525    -0.059882    0.045097
-0.055818    -0.064714    -0.095509
-0.024344    -0.129612    0.1088
0.021189    -0.062579    0.108007
0.10344    -0.045687    0.016091
0.010301    -0.061068    -0.10874
-0.051796    -0.062892    0.097472
0.017372    -0.061129    0.108284
0.102033    -0.041993    0.013848
0.027981    -0.06009    -0.106207
-0.044596    -0.06249    0.100387
0.012006    -0.05852    0.10838
0.099915    -0.039795    0.021371
-0.104527    -0.051773    -0.02472
-0.09408    -0.050257    -0.050568
-0.026715    -0.056992    0.106056
0.100482    -0.037783    -0.007758
-0.103488    -0.042127    -0.002618
-0.096701    -0.04562    -0.039568
-0.005822    -0.057587    0.108957
0.089409    -0.033914    -0.04091
-0.103396    -0.043721    0.009361
-0.069702    -0.045074    -0.077784
0.062186    -0.04378    0.083288
0.072392    -0.030242    -0.062735
-0.082226    -0.038827    0.059383
-0.027442    -0.04089    -0.099257
0.048087    -0.040034    0.090662
0.033357    -0.037314    -0.094611
-0.049957    -0.046864    0.093349
0.003006    -0.042485    0.103878
0.08935    -0.023682    0.013934
0.02274    -0.0359    -0.097208
-0.094349    -0.034384    -0.029789
-0.008967    -0.042231    0.102974
0.08124    -0.021422    -0.03378
-0.096051    -0.029705    0.001274
-0.061783    -0.030924    -0.073651
0.027671    -0.029773    0.092063
0.073824    -0.021771    -0.048817
-0.085617    -0.027626    0.038408
-0.029944    -0.030043    -0.090851
0.068876    -0.020634    0.053817
0.056395    -0.017949    -0.062816
-0.086024    -0.02577    0.033295
-0.060673    -0.026836    -0.070487
0.026193    -0.026288    0.089598
0.067189    -0.015884    -0.046577
-0.078545    -0.020262    0.03759
-0.047569    -0.020177    -0.072648
0.050628    -0.015212    0.063442
0.043306    -0.013488    -0.065641
-0.083052    -0.020093    0.026257
-0.039937    -0.023542    -0.080889
0.038993    -0.015914    0.072656
0.037444    -0.013222    -0.068923
-0.075291    -0.018419    0.040356
-0.034034    -0.017614    -0.07651
0.071393    -0.009795    0.016194
0.012206    -0.009616    -0.071309
-0.061303    -0.014816    0.052514
0.006038    -0.011582    0.075849
0.069376    -0.008162    -0.007837
-0.071652    -0.014268    -0.035251
-0.042786    -0.013117    -0.065319
-0.009123    -0.00861    -0.06983
-0.042421    -0.011212    0.062459
0.037294    -0.005377    -0.052668
-0.063725    -0.010355    0.038548
0.049865    -0.004136    -0.037855
-0.058185    -0.008299    0.039505
0.002202    -0.003052    -0.061124
0.005525    -0.002701    0.060681
-0.032156    -0.00546    0.057065
-0.059998    -0.00457    -0.020528
0.025158    -0.00011    -0.051609
-0.018182    -0.001468    0.056705
0.030814    0.002934    0.045295
-0.03054    -0.000406    0.049683
-0.033989    8.2e-05    -0.045931
-0.01198    0.0037    -0.052509
0.026821    0.006262    -0.044482
-0.008223    0.008182    0.050047
0.03875    0.011575    0.029341
0.046574    0.013092    -0.011283
-0.044111    0.006404    0.027653
-0.044706    0.009133    -0.022014
-0.044445    0.01129    0.019937
-0.047176    0.012831    0.00789
-0.046419    0.013627    -0.010457
-0.046209    0.017304    -0.000368
-0.043803    0.018132    0.013675
-0.038678    0.022936    0.022552
0.042385    0.031891    -0.009396
0.043634    0.071648    0.000256
0.039093    0.035052    -0.018445
0.040029    0.035045    0.016648
0.02186    0.064215    0.037985
-0.02497    0.030178    0.035702
0.004853    0.038274    -0.042757
0.042685    0.049638    0.007463
0.041636    0.068839    -0.012302
0.037243    0.075081    0.022764
0.018372    0.073698    0.039443
-0.000704    0.074947    0.043764
-0.028816    0.042297    0.03263
0.014763    0.061959    -0.040475
-0.042828    0.030553    0.006794
0.042852    0.088975    0.006197
0.038832    0.100741    -0.019075
0.030913    0.109319    -0.030548
0.032226    0.086382    0.029302
0.012269    0.136907    0.041972
0.004461    0.090611    0.043272
-0.011893    0.036662    0.042118
-0.035057    0.037408    0.025582
0.018783    0.092124    -0.038809
0.008682    0.12666    -0.042253
-0.036776    0.043155    -0.022878
-0.042292    0.036491    -0.009803
-0.040549    0.033288    0.015336
0.042998    0.143014    0.005086
0.039489    0.122737    -0.017489
0.033931    0.11909    -0.026616
0.032654    0.143021    0.028744
0.02542    0.13263    0.035254
0.001107    0.139293    0.043714
-0.01557    0.134723    0.040594
-0.019117    0.097786    0.039125
-0.036496    0.070715    0.023706
0.018665    0.13312    -0.038859
0.006575    0.131789    -0.042531
-0.024197    0.07613    -0.035711
-0.03866    0.069097    -0.019434
-0.039672    0.074966    0.017453
-0.022416    0.095705    0.037541
-0.031577    0.137917    0.030116
-0.029115    0.082283    -0.031937
-0.035634    0.113767    -0.024365
-0.043218    0.092798    -0.002768
-0.042196    0.126547    0.010996
-0.010114    0.112336    -0.042061
-0.018656    0.109092    -0.038852
-0.028098    0.10589    -0.032717
-0.038044    0.101107    -0.020921
-0.042692    0.114859    -0.006764
-0.041649    0.121231    0.012678
-0.007169    -0.657238    -0.008539
-0.028787    -0.657238    -0.000886
0.102921    -0.657238    -0.026492
0.014168    -0.657238    -0.013115
0.027516    -0.657238    -0.008198
-0.024652    -0.657238    0.008221
0.078814    -0.657238    0.001043
-0.091449    -0.657238    0.024817
-0.077852    -0.657238    0.015054
-0.039729    -0.657238    0.016888
0.014069    -0.657238    0.008964
-0.090888    -0.657238    -0.020949
-0.058197    -0.657238    -0.019283
-0.011474    -0.657238    -0.017629
-0.069331    -0.657238    -0.009544
-0.064763    -0.657238    -0.028187
0.020671    -0.657238    -0.031295
-0.024981    -0.657238    -0.0365
-0.063115    -0.657238    -0.029666
-0.072341    -0.657238    -0.031213
-0.061948    -0.657238    -0.033868
0.080507    -0.657238    0.012973
0.004754    -0.657238    0.028711
0.040812    -0.657238    0.014797
0.091344    -0.657238    0.01402
-0.064215    -0.657238    0.027569
0.077951    -0.657238    -0.053179
0.042247    -0.657238    -0.055285
0.018522    -0.657238    -0.046453
-0.055576    -0.657238    -0.0493
-0.04214    -0.657238    0.033446
0.00242    -0.657238    0.032472
0.042263    -0.657238    0.029836
-0.043647    -0.657238    0.030816
-0.032695    -0.657238    0.036105
-0.001467    -0.657238    -0.065821
-0.045405    -0.657238    -0.06035
0.042689    -0.657238    -0.063917
0.066995    -0.657238    -0.058414
0.023379    -0.657238    0.056031
-0.035258    -0.657238    0.048396
-0.013231    -0.657238    0.048813
0.085871    -0.657238    0.046725
-0.083177    -0.657238    -0.068
-0.068202    -0.657238    -0.070319
-0.051092    -0.657238    -0.063629
-0.042524    -0.657238    0.063904
-0.077965    -0.657238    0.07437
-0.015574    -0.657238    0.065131
-0.031667    -0.657238    0.065194
0.030104    -0.657238    -0.07975
0.006872    -0.657238    -0.081695
0.035255    -0.657238    0.071288
0.001379    -0.657238    0.076971
-0.032068    -0.657238    0.075789
-0.057803    -0.657238    -0.087191
0.036846    -0.657238    -0.096187
-0.057462    -0.657238    0.080725
0.046685    -0.657238    0.082656
-0.024567    -0.657238    0.095519
-0.015466    -0.657238    0.093551
0.029682    -0.657238    -0.105678
-0.025205    -0.657238    0.097289
0.006361    -0.657238    -0.106958
-0.005105    -0.657238    0.109162
-0.001785    0.212235    -0.044822
0.029421    0.241206    0.034348
0.01729    0.260306    0.039215
-0.030997    0.260306    0.028415
-0.028708    0.260306    0.029823
0.042561    0.152565    0.008405
0.038013    0.155874    -0.021056
0.036593    0.147117    -0.023148
0.031819    0.148501    0.029831
0.025657    0.159666    0.035072
0.007071    0.153146    0.042929
-0.0218    0.154695    0.038013
0.026568    0.163355    -0.03391
0.007824    0.166678    -0.042366
0.043426    0.205182    0.001838
0.041963    0.190291    -0.011513
0.036076    0.187618    -0.023821
0.034712    0.183229    0.026063
0.020057    0.196929    0.038745
0.008968    0.211407    0.042679
-0.015635    0.20345    0.040567
-0.02353    0.203303    0.036686
0.022475    0.160863    -0.037051
0.00573    0.198809    -0.042642
-0.003294    0.187212    -0.04296
-0.014531    0.15921    -0.040561
-0.027876    0.151458    -0.032888
-0.041601    0.195168    -0.012328
-0.042793    0.155375    -0.005996
-0.040719    0.151414    0.014924
-0.036428    0.163437    0.023795
-0.018693    0.204873    -0.038837
-0.03286    0.18953    -0.02798
-0.038321    0.192891    -0.020251
-0.043076    0.184536    0.004311
0.045396    0.220926    0.009844
0.032725    0.220622    0.033428
0.031681    0.215569    -0.033765
0.033269    0.215527    -0.032402
-0.015992    0.229811    0.043666
0.004016    0.226378    -0.04589
0.046446    0.233679    -0.0014
0.019199    0.237397    0.042347
-0.03275    0.221528    0.033391
0.007133    0.240628    -0.04548
-0.045194    0.225065    -0.010731
0.045836    0.235961    -0.006035
-0.035422    0.240737    0.030029
-0.046445    0.225766    -0.001223
0.026107    0.243911    0.034727
0.023637    0.241925    -0.036159
0.038251    0.243574    0.020943
0.0145    0.257013    0.041048
-0.034687    0.251546    0.026064
0.006568    0.254849    -0.042531
0.04198    0.258844    0.011936
-0.031809    0.245423    0.029813
-0.031558    0.255636    -0.029677
0.005948    0.214289    0.036733
-0.002933    0.279314    0.037128
-0.041193    0.253181    -0.013315
0.010114    0.260203    -0.035592
0.030972    0.260954    0.020606
0.036446    0.276384    0.00668
0.036415    0.243886    -0.006455
0.031986    0.245427    -0.018819
0.001637    0.207977    0.037302
-0.020935    0.266292    0.030751
-0.032147    0.191679    0.019041
-0.012826    0.199524    0.034924
-0.036902    0.246082    0.003035
0.025276    0.288912    -0.026974
0.008909    0.268154    -0.035879
0.000317    0.229701    -0.037009
-0.017452    0.254601    -0.032544
0.033318    0.284838    0.016419
0.036727    0.287463    -0.004077
0.032436    0.243169    -0.018082
0.016782    0.2913    0.030466
-0.026788    0.274046    0.026026
-0.016596    0.182819    0.033097
-0.037051    0.21202    -0.001443
-0.035267    0.192228    -0.011189
-0.003601    0.281056    -0.036574
-0.022631    0.280157    -0.028986
-0.02843    0.226342    -0.023421
0.020976    0.2913    0.021927
0.022475    0.182819    0.017325
0.033262    0.2913    -0.000756
0.03052    0.2913    -0.010257
0.026959    0.2913    -0.025313
-0.002127    0.182819    0.02632
0.01636    0.2913    0.009279
0.027623    0.2913    -0.008964
-0.031423    0.193527    -0.019519
-0.001855    0.2913    -0.024766
0.009142    0.188304    0.036312
-0.013363    0.232311    0.034701
0.024029    0.257878    0.028395
0.037073    0.205589    -0.00145
0.002662    0.209202    0.037166
-0.01904    0.234135    0.032205
-0.01847    0.197084    0.032586
-0.036479    0.221369    -0.005786
0.003949    0.256223    -0.036531
0.029145    0.195301    0.022986
0.036398    0.210813    -0.006583
0.014748    0.182819    0.031853
-0.036036    0.205535    0.009613
-0.034816    0.202453    -0.012277
-0.00946    0.184552    -0.035803
-0.004926    0.182819    0.020088
0.023074    0.182819    -0.000674
0.001422    0.182819    0.016018
0.012818    0.182819    -0.01811
