-0.007902    0.317104    -0.047608
-0.014077    0.334199    -0.037861
-0.020573    0.333658    -0.035958
-0.00363    0.306061    -0.040202
0.023219    0.325666    -0.040015
-0.034753    0.32574    -0.030038
0.018089    0.340041    -0.024601
-0.033699    0.33199    -0.027266
0.018196    0.306841    -0.03758
0.033571    0.329411    -0.029632
0.023254    0.308317    -0.037919
-0.028755    0.340236    -0.005118
-0.009419    0.291034    -0.04078
-0.038021    0.335615    -0.005892
0.029837    0.340099    0.004187
-0.039669    0.29236    -0.011676
0.034761    0.305035    -0.01683
0.021227    0.287209    -0.037481
-0.02187    0.340695    0.014192
0.039503    0.333693    0.011893
-0.04836    0.314729    0.002188
0.045936    0.326233    0.001189
0.044161    0.327442    0.011681
-0.037318    0.294741    -0.006476
0.047289    0.317809    0.010321
0.040368    0.327906    0.020548
0.016687    0.27447    -0.040393
-0.021118    0.336379    0.030986
0.000347    0.343203    0.008623
0.040267    0.291191    -0.011533
-0.030926    0.270118    -0.024949
0.007051    0.335233    0.038386
0.04201    0.287082    -0.008712
-0.03981    0.273017    -0.014405
0.042264    0.287422    0.006041
-0.012421    0.260626    -0.036251
0.043803    0.284385    -0.002845
-0.045363    0.281848    0.000469
0.032742    0.293595    0.022049
-0.005205    0.243652    -0.038794
-0.025027    0.235153    -0.0307
-0.029054    0.302812    0.024302
0.026213    0.298637    0.027588
-0.003513    0.22751    -0.040304
0.01801    0.227624    -0.036273
0.031405    0.267856    -0.023437
-0.040896    0.2841    0.016083
-0.003628    0.310196    0.047428
-0.005418    0.204003    -0.042834
0.007793    0.202023    -0.042755
-0.026534    0.195713    -0.035284
0.030118    0.243678    -0.025045
-0.031742    0.286712    0.029092
0.007339    0.309414    0.045573
-0.014569    0.164783    -0.048508
0.015475    0.171909    -0.046399
0.03619    0.251378    -0.013845
0.02589    0.211114    -0.033503
-0.038613    0.272687    0.016457
-0.036619    0.1864    -0.027069
-0.000349    0.186315    -0.045898
0.006035    0.152555    -0.052803
-0.032321    0.159421    -0.040233
0.039274    0.240259    -0.002942
0.028863    0.227818    -0.028719
-0.017578    0.294417    0.034125
-0.039586    0.207264    -0.016253
0.019607    0.278487    0.042398
-0.020933    0.139193    -0.053612
0.015913    0.141679    -0.054776
0.033103    0.245993    0.020953
0.042056    0.206615    0.008976
0.043582    0.179688    -0.017705
-0.041736    0.208786    -0.009458
-0.021684    0.278319    0.041627
0.013405    0.284928    0.041569
-0.030224    0.130071    -0.053126
0.02698    0.143876    -0.049381
0.026628    0.260207    0.027802
0.044428    0.194337    0.001996
0.04628    0.181841    -0.005153
0.048039    0.152029    -0.02319
0.035702    0.142779    -0.043595
-0.039559    0.238047    0.00167
-0.049364    0.157183    -0.016965
0.013238    0.268189    0.037013
-0.009012    0.105021    -0.069473
0.004218    0.091199    -0.075774
0.023675    0.097484    -0.069338
0.022875    0.207876    0.036294
0.028098    0.19283    0.034511
0.04239    0.189119    0.015044
0.052682    0.139259    -0.023121
0.039844    0.140183    -0.041531
-0.039069    0.233157    0.007824
-0.010391    0.274899    0.043134
-0.0585    0.080613    -0.055146
-0.01288    0.073362    -0.081951
-0.037301    0.082873    -0.070126
0.01728    0.075162    -0.080633
0.032179    0.094495    -0.067132
-0.055386    0.081353    -0.057937
0.037173    0.171291    0.031927
0.044879    0.176598    0.016388
0.056917    0.138549    0.010199
0.054992    0.123975    -0.031144
0.061671    0.127867    0.001959
-0.047759    0.177819    -0.000846
-0.040579    0.209375    0.013207
-0.055881    0.126741    -0.026536
-0.064141    0.074284    -0.052024
-0.005658    0.058934    -0.086911
-0.003461    0.068951    -0.084431
-0.025444    0.05321    -0.085226
-0.032688    0.033716    -0.088009
0.016985    0.071348    -0.081988
0.031922    0.038988    -0.086762
0.036075    0.059612    -0.078923
-0.052095    0.023977    -0.081647
0.014255    0.168084    0.047834
0.020107    0.156515    0.048224
0.04122    0.147763    0.036009
0.059051    0.105962    -0.037493
0.070129    0.098163    -0.021046
0.074825    0.089432    0.016933
0.050214    0.091327    -0.056792
-0.049688    0.168929    0.001501
-0.03021    0.230533    0.026441
-0.060194    0.109319    -0.033172
-0.070034    0.036905    -0.061409
-0.063305    0.052512    -0.063151
-0.004425    -0.006233    -0.105091
-0.016945    0.020522    -0.096045
-0.042037    0.033442    -0.084218
-0.040977    0.054801    -0.07832
0.017627    0.029645    -0.093433
0.017435    0.021573    -0.09569
0.047202    0.009186    -0.089275
0.032064    -0.006882    -0.100313
-0.058891    -0.006289    -0.086889
-0.067022    0.005409    -0.076609
0.012129    0.161837    0.049896
0.018372    0.147964    0.05144
0.038671    0.146042    0.039917
0.059514    0.073583    -0.058521
0.065521    0.098488    -0.031823
0.069875    0.101269    -0.017649
0.080345    0.078604    0.008742
0.079681    0.075562    0.022005
0.045394    0.060403    -0.074204
0.046236    0.049127    -0.077454
-0.051575    0.157175    0.007408
-0.032654    0.207355    0.02772
-0.000714    0.244393    0.039347
-0.073863    0.086996    -0.023899
-0.082966    0.009602    -0.056849
-0.080186    0.014439    -0.058294
0.005336    0.179673    0.046747
-0.073639    -0.009766    -0.073723
0.031169    0.122307    0.055596
0.05688    0.098605    0.045237
0.043724    0.111987    0.051181
0.069023    0.050545    -0.056585
0.084391    0.012137    -0.053851
0.088069    0.037988    -0.029484
0.083876    0.049974    -0.03102
0.094265    0.031563    -0.007284
0.087233    0.057934    0.005318
0.082897    0.068171    0.016751
0.085225    0.024373    0.046102
0.067654    0.008315    -0.07512
0.070006    -0.005977    -0.078254
-0.067452    0.109317    -0.010977
-0.052519    0.151101    0.010862
-0.037446    0.187477    0.025595
-0.017257    0.197564    0.0404
-0.084127    0.027284    -0.046666
-0.081027    0.05088    -0.03725
-0.007549    0.178004    0.046834
0.027287    -0.008639    -0.101438
0.028905    0.114301    0.059769
0.002835    0.112548    0.067199
0.045423    0.110714    0.05053
0.02953    0.076291    0.076243
0.066318    0.052403    0.059273
0.077188    0.009637    -0.064363
0.080375    -0.004123    -0.066405
0.092331    -0.000691    -0.046898
0.087246    0.022182    -0.042792
0.098627    0.010362    -0.018671
0.099535    0.003777    -0.025602
0.103848    -0.005101    0.011488
0.086374    0.063567    1.2e-05
0.088272    0.033223    0.032407
0.101536    -0.004304    0.027264
0.081624    0.002022    0.062012
0.073333    0.058962    0.047178
-0.075983    0.088803    -0.010101
-0.058613    0.133815    0.009665
-0.005703    0.214771    0.041523
-0.028933    0.167474    0.040552
-0.097133    -0.001868    -0.036149
-0.089975    0.033456    -0.028129
-0.011554    0.161327    0.050087
-0.017482    -0.01747    -0.098726
-0.034369    -0.015727    -0.093863
-0.055    -0.053193    -0.09162
-0.061636    -0.046019    -0.085008
0.003007    -0.045407    -0.105369
0.039407    -0.028087    -0.094025
0.055215    -0.055273    -0.091896
0.052826    -0.038663    -0.090209
0.013791    0.090117    0.074958
-0.006253    0.090041    0.075982
0.056525    0.039724    0.072808
0.035082    0.065335    0.077636
0.024303    0.071963    0.080135
0.061381    -0.00086    0.083104
0.061248    0.045558    0.067168
0.102568    -0.009899    -0.011692
0.077164    -0.011673    -0.066811
-0.084498    0.063105    -0.015234
-0.072006    0.099639    0.006541
-0.046759    0.147802    0.028769
-0.024369    0.170605    0.043031
-0.076917    -0.046049    -0.072189
-0.022607    -0.071274    -0.107175
-0.004428    -0.0707    -0.109471
-0.044305    -0.067009    -0.099079
-0.065848    -0.044262    -0.081404
-0.073779    -0.064153    -0.079533
0.017688    -0.057417    -0.105473
0.047323    -0.028028    -0.090735
0.0494    -0.048271    -0.093559
0.064617    -0.06787    -0.087351
-0.021717    0.144387    0.051373
0.004247    0.064664    0.085514
-0.011236    0.087064    0.076547
0.043701    0.031684    0.084051
0.038051    0.003088    0.094875
0.020896    -0.004346    0.102401
0.019261    0.008131    0.099166
0.090287    -0.010304    -0.050954
0.087891    -0.024229    -0.051861
0.083128    -0.029765    -0.059598
-0.102808    -0.006616    -0.022566
-0.098661    0.011564    -0.015892
-0.067321    0.107599    0.017321
-0.049543    0.12817    0.036123
-0.0842    -0.067614    -0.068652
-0.08992    -0.035695    -0.052384
-0.026776    -0.080546    -0.107444
-0.029275    -0.092231    -0.107784
-0.056934    -0.119282    -0.098179
-0.065431    -0.079607    -0.088393
0.001467    -0.109005    -0.11265
0.043336    -0.081794    -0.101222
0.079531    -0.038013    -0.066563
0.058226    -0.110443    -0.096459
0.067702    -0.077802    -0.086501
-0.007212    0.052258    0.088553
-0.001236    0.060477    0.087068
0.044285    -0.011236    0.092295
0.105073    -0.065184    -0.029034
0.101414    -0.029217    -0.012197
0.100588    -0.027938    -0.016826
0.103018    -0.038967    0.012574
0.090409    -0.022189    0.045545
0.082501    -0.033882    0.061551
0.073509    -0.01681    0.068555
0.094215    -0.045205    -0.046468
-0.100423    0.010509    0.004725
-0.086004    0.062515    0.005035
-0.076747    0.079087    0.025342
-0.05373    0.109652    0.041962
-0.09585    -0.041627    -0.04095
-0.095311    -0.03891    -0.041058
-0.081417    -0.098453    -0.076544
-0.013671    -0.11321    -0.111321
-0.048236    -0.110871    -0.101248
-0.069899    -0.102981    -0.086889
0.027931    -0.080496    -0.107289
0.011867    -0.118725    -0.111921
0.05138    -0.114642    -0.100212
0.088391    -0.073828    -0.064813
0.062792    -0.116658    -0.093467
-0.015543    -0.003563    0.102889
-0.015858    -0.005771    0.103458
-0.034506    0.085052    0.070325
0.001884    -0.008625    0.10482
0.064596    -0.015209    0.076208
0.103437    -0.043039    -0.014635
0.106933    -0.071508    0.024747
0.108699    -0.063601    0.001152
0.099408    -0.066199    0.043154
0.079397    -0.072235    0.076188
0.085705    -0.035101    0.057712
0.061052    -0.05317    0.086972
0.106386    -0.104806    -0.034796
0.107771    -0.090163    -0.028955
-0.099899    0.005864    0.018458
-0.092914    0.031615    0.017436
-0.090776    0.029566    0.028981
-0.070159    0.075505    0.043365
-0.035343    0.110674    0.058285
-0.103753    -0.057275    -0.028744
-0.090189    -0.111585    -0.066521
-0.09441    -0.105108    -0.060324
-0.01603    -0.122889    -0.111548
-0.011029    -0.141016    -0.112617
-0.040441    -0.126225    -0.1053
-0.063038    -0.15541    -0.094588
-0.063881    -0.146294    -0.093683
0.002491    -0.172345    -0.114451
0.009414    -0.164    -0.11335
0.045655    -0.129057    -0.10321
0.030003    -0.173226    -0.110767
0.086868    -0.106506    -0.070303
0.104037    -0.108141    -0.041036
0.104751    -0.108258    -0.039334
0.061256    -0.172473    -0.096438
0.065374    -0.137035    -0.092275
-0.032684    0.022351    0.091383
0.032219    -0.019929    0.095518
0.03349    -0.039565    0.098564
0.020197    -0.026663    0.099928
0.04165    -0.050736    0.097217
0.048416    -0.044251    0.093235
0.1105    -0.091099    -0.008846
0.110139    -0.088111    0.010087
0.100544    -0.100744    0.048207
0.089568    -0.085249    0.064505
0.059079    -0.092827    0.094355
0.057889    -0.096879    0.095602
0.110756    -0.119153    -0.020931
-0.100817    -0.022252    -0.007762
-0.09545    -0.002867    0.040927
-0.092757    0.002096    0.043875
-0.076912    0.040929    0.050633
-0.062691    0.068464    0.056769
-0.050867    0.09291    0.05548
-0.102228    -0.091416    -0.042549
-0.081376    -0.133336    -0.079442
-0.089827    -0.150117    -0.069047
-0.002104    -0.158124    -0.11418
-0.018627    -0.180015    -0.1125
-0.040314    -0.16884    -0.106389
-0.054046    -0.16983    -0.100725
-0.067667    -0.18406    -0.091847
-0.079217    -0.153727    -0.082126
0.026065    -0.154034    -0.110932
0.019996    -0.17345    -0.112171
0.037944    -0.182435    -0.107702
0.039594    -0.193359    -0.107283
0.089959    -0.137705    -0.068417
0.087068    -0.120937    -0.071566
0.108236    -0.122264    -0.033122
0.103275    -0.14323    -0.04633
0.07304    -0.181808    -0.087661
0.077768    -0.137322    -0.082773
-0.05003    -0.00472    0.09223
-0.042907    0.010515    0.09066
0.010796    -0.065736    0.107791
-0.016033    -0.023257    0.099898
-0.021059    -0.023996    0.099362
0.033233    -0.107679    0.107237
0.111025    -0.114386    0.016507
0.104895    -0.084041    0.034854
0.092108    -0.114029    0.064282
0.076235    -0.08731    0.080737
0.070547    -0.112708    0.087192
0.050736    -0.108349    0.100034
0.114137    -0.157093    -0.002248
0.114038    -0.141057    -0.000245
-0.107973    -0.072474    -0.018093
-0.096327    -0.012766    0.031561
-0.067302    0.047492    0.060203
-0.074654    0.001288    0.071426
-0.053541    0.034611    0.076864
-0.106604    -0.116381    -0.036246
-0.096174    -0.161542    -0.061196
-0.097429    -0.131538    -0.058455
-0.014243    -0.197158    -0.114843
0.09121    -0.174367    -0.06814
0.088457    -0.161139    -0.071239
0.102939    -0.151691    -0.047637
0.108582    -0.181599    -0.035769
0.114154    -0.194696    -0.008592
0.114703    -0.188145    -0.003296
-0.045291    -0.008034    0.09447
0.016229    -0.092668    0.109631
-0.007372    -0.072786    0.109437
0.025055    -0.10352    0.109184
0.021597    -0.088219    0.108631
0.112512    -0.129523    0.00985
0.112107    -0.12597    0.012312
0.099737    -0.14903    0.05521
0.100404    -0.146883    0.053474
0.084816    -0.165971    0.076162
0.070308    -0.120856    0.088031
0.057638    -0.131509    0.098055
0.041328    -0.16359    0.105842
0.04549    -0.126265    0.10321
0.112959    -0.161999    0.012041
0.11248    -0.15876    0.015122
-0.109737    -0.086762    -0.012467
-0.099849    -0.020947    0.013429
-0.101978    -0.029018    0.007659
-0.073575    -0.007322    0.07598
-0.056337    0.007501    0.084085
-0.106539    -0.130223    -0.037685
-0.103749    -0.160782    -0.046215
-0.053634    -0.200365    -0.106088
0.099623    -0.199379    -0.063465
-0.058811    -0.014561    0.080581
-0.032498    -0.052297    0.101293
-0.002772    -0.081032    0.110636
0.011381    -0.126996    0.112253
0.003254    -0.125538    0.11329
0.103796    -0.183525    0.047436
0.107393    -0.194741    0.03941
0.096016    -0.147835    0.060898
0.090781    -0.183208    0.069025
0.073122    -0.165621    0.087139
0.064887    -0.179079    0.093839
0.045941    -0.188602    0.104539
0.054807    -0.177604    0.100599
0.017947    -0.149812    0.111906
0.021987    -0.154803    0.111487
-0.112098    -0.098726    -0.00052
-0.107775    -0.065945    0.01119
-0.107659    -0.071619    0.019375
-0.097236    -0.034053    0.034276
-0.109655    -0.192383    -0.033811
-0.1029    -0.178265    -0.04929
-0.103914    -0.19588    -0.048582
-0.022972    -0.23143    -0.113677
-0.022363    -0.218191    -0.115127
-0.042948    -0.23386    -0.107176
-0.035662    -0.217986    -0.111957
-0.055449    -0.250488    -0.100151
-0.095379    -0.202921    -0.070568
0.003346    -0.203807    -0.119119
0.058749    -0.220787    -0.102083
0.080241    -0.20951    -0.087104
0.094134    -0.212547    -0.070567
-0.056821    -0.046745    0.088856
-0.04487    -0.041514    0.094205
-0.041676    -0.045517    0.096257
-0.018641    -0.109705    0.110435
-0.005164    -0.160475    0.11383
-0.000534    -0.148958    0.114179
0.031747    -0.198974    0.11383
-0.111568    -0.130884    -0.01725
-0.111128    -0.129187    -0.020301
-0.111978    -0.09752    0.00083
-0.094791    -0.038459    0.042114
-0.091981    -0.049956    0.053635
-0.08911    -0.056384    0.059152
-0.008224    -0.234093    -0.115343
-0.073841    -0.222524    -0.090332
-0.071691    -0.253381    -0.087991
-0.099855    -0.206341    -0.064159
0.024724    -0.246498    -0.111887
0.016522    -0.22127    -0.115577
0.049806    -0.248133    -0.10275
0.064902    -0.231958    -0.095971
0.112258    -0.214127    -0.035971
0.117807    -0.201494    -0.01513
0.073011    -0.23182    -0.089767
0.077596    -0.263763    -0.082117
0.096962    -0.226464    -0.064536
0.102062    -0.223274    -0.058133
-0.074702    -0.073022    0.080704
-0.031186    -0.087069    0.106628
-0.025592    -0.12828    0.110411
-0.02066    -0.140748    0.111343
0.082985    -0.196825    0.08146
0.10295    -0.215802    0.057994
-0.113943    -0.141103    -0.000969
-0.113686    -0.173184    -0.008447
-0.109659    -0.104033    0.021699
-0.103535    -0.087184    0.038673
-0.076623    -0.032539    0.06884
-0.077305    -0.049882    0.072742
-0.104997    -0.207788    -0.0552
-0.005255    -0.255834    -0.113483
-0.036582    -0.280679    -0.104613
-0.042097    -0.293305    -0.100926
-0.063242    -0.292985    -0.089351
-0.059445    -0.259801    -0.096557
-0.084354    -0.272755    -0.073165
-0.088544    -0.233863    -0.074261
0.010412    -0.252335    -0.113167
0.003    -0.254331    -0.113936
0.034865    -0.261518    -0.107452
0.033684    -0.218051    -0.112769
0.041822    -0.278885    -0.102641
0.064827    -0.288649    -0.088696
0.115115    -0.211605    -0.027632
0.116807    -0.220337    0.007911
0.10894    -0.224455    0.041212
0.090985    -0.282667    -0.062852
0.089944    -0.259939    -0.06804
0.095903    -0.239933    -0.063646
0.106004    -0.275796    -0.034534
0.105609    -0.26851    -0.03744
-0.062939    -0.104655    0.092367
-0.039202    -0.110912    0.104993
-0.032425    -0.185552    0.110063
-0.030938    -0.19218    0.11084
0.085293    -0.21508    0.081662
0.073644    -0.206594    0.092543
0.027243    -0.219684    0.11433
0.101126    -0.219634    0.060261
-0.113273    -0.127883    0.00379
-0.113114    -0.153951    0.009478
-0.098661    -0.113536    0.054936
-0.086834    -0.075005    0.066969
-0.114963    -0.203125    -0.032389
-0.012031    -0.309396    -0.106586
-0.0172    -0.321567    -0.104296
-0.049571    -0.318071    -0.094316
-0.031486    -0.297093    -0.104785
-0.071458    -0.356634    -0.07254
-0.069121    -0.322017    -0.080055
-0.086157    -0.278731    -0.069808
-0.098737    -0.236582    -0.060517
0.024209    -0.303788    -0.105725
0.003558    -0.295914    -0.109485
0.048272    -0.335921    -0.092321
0.049647    -0.318668    -0.0942
0.068413    -0.33435    -0.07856
0.075527    -0.297072    -0.079262
0.112869    -0.243382    -0.019709
0.114562    -0.236208    0.012493
0.115389    -0.236921    0.00565
0.098729    -0.264418    0.055148
0.100853    -0.272371    0.047885
0.090754    -0.320898    -0.055418
0.089594    -0.342662    -0.052241
0.100181    -0.293167    -0.043933
0.097537    -0.286829    -0.052016
0.108846    -0.272173    -0.02764
-0.076139    -0.106667    0.082404
-0.04268    -0.188985    0.105899
-0.056101    -0.173573    0.099965
-0.028274    -0.202976    0.115923
0.076246    -0.241338    0.086053
0.076298    -0.233691    0.087002
0.0429    -0.235145    0.107054
0.054987    -0.27033    0.098139
0.025487    -0.266412    0.109725
0.021011    -0.266039    0.110353
0.032899    -0.212267    0.113737
0.0936    -0.248919    0.065133
0.083368    -0.274533    0.07415
-0.110883    -0.143851    0.024685
-0.114495    -0.192186    0.00557
-0.108668    -0.139903    0.033112
-0.107393    -0.136796    0.036009
-0.090011    -0.11858    0.067503
-0.098975    -0.271278    -0.052713
-0.118333    -0.201864    -0.010847
-0.022937    -0.354301    -0.099211
-0.020988    -0.350266    -0.100002
0.005541    -0.36528    -0.100049
0.015206    -0.351252    -0.100632
-0.032148    -0.36427    -0.094977
-0.031645    -0.312514    -0.102531
-0.054026    -0.328502    -0.090565
-0.05554    -0.343496    -0.086926
-0.078648    -0.341977    -0.066654
-0.092418    -0.302994    -0.057105
0.030273    -0.330495    -0.100547
0.059479    -0.368947    -0.079697
0.0543    -0.307107    -0.093891
0.07698    -0.365437    -0.063776
0.077781    -0.323031    -0.071867
0.109683    -0.291589    0.006015
0.114082    -0.254579    0.001696
0.105591    -0.26869    0.037436
0.085486    -0.289133    0.068929
0.080881    -0.288753    0.074994
0.092464    -0.327792    -0.050711
0.094908    -0.343416    -0.039459
0.105289    -0.300935    -0.028953
0.104138    -0.297376    -0.032952
0.107716    -0.304357    -0.008507
0.1057    -0.309027    -0.01913
-0.061051    -0.165454    0.096397
-0.068112    -0.121129    0.089724
-0.025901    -0.20839    0.115676
-0.017224    -0.221787    0.115431
0.063382    -0.250587    0.094728
0.002681    -0.225522    0.11696
0.004234    -0.247591    0.114471
0.040442    -0.293085    0.101636
0.036285    -0.252718    0.107842
-0.103705    -0.151578    0.045781
-0.100347    -0.166004    0.054735
-0.085231    -0.137153    0.074559
-0.088841    -0.1256    0.069428
-0.097636    -0.291029    -0.05065
-0.100608    -0.27855    -0.04682
-0.117222    -0.19986    0.014356
0.022161    -0.379502    -0.096574
-0.036905    -0.38425    -0.09126
-0.059886    -0.377804    -0.078473
-0.083858    -0.35711    -0.056606
-0.083942    -0.340187    -0.06014
0.041153    -0.373003    -0.090025
0.056349    -0.378485    -0.081151
0.077885    -0.374303    -0.060901
0.106783    -0.29398    0.026022
0.10549    -0.30413    0.025647
0.094392    -0.304812    0.05393
0.092197    -0.334878    0.048928
0.080271    -0.295148    0.074628
0.079227    -0.331734    0.068107
0.09468    -0.382348    -0.028861
0.098972    -0.361977    -0.017042
0.100761    -0.358496    0.006952
0.108824    -0.304094    0.00036
-0.074107    -0.147121    0.085859
-0.068946    -0.194607    0.091164
-0.042847    -0.240223    0.106511
-0.055394    -0.259561    0.099167
-0.047641    -0.263693    0.101919
-0.008434    -0.274145    0.11117
-0.008238    -0.281676    0.110416
0.07038    -0.326269    0.078386
0.062025    -0.297684    0.089522
0.022478    -0.318879    0.103957
0.023811    -0.331151    0.102158
0.049429    -0.356316    0.088947
0.05292    -0.31918    0.092772
-0.080436    -0.121013    0.080213
-0.086918    -0.16794    0.073496
-0.100804    -0.299337    -0.040328
-0.099126    -0.308032    -0.0414
-0.112458    -0.236035    -0.028609
-0.113464    -0.231581    -0.024469
-0.116832    -0.218646    0.009056
-0.017514    -0.41103    -0.095816
-0.03224    -0.385892    -0.093115
0.026106    -0.402767    -0.094869
-0.051921    -0.397501    -0.083515
-0.07488    -0.385163    -0.064047
0.058945    -0.39354    -0.078341
0.07851    -0.409696    -0.05758
0.086811    -0.390904    -0.046895
0.102412    -0.324219    0.027921
0.091626    -0.355913    0.043099
0.075377    -0.362207    0.06656
0.096612    -0.412274    -0.01105
0.098689    -0.388392    -0.00316
0.096255    -0.394545    0.019621
-0.077832    -0.269668    0.081173
-0.072837    -0.248491    0.087744
-0.061888    -0.208539    0.101312
-0.004516    -0.348147    0.10245
-0.000688    -0.306732    0.108432
0.060821    -0.349474    0.081886
0.059595    -0.321818    0.087397
0.002839    -0.323907    0.105877
0.009263    -0.331863    0.103979
0.036039    -0.336319    0.097332
0.041474    -0.356434    0.092226
-0.101295    -0.326693    -0.029769
-0.096884    -0.33572    -0.037326
-0.111244    -0.283894    -0.000206
-0.108838    -0.289158    -0.014346
-0.022253    -0.417166    -0.095703
-0.03111    -0.416755    -0.092899
0.00556    -0.436033    -0.100495
0.037077    -0.424332    -0.091545
-0.050073    -0.4182    -0.085015
-0.085345    -0.386777    -0.050296
0.08183    -0.427236    -0.056246
0.088842    -0.41401    -0.039926
0.087626    -0.375803    0.04663
0.071468    -0.376527    0.069107
0.098428    -0.428614    -0.013512
0.097138    -0.403609    0.009921
0.086506    -0.412776    0.045168
-0.03143    -0.254993    0.1096
-0.040625    -0.28867    0.102051
-0.057779    -0.275883    0.095755
-0.0637    -0.280866    0.090568
-0.01656    -0.370667    0.097886
-0.025476    -0.314808    0.1041
0.021912    -0.38809    0.096233
0.044847    -0.386939    0.087845
-0.10853    -0.201775    0.048281
-0.087196    -0.388633    -0.046223
-0.105993    -0.310435    -0.015491
-0.102885    -0.330171    -0.019273
-0.113901    -0.238137    0.015994
-0.115905    -0.229696    0.007407
-0.030237    -0.447652    -0.097819
0.022277    -0.434922    -0.098141
0.039164    -0.450776    -0.094583
-0.066964    -0.436684    -0.07523
-0.070525    -0.423101    -0.070053
0.065935    -0.435448    -0.075807
0.078892    -0.447668    -0.064652
0.097183    -0.449486    -0.032425
0.099279    -0.440859    -0.019831
0.09928    -0.423373    0.001561
0.096515    -0.422516    0.021669
0.086703    -0.41954    0.047059
-0.087686    -0.204758    0.080284
-0.086442    -0.205445    0.081789
-0.082249    -0.274864    0.075553
-0.046355    -0.341233    0.092362
-0.047265    -0.359607    0.089377
-0.067671    -0.322305    0.08112
-0.061107    -0.295256    0.090627
-0.028022    -0.350773    0.098601
-0.034184    -0.353877    0.095608
-0.017048    -0.375075    0.09744
0.059526    -0.41086    0.076954
0.002875    -0.387571    0.098762
-0.105314    -0.214295    0.052689
-0.089642    -0.398988    -0.039151
-0.10663    -0.318313    -0.002736
-0.097955    -0.366727    -0.019996
-0.109313    -0.281589    0.016687
-0.111368    -0.262682    0.01594
-0.027662    -0.475199    -0.106541
-0.034404    -0.451109    -0.096641
0.018854    -0.451488    -0.100959
0.034165    -0.452091    -0.097039
0.02994    -0.475872    -0.106044
-0.059433    -0.475888    -0.092334
-0.086008    -0.435157    -0.052576
0.058507    -0.459945    -0.087381
0.096954    -0.493197    -0.061426
0.090816    -0.451613    -0.048836
0.102594    -0.462318    -0.028287
0.108083    -0.46941    -0.00345
0.075758    -0.42287    0.063183
0.101345    -0.455934    0.025531
0.094194    -0.426124    0.031321
0.078647    -0.446034    0.064605
-0.091528    -0.245409    0.068425
-0.094354    -0.285465    0.057989
-0.080918    -0.296735    0.073442
-0.081503    -0.311347    0.069532
-0.059407    -0.360673    0.081119
-0.076099    -0.322474    0.074178
-0.077659    -0.325324    0.071531
-0.041559    -0.391347    0.089001
-0.005974    -0.404338    0.097625
0.062228    -0.424866    0.076834
0.005188    -0.412968    0.097372
0.035499    -0.41885    0.091389
-0.106948    -0.262565    0.035802
-0.093658    -0.418918    -0.030048
-0.098099    -0.384193    -0.009028
-0.10581    -0.321907    0.00536
-0.107201    -0.305265    0.011507
-0.004207    -0.502684    -0.117443
-0.050926    -0.482208    -0.099285
-0.051009    -0.474143    -0.09679
0.028514    -0.486559    -0.109659
0.048438    -0.495748    -0.104447
0.047141    -0.466197    -0.095968
-0.073485    -0.460275    -0.076005
-0.08045    -0.45912    -0.067157
-0.08207    -0.466214    -0.068331
0.076736    -0.4965    -0.086381
0.091973    -0.496494    -0.069444
0.098338    -0.476092    -0.048707
0.109402    -0.50045    -0.039937
0.115556    -0.501152    -0.015233
0.112035    -0.488566    0.014801
0.114059    -0.493018    0.009035
0.069281    -0.418213    0.070279
0.107032    -0.487388    0.036037
0.100048    -0.466977    0.037864
0.094344    -0.459303    0.045984
0.078413    -0.464174    0.072152
-0.100667    -0.241193    0.056696
-0.095605    -0.302404    0.051827
-0.093126    -0.366037    0.03601
-0.061171    -0.373672    0.077712
-0.077794    -0.375668    0.060923
-0.032772    -0.406838    0.091918
-0.050368    -0.397005    0.084734
-0.010959    -0.422923    0.097981
0.039484    -0.448873    0.094169
-0.002236    -0.441731    0.101716
-0.09653    -0.430917    -0.027389
-0.095165    -0.411498    -0.022299
-0.103563    -0.321245    0.023092
-0.099571    -0.371475    0.002951
-0.030346    -0.56548    -0.114242
-0.026795    -0.550201    -0.114709
-0.055989    -0.505882    -0.103692
-0.059054    -0.547403    -0.102423
0.012479    -0.541316    -0.116594
0.000969    -0.570572    -0.118109
0.031432    -0.513312    -0.113864
0.050756    -0.523265    -0.10586
-0.072271    -0.526396    -0.092304
-0.077322    -0.547551    -0.088428
-0.090381    -0.463017    -0.056019
0.061367    -0.513043    -0.100671
0.072969    -0.525562    -0.091768
0.091636    -0.510011    -0.073141
0.099078    -0.559459    -0.063442
0.108787    -0.507837    -0.043688
0.109374    -0.528327    -0.042273
0.116749    -0.529523    -0.011301
0.11751    -0.518149    -0.005523
0.115344    -0.520844    0.021976
0.114367    -0.50874    0.029395
0.055966    -0.473918    0.094296
0.104154    -0.549447    0.054874
0.107262    -0.522617    0.04737
0.089991    -0.491664    0.069791
0.096599    -0.481835    0.056629
0.079703    -0.493389    0.082999
-0.096246    -0.310055    0.047658
-0.09951    -0.321442    0.035878
-0.092691    -0.394561    0.032289
-0.084242    -0.412573    0.049907
-0.08632    -0.389922    0.048191
-0.029687    -0.442556    0.097295
-0.056507    -0.42903    0.081939
0.032142    -0.459093    0.100013
0.002971    -0.462209    0.106099
-0.000379    -0.501759    0.117684
-0.097614    -0.460112    -0.038684
-0.101787    -0.494803    -0.054161
-0.09791    -0.378403    0.012379
-0.004019    -0.545513    -0.117708
-0.020102    -0.554639    -0.11559
-0.036681    -0.549028    -0.11169
-0.038754    -0.525254    -0.110831
-0.067766    -0.570851    -0.09576
-0.07454    -0.560792    -0.090563
0.025018    -0.559749    -0.114943
0.030032    -0.558177    -0.114283
0.036577    -0.572319    -0.111733
0.056432    -0.530596    -0.103509
-0.091999    -0.504413    -0.072667
-0.087753    -0.534855    -0.078201
0.08358    -0.52043    -0.083626
0.080952    -0.566747    -0.085643
0.08384    -0.566454    -0.083301
0.093622    -0.558897    -0.070552
0.104947    -0.56997    -0.05296
0.102987    -0.566666    -0.057691
0.116977    -0.564419    -0.009571
0.115574    -0.560715    -0.020224
0.117495    -0.549647    0.005636
0.118039    -0.553405    0.001506
0.108598    -0.544578    0.044145
0.111583    -0.558225    0.036939
0.052105    -0.488752    0.100793
0.100192    -0.522096    0.06199
0.099757    -0.527178    0.062557
0.087857    -0.524883    0.078065
0.093978    -0.503994    0.070088
0.077127    -0.524796    0.088577
0.082493    -0.538772    0.08446
-0.096719    -0.385393    0.01911
-0.084973    -0.419385    0.050393
-0.089897    -0.423803    0.040867
-0.034517    -0.444183    0.095534
-0.070381    -0.424529    0.07052
0.02117    -0.499831    0.114399
-0.018024    -0.484743    0.110523
-0.102742    -0.464437    -0.02949
-0.105917    -0.48142    -0.034334
-0.101532    -0.438948    -0.000723
-0.019352    -0.577001    -0.115453
-0.07328    -0.578609    -0.088798
0.022255    -0.578718    -0.112989
-0.096373    -0.566544    -0.066968
-0.093581    -0.538436    -0.070606
0.05876    -0.5834    -0.092685
0.093471    -0.576947    -0.070471
0.112856    -0.580284    -0.008862
0.101762    -0.587465    0.027024
0.044504    -0.511033    0.10845
0.046682    -0.524047    0.107548
0.094381    -0.578076    0.067057
0.060333    -0.51032    0.101465
0.065242    -0.563322    0.097698
-0.098937    -0.426176    0.007096
-0.080497    -0.446141    0.062218
-0.100786    -0.44439    0.012074
-0.027698    -0.458171    0.101572
-0.042964    -0.452353    0.093475
-0.060319    -0.476355    0.09182
0.029672    -0.527004    0.11433
0.026975    -0.550494    0.114686
-0.022879    -0.516302    0.115225
-0.005814    -0.560375    0.117472
-0.105211    -0.518923    -0.052322
-0.105138    -0.517613    -0.052498
-0.107613    -0.479333    -0.028447
-0.026532    -0.587278    -0.102053
-0.075611    -0.58212    -0.081693
0.052675    -0.580651    -0.100065
-0.097628    -0.577257    -0.064443
0.08812    -0.589306    -0.053051
0.099615    -0.58996    -0.020364
0.109848    -0.580409    0.029816
0.087393    -0.585025    0.062449
0.044854    -0.556274    0.108305
0.053261    -0.592777    0.082704
0.069991    -0.582948    0.084751
-0.090017    -0.473216    0.061217
-0.108054    -0.489933    0.035446
-0.104157    -0.458777    0.010311
-0.110464    -0.47628    0.000201
-0.036113    -0.496957    0.109921
-0.067546    -0.486823    0.089994
0.023252    -0.574121    0.115176
0.00662    -0.564437    0.117365
-0.020153    -0.556757    0.115584
-0.022607    -0.544756    0.115261
-0.111285    -0.538019    -0.037658
-0.103978    -0.576432    -0.055299
-0.110773    -0.479364    -0.004513
-0.11333    -0.497198    -0.023604
-0.007971    -0.594727    -0.046148
-0.022073    -0.593022    -0.094816
-0.033125    -0.593398    -0.079189
-0.033656    -0.593464    -0.076899
-0.051555    -0.593536    -0.063525
-0.022207    -0.594943    -0.033954
0.00389    -0.59429    -0.059654
0.006762    -0.594    -0.067857
0.003869    -0.594    -0.06824
0.021541    -0.593963    -0.066045
0.015426    -0.594891    -0.039056
0.054331    -0.59371    -0.054972
0.052273    -0.593108    -0.078846
0.077684    -0.593113    -0.053517
0.058182    -0.593896    -0.041183
0.056063    -0.594078    -0.035132
0.021314    -0.595547    -0.007894
0.088156    -0.593086    -0.035479
0.093978    -0.593062    -0.019619
0.031461    -0.595229    -0.006668
0.067191    -0.594011    0.009289
0.018127    -0.595705    0.000653
0.054478    -0.5942    0.031238
0.062993    -0.594075    0.020242
0.056928    -0.593849    0.04508
0.069514    -0.593444    0.048228
0.057729    -0.593598    0.056153
0.054914    -0.593429    0.064916
0.036602    -0.594552    0.037391
0.051389    -0.581219    0.099859
-0.085261    -0.497643    0.078724
-0.111083    -0.503089    0.037822
-0.101956    -0.493647    0.052904
-0.116471    -0.501326    0.008655
-0.049201    -0.526323    0.106504
-0.054069    -0.513107    0.104487
-0.06983    -0.525656    0.094177
-0.076688    -0.505623    0.088914
0.024451    -0.579625    0.111602
-0.015976    -0.58111    0.110918
-0.11584    -0.534595    -0.018208
-0.116366    -0.520658    -0.014208
-0.051086    -0.593945    -0.048046
-0.040114    -0.594745    -0.023731
0.010467    -0.59046    0.100312
0.014753    -0.594814    0.041773
0.038325    -0.593665    0.068559
-0.101151    -0.568245    0.060741
-0.091639    -0.504789    0.073138
-0.113799    -0.51993    0.031589
-0.113825    -0.55473    0.031527
-0.117877    -0.553323    0.002738
-0.117326    -0.547555    0.006923
-0.044134    -0.566131    0.108603
-0.052706    -0.534744    0.105052
-0.0727    -0.575664    0.091975
-0.074994    -0.550124    0.090214
-0.021954    -0.58787    0.101939
-0.118232    -0.551969    -4.1e-05
-0.116278    -0.573026    -0.014878
-0.07049    -0.593673    -0.033044
-0.044736    -0.594751    -0.012474
0.005308    -0.594451    0.054691
0.010583    -0.593693    0.076448
-0.09731    -0.57475    0.065747
-0.089303    -0.5619    0.076182
-0.104631    -0.542952    0.053722
-0.104785    -0.572034    0.053351
-0.115682    -0.550819    0.019403
-0.114301    -0.528264    0.029895
-0.044112    -0.581872    0.102024
-0.064557    -0.583606    0.087925
-0.005344    -0.593168    0.092717
-0.00853    -0.593039    0.096103
-0.110145    -0.580761    -0.025063
-0.037128    -0.595049    -0.003965
-0.071434    -0.593893    -0.003692
-0.101451    -0.578528    0.055994
-0.105303    -0.584804    0.024624
-0.068704    -0.586243    0.080749
-0.037318    -0.593057    0.088303
-0.01789    -0.594445    0.05222
-0.107733    -0.584804    -0.006166
-0.018629    -0.595685    0.001456
-0.094512    -0.593106    0.005493
-0.095814    -0.587272    0.042148
-0.009721    -0.595733    0.014261
-0.023819    -0.594834    0.036749
-0.057934    -0.59312    0.074063
-0.033501    -0.595104    0.012477
-0.051617    -0.594385    0.023941
-0.055313    -0.593916    0.043951
-0.051351    -0.593939    0.047984
