-0.031632    -0.340391    -0.131654
-0.018072    -0.284163    -0.134013
-0.022641    -0.190074    -0.13437
-0.031202    -0.309952    -0.132021
-0.031967    -0.300922    -0.132012
-0.009638    -0.117498    -0.136788
-0.005813    -0.316825    -0.135294
-0.009613    -0.472196    -0.13321
-0.002337    -0.333862    -0.135578
-0.00974    -0.272608    -0.135228
-0.020678    -0.389154    -0.132599
-0.060734    -0.457598    -0.119321
-0.036037    -0.485788    -0.129243
-0.039987    -0.379319    -0.128771
-0.043283    -0.47913    -0.126314
0.017366    -0.130834    -0.135709
-0.059801    -0.173855    -0.122812
-0.056905    -0.151414    -0.124257
-0.058853    -0.189301    -0.123036
-0.051819    -0.194299    -0.125894
-0.063805    -0.366713    -0.119043
-0.021953    -0.530087    -0.13135
0.007598    -0.261909    -0.135619
0.004838    -0.288106    -0.135715
0.005476    -0.201707    -0.136512
0.009595    -0.229643    -0.135685
0.011987    -0.22063    -0.135462
-0.036554    -0.498339    -0.128925
-0.09291    -0.132824    -0.101123
-0.086356    -0.39611    -0.102789
-0.073002    -0.406578    -0.112903
-0.082889    -0.354424    -0.10598
-0.085965    -0.474297    -0.102093
-0.079955    -0.434316    -0.107214
-0.035428    -0.504667    -0.129391
0.017717    -0.421498    -0.13266
0.018801    -0.313197    -0.133621
0.023438    -0.481892    -0.131291
0.018368    -0.387422    -0.132922
0.020087    -0.376175    -0.13281
-0.078545    -0.544433    -0.107518
-0.058123    -0.117361    -0.124082
-0.082411    -0.285676    -0.107223
-0.086904    -0.253989    -0.104179
-0.094061    -0.328377    -0.09774
-0.085813    -0.310219    -0.1043
-0.093622    -0.264524    -0.098889
-0.076108    -0.501931    -0.109389
0.014286    -0.520563    -0.13236
0.062882    -0.150162    -0.121796
0.038136    -0.282098    -0.130601
0.045697    -0.168953    -0.128707
0.059725    -0.184906    -0.122723
0.04515    -0.307269    -0.127421
-0.078448    -0.555697    -0.104849
-0.025222    -0.098939    -0.133284
-0.10547    -0.202394    -0.086116
-0.10013    -0.247325    -0.092329
-0.107716    -0.272476    -0.082026
-0.102318    -0.346912    -0.087825
-0.105823    -0.33527    -0.08345
-0.096979    -0.532274    -0.092319
-0.013179    -0.585762    -0.116765
0.004265    -0.550329    -0.133679
0.053904    -0.37207    -0.123086
0.054813    -0.350764    -0.122943
0.05985    -0.303541    -0.121373
0.04176    -0.437411    -0.127401
0.065888    -0.406647    -0.117744
-0.089332    -0.579588    -0.08118
-0.026122    -0.092588    -0.13223
-0.099118    -0.118621    -0.095806
-0.112451    -0.379433    -0.074079
-0.113256    -0.235188    -0.075425
-0.107102    -0.419057    -0.080393
-0.108262    -0.36447    -0.079787
-0.11061    -0.533339    -0.074555
0.016181    -0.565915    -0.125311
0.035686    -0.50046    -0.129284
0.07388    -0.274374    -0.113913
0.078126    -0.247957    -0.110991
0.08321    -0.242951    -0.107154
0.076317    -0.320804    -0.111451
0.074649    -0.237929    -0.113787
0.10775    -0.10693    -0.083503
0.084599    -0.085281    -0.102926
-0.125142    -0.255535    -0.052197
-0.126574    -0.167347    -0.051069
-0.128836    -0.185409    -0.04513
-0.125467    -0.155827    -0.054045
-0.121508    -0.352854    -0.058399
-0.126229    -0.495321    -0.043241
0.049983    -0.529611    -0.123362
0.088523    -0.366909    -0.101498
0.083384    -0.331774    -0.105889
0.084201    -0.473138    -0.103461
0.089614    -0.428488    -0.099876
0.070398    -0.478575    -0.113983
0.10985    -0.113951    -0.081584
-0.093535    -0.102807    -0.099565
-0.127159    -0.36114    -0.04454
-0.131392    -0.32035    -0.035396
-0.13059    -0.310789    -0.037587
-0.12718    -0.430978    -0.042645
-0.127259    -0.471201    -0.041392
-0.129143    -0.535748    -0.036206
0.061525    -0.554699    -0.116707
0.097437    -0.237829    -0.095996
0.101211    -0.316553    -0.089772
0.097758    -0.312638    -0.094336
0.107206    -0.168293    -0.084419
0.097206    -0.224226    -0.096524
-0.112368    -0.576376    -0.046881
-0.014601    -0.076266    -0.130267
-0.136182    -0.123851    -0.016005
-0.134008    -0.232408    -0.022946
-0.132461    -0.359461    -0.024859
-0.133994    -0.278743    -0.019463
-0.133937    -0.218021    -0.024597
-0.134517    -0.228913    -0.019346
-0.132511    -0.509142    -0.013967
0.084392    -0.519948    -0.103032
0.111935    -0.494265    -0.072845
0.09875    -0.467233    -0.090477
0.109983    -0.451883    -0.076093
0.108373    -0.319828    -0.080383
0.113326    -0.474414    -0.071363
0.125642    -0.112996    -0.054185
-0.092062    -0.090833    -0.098613
-0.13457    -0.117664    -0.027353
-0.133704    -0.450166    -0.008396
-0.136165    -0.297627    -0.001506
-0.133341    -0.353293    -0.018655
-0.133903    -0.32646    -0.016459
-0.136637    -0.214709    -0.00434
0.091639    -0.55382    -0.095784
0.102192    -0.524274    -0.085526
0.12506    -0.248038    -0.052591
0.117347    -0.473345    -0.065263
0.121796    -0.347027    -0.057858
0.119309    -0.412384    -0.062136
0.118622    -0.419417    -0.063609
-0.130533    -0.555513    -0.012943
0.133839    -0.100504    -0.023594
0.107365    -0.070927    -0.073122
-0.133953    -0.420033    0.009089
-0.13508    -0.372374    0.00422
-0.133485    -0.351117    0.017979
-0.134748    -0.364459    0.007356
-0.134344    -0.445877    0.004123
-0.132781    -0.501261    0.012167
0.066597    -0.58467    -0.097633
0.119633    -0.516608    -0.059165
0.123618    -0.458492    -0.050516
0.128275    -0.417211    -0.040364
0.126431    -0.424543    -0.044621
0.129831    -0.310543    -0.039425
0.129328    -0.383552    -0.038711
0.134221    -0.276327    -0.017924
0.137901    -0.142461    -0.00033
0.136552    -0.159463    -0.009266
0.136913    -0.138206    -0.00817
0.134439    -0.237993    -0.019237
0.137318    -0.115442    -0.005954
-0.092705    -0.085713    -0.096818
-0.135416    -0.141467    0.01954
-0.134898    -0.180956    0.020414
-0.133641    -0.310883    0.019907
-0.134136    -0.290579    0.017723
-0.130373    -0.464921    0.03281
-0.13327    -0.108016    0.033523
-0.131625    -0.535728    0.020945
0.124582    -0.515873    -0.047217
0.12587    -0.550992    -0.043913
0.131547    -0.345293    -0.032897
0.13374    -0.383702    -0.013268
0.132619    -0.38936    -0.021348
0.132885    -0.265426    -0.028919
0.13227    -0.317637    -0.029547
0.134863    -0.291306    0.012141
0.131966    -0.45274    0.021647
0.133579    -0.335043    0.01851
0.135714    -0.238352    0.009779
0.133244    -0.448432    0.012278
0.135863    -0.09764    0.005269
0.108669    -0.066975    -0.069427
-0.119265    -0.494621    0.060322
-0.127975    -0.332741    0.04357
-0.129824    -0.385629    0.037708
-0.120258    -0.433032    0.05955
-0.122495    -0.429135    0.054254
-0.133008    -0.097235    0.026499
-0.128947    -0.539638    0.036931
0.109245    -0.579437    -0.05085
0.133793    -0.538223    -0.00423
0.136191    -0.137403    0.013967
0.131359    -0.391515    0.030997
0.130916    -0.445724    0.030166
0.132423    -0.369934    0.024589
0.136428    -0.181648    0.008741
0.132778    -0.499074    0.01219
0.130667    -0.08483    0.027829
0.112645    -0.064786    -0.061976
-0.12602    -0.208644    0.051565
-0.123604    -0.169367    0.058435
-0.122549    -0.308621    0.057305
-0.123626    -0.251813    0.056205
-0.11717    -0.472315    0.06597
-0.11908    -0.087221    -0.06165
-0.118572    -0.547314    0.061977
0.129024    -0.560065    -0.008829
0.132868    -0.524381    0.011502
0.122473    -0.131177    0.062263
0.127444    -0.287974    0.046032
0.130026    -0.434337    0.035934
0.129588    -0.406298    0.037733
0.128351    -0.367572    0.041743
0.126443    -0.514396    0.042976
0.122038    -0.092498    0.057282
0.082523    -0.046628    -0.088901
-0.112754    -0.448593    0.072788
-0.118965    -0.170655    0.069306
-0.10809    -0.311445    0.081142
-0.098714    -0.446518    0.091118
-0.116913    -0.296073    0.069899
-0.103326    -0.09198    0.086484
-0.114708    -0.522253    0.069466
0.122178    -0.571288    0.022675
-0.101602    -0.570179    0.072344
0.128898    -0.220052    0.044317
0.121114    -0.299485    0.06101
0.125279    -0.23246    0.052725
0.127075    -0.16749    0.050105
0.127975    -0.202102    0.047018
0.125128    -0.553666    0.042833
0.122652    -0.09903    0.058293
0.071284    -0.041133    -0.094342
-0.09649    -0.424842    0.094378
-0.106721    -0.253007    0.083896
-0.097293    -0.240281    0.096394
-0.101818    -0.193844    0.091268
-0.105967    -0.296005    0.084165
-0.10963    -0.121758    0.082515
-0.125596    -0.082496    0.043638
-0.09609    -0.500741    0.093729
-0.105835    -0.557815    0.0759
0.117457    -0.349746    0.068299
0.115573    -0.332782    0.071036
0.118051    -0.17717    0.070389
0.108392    -0.385058    0.079527
0.11684    -0.401199    0.068249
0.100196    -0.58675    0.06202
0.109421    -0.08589    0.076631
0.09366    -0.042449    -0.073206
-0.096364    -0.227242    0.097511
-0.08748    -0.265698    0.103839
-0.094444    -0.180706    0.099578
-0.094621    -0.28234    0.098147
-0.088156    -0.456886    0.100885
-0.086605    -0.097059    0.104197
-0.101573    -0.061175    -0.075553
-0.083034    -0.566537    0.095479
0.104283    -0.317622    0.086
0.09983    -0.170395    0.094248
0.10351    -0.359194    0.086319
0.097534    -0.446779    0.092652
0.09644    -0.402709    0.094809
0.106278    -0.521203    0.080452
0.109289    -0.109839    0.082169
-0.048839    -0.0421    -0.108217
0.123165    -0.057973    -0.025891
-0.068052    -0.472829    0.11611
-0.094503    -0.150791    0.099914
-0.08932    -0.135005    0.104092
-0.084219    -0.146706    0.107857
-0.08149    -0.234548    0.108833
-0.075383    -0.499343    0.110198
-0.114777    -0.067954    -0.059542
-0.062647    -0.577273    0.10508
0.08151    -0.240227    0.108744
0.094972    -0.211839    0.098776
0.073608    -0.135843    0.116138
0.081086    -0.206432    0.1095
0.089499    -0.390175    0.100704
0.083607    -0.518216    0.103887
0.083112    -0.116742    0.109007
-0.047529    -0.03841    -0.106821
0.12106    -0.05333    0.028187
-0.052973    -0.49072    0.122426
-0.059344    -0.24097    0.122518
-0.064197    -0.22888    0.120641
-0.061021    -0.27301    0.121474
-0.062596    -0.389841    0.119544
-0.063751    -0.510159    0.117912
-0.127554    -0.069312    -0.021746
-0.054376    -0.577241    0.109023
0.078909    -0.423295    0.108409
0.0775    -0.454608    0.109092
0.074198    -0.385738    0.112503
0.069336    -0.429464    0.115677
0.067468    -0.440474    0.11697
0.073255    -0.516475    0.111831
0.077488    -0.087587    0.10923
0.029158    -0.027469    -0.10791
0.116132    -0.042372    0.029019
-0.049246    -0.166607    0.127514
-0.040966    -0.301244    0.129471
-0.04819    -0.175748    0.127851
-0.046241    -0.313627    0.12715
-0.045676    -0.266557    0.127899
-0.043768    -0.50745    0.126188
-0.048529    -0.107215    0.127682
-0.110279    -0.066579    0.067365
0.053953    -0.210809    0.125081
0.063588    -0.224456    0.120942
0.053246    -0.175069    0.125765
0.060043    -0.148885    0.123236
0.062808    -0.423259    0.11909
0.06109    -0.516166    0.119015
0.062326    -0.559344    0.114384
-0.017922    -0.017989    -0.103376
0.114263    -0.036985    -0.02248
-0.015876    -0.361621    0.133763
-0.030809    -0.23658    0.133071
-0.027909    -0.246874    0.133348
-0.028039    -0.261616    0.13318
-0.03137    -0.423143    0.131096
-0.024537    -0.519899    0.13126
-0.007884    -0.122556    0.137427
-0.114108    -0.056468    0.05107
0.039247    -0.108469    0.131646
0.053895    -0.352867    0.123552
0.058054    -0.450084    0.120766
0.04028    -0.40634    0.128605
0.037191    -0.170033    0.132469
0.040857    -0.530641    0.127394
0.056597    -0.589886    0.10199
0.037641    -0.043082    0.113595
0.115871    -0.035438    -0.003976
-0.002619    -0.407378    0.135043
-0.011598    -0.154007    0.136442
-0.028589    -0.190107    0.133837
-0.00259    -0.219123    0.136965
-0.008662    -0.336968    0.134965
-0.002379    -0.537635    0.134179
-0.000992    -0.588572    0.117355
-0.110959    -0.045728    -0.046755
-0.08326    -0.037706    -0.082937
0.010804    -0.145601    0.136633
0.024537    -0.381321    0.132422
0.016075    -0.184637    0.135541
0.032994    -0.473514    0.130369
0.021334    -0.237048    0.134314
0.029182    -0.535708    0.130649
0.031274    -0.090939    0.13156
-0.057299    -0.027906    -0.096115
0.093067    -0.031965    0.065399
0.012447    -0.295563    0.134888
0.009399    -0.335028    0.134887
0.024418    -0.46299    0.131605
0.020341    -0.448936    0.132286
0.001514    -0.486508    0.134382
0.025155    -0.542127    0.131179
0.006634    -0.0901    0.134655
-0.045994    -0.065331    0.119636
-0.020572    -0.008547    -0.096451
0.093463    -0.025405    0.058548
-0.114037    -0.044582    0.038198
-0.000331    -0.053298    0.124824
0.107292    -0.020779    0.003977
-0.114938    -0.036968    -0.017286
-0.021596    -0.045214    0.118536
0.102912    -0.014344    0.003305
-0.112716    -0.031498    -0.011915
-0.042849    -0.033958    0.106451
0.032489    -0.021135    0.102616
-0.089782    -0.02811    0.066043
0.070839    0.000609    -0.06005
-0.106031    -0.022387    -0.021012
-0.062027    -0.007111    -0.075122
-0.105224    -0.017679    -0.003086
0.053761    0.007675    -0.07104
-0.100567    -0.012676    0.01232
0.069944    0.001519    0.060632
0.039649    0.013379    -0.077257
-0.096694    -0.007405    -0.013479
0.006649    0.003454    0.091315
0.077631    0.01218    -0.040284
-0.011616    0.020997    -0.082907
-0.071193    0.00259    0.058024
0.037293    0.012954    0.078684
0.078083    0.017212    -0.03397
0.006009    0.029525    -0.081099
-0.077319    0.012535    -0.040633
-0.018925    0.023927    0.081241
0.077784    0.024547    0.028424
0.045142    0.037822    -0.06541
0.003927    0.040814    -0.079014
-0.08391    0.015965    -0.018774
-0.065179    0.028617    0.049158
0.019987    0.036219    0.07796
-0.003015    0.205187    -0.063514
-0.016594    0.079028    -0.073482
0.018574    0.098549    -0.071402
0.030525    0.188766    -0.057591
0.026299    0.111117    -0.067107
0.042932    0.178518    -0.050061
0.040507    0.145358    -0.055784
-0.069784    0.032717    0.041484
-0.007253    0.261268    -0.057729
0.003278    0.229017    -0.061258
0.027945    0.246388    -0.052897
0.021215    0.174085    -0.062915
0.033145    0.233298    -0.051191
0.049884    0.145736    -0.048178
0.055971    0.058486    -0.053486
-0.008621    0.265296    -0.057573
-0.021695    0.12851    -0.067274
0.05261    0.222384    -0.03299
0.065147    0.076355    -0.038816
-0.010101    0.265296    -0.058712
-0.024316    0.185588    -0.06048
0.07318    0.053923    -0.025623
0.05712    0.197144    -0.029817
-0.017406    0.265296    -0.058133
-0.041934    0.144529    -0.054786
0.012819    0.269527    -0.063408
0.0526    0.264267    -0.024522
0.07    0.118662    -0.01581
0.073029    0.099961    -0.006038
0.061593    0.213552    0.012751
0.06233    0.203182    0.014492
0.064048    0.146764    0.025505
0.052125    0.162162    0.043014
0.060212    0.057183    0.048408
0.050455    0.070462    0.057124
0.038789    0.157755    0.055909
0.034195    0.054928    0.069706
0.007328    0.164744    0.066965
0.001221    0.248455    0.059969
-0.008511    0.131304    0.069925
-0.004297    0.062571    0.076886
-0.030007    0.069433    0.06999
-0.034574    0.137706    0.06127
-0.047952    0.161293    0.048467
-0.078173    0.037868    0.015158
-0.038221    0.258496    -0.044362
0.041218    0.271655    -0.052043
0.057666    0.258655    -0.010405
0.060969    0.235779    0.001756
0.064406    0.16098    0.02121
0.061947    0.171741    0.024548
0.051039    0.225689    0.034789
0.046389    0.175234    0.048043
0.031632    0.175105    0.058749
0.00943    0.230559    0.060555
0.014745    0.129018    0.069317
-0.00461    0.185311    0.065406
-0.02152    0.145246    0.065923
-0.040359    0.245814    0.044449
-0.038326    0.157282    0.056319
-0.056258    0.128692    0.042707
-0.046465    0.222488    -0.040984
-0.046962    0.211784    -0.04196
0.009235    0.27682    -0.067802
-0.046205    0.249857    0.03742
-0.057154    0.138471    0.040056
-0.048864    0.238239    -0.035467
-0.014805    0.281076    -0.064467
0.000503    0.265296    0.06117
-0.061249    0.13492    0.035123
-0.062553    0.122878    -0.034631
-0.067572    0.071787    -0.034849
-0.025138    0.280416    -0.061304
0.050667    0.272137    0.043976
-0.059528    0.230251    0.016262
-0.058673    0.199601    0.025726
-0.057287    0.250858    -0.016445
-0.073824    0.088539    -0.008087
-0.068751    0.143573    -0.007667
-0.070997    0.114895    0.01116
-0.076353    0.062172    0.007798
0.06396    0.269043    0.006537
0.031533    0.269477    0.057008
-0.070376    0.113382    -0.016693
-0.060462    0.224209    -0.013546
-0.057683    0.259782    0.009723
-0.011971    0.295651    -0.061025
0.055831    0.277352    0.039444
-0.055168    0.272427    0.038518
0.043968    0.295651    -0.050961
0.015743    0.286298    0.061403
-0.058453    0.265728    -0.019248
0.026884    0.30465    -0.063673
0.000897    0.290881    0.060841
-0.062762    0.280189    -0.022151
0.051066    0.300074    -0.048706
-0.065161    0.269519    0.000526
-0.048005    0.294599    -0.036386
0.054645    0.320224    -0.036724
-0.017827    0.295651    0.064391
-0.050602    0.295651    -0.048165
0.059571    0.311852    -0.0328
0.028591    0.295651    0.055711
-0.060498    0.291866    -0.002421
-0.020239    0.330282    -0.022074
0.023131    0.330282    -0.02334
0.054465    0.306937    0.042036
-0.047592    0.305454    0.050645
-0.018826    0.330282    0.030635
0.007221    0.330282    -0.00645
0.05656    0.323679    -0.015803
0.017287    0.315548    0.065245
-0.061372    0.295651    0.027134
0.007447    0.327735    0.04791
0.054612    0.322746    0.026762
-0.021521    0.325819    0.048658
-0.034858    0.328702    -0.029949
-0.040296    0.326737    0.031072
-0.036247    0.330282    -0.011019
-0.070024    0.295826    0.013572
-0.046579    0.32842    0.003792
-0.024614    -0.162717    -0.134389
-0.02249    -0.25687    -0.133709
-0.009702    -0.170617    -0.136272
-0.022199    -0.259145    -0.133724
-0.020958    -0.143386    -0.135067
-0.001832    -0.113784    -0.1377
-0.029552    -0.451537    -0.130795
-0.014611    -0.489937    -0.132371
-0.014257    -0.378447    -0.133554
-0.015848    -0.407444    -0.133049
-0.010718    -0.346153    -0.134349
-0.041961    -0.305382    -0.128762
-0.042832    -0.358897    -0.127816
-0.053676    -0.457145    -0.122249
-0.057001    -0.390594    -0.1216
-0.046912    -0.444737    -0.125187
-0.064376    -0.391521    -0.118535
-0.060531    -0.304504    -0.12108
-0.052949    -0.255372    -0.124758
-0.040256    -0.13893    -0.131289
-0.06728    -0.471501    -0.116457
-0.027362    -0.499253    -0.130637
0.008444    -0.225075    -0.135883
0.004464    -0.35483    -0.135085
0.006795    -0.404523    -0.134271
0.0142    -0.309326    -0.134266
0.015696    -0.309922    -0.134063
-0.062105    -0.502057    -0.11834
0.03377    -0.102914    -0.132642
-0.08671    -0.426583    -0.102129
-0.071586    -0.213321    -0.116452
-0.067752    -0.453441    -0.116334
-0.077931    -0.338582    -0.109987
-0.084767    -0.471902    -0.103042
-0.04753    -0.529184    -0.124378
0.002708    -0.469884    -0.134143
0.031046    -0.487272    -0.130234
0.032551    -0.476946    -0.130141
0.020144    -0.366903    -0.132897
0.009966    -0.396515    -0.133935
-0.087167    -0.536636    -0.100903
-0.057577    -0.117714    -0.12432
-0.085677    -0.276597    -0.104833
-0.079702    -0.247931    -0.109783
-0.096988    -0.220212    -0.096871
-0.094259    -0.236382    -0.098759
-0.07613    -0.169652    -0.113521
-0.086808    -0.496762    -0.101178
0.017905    -0.50901    -0.131883
-0.061071    -0.565679    -0.111588
0.040414    -0.154584    -0.131053
0.05099    -0.194361    -0.126237
0.046799    -0.206857    -0.127837
0.039277    -0.155545    -0.131513
0.040253    -0.306065    -0.129463
0.074433    -0.109384    -0.114953
-0.098741    -0.279106    -0.093611
-0.105521    -0.217867    -0.085792
-0.102295    -0.378949    -0.087323
-0.109767    -0.26741    -0.079437
-0.109791    -0.149505    -0.081363
-0.095542    -0.517227    -0.094192
-0.009773    -0.579009    -0.120256
0.029034    -0.549056    -0.130417
0.042559    -0.41928    -0.127269
0.060113    -0.240016    -0.121959
0.067377    -0.248905    -0.118853
0.062125    -0.315215    -0.120303
0.048291    -0.466223    -0.124381
-0.088972    -0.58116    -0.080496
-0.030964    -0.092545    -0.131587
-0.100578    -0.114071    -0.093674
-0.103452    -0.399141    -0.08548
-0.110111    -0.353309    -0.077562
-0.110696    -0.467725    -0.074901
-0.113711    -0.268323    -0.074282
-0.115467    -0.298111    -0.071499
0.000868    -0.567148    -0.126773
0.048964    -0.509285    -0.123784
0.079921    -0.157227    -0.11077
0.077167    -0.357374    -0.110333
0.072149    -0.20939    -0.116069
0.079468    -0.310352    -0.109166
0.085729    -0.180476    -0.106017
0.097821    -0.10986    -0.096866
0.089708    -0.086988    -0.099447
-0.127104    -0.14998    -0.050248
-0.119139    -0.364836    -0.063804
-0.131392    -0.154861    -0.039768
-0.125008    -0.199383    -0.054002
-0.119599    -0.335394    -0.063469
-0.125597    -0.505261    -0.044768
0.050546    -0.534619    -0.123128
0.078223    -0.374286    -0.109308
0.083448    -0.308388    -0.106137
0.094446    -0.178589    -0.099352
0.078648    -0.484148    -0.107582
0.092077    -0.319254    -0.099378
0.11747    -0.120073    -0.071962
-0.085865    -0.106487    -0.10586
-0.126951    -0.349864    -0.045338
-0.122881    -0.416792    -0.053398
-0.129177    -0.334941    -0.040359
-0.13246    -0.165929    -0.036897
-0.12782    -0.409229    -0.041672
-0.12857    -0.537388    -0.037589
0.03455    -0.570563    -0.120211
0.108821    -0.256893    -0.080845
0.102737    -0.323309    -0.08767
0.10419    -0.139157    -0.088834
0.098421    -0.231204    -0.094824
0.097118    -0.425252    -0.093301
-0.117529    -0.575803    -0.035089
-0.017752    -0.077935    -0.130299
-0.135399    -0.124703    -0.021784
-0.13197    -0.37475    -0.027407
-0.135519    -0.202711    -0.013768
-0.132921    -0.322168    -0.024254
-0.131263    -0.400059    -0.030819
-0.132792    -0.288169    -0.027861
-0.131306    -0.510441    -0.023117
0.087358    -0.532067    -0.100756
0.099513    -0.46787    -0.089472
0.108324    -0.397542    -0.079157
0.116048    -0.288243    -0.070906
0.113285    -0.469697    -0.071495
0.116137    -0.464822    -0.067859
0.126071    -0.113438    -0.053184
-0.081969    -0.095147    -0.10715
-0.135928    -0.116687    -0.016801
-0.134598    -0.353732    -0.009067
-0.130819    -0.453043    -0.030085
-0.13299    -0.442439    -0.014414
-0.129949    -0.490989    -0.033761
-0.133234    -0.431549    -0.013403
0.072054    -0.56305    -0.105617
0.101033    -0.52251    -0.087036
0.121635    -0.178155    -0.062705
0.120166    -0.181425    -0.066165
0.11806    -0.307807    -0.067913
0.12256    -0.326396    -0.056559
0.11999    -0.310885    -0.063172
-0.129826    -0.559265    -0.005472
0.133916    -0.101105    -0.023681
0.111424    -0.07334    -0.068883
-0.134738    -0.433518    0.002085
-0.136619    -0.250885    0.00193
-0.131812    -0.489506    0.019977
-0.135283    -0.350916    0.004337
-0.13473    -0.348748    0.008708
-0.13385    -0.527836    0.004048
0.069618    -0.580891    -0.097442
0.121421    -0.544679    -0.054849
0.125794    -0.443289    -0.045666
0.124093    -0.359443    -0.051986
0.130684    -0.357075    -0.036138
0.129917    -0.464213    -0.03516
0.121454    -0.45266    -0.055894
0.135277    -0.400805    -0.000264
0.135028    -0.303292    -0.009711
0.134239    -0.257137    -0.019273
0.135753    -0.273104    -0.006534
0.133699    -0.166089    -0.030423
0.13714    -0.116523    -0.007557
-0.072683    -0.082044    -0.111235
-0.133197    -0.246208    0.02829
-0.131503    -0.365907    0.031888
-0.130515    -0.427184    0.03465
-0.133387    -0.229157    0.028164
-0.132049    -0.380784    0.026589
-0.13302    -0.103329    0.032264
-0.133632    -0.543276    0.005704
0.123338    -0.517366    -0.050222
0.117173    -0.556997    -0.0579
0.130862    -0.468764    -0.028548
0.132662    -0.416523    -0.018914
0.132912    -0.412008    -0.017362
0.131903    -0.301283    -0.0336
0.133875    -0.340504    -0.015582
0.135438    -0.314569    0.005974
0.133224    -0.360289    0.019253
0.13357    -0.436142    0.010751
0.133798    -0.461394    0.007064
0.133421    -0.465226    0.00963
0.135633    -0.105388    0.013798
0.099118    -0.062229    -0.079319
-0.121878    -0.386655    0.056864
-0.13127    -0.219207    0.038613
-0.128807    -0.389515    0.040061
-0.122966    -0.414398    0.053505
-0.124904    -0.321113    0.051289
-0.134349    -0.095156    -0.013738
-0.12233    -0.49904    0.052904
0.105837    -0.587292    -0.049907
0.133291    -0.533707    -0.008038
0.130345    -0.438763    0.035044
0.134221    -0.254022    0.019901
0.13424    -0.297533    0.016394
0.132339    -0.27332    0.032704
0.13592    -0.175918    0.013043
0.130859    -0.533861    0.026768
0.132723    -0.08806    0.017284
0.115248    -0.064408    -0.055369
-0.118529    -0.310962    0.066947
-0.122199    -0.301958    0.058326
-0.121602    -0.309891    0.059559
-0.129872    -0.159188    0.043573
-0.126964    -0.265172    0.047794
-0.120175    -0.100918    0.064992
-0.12051    -0.538293    0.057299
0.130427    -0.551082    -0.028914
0.13209    -0.523737    0.017416
0.128397    -0.13237    0.04788
0.125637    -0.339004    0.049048
0.118566    -0.469938    0.062663
0.124757    -0.451703    0.048196
0.127625    -0.400839    0.042616
0.129662    -0.546522    0.035204
0.129131    -0.096481    0.041677
0.085356    -0.047485    -0.087223
-0.109821    -0.312812    0.078863
-0.116053    -0.300509    0.070946
-0.101971    -0.40785    0.087516
-0.108092    -0.332255    0.080794
-0.096533    -0.49424    0.093169
-0.105126    -0.094636    0.084775
-0.115563    -0.515579    0.068352
0.124031    -0.570422    0.011563
-0.098131    -0.584545    0.066328
0.120604    -0.347569    0.060973
0.126746    -0.269234    0.048214
0.11875    -0.288516    0.067007
0.121976    -0.342106    0.057805
0.130131    -0.141585    0.04341
0.126233    -0.505298    0.043483
0.12171    -0.094196    0.058722
0.076551    -0.039964    -0.089624
-0.106408    -0.269431    0.084031
-0.103639    -0.178195    0.089155
-0.098221    -0.302196    0.094157
-0.098978    -0.330297    0.092704
-0.118062    -0.14328    0.070937
-0.099579    -0.113711    0.095208
-0.124918    -0.084186    0.04618
-0.100562    -0.522217    0.087901
-0.090557    -0.578224    0.080835
0.118356    -0.178188    0.069975
0.108696    -0.446548    0.078109
0.104149    -0.483751    0.083418
0.099509    -0.43546    0.090267
0.115344    -0.245027    0.072791
0.096765    -0.585806    0.067182
0.109142    -0.085792    0.076961
0.078765    -0.037598    -0.086359
-0.087592    -0.422354    0.101758
-0.090778    -0.421411    0.099325
-0.078781    -0.399429    0.108812
-0.08849    -0.374666    0.101676
-0.078244    -0.438305    0.108729
-0.085945    -0.098416    0.104953
-0.098318    -0.076319    0.087511
-0.077243    -0.575352    0.09496
0.112366    -0.235217    0.076834
0.101507    -0.360399    0.088908
0.114774    -0.133404    0.075386
0.113589    -0.13473    0.076909
0.099791    -0.243191    0.09309
0.107108    -0.510672    0.079371
0.115598    -0.121279    0.074712
-0.056615    -0.043222    -0.105555
0.129967    -0.068554    0.001772
-0.072939    -0.251047    0.115184
-0.087079    -0.193321    0.105069
-0.083257    -0.221371    0.107645
-0.068661    -0.280956    0.118086
-0.071485    -0.393459    0.114486
-0.068142    -0.497841    0.115755
-0.112149    -0.062707    -0.061397
-0.069576    -0.56547    0.106408
0.089615    -0.26131    0.102257
0.094523    -0.156157    0.09983
0.086693    -0.235982    0.104821
0.087131    -0.240016    0.104434
0.090581    -0.139318    0.103069
0.092524    -0.534425    0.097043
0.092977    -0.116994    0.101447
-0.039304    -0.03887    -0.110493
0.121708    -0.055828    0.030769
-0.053852    -0.395144    0.123107
-0.05496    -0.318235    0.123489
-0.05614    -0.412944    0.121965
-0.04941    -0.433958    0.124522
-0.065015    -0.237704    0.120206
-0.058471    -0.549903    0.120099
-0.129022    -0.066511    -0.003568
-0.036462    -0.588889    0.11081
0.080161    -0.482282    0.106697
0.08094    -0.337743    0.10794
0.090973    -0.474527    0.098498
0.086444    -0.423169    0.102628
0.068261    -0.285831    0.118331
0.080896    -0.5367    0.105967
0.083773    -0.096795    0.106321
0.03048    -0.021177    -0.103226
0.120026    -0.048761    0.021945
-0.036489    -0.278522    0.131573
-0.051068    -0.216198    0.126217
-0.043396    -0.228625    0.129258
-0.054803    -0.234413    0.124471
-0.045305    -0.284617    0.127855
-0.052253    -0.498892    0.122674
-0.039265    -0.104615    0.131272
-0.112804    -0.069177    0.065472
0.046873    -0.13714    0.128819
0.061145    -0.385416    0.120193
0.065523    -0.452467    0.117647
0.040691    -0.137545    0.131375
0.058985    -0.164454    0.123504
0.054013    -0.523822    0.121945
0.057537    -0.573041    0.109745
-0.002493    -0.01896    -0.106082
0.116578    -0.039043    -0.013274
-0.017353    -0.475778    0.132405
-0.031872    -0.191326    0.133392
-0.027534    -0.30029    0.132853
-0.009567    -0.478902    0.133399
-0.030946    -0.287394    0.132535
-0.006225    -0.545962    0.133672
-0.018348    -0.121706    0.136023
-0.109192    -0.052939    0.059323
0.040532    -0.106498    0.130926
0.04118    -0.427383    0.128002
0.047893    -0.288088    0.126746
0.046674    -0.353802    0.126532
0.062557    -0.453923    0.118859
0.046551    -0.536209    0.125036
0.033259    -0.573762    0.11945
0.04429    -0.045809    0.112197
0.113976    -0.034316    -0.013808
-0.024467    -0.124324    0.135199
-0.02128    -0.155667    0.13515
-0.004895    -0.175461    0.137107
-0.002444    -0.164074    0.137545
-0.019426    -0.296083    0.133964
-0.00264    -0.309185    0.136041
-0.003919    -0.566825    0.126767
-0.112702    -0.048637    -0.046042
-0.020345    -0.078553    0.130375
0.026663    -0.233861    0.133645
0.017397    -0.206966    0.135139
0.016917    -0.295329    0.134302
0.013731    -0.136716    0.136338
0.018123    -0.154743    0.135575
0.013591    -0.513483    0.132702
0.029944    -0.091518    0.131821
-0.062285    -0.029806    -0.093743
0.087466    -0.031446    0.072245
0.001088    -0.467184    0.134635
0.012891    -0.412273    0.13364
0.03281    -0.488936    0.130236
0.000621    -0.201468    0.137404
0.008498    -0.416227    0.134179
0.026468    -0.547683    0.131006
0.007679    -0.099963    0.135995
-0.040736    -0.059487    0.119742
0.008602    -0.03531    0.115335
0.102283    -0.022319    0.034997
-0.116645    -0.041332    0.021462
-0.003411    -0.050237    0.123208
0.102551    -0.018154    -0.025894
-0.115267    -0.036022    -0.010935
-0.030305    -0.047764    0.118571
0.101937    -0.015048    0.014427
-0.104626    -0.027779    -0.037754
-0.050623    -0.042603    0.10798
0.056683    -0.011127    0.082962
-0.090663    -0.027197    0.063986
0.059279    0.001271    -0.070937
-0.106405    -0.021674    -0.014855
0.012322    0.005176    -0.089456
-0.099339    -0.016134    -0.030976
0.056212    0.008277    -0.068783
-0.103468    -0.015995    0.007791
0.086772    -0.00161    0.036456
-0.044765    0.005681    -0.078935
-0.088032    -0.007192    -0.042147
0.026219    0.007355    0.085972
0.064929    0.015357    -0.056345
-0.066036    0.004538    -0.062872
-0.047282    0.007202    0.076557
0.054863    0.012705    0.067635
0.07269    0.021832    -0.042419
-0.016183    0.027615    -0.080279
-0.07311    0.011077    0.048853
0.000786    0.019678    0.085014
0.079025    0.024442    0.025515
0.03102    0.03798    -0.073019
-0.013323    0.040956    -0.077753
-0.083705    0.019411    -0.010343
-0.050354    0.034257    0.062585
0.019628    0.032825    0.078752
-0.011312    0.078337    -0.074242
-0.00221    0.205878    -0.063555
0.013675    0.088806    -0.072955
-0.042022    0.040543    -0.067232
0.029935    0.144874    -0.062225
0.046231    0.117882    -0.054592
0.053905    0.073759    -0.053842
-0.047867    0.039213    0.063278
-0.009282    0.245793    -0.058904
0.004749    0.145816    -0.068818
0.025778    0.193313    -0.059102
0.020203    0.166543    -0.064089
0.038961    0.086328    -0.063845
0.053427    0.139435    -0.044515
0.049606    0.142488    -0.049033
-0.059299    0.040222    -0.052487
-0.022436    0.147064    -0.065112
0.063506    0.089649    -0.038936
0.050827    0.210731    -0.037083
-0.023727    0.256962    -0.053586
-0.03432    0.102958    -0.0646
0.070953    0.049442    -0.03208
0.078564    0.045153    0.003746
-0.047546    0.06697    -0.059512
-0.036072    0.165954    -0.056789
0.06555    0.143059    -0.022523
0.071987    0.104021    -0.01108
0.070371    0.119931    -0.012097
0.069979    0.115591    0.018399
0.070454    0.112361    0.017079
0.056624    0.210241    0.028105
0.046411    0.217724    0.042028
0.053167    0.113302    0.049073
0.046007    0.122392    0.05449
0.039555    0.115981    0.060186
0.025122    0.080012    0.070955
0.015881    0.080685    0.073672
0.014975    0.09141    0.072792
-0.008852    0.09558    0.07321
-0.006879    0.06283    0.076522
-0.035013    0.107868    0.064073
-0.029858    0.096419    0.067353
-0.046957    0.104112    0.055889
-0.077278    0.04128    0.01759
-0.046451    0.176101    -0.047643
0.063998    0.202176    -0.002286
0.058046    0.26075    0.006286
0.05751    0.245656    0.017413
0.065929    0.140231    0.022541
0.054893    0.172295    0.037869
0.045588    0.173022    0.048914
0.034204    0.115817    0.063612
0.011637    0.19292    0.063772
0.013235    0.222365    0.060817
-0.002149    0.124965    0.071354
-0.02403    0.155806    0.063827
-0.034162    0.229102    0.05115
-0.038477    0.137038    0.058561
-0.047031    0.183139    0.04647
-0.061601    0.0619    -0.045631
-0.052448    0.16442    -0.042
0.032025    0.278393    -0.059778
-0.04907    0.221612    0.037973
-0.053072    0.217961    -0.03306
-0.004776    0.287743    -0.061712
-0.067254    0.101521    0.028689
-0.069716    0.065211    0.031513
-0.06296    0.128883    -0.032198
-0.020746    0.278109    -0.064636
-0.052311    0.26373    0.025602
-0.068172    0.125093    -0.020531
-0.068579    0.154833    -0.000997
-0.069377    0.142014    -0.004015
-0.062979    0.198772    0.012689
-0.062863    0.194361    0.016692
-0.058623    0.256133    -0.004915
-0.066809    0.172383    0.002276
-0.06501    0.191392    0.002481
0.011344    0.277748    0.067208
0.039758    0.287171    0.048117
-0.007956    0.299838    -0.069727
-0.061589    0.280331    -0.024759
-0.068011    0.277295    0.006519
0.022588    0.324261    -0.052123
-0.019354    0.326788    -0.046716
-0.034152    0.318013    -0.057208
0.001964    0.330282    -0.033763
0.061859    0.311461    -0.027503
0.000692    0.303193    0.070186
-0.013515    0.330282    -0.016721
0.005044    0.330282    0.040218
0.067857    0.307288    -0.010366
0.01798    0.297435    0.069195
-0.038014    0.321279    -0.051711
0.040591    0.325113    0.037268
0.038493    0.320973    0.052548
-0.059126    0.308549    0.035376
0.056387    0.324101    -0.010625
-0.033505    0.330282    0.019879
-0.067403    0.307009    0.014541
-0.051063    0.326241    0.010906
