0.05492    -0.487363    0.015697
0.058904    -0.48648    0.033387
0.073139    -0.485961    -0.00329
0.078384    -0.485348    0.006827
0.015587    -0.488728    -0.01672
0.093931    -0.483034    0.028051
0.087711    -0.482728    -0.049584
0.020089    -0.487686    0.04444
0.07415    -0.482168    0.073891
0.087611    -0.482532    -0.052471
0.010223    -0.488408    0.029059
0.119908    -0.478797    0.038697
0.118157    -0.479893    -0.010372
0.076508    -0.479906    -0.090562
0.004198    -0.488853    0.016769
0.071259    -0.478281    0.105322
0.027532    -0.479414    -0.119046
0.026061    -0.478156    0.124857
-0.002057    -0.488427    0.030292
0.067029    -0.47457    0.114533
-0.006983    -0.487558    -0.051456
-0.008634    -0.488188    0.035428
0.104075    -0.472263    0.084555
0.061331    -0.472464    -0.11946
-0.007165    -0.488853    -0.00694
0.090557    -0.469167    0.102684
-0.024587    -0.477175    -0.12687
-0.019344    -0.487324    0.054528
0.10574    -0.465069    0.090238
0.084039    -0.464157    -0.111119
-0.054181    -0.480397    -0.102339
-0.066495    -0.477406    0.1111
-0.060048    -0.472102    0.120442
0.016647    -0.460369    -0.140029
-0.013626    -0.488853    -0.007897
0.142295    -0.454029    0.019539
-0.069893    -0.453439    0.126838
0.087136    -0.455655    -0.11333
-0.051793    -0.483444    -0.079002
-0.080407    -0.481763    0.070125
-0.031893    -0.449849    0.142056
0.097376    -0.448517    -0.108485
-0.067462    -0.483714    -0.063228
-0.088383    -0.482452    0.052422
-0.000193    -0.452845    0.14536
0.135528    -0.443869    -0.056087
-0.093264    -0.467073    -0.102088
-0.024533    -0.48858    0.010058
0.059083    -0.44308    0.134467
0.148155    -0.43138    -0.013583
-0.115867    -0.473497    -0.067174
-0.096614    -0.481695    -0.046142
-0.122056    -0.478301    0.037068
-0.048242    -0.440257    0.13947
0.112871    -0.437647    -0.095484
-0.092312    -0.459887    -0.107187
-0.112926    -0.478795    -0.055741
0.133247    -0.432146    0.066479
0.008508    -0.431868    0.148785
-0.127983    -0.464391    0.054908
0.088022    -0.435702    -0.118989
-0.043789    -0.441898    -0.141019
-0.125289    -0.478259    -0.021544
0.150276    -0.421193    0.007528
0.10609    -0.427199    0.106834
-0.122369    -0.415866    0.086994
0.149451    -0.418034    -0.013779
0.044863    -0.42849    -0.142836
-0.096945    -0.451167    -0.107912
-0.112854    -0.480707    -0.010875
0.126945    -0.409069    0.080934
-0.057715    -0.419598    0.138482
-0.136735    -0.462336    0.035756
0.14069    -0.399068    -0.052235
0.028104    -0.416306    -0.147589
-0.108484    -0.447514    -0.097938
0.143034    -0.384597    0.046593
0.031171    -0.414064    0.1472
-0.120108    -0.401048    0.08994
-0.146031    -0.437467    0.02291
0.083643    -0.418508    -0.124862
-0.143888    -0.45043    -0.016869
-0.147862    -0.433919    -0.013276
0.042023    -0.386871    0.144952
-0.027426    -0.398911    0.147703
-0.1089    -0.390524    0.104547
-0.147808    -0.422844    0.026817
0.107771    -0.382019    -0.105603
-0.001998    -0.40708    -0.151036
0.136923    -0.374679    0.056247
0.011491    -0.389919    0.149791
-0.059315    -0.384994    0.137819
0.147116    -0.375448    -0.017985
0.039668    -0.407129    -0.145913
-0.081917    -0.425668    -0.125728
0.112612    -0.373367    0.095892
-0.109903    -0.374605    0.100005
0.127671    -0.373155    -0.076168
-0.043515    -0.386217    -0.144348
-0.140098    -0.405235    -0.053841
0.145803    -0.239063    0.012654
0.146966    -0.333904    0.003822
0.144109    -0.277058    0.025522
0.146739    -0.245991    0.005545
0.146211    -0.205183    0.009558
0.140265    -0.13603    0.043441
0.139813    -0.122334    0.04453
0.137    -0.162866    0.051322
0.139161    -0.228107    0.046105
0.120444    -0.356148    0.083223
0.116076    -0.276347    0.088916
0.125485    -0.068616    0.076654
0.121054    -0.345742    0.082428
0.096179    -0.368164    0.110825
-0.112592    -0.368553    0.094112
0.139202    -0.270207    -0.045991
0.142072    -0.294366    -0.039063
0.136816    -0.179859    -0.05175
0.132889    -0.347161    -0.061231
0.118964    -0.232991    -0.085137
0.125521    -0.194009    -0.076591
0.126365    -0.248779    -0.075491
0.125302    -0.215351    -0.076877
0.110499    -0.344867    -0.096168
-0.089762    -0.409753    -0.120223
0.143076    -0.216123    0.033369
0.144839    -0.193332    0.019981
0.146124    -0.105133    0.010218
0.143333    -0.129044    0.031417
0.143846    -0.307651    -0.027503
0.147391    -0.220779    -0.000574
0.147364    -0.339993    -0.000781
0.146586    -0.109205    -0.006695
0.146315    -0.294475    -0.008747
0.127982    -0.27066    0.073094
0.13261    -0.229702    0.061921
0.130436    -0.244353    0.067168
0.128106    -0.068531    0.072794
0.12002    -0.109505    0.083776
0.111297    -0.053878    0.095143
0.109344    -0.272071    0.097688
0.120988    -0.119829    0.082514
0.092723    -0.291487    0.113164
0.099605    -0.360568    0.107884
0.076456    -0.157954    0.125647
0.078427    -0.180596    0.124134
0.092461    -0.353909    0.113366
-0.146911    -0.36931    0.008797
-0.12113    -0.161122    0.082424
-0.119371    -0.303745    0.084716
-0.123874    -0.348586    0.078848
-0.121587    -0.210599    0.081828
0.127712    -0.114109    -0.073729
0.13361    -0.083856    -0.059491
0.131412    -0.17595    -0.064797
0.138567    -0.033417    -0.047525
0.144203    -0.21718    -0.024793
0.144372    -0.071354    -0.023512
0.144885    -0.165849    -0.019612
0.143819    -0.139041    -0.027707
0.142611    -0.085711    -0.036885
0.104714    -0.046945    -0.103708
0.112876    -0.203422    -0.093071
0.120019    -0.069503    -0.083762
0.106833    -0.060209    -0.100946
0.096413    -0.262389    -0.110318
0.099545    -0.268805    -0.107915
0.101821    -0.246765    -0.106169
0.085039    -0.33257    -0.119046
-0.001743    -0.36908    -0.147743
-0.131687    -0.401211    -0.074146
0.103132    -0.067733    0.105178
0.102902    -0.120036    0.105354
0.100834    -0.039854    0.106941
0.094718    -0.221569    0.111634
0.078711    -0.048608    0.123916
0.065663    -0.190938    0.131085
0.073515    -0.069151    0.127832
0.071917    -0.080329    0.128494
0.062739    -0.088192    0.132296
0.039491    -0.164052    0.141926
0.052241    -0.193447    0.136644
0.050079    -0.350499    0.13754
0.05338    -0.22623    0.136173
-0.008553    -0.368595    0.146744
-0.102606    -0.298238    0.105638
-0.099036    -0.28018    0.108376
-0.09426    -0.360711    0.112041
-0.104209    -0.044792    0.104407
-0.138741    -0.175234    0.047293
-0.136963    -0.195458    0.051586
-0.131911    -0.288689    0.063782
-0.134921    -0.239095    0.056515
-0.114707    -0.121757    0.090794
-0.10654    -0.227676    0.101438
-0.115827    -0.14282    0.089334
-0.110588    -0.048563    0.096162
-0.104739    -0.090028    0.103785
-0.130096    -0.255004    0.068163
-0.136953    -0.141441    0.051609
-0.133019    -0.206453    0.061107
-0.134034    -0.129383    0.058656
0.144333    -0.030101    -0.025158
0.089163    -0.193706    -0.115881
0.093111    -0.10873    -0.112852
0.087541    -0.110784    -0.117126
0.091444    -0.085758    -0.114131
-0.106287    -0.389334    -0.107543
0.107953    -0.028732    0.100008
0.019155    -0.231754    0.144984
0.016144    -0.225307    0.145381
0.012867    -0.337731    0.145812
0.029217    -0.339425    0.14366
0.037141    -0.085418    0.142617
0.035824    -0.239296    0.14279
0.033566    -0.041292    0.143087
0.030843    -0.032625    0.143446
-0.020469    -0.344792    0.144821
-0.020628    -0.260494    0.1448
-0.027656    -0.279657    0.143875
-0.030189    -0.184944    0.143541
-0.020792    -0.217686    0.144779
-0.055565    -0.279513    0.135297
-0.061185    -0.29599    0.132969
-0.050862    -0.347694    0.137245
-0.048428    -0.297501    0.138254
-0.098661    -0.071367    0.108664
-0.078181    -0.116772    0.124378
-0.096106    -0.0793    0.110625
-0.079156    -0.231348    0.12363
-0.142528    -0.222065    0.038078
-0.144196    -0.248987    0.025408
-0.143033    -0.130655    0.03424
-0.144885    -0.32427    0.020178
-0.14589    -0.302396    0.012539
-0.14729    -0.265385    -0.001892
-0.144825    -0.328475    -0.020612
-0.145887    -0.226474    -0.012551
-0.145955    -0.152375    -0.012034
0.143845    -0.026682    -0.031391
0.071784    -0.237055    -0.128534
0.060488    -0.33856    -0.133213
0.070271    -0.272779    -0.129161
0.056431    -0.291086    -0.134894
0.030684    -0.218008    -0.143452
0.022851    -0.313356    -0.144483
0.017592    -0.326874    -0.145175
0.028742    -0.143972    -0.143707
-0.009538    -0.351914    -0.146245
-0.007518    -0.201014    -0.146511
-0.018024    -0.235241    -0.145128
-0.035208    -0.366717    -0.142866
-0.002515    -0.093082    -0.14717
0.148026    -0.00556    0.001696
0.033018    -0.029461    0.1434
-0.002126    -0.279635    0.147236
-0.001576    -0.258006    0.147308
-0.006106    -0.256341    0.146712
-0.011952    -0.114261    0.145942
-0.057647    -0.075448    0.134435
-0.051648    -0.103965    0.13692
-0.048284    -0.222575    0.138313
-0.047533    -0.047884    0.138625
-0.146127    -0.159979    0.010738
-0.14533    -0.124818    0.016796
-0.145047    -0.067245    0.018947
-0.147254    -0.046947    0.002181
-0.146336    -0.101186    0.009152
-0.143417    -0.150122    -0.031308
-0.145581    -0.094898    -0.01487
-0.143613    -0.182614    -0.029822
-0.143121    -0.282324    -0.033559
-0.144157    -0.210669    -0.025691
0.076265    -0.028209    -0.126231
0.041343    -0.10935    -0.141143
0.070067    -0.06148    -0.129245
0.073166    -0.033011    -0.127962
0.053543    -0.197108    -0.13609
0.001066    -0.221005    -0.147351
0.005756    -0.178764    -0.146734
0.00041    -0.338626    -0.147437
0.002647    -0.266945    -0.147143
-0.036767    -0.13804    -0.14266
-0.014302    -0.125849    -0.145618
-0.03116    -0.293013    -0.143399
-0.018292    -0.190625    -0.145093
-0.026472    -0.146019    -0.144016
0.13825    -0.006817    0.050325
0.006819    -0.009676    0.147389
-0.13222    -0.019045    0.065055
-0.133375    -0.302629    -0.060232
-0.139105    -0.281629    -0.046399
-0.136182    -0.297204    -0.053455
-0.138277    -0.18162    -0.048397
0.143727    -0.018598    -0.034327
-0.006064    -0.025396    -0.147338
-0.042849    -0.222504    -0.14055
-0.039591    -0.347573    -0.141899
-0.04259    -0.224453    -0.140657
-0.046755    -0.15535    -0.138932
-0.088916    -0.262865    -0.116127
-0.079619    -0.220346    -0.12326
-0.102462    -0.346845    -0.105732
-0.089774    -0.347065    -0.115468
-0.11312    -0.290305    -0.092847
-0.123045    -0.191215    -0.079912
-0.124828    -0.287774    -0.077589
-0.105969    -0.344717    -0.102167
-0.117217    -0.255136    -0.087508
0.058371    -0.006155    0.134942
-0.014087    -0.003166    0.146441
-0.129811    -0.009524    0.070872
-0.13433    -0.198075    -0.057926
-0.129159    -0.148565    -0.070409
-0.131735    -0.063454    -0.064191
-0.128657    -0.123733    -0.071621
0.132953    0.007107    -0.061337
0.098064    -0.003335    -0.110026
-0.065629    -0.134585    -0.131114
-0.064912    -0.065469    -0.131411
-0.060349    -0.05106    -0.133301
-0.045057    -0.053561    -0.139635
-0.085498    -0.139565    -0.118749
-0.095943    -0.09165    -0.110735
-0.092425    -0.1519    -0.113434
-0.103964    -0.183288    -0.10458
-0.096514    -0.04188    -0.110296
-0.111991    -0.053692    -0.094318
-0.109017    -0.189367    -0.098195
-0.10578    -0.204671    -0.102414
-0.107889    -0.199744    -0.099664
0.132802    0.014071    0.0605
0.044466    0.00702    0.139979
-0.07083    -0.01794    0.129811
-0.134213    0.004723    0.0589
0.141684    0.017467    -0.038448
0.018266    -0.016536    -0.145866
0.133871    0.018871    0.056553
-0.055797    0.010337    0.135076
-0.122305    0.003705    0.081429
0.128864    0.020558    -0.067376
-0.037404    -0.013491    -0.143356
0.132979    0.020711    0.057343
-0.081476    0.010858    0.12166
-0.146875    0.012719    -0.002933
0.130824    0.027202    -0.057723
-0.00325    0.008526    -0.147078
-0.112677    -0.017186    -0.094694
0.113339    0.034269    0.083851
-0.081591    0.019344    0.120473
0.115369    0.033793    -0.081411
-0.034295    0.009215    -0.142944
-0.106071    -0.013006    -0.103303
0.139057    0.027247    0.037826
-0.029536    0.027249    0.140335
-0.123146    0.031675    0.072372
-0.131454    3.9e-05    -0.066364
-0.039091    0.008506    -0.142113
0.137841    0.045367    -0.004387
0.107446    0.058077    0.077434
-0.023029    0.035316    0.138885
-0.103949    0.048003    0.08842
-0.134802    0.024711    -0.050138
0.057318    0.02233    -0.132502
0.128714    0.068043    0.002656
0.075479    0.06811    0.103358
-0.068675    0.043538    0.120916
-0.133281    0.050197    0.025427
-0.123444    0.031102    -0.072235
0.033143    0.031748    -0.138549
0.132019    0.06147    -0.000202
0.052214    0.073361    0.114314
-0.085968    0.053593    0.103127
-0.12441    0.051099    -0.052699
-0.090944    0.02045    -0.112886
-0.052671    0.022161    -0.134509
0.091056    0.083499    -0.078784
0.046716    0.082679    0.11127
-0.047725    0.069997    0.117842
-0.117785    0.070315    0.047531
-0.069842    0.05196    -0.116274
-0.038843    0.024021    -0.139666
0.109481    0.091625    -0.038142
0.095128    0.085414    0.071769
-0.013876    0.080256    0.12125
-0.126699    0.066568    -0.023582
-0.10529    0.070728    -0.07109
0.021542    0.058276    -0.130623
0.113887    0.095471    -0.005012
0.08571    0.101761    0.067554
-0.027138    0.09879    0.108652
-0.118257    0.08253    0.027253
-0.092924    0.077268    -0.082058
-0.050066    0.064804    -0.119387
0.107173    0.103564    -0.012063
0.09086    0.103134    0.059243
-0.050388    0.111744    0.089631
-0.115286    0.090649    -0.015697
-0.079061    0.0926    -0.084616
0.101859    0.107832    0.027978
0.030491    0.115218    0.095516
-0.112073    0.098133    -0.004892
-0.036044    0.105528    -0.100326
0.097749    0.117438    -0.012421
-0.077044    0.112727    0.066276
-0.078484    0.097191    -0.081455
0.095762    0.120742    0.014979
-0.094572    0.11342    -0.035725
0.094724    0.125038    0.009766
-0.096573    0.118724    -0.015906
0.081377    0.129503    -0.047395
-0.096498    0.120163    -0.011687
0.012472    0.128266    0.09311
0.026329    0.12282    -0.093096
-0.062856    0.138923    0.065973
-0.01579    0.125371    -0.09383
0.074413    0.207687    0.03151
0.066622    0.142577    -0.06081
0.064512    0.190365    0.05264
0.006834    0.138018    0.090701
0.080241    0.202012    0.015617
0.080534    0.184874    0.025037
0.072531    0.221727    -0.030928
0.071484    0.182491    -0.045342
0.060181    0.16737    -0.062758
0.022862    0.149597    0.086689
-0.044576    0.145343    0.078456
-0.068764    0.153205    0.055696
-0.084627    0.145194    0.029772
0.010319    0.13244    -0.091704
0.075949    0.238465    -0.009301
0.069185    0.256282    0.026443
0.074955    0.228629    -0.022564
0.061138    0.265482    -0.039834
0.04877    0.153366    -0.073973
0.03907    0.253448    0.06386
0.03041    0.184038    0.07846
-0.006759    0.16475    0.08669
-0.086874    0.153454    -0.017589
-0.075444    0.23263    0.019931
-0.045758    0.158988    -0.075353
0.070267    0.283571    0.000137
0.062833    0.296591    0.024178
0.063235    0.294885    -0.024008
0.046886    0.254518    -0.057659
0.039271    0.305702    0.052613
0.019213    0.191995    0.081213
-0.008595    0.25335    0.074
-0.032827    0.211765    0.073309
-0.050855    0.197681    0.064663
-0.085539    0.169053    -0.011083
-0.073726    0.213639    -0.03116
-0.062334    0.193505    -0.05484
-0.034642    0.173181    -0.078358
-0.069342    0.257896    0.025652
0.057584    0.344045    0.011579
0.06511    0.293466    0.020178
0.04143    0.306208    0.05084
0.031899    0.181984    -0.078137
0.033625    0.289835    0.060285
0.01464    0.279207    0.069202
-0.022105    0.2619    0.070191
-0.043344    0.228835    0.064957
-0.072499    0.260898    -0.012117
-0.067953    0.250533    -0.031668
-0.077489    0.228972    0.008293
-0.042238    0.270563    -0.058464
-0.030127    0.1775    -0.079577
-0.004094    0.22757    -0.0782
-0.058395    0.303932    0.031551
0.04029    0.33482    -0.045091
0.012662    0.345697    0.057175
-0.028    0.295275    0.061566
-0.060207    0.284538    0.035825
-0.063584    0.283034    -0.029014
-0.063311    0.321466    0.000327
-0.0335    0.269601    -0.064294
-0.019152    0.192125    -0.081197
0.018215    0.199392    -0.08029
0.056595    0.356381    0.006538
0.022659    0.27476    -0.067802
-0.05954    0.337674    -0.006203
-0.042906    0.322839    -0.045907
-0.017813    0.345288    -0.055851
-0.011777    0.289555    -0.067661
0.024117    0.362242    0.052289
-0.0421    0.355756    -0.038911
0.007168    0.313074    -0.063911
-0.026097    0.358275    -0.050684
-0.057616    0.362613    0.00793
0.055237    0.371275    0.023348
0.045576    0.374253    0.032722
0.013038    0.375332    0.054265
0.021648    0.379999    0.051098
-0.054876    0.376643    -0.008643
0.031412    0.385675    0.04853
-0.012279    0.38495    0.060511
-0.061125    0.385471    -0.00627
0.032141    0.396157    -0.05607
0.060829    0.396027    -0.020612
-0.063495    0.384077    0.009249
-0.063469    0.385002    -0.009436
-0.002153    0.395618    -0.064389
0.016937    0.405184    0.059237
0.026609    0.409072    0.052088
0.044629    0.413308    -0.026549
0.000185    0.411209    -0.056821
-0.004233    0.411383    -0.055899
-0.041048    0.414291    0.021323
0.033522    0.414952    -0.01267
-0.011375    0.414952    -0.013206
-0.031907    0.414952    0.010796
-0.027507    0.414952    0.007232
0.056094    -0.487336    -0.013775
0.034654    -0.487997    -0.022124
0.03337    -0.487813    -0.031336
0.078646    -0.485358    -0.00421
0.047051    -0.483727    0.079694
0.066619    -0.483458    0.067441
0.01897    -0.48816    -0.031945
0.10172    -0.482254    0.018342
0.100853    -0.481268    -0.042948
0.029912    -0.483391    -0.090012
0.116438    -0.480204    0.008047
0.051633    -0.481109    0.098403
0.092017    -0.480452    -0.068812
0.047151    -0.482008    -0.093953
0.022987    -0.481063    0.10891
0.015616    -0.479812    -0.118018
0.033031    -0.477322    0.125516
-0.002853    -0.486994    0.061707
0.043393    -0.47535    0.123683
-0.000616    -0.48863    -0.025362
-0.012519    -0.484921    0.081201
0.065078    -0.476996    0.112861
-0.027827    -0.47129    -0.132569
-0.024622    -0.484921    0.078719
0.137011    -0.467677    -0.011849
-0.031704    -0.485007    -0.075014
-0.048433    -0.481521    0.096876
-0.047519    -0.475644    0.121675
-0.015856    -0.48769    -0.046075
-0.042175    -0.485679    0.063396
0.039286    -0.461461    0.135862
0.111826    -0.463222    -0.083898
-0.049647    -0.484242    -0.072431
-0.077309    -0.48116    0.079799
0.033569    -0.456857    0.139296
0.12751    -0.455104    -0.066307
-0.021692    -0.488285    -0.025996
-0.066685    -0.483893    0.061848
0.041849    -0.450722    0.139324
0.138152    -0.447582    -0.046961
-0.01889    -0.488706    -0.013741
-0.074626    -0.483439    0.057589
0.061064    -0.449792    0.131654
-0.077461    -0.452375    0.122439
-0.037522    -0.44783    -0.141885
-0.095706    -0.47969    -0.072181
0.120756    -0.443185    0.083787
-0.102923    -0.459652    0.09806
0.062345    -0.442015    -0.133283
-0.072743    -0.485109    -0.035071
-0.108354    -0.48022    0.042735
0.034443    -0.435918    0.144726
0.146262    -0.435003    -0.023574
-0.014866    -0.437111    -0.147106
-0.119463    -0.479049    -0.035663
0.148008    -0.430996    0.015179
0.048061    -0.430442    0.141194
-0.108135    -0.433859    0.102748
0.141277    -0.423218    -0.050763
-0.031987    -0.434711    -0.145234
-0.103772    -0.4822    -0.00596
-0.1157    -0.480102    0.019255
0.059815    -0.424929    0.137267
-0.08725    -0.424251    0.121933
-0.135828    -0.434464    0.059467
0.126793    -0.41974    -0.081118
-0.015518    -0.426674    -0.148683
-0.093225    -0.483459    -0.012867
0.12959    -0.407348    0.077487
-0.054083    -0.418415    0.139987
-0.131955    -0.472451    0.023625
0.144883    -0.407555    -0.042115
0.046384    -0.420204    -0.143131
-0.093741    -0.442903    -0.113224
0.146752    -0.403    0.034292
0.067376    -0.410966    0.13445
-0.077587    -0.409926    0.12958
-0.146396    -0.440218    0.016806
0.13401    -0.395996    -0.068361
-0.140321    -0.464124    -0.002116
-0.137401    -0.436565    -0.054787
0.106959    -0.402697    0.106983
0.085518    -0.398758    0.123439
-0.095678    -0.400464    0.115698
-0.146931    -0.40318    0.033478
0.098953    -0.394654    -0.113115
-0.003238    -0.395629    -0.150872
-0.147933    -0.431334    -0.015863
0.028981    -0.388022    0.147488
-0.053637    -0.384559    0.140171
-0.149188    -0.40229    0.016332
0.051696    -0.394196    -0.14093
-0.052556    -0.409865    -0.140604
0.137453    -0.370812    0.052539
-0.09745    -0.378213    0.112951
0.144145    -0.376259    -0.039792
-0.045727    -0.400521    -0.143433
-0.143412    -0.405491    -0.04584
-0.150514    -0.391314    -0.006241
0.145975    -0.277304    0.011352
0.146643    -0.201157    0.006272
0.144918    -0.343369    0.019381
0.144976    -0.249535    0.018938
0.138932    -0.207341    0.046659
0.1387    -0.161915    0.047219
0.139556    -0.355201    0.045153
0.137613    -0.204812    0.049842
0.117704    -0.272069    0.086794
0.122908    -0.188963    0.080012
0.115496    -0.346216    0.089672
0.127298    -0.183875    0.07429
0.126733    -0.093153    0.075027
-0.128415    -0.36745    0.072421
0.137291    -0.364385    -0.050605
0.141234    -0.181603    -0.041085
0.137237    -0.324367    -0.050735
0.138188    -0.290467    -0.048438
0.119504    -0.212698    -0.084433
0.119619    -0.168492    -0.084283
0.120935    -0.20719    -0.082567
0.11806    -0.184054    -0.086315
0.123763    -0.242768    -0.078883
-0.104579    -0.421752    -0.108853
0.142883    -0.316481    0.034836
0.142563    -0.067615    0.037262
0.143425    -0.086953    0.030718
0.146678    -0.082423    0.006008
0.144207    -0.055701    0.02478
0.1471    -0.309322    -0.002786
0.146693    -0.184038    -0.005881
0.145565    -0.325241    -0.014451
0.146647    -0.105729    -0.006231
0.128097    -0.034258    0.072814
0.135049    -0.176009    0.056032
0.130238    -0.188627    0.067646
0.135726    -0.148581    0.054398
0.113716    -0.143562    0.091991
0.114145    -0.196114    0.091432
0.107136    -0.283479    0.100566
0.111083    -0.208906    0.095423
0.114542    -0.037159    0.090914
0.07477    -0.245431    0.12694
0.07413    -0.147617    0.127431
0.083023    -0.302091    0.120607
0.080937    -0.366871    0.122208
-0.091015    -0.367214    0.114556
-0.113923    -0.286413    0.091816
-0.11895    -0.207111    0.085264
-0.121383    -0.357658    0.082093
-0.115878    -0.293331    0.089268
0.138254    -0.10003    -0.04828
0.135824    -0.142788    -0.054146
0.131497    -0.253654    -0.064592
0.130573    -0.069015    -0.066822
0.146143    -0.065456    -0.010054
0.142855    -0.279982    -0.035033
0.146067    -0.107016    -0.010634
0.143481    -0.120981    -0.030278
0.144057    -0.179111    -0.025901
0.126296    -0.03372    -0.075582
0.107574    -0.175667    -0.09998
0.113372    -0.147012    -0.092424
0.109847    -0.121369    -0.097018
0.095914    -0.330309    -0.110701
0.103575    -0.125117    -0.104823
0.093578    -0.255716    -0.112493
0.094996    -0.170115    -0.111405
0.066519    -0.372844    -0.132201
-0.111643    -0.38316    -0.100957
0.099166    -0.246021    0.108221
0.084964    -0.106657    0.119118
0.087609    -0.174726    0.117089
0.093953    -0.154731    0.112221
0.091998    -0.052588    0.113721
0.057147    -0.087935    0.134612
0.070004    -0.194133    0.129287
0.058691    -0.092295    0.133973
0.060282    -0.045427    0.133314
0.057451    -0.232029    0.134486
0.043294    -0.244791    0.14035
0.06142    -0.333714    0.132842
0.05673    -0.33533    0.134785
0.060834    -0.364808    0.133085
-0.096613    -0.264107    0.110236
-0.100623    -0.134077    0.107159
-0.077591    -0.347013    0.124831
-0.104207    -0.162561    0.104409
-0.138654    -0.16135    0.047504
-0.140795    -0.245059    0.042336
-0.137009    -0.291991    0.051476
-0.140534    -0.171564    0.042965
-0.13843    -0.362091    0.048044
-0.108488    -0.301679    0.098899
-0.114691    -0.055811    0.090815
-0.113073    -0.216332    0.092923
-0.109553    -0.075857    0.097511
-0.134768    -0.08961    0.056885
-0.128134    -0.19326    0.0729
-0.134103    -0.064524    0.058489
-0.130437    -0.260183    0.06734
-0.145223    -0.368103    -0.019377
0.088774    -0.130157    -0.116179
0.09426    -0.11379    -0.11197
0.080674    -0.072188    -0.122395
0.08093    -0.120155    -0.122198
-0.061731    -0.378939    -0.135801
0.076967    -0.031165    0.125348
0.017898    -0.310227    0.14515
0.014113    -0.359994    0.145648
0.004416    -0.106196    0.146925
0.000467    -0.30262    0.147445
0.010555    -0.035372    0.146117
0.025117    -0.050064    0.1442
0.037011    -0.344694    0.142634
0.031288    -0.098387    0.143387
-0.021087    -0.30153    0.14474
-0.037769    -0.248407    0.142543
-0.003266    -0.360182    0.147086
-0.03743    -0.123186    0.142588
-0.037394    -0.29413    0.142593
-0.070805    -0.066111    0.128985
-0.065861    -0.15921    0.131032
-0.068611    -0.332717    0.129893
-0.070469    -0.176832    0.129124
-0.07925    -0.25853    0.123558
-0.074906    -0.243191    0.126891
-0.091395    -0.04927    0.114239
-0.081614    -0.113452    0.121744
-0.091645    -0.052675    0.114047
-0.143469    -0.19883    0.030933
-0.145801    -0.297985    0.01322
-0.145456    -0.3533    0.015834
-0.142921    -0.241229    0.035096
-0.146793    -0.123493    -0.005664
-0.147001    -0.204718    -0.004088
-0.14676    -0.156864    -0.005921
-0.144025    -0.366169    -0.02669
-0.144389    -0.327115    -0.023927
0.071582    -0.090255    -0.128618
0.068669    -0.21819    -0.129825
0.07332    -0.354297    -0.127898
0.072395    -0.267058    -0.128281
0.031691    -0.123711    -0.143319
0.026372    -0.330253    -0.144019
0.03243    -0.261946    -0.143222
0.018632    -0.306697    -0.145038
0.017827    -0.219686    -0.145144
-0.025613    -0.284008    -0.144129
-0.019255    -0.289603    -0.144966
-0.035343    -0.364191    -0.142848
-0.005586    -0.241685    -0.146765
-0.130122    -0.372438    -0.071418
0.119216    -0.018255    0.086094
-0.014222    -0.163732    0.145643
-0.01314    -0.198256    0.145786
-0.017054    -0.073987    0.145271
-0.024675    -0.149378    0.144267
-0.040772    -0.160641    0.141425
-0.055067    -0.183629    0.135504
-0.043373    -0.233047    0.140348
-0.059842    -0.085553    0.133526
-0.03906    -0.094308    0.142134
-0.144469    -0.061827    0.023337
-0.14567    -0.075417    0.01421
-0.144431    -0.133955    0.023623
-0.145785    -0.236908    0.013342
-0.143191    -0.233115    -0.033025
-0.143557    -0.109197    -0.03025
-0.142667    -0.032831    -0.03701
-0.142785    -0.217548    -0.036112
-0.14434    -0.175409    -0.024302
0.120315    -0.01933    -0.084646
0.046054    -0.049732    -0.139192
0.040054    -0.143169    -0.141677
0.043256    -0.31255    -0.140351
0.044221    -0.294435    -0.139951
0.006996    -0.266606    -0.14657
0.014025    -0.156599    -0.145645
0.008107    -0.15094    -0.146424
0.035767    -0.039798    -0.142782
-0.024629    -0.139223    -0.144258
-0.035776    -0.164677    -0.142791
-0.030654    -0.15118    -0.143465
-0.03487    -0.314477    -0.14291
-0.014905    -0.107763    -0.145539
0.130556    -0.011508    0.068898
0.111156    -0.012639    0.096598
-0.126682    -0.021455    0.076457
-0.137957    -0.183782    -0.049171
-0.132168    -0.319856    -0.063145
-0.135503    -0.345172    -0.055094
-0.139143    -0.14978    -0.046308
0.134136    -0.003087    -0.06024
0.067324    -0.03124    -0.130454
-0.038478    -0.302926    -0.14236
-0.05138    -0.23177    -0.137016
-0.041554    -0.101858    -0.141086
-0.044341    -0.317334    -0.139931
-0.085165    -0.191866    -0.119005
-0.093054    -0.337286    -0.112951
-0.082862    -0.192147    -0.120771
-0.089023    -0.215301    -0.116044
-0.11445    -0.335477    -0.091114
-0.125305    -0.167251    -0.076967
-0.120842    -0.296289    -0.082784
-0.12414    -0.27952    -0.078485
-0.114229    -0.240239    -0.091402
0.096935    -0.016007    0.110907
-0.030514    -0.003814    0.144278
-0.106248    -0.011704    0.103088
-0.133181    -0.195106    -0.060701
-0.128904    -0.110547    -0.071025
-0.128632    -0.256872    -0.071682
-0.134088    -0.12682    -0.05851
-0.135721    -0.166231    -0.054569
0.100559    -0.004031    -0.108111
-0.057944    -0.055815    -0.134297
-0.071388    -0.268363    -0.128728
-0.067942    -0.296549    -0.130156
-0.041748    -0.040669    -0.141006
-0.083056    -0.095735    -0.120623
-0.097196    -0.120328    -0.109773
-0.095474    -0.15834    -0.111095
-0.086128    -0.140814    -0.118265
-0.103085    -0.28631    -0.105255
-0.11482    -0.183908    -0.090631
-0.11296    -0.087838    -0.093056
-0.110667    -0.090932    -0.096044
-0.119044    -0.071992    -0.085126
0.144245    0.01399    -0.021708
0.055239    0.000962    0.135955
-0.033765    0.002647    0.143472
-0.118757    0.000712    0.086382
-0.147845    -0.010813    -0.003592
0.073929    -0.011929    -0.128482
-0.112353    -0.031733    -0.093878
-0.00254    0.000865    0.147703
-0.124521    0.016557    0.077129
-0.145837    -0.007383    -0.018849
0.021746    -0.010803    -0.145408
0.139371    0.030911    -0.028528
-0.05808    0.019616    0.133066
-0.136462    0.018709    0.050591
0.130143    0.026358    -0.05999
0.027711    0.011497    -0.143647
-0.125852    -0.018849    -0.077524
0.131313    0.02964    -0.054734
0.038228    0.024306    0.13982
-0.140506    0.005507    -0.043557
0.009616    0.004769    -0.146484
-0.115009    -0.008964    -0.091655
0.13321    0.036325    0.045216
0.003271    0.03751    0.140849
-0.099563    0.034152    0.10139
-0.132676    0.02866    -0.052343
-0.030584    0.018125    -0.142791
0.130077    0.05608    0.031965
0.117684    0.056716    0.063162
0.041756    0.047594    0.130355
-0.097481    0.056181    0.091708
-0.138145    0.025456    -0.041513
0.069731    0.026447    -0.126097
0.132561    0.048161    0.035803
0.092232    0.067614    0.090332
-0.027459    0.045666    0.134738
-0.106918    0.052213    0.081904
-0.141445    0.031089    -0.012937
0.055499    0.033984    -0.12968
0.131191    0.062486    -0.002984
0.070332    0.072065    0.105064
-0.037925    0.053054    0.12971
-0.11521    0.068098    0.056354
-0.108932    0.046729    -0.082712
-0.034376    0.03333    -0.137944
0.109294    0.07606    -0.060893
0.088043    0.075539    0.089476
-0.084794    0.071466    0.094362
-0.130888    0.061201    0.01029
-0.090705    0.025149    -0.111389
-0.020558    0.041722    -0.137154
0.116392    0.090592    -0.006988
0.093454    0.094496    0.065771
-0.004394    0.082293    0.121373
-0.103131    0.077918    0.068185
-0.112077    0.074348    -0.056551
-0.065686    0.046987    -0.120709
0.11233    0.096528    0.011117
0.040101    0.067174    -0.12233
-0.003805    0.096247    0.113542
-0.098565    0.088037    0.065023
-0.11552    0.078626    -0.042356
-0.046326    0.044436    -0.129785
0.10308    0.10743    0.022179
0.045216    0.077943    -0.114686
-0.008455    0.110358    0.102841
-0.117977    0.086249    0.013757
-0.071354    0.092413    -0.09066
0.003669    0.074838    -0.125519
0.077157    0.116194    0.062569
-0.106682    0.102516    -0.022037
-0.053822    0.109432    -0.089443
0.093323    0.112726    0.039685
-0.026498    0.113922    0.098053
-0.088062    0.1142    0.050217
0.005726    0.081652    -0.121527
-0.084751    0.118075    0.050887
0.089265    0.121601    0.03682
-0.068267    0.130584    0.063884
0.093128    0.131564    -0.001972
-0.036631    0.123897    0.08841
0.066451    0.134264    0.064157
-0.084788    0.131351    0.037663
0.005586    0.135921    0.091421
-0.026601    0.128693    -0.090484
0.07566    0.197403    0.032243
0.078538    0.144769    -0.044439
0.06051    0.200084    0.055632
0.023864    0.154019    0.085697
-0.085402    0.136069    0.032562
0.081572    0.197821    0.009978
0.079122    0.212423    -0.012991
0.077493    0.184193    -0.03261
0.061611    0.213046    -0.051216
0.035876    0.164517    0.079139
-0.03413    0.148586    0.082294
-0.070909    0.172458    0.048497
-0.027348    0.134988    -0.087837
-0.081561    0.172277    0.027315
0.073834    0.258443    -0.004049
0.074018    0.242014    0.019968
0.076951    0.213047    -0.023417
0.071142    0.1982    -0.042193
0.049072    0.17102    -0.070641
0.038256    0.24751    0.065527
0.026959    0.23647    0.071984
0.010407    0.204287    0.080646
-0.074195    0.165707    0.045758
-0.088412    0.151799    0.00769
-0.048981    0.15505    -0.073571
0.062209    0.323888    0.004746
0.054576    0.324942    0.03054
0.055834    0.321707    -0.029035
0.03898    0.25828    -0.063064
0.048052    0.281183    0.051539
0.020229    0.184463    0.082138
-0.00312    0.246414    0.075695
-0.039938    0.186876    0.074116
-0.058671    0.186021    0.060713
-0.061143    0.242573    0.045179
-0.077839    0.181904    -0.032781
-0.076854    0.230158    0.011855
-0.061412    0.16855    -0.061662
0.013342    0.160044    -0.08646
0.059588    0.332024    0.013232
0.060992    0.314737    0.019934
0.041216    0.317058    0.048498
0.046384    0.302375    -0.047909
0.025422    0.146357    -0.086192
0.022333    0.299344    0.063076
-0.009565    0.296872    0.066615
-0.043964    0.224374    0.065264
-0.083632    0.187684    -0.005686
-0.07487    0.228391    -0.023028
-0.053359    0.266885    -0.049746
-0.046084    0.240738    -0.060749
-0.044827    0.213478    -0.066499
-0.007382    0.235562    -0.076644
-0.065553    0.281421    0.025047
0.037581    0.339182    -0.046163
0.008222    0.324789    0.061623
-0.022544    0.329456    0.057047
-0.04358    0.32005    0.046049
-0.058385    0.338118    -0.014359
-0.042076    0.342989    -0.041848
-0.041024    0.29098    -0.054709
-0.004778    0.268959    -0.072295
0.009198    0.190535    -0.082721
-0.05649    0.347206    0.015432
0.026882    0.316782    -0.057719
-0.058525    0.342647    -0.006933
-0.051325    0.313986    -0.038522
-0.027459    0.331505    -0.05459
-0.002653    0.298392    -0.067229
0.060003    0.364822    -0.015665
-0.048208    0.351929    0.031606
0.00653    0.340032    -0.059013
-0.046622    0.354268    -0.033266
-0.058592    0.363467    -0.010723
-0.06123    0.364853    0.00729
0.052758    0.372451    0.025311
0.040943    0.376586    -0.037756
0.046307    0.376663    -0.030765
-0.028266    0.381699    0.048302
-0.006191    0.380526    -0.05516
0.056551    0.385675    -0.0185
-0.060723    0.384118    0.01328
0.061705    0.391559    -0.018497
0.047926    0.392115    0.042835
-0.050853    0.39072    0.039113
-0.043994    0.398526    0.04644
0.01586    0.398164    0.062178
0.034272    0.407662    0.04851
0.050365    0.408088    0.03132
0.036069    0.411749    0.041811
0.019889    0.413037    0.048274
0.006492    0.414366    0.045073
0.014555    0.414335    -0.043467
0.018556    0.414952    -0.016951
-0.01543    0.414952    0.023275
-0.02152    0.414952    0.024614
-0.016373    0.414952    -0.037422
