-0.03091    0.297466    -0.029847
-0.033104    0.308697    -0.023316
-0.015445    0.314057    -0.034121
-0.037312    0.305667    -0.017214
-0.014428    0.314057    0.010978
-0.016593    0.266744    -0.044473
-0.031053    0.314057    0.00872
-0.008735    0.314057    0.038312
-0.00764    0.28269    -0.046842
-0.045225    0.289895    -0.010241
-0.010407    0.308821    0.039411
0.001118    0.284294    -0.047701
-0.047637    0.275775    -0.001603
0.000968    0.314057    0.001423
0.00487    0.263625    -0.04515
-0.022549    0.217328    -0.037901
-0.034178    0.258413    -0.027401
-0.019957    0.248351    -0.039138
-0.000585    0.197032    -0.044097
-0.038668    0.313312    0.0092
-0.036799    0.283926    0.029968
0.007434    0.314057    -0.009084
-0.026912    0.146353    -0.034553
-0.027667    0.188955    -0.033974
-0.02182    0.228731    -0.038367
-0.035252    0.17727    -0.026002
-0.038701    0.220736    -0.021012
-0.041038    0.198569    -0.015371
-0.00203    0.141936    -0.043907
-0.011271    0.213294    -0.04269
-0.042727    0.260401    -0.010994
0.003586    0.14724    -0.043702
-0.028176    0.270485    0.038174
-0.000754    0.289324    0.046886
0.017747    0.308987    -0.036376
0.007378    0.245396    -0.043203
-0.013785    0.116383    -0.043357
-0.042842    0.233819    -0.010117
-0.043405    0.200582    -0.00584
-0.044157    0.16153    0.000132
-0.042706    0.196543    0.011154
-0.043187    0.263257    0.013413
0.015537    0.314057    -0.024957
0.021106    0.183581    -0.038662
0.017738    0.220119    -0.040058
0.01403    0.21277    -0.041593
-0.008238    0.113851    -0.044797
-0.045191    0.115123    -0.004642
-0.04484    0.122577    0.003756
-0.041046    0.206057    0.015351
-0.00934    0.267004    0.046618
0.024338    0.312698    -0.031315
0.027328    0.247048    -0.034234
0.023412    0.173056    -0.037239
0.018113    0.140429    -0.039947
-0.00111    0.103319    -0.046803
0.010245    0.105508    -0.045332
-0.038383    0.236856    0.02178
-0.039153    0.235393    0.019923
-0.026484    0.260025    0.034882
-0.033539    0.236754    0.028235
0.005692    0.283935    0.047098
0.035888    0.288126    -0.031155
0.033501    0.184521    -0.028282
0.029839    0.111101    -0.034657
-0.012395    0.082874    -0.047834
-0.042294    0.091739    -0.023221
0.015297    0.101032    -0.044349
-0.035376    0.188889    0.025841
-0.039735    0.129141    0.020459
-0.023938    0.16745    0.036836
-0.021984    0.203371    0.038299
0.031447    0.314057    -0.000147
0.034969    0.178421    -0.02637
0.036751    0.197133    -0.024047
-0.018825    0.070041    -0.049637
-0.049957    0.057428    -0.030138
-0.047735    0.085097    0.011062
-0.038309    0.138847    0.022247
-0.013106    0.210092    0.041975
-0.011579    0.181621    0.042607
-0.009153    0.177584    0.042968
0.032627    0.314057    -0.021392
0.040006    0.19656    -0.017859
0.036863    0.126448    -0.025398
-0.034878    0.076452    -0.036971
-0.013764    0.063024    -0.054468
-0.036818    0.073768    -0.036796
-0.060065    0.051965    -0.004282
0.04502    0.056516    -0.037157
-0.026914    0.11763    0.03639
-0.003555    0.141123    0.043706
0.004812    0.248771    0.04354
0.015233    0.268745    0.045037
0.044583    0.271338    -0.016328
0.039908    0.149648    -0.018097
0.040865    0.075161    -0.03063
-0.026031    0.044141    -0.063177
0.008372    0.042943    -0.069096
-0.059341    0.050171    -0.018619
-0.052556    0.068636    0.011522
0.052937    0.040305    -0.049923
-0.031884    0.102388    0.03435
0.006556    0.156001    0.04331
0.019095    0.260331    0.039495
0.013231    0.205566    0.041923
0.045182    0.289792    -0.011136
0.043106    0.231652    -0.008114
0.046646    0.09003    -0.013258
-0.044135    0.033327    -0.066687
-0.026287    0.036811    -0.071468
0.010947    0.04236    -0.06938
-0.07114    0.030369    -0.043472
-0.070512    0.036398    -0.029736
-0.062765    0.048001    0.015457
0.068014    0.030441    -0.047421
-0.052136    0.059245    0.023791
-0.004621    0.115892    0.045146
0.018247    0.167461    0.039846
0.041319    0.282154    0.024077
0.046552    0.267588    -0.009844
0.043777    0.187783    -0.003019
0.047653    0.08655    -0.01033
-0.054909    0.026217    -0.066262
-0.029975    0.019775    -0.085224
0.011489    0.016753    -0.091466
0.02782    0.026389    -0.081436
-0.064472    0.029405    -0.053818
-0.084984    0.027073    -0.009035
-0.078595    0.033192    0.015274
0.066152    0.013597    -0.068035
0.080662    0.016379    -0.046708
-0.039443    0.063011    0.040074
0.011475    0.137395    0.042895
0.0227    0.201302    0.037786
0.043295    0.27421    0.019439
0.043927    0.169487    0.001875
0.043528    0.201886    0.004908
0.058917    0.053513    -0.008382
-0.062196    0.019805    -0.065954
-0.048148    0.007882    -0.086112
-0.019554    0.009153    -0.095416
0.00287    0.000988    -0.102997
0.040727    0.009696    -0.087903
0.047631    0.013375    -0.08243
-0.076595    0.005175    -0.064042
-0.099089    0.003404    -0.020454
-0.090969    0.018223    0.007898
-0.096269    0.005727    0.02731
0.078877    0.006664    -0.059468
-0.041542    0.057841    0.040841
-0.034569    0.058312    0.046122
-0.003039    0.082313    0.049134
0.027082    0.182004    0.034424
0.042468    0.264427    0.018196
0.043567    0.15005    0.00461
0.050807    0.075187    0.005239
0.081779    0.023973    -0.031119
-0.060922    -0.041707    -0.100261
-0.0312    -0.004238    -0.100972
-0.020454    -0.007815    -0.104539
0.023133    -0.023528    -0.10901
0.038893    -0.007177    -0.098754
0.074061    -0.019745    -0.081754
-0.086814    -0.005195    -0.060193
-0.10831    -0.033761    -0.036964
-0.105124    -0.018028    -0.032144
-0.105404    -0.005063    -0.007463
-0.099146    0.002861    0.022738
0.093624    -0.02618    -0.061809
0.085116    -0.017733    -0.068673
0.0971    -0.006892    -0.042658
-0.084927    0.005673    0.052648
-0.017083    0.067228    0.051546
0.037722    0.183717    0.022782
0.028986    0.139287    0.033104
0.036098    0.173867    0.024899
0.041185    0.217116    0.015015
0.044376    0.117363    0.009765
0.054654    0.064679    0.007405
0.086436    0.02215    -0.022661
-0.073844    -0.026229    -0.084408
-0.046655    -0.017606    -0.098974
-0.024834    -0.021788    -0.108252
-0.017252    -0.028062    -0.111176
0.014562    -0.044546    -0.116591
0.035922    -0.041565    -0.111313
0.059681    -0.032389    -0.097639
0.088871    -0.04161    -0.075718
-0.099095    -0.041875    -0.062527
-0.084263    -0.021394    -0.071615
-0.106911    -0.043524    -0.048108
-0.113868    -0.033928    -0.01048
-0.115658    -0.035911    0.001514
-0.104008    -0.020612    0.036892
0.093343    -0.009586    -0.053871
0.106416    -0.038636    -0.045416
0.105717    -0.011928    -0.021095
-0.088452    0.000328    0.053795
-0.032735    0.040665    0.064382
-0.000181    0.069634    0.053657
0.038277    0.142041    0.022034
0.037138    0.129681    0.02471
0.043634    0.10289    0.016431
0.070374    0.041816    0.007803
0.100822    0.001687    -0.01589
-0.068426    -0.055282    -0.096486
-0.063732    -0.44008    -0.100088
-0.076501    -0.059161    -0.09029
-0.064567    -0.297664    -0.099447
-0.06468    -0.206388    -0.099361
-0.074705    -0.081216    -0.091668
-0.065843    -0.198499    -0.098468
-0.060188    -0.308406    -0.102807
-0.059898    -0.066501    -0.103029
-0.070194    -0.288474    -0.095129
-0.064678    -0.145576    -0.099362
-0.059986    -0.504294    -0.102962
-0.079571    -0.08192    -0.087934
-0.051956    -0.071532    -0.106421
-0.031274    -0.443168    -0.114987
-0.048544    -0.096269    -0.107834
-0.034672    -0.066234    -0.11358
-0.031074    -0.313395    -0.11507
-0.035074    -0.436226    -0.113413
-0.048375    -0.174688    -0.107904
-0.051493    -0.089669    -0.106613
-0.033496    -0.117287    -0.114067
-0.035381    -0.076654    -0.113286
-0.03262    -0.311895    -0.11443
-0.037596    -0.093188    -0.112369
-0.03333    -0.340435    -0.114136
-0.044437    -0.273295    -0.109535
-0.007746    -0.363325    -0.118203
-0.000288    -0.304846    -0.119185
-0.028442    -0.058334    -0.115478
-0.027587    -0.071697    -0.115591
-0.011468    -0.262626    -0.117713
-0.002436    -0.074299    -0.118902
-0.000815    -0.064719    -0.119116
-0.019117    -0.098445    -0.116706
-0.02227    -0.188389    -0.116291
-0.015154    -0.115105    -0.117228
-0.019125    -0.190483    -0.116705
-0.002806    -0.077573    -0.118854
-0.019761    -0.14305    -0.116621
0.012264    -0.08614    -0.117608
0.024388    -0.228442    -0.116012
0.025187    -0.197716    -0.115907
0.021957    -0.096775    -0.116332
0.019568    -0.121864    -0.116646
0.028301    -0.371836    -0.115497
0.030552    -0.385272    -0.1152
0.030622    -0.131502    -0.115191
0.022596    -0.255636    -0.116248
0.023384    -0.381637    -0.116144
0.027755    -0.137555    -0.115568
0.024939    -0.398569    -0.115939
0.024036    -0.362576    -0.116058
0.02491    -0.221322    -0.115943
0.044789    -0.107448    -0.109389
0.048971    -0.132827    -0.107657
0.051048    -0.258119    -0.106797
0.047797    -0.124624    -0.108144
0.048673    -0.18977    -0.107781
0.053617    -0.105713    -0.105733
0.053188    -0.104451    -0.10591
0.055887    -0.188688    -0.104793
0.059182    -0.164061    -0.103428
0.058399    -0.133851    -0.103752
0.05577    -0.220899    -0.104841
0.055135    -0.052674    -0.105104
0.055688    -0.472555    -0.104875
0.078247    -0.071475    -0.08895
0.068829    -0.189444    -0.096176
0.07491    -0.312588    -0.091511
0.083641    -0.211188    -0.084811
0.081836    -0.153486    -0.086196
0.079192    -0.225787    -0.088225
0.077463    -0.054539    -0.089552
0.078528    -0.124895    -0.088734
0.077493    -0.401102    -0.089528
0.082251    -0.221506    -0.085878
0.072444    -0.288529    -0.093403
0.071334    -0.284484    -0.094255
0.07742    -0.19579    -0.089585
0.071331    -0.157437    -0.094257
0.085414    -0.106037    -0.082855
0.087443    -0.377392    -0.080211
0.095577    -0.062528    -0.069611
0.088048    -0.085824    -0.079422
0.08448    -0.155065    -0.084072
0.089079    -0.223822    -0.078079
0.084744    -0.330323    -0.083728
0.097622    -0.156765    -0.066945
0.095716    -0.144963    -0.06943
0.087425    -0.423214    -0.080234
0.086743    -0.4433    -0.081124
0.089671    -0.326017    -0.077307
0.089608    -0.082348    -0.077389
-0.091738    -0.142749    -0.074613
-0.095941    -0.058266    -0.069136
-0.091588    -0.128805    -0.07481
-0.102611    -0.295197    -0.060443
-0.099329    -0.19864    -0.064721
-0.102733    -0.231243    -0.060285
-0.093708    -0.215565    -0.072046
-0.088562    -0.06115    -0.078752
-0.102526    -0.454904    -0.060554
-0.098988    -0.118633    -0.065165
-0.099498    -0.439705    -0.0645
-0.09126    -0.121246    -0.075237
-0.096539    -0.317052    -0.068357
-0.100545    -0.446397    -0.063136
-0.114781    -0.095726    -0.031773
-0.113987    -0.314737    -0.033689
-0.114157    -0.397684    -0.033278
-0.112991    -0.137565    -0.036094
-0.110755    -0.27072    -0.041491
-0.110839    -0.227808    -0.041289
-0.111987    -0.142196    -0.038517
-0.109973    -0.140089    -0.043381
-0.11076    -0.14341    -0.041479
-0.111104    -0.325207    -0.040649
-0.112787    -0.145517    -0.036587
-0.111577    -0.317586    -0.039507
-0.106441    -0.153844    -0.051906
-0.115765    -0.067311    -0.026259
-0.118671    -0.253431    -0.004193
-0.118272    -0.327942    -0.00722
-0.117543    -0.075114    -0.01276
-0.118638    -0.311288    -0.004443
-0.117983    -0.070865    -0.009421
-0.119217    -0.5498    -4.5e-05
-0.116782    -0.065794    -0.018538
-0.117002    -0.155788    -0.016868
-0.117408    -0.314696    -0.013781
-0.117558    -0.308815    -0.012643
-0.117052    -0.170805    -0.016484
-0.118619    -0.070788    -0.004584
-0.118464    -0.178935    -0.005766
-0.107197    -0.018727    0.025707
-0.103457    -0.033741    0.048666
0.104855    -0.427546    -0.055736
0.10511    -0.282612    -0.055121
0.105592    -0.215386    -0.053957
0.105056    -0.295632    -0.05525
0.10469    -0.130433    -0.056133
0.111409    -0.140552    -0.039912
0.105837    -0.422149    -0.053365
0.109591    -0.109698    -0.044303
0.107718    -0.126994    -0.048824
0.103509    -0.048291    -0.058986
0.104488    -0.358331    -0.056622
0.109921    -0.090442    -0.043505
0.103759    -0.152798    -0.058382
0.105732    -0.067458    -0.05362
0.116786    -0.046228    -0.017002
-0.06275    0.014129    0.070208
-0.094067    -0.020551    0.058418
-0.026844    0.027099    0.081337
-0.00476    0.042884    0.069635
0.035643    0.113411    0.028319
0.046021    0.079417    0.018149
0.063978    0.044149    0.024076
-0.081166    -0.303637    -0.08671
-0.069541    -0.392682    -0.09563
-0.082043    -0.422706    -0.086037
-0.065336    -0.553112    -0.098857
-0.084094    -0.296174    -0.084464
-0.08348    -0.361792    -0.084935
-0.08257    -0.37223    -0.085633
-0.079838    -0.223665    -0.087729
-0.068603    -0.389687    -0.09635
-0.083398    -0.257306    -0.084997
-0.078932    -0.329247    -0.088425
-0.083932    -0.382569    -0.084588
-0.070413    -0.469225    -0.094961
-0.065332    -0.507337    -0.09886
-0.034611    -0.516791    -0.113605
-0.057792    -0.406546    -0.104003
-0.056193    -0.16179    -0.104666
-0.057848    -0.245149    -0.10398
-0.053135    -0.247865    -0.105932
-0.041572    -0.550855    -0.110722
-0.04972    -0.380595    -0.107347
-0.0548    -0.247667    -0.105243
-0.058726    -0.259995    -0.103617
-0.05513    -0.432485    -0.105106
-0.057068    -0.337154    -0.104303
-0.054342    -0.270838    -0.105433
-0.048886    -0.419026    -0.107692
-0.03064    -0.493089    -0.115189
-0.013669    -0.350565    -0.117423
-0.010106    -0.429511    -0.117892
-0.026266    -0.162366    -0.115765
-0.022382    -0.302156    -0.116276
-0.02089    -0.494754    -0.116472
-0.029277    -0.216687    -0.115368
-0.019934    -0.448094    -0.116598
-0.006328    -0.554247    -0.11839
-0.014171    -0.441088    -0.117357
-0.017553    -0.289769    -0.116912
-0.02646    -0.238293    -0.115739
-0.029058    -0.346611    -0.115397
-0.016359    -0.289577    -0.117069
0.004453    -0.126597    -0.118637
0.010987    -0.240568    -0.117776
0.007402    -0.398481    -0.118248
0.014597    -0.5088    -0.117301
0.002315    -0.41664    -0.118918
0.005845    -0.557446    -0.118453
0.005109    -0.415925    -0.11855
0.004008    -0.207659    -0.118695
0.00045    -0.123682    -0.119164
0.015864    -0.51492    -0.117134
0.009114    -0.441531    -0.118023
0.022258    -0.528152    -0.116292
0.007098    -0.315695    -0.118288
0.031677    -0.376747    -0.11482
0.033395    -0.163704    -0.114109
0.034215    -0.170175    -0.113769
0.045926    -0.468537    -0.108918
0.057054    -0.541183    -0.104309
0.038028    -0.263549    -0.11219
0.050183    -0.516822    -0.107155
0.041347    -0.461496    -0.110815
0.045455    -0.457947    -0.109114
0.033286    -0.424664    -0.114154
0.045416    -0.460518    -0.10913
0.034013    -0.230381    -0.113853
0.036776    -0.332491    -0.112708
0.036668    -0.205358    -0.112753
0.072449    -0.331985    -0.093399
0.063715    -0.43659    -0.100101
0.061627    -0.387801    -0.101703
0.063052    -0.389818    -0.10061
0.079032    -0.494855    -0.088348
0.069572    -0.53432    -0.095607
0.062959    -0.349169    -0.100681
0.060423    -0.304547    -0.102627
0.078233    -0.488702    -0.08896
0.066899    -0.377562    -0.097658
0.060435    -0.271509    -0.102618
0.078698    -0.552674    -0.088604
0.075707    -0.518007    -0.090899
0.100859    -0.355286    -0.062726
0.101183    -0.234462    -0.062304
0.099523    -0.476448    -0.064469
0.09341    -0.377483    -0.072435
0.098141    -0.387542    -0.066269
0.098712    -0.337322    -0.065525
0.096078    -0.262    -0.068957
0.100536    -0.198323    -0.063148
0.096569    -0.244666    -0.068317
0.088643    -0.468799    -0.078647
0.099006    -0.397448    -0.065141
0.101089    -0.49164    -0.062427
0.102776    -0.419759    -0.060229
0.101545    -0.153792    -0.061833
-0.084737    -0.250313    -0.083738
-0.093143    -0.372877    -0.072783
-0.091486    -0.544867    -0.074942
-0.091775    -0.422141    -0.074565
-0.10115    -0.538233    -0.062348
-0.093927    -0.372586    -0.071761
-0.09101    -0.37001    -0.075563
-0.090826    -0.382203    -0.075802
-0.096908    -0.446951    -0.067876
-0.097656    -0.478875    -0.066901
-0.086868    -0.266539    -0.08096
-0.099715    -0.474397    -0.064218
-0.094146    -0.452823    -0.071475
-0.110452    -0.394311    -0.042222
-0.105475    -0.339331    -0.054238
-0.108535    -0.369721    -0.046852
-0.110434    -0.535446    -0.042268
-0.103447    -0.247686    -0.059136
-0.105109    -0.153426    -0.055122
-0.110745    -0.523658    -0.041516
-0.105292    -0.244849    -0.054681
-0.1087    -0.503906    -0.046453
-0.105409    -0.320598    -0.0544
-0.103749    -0.380528    -0.058406
-0.106052    -0.254148    -0.052846
-0.107718    -0.439942    -0.048825
-0.105892    -0.275312    -0.053233
-0.1175    -0.349147    -0.013084
-0.115268    -0.4321    -0.030034
-0.115474    -0.465387    -0.028473
-0.11548    -0.288815    -0.028429
-0.116451    -0.288219    -0.021049
-0.117471    -0.443308    -0.013307
-0.116159    -0.445003    -0.023272
-0.115889    -0.519751    -0.025321
-0.117308    -0.387038    -0.014546
-0.116712    -0.414328    -0.019071
-0.117204    -0.358272    -0.015336
-0.115669    -0.257689    -0.026995
-0.117456    -0.436792    -0.013416
-0.117647    -0.34577    0.011968
-0.116108    -0.537969    0.023656
-0.119165    -0.314187    0.000439
-0.11686    -0.364791    0.017946
-0.117948    -0.232235    0.009682
-0.11582    -0.476998    0.025845
-0.118762    -0.41415    0.003502
-0.117871    -0.272987    0.010266
-0.117167    -0.426026    0.015617
-0.117597    -0.480043    0.012346
-0.118675    -0.144821    0.004159
-0.11612    -0.530861    0.023564
-0.11899    -0.454248    0.001772
-0.115613    -0.507728    0.027416
-0.116321    -0.208881    0.022039
-0.115818    -0.327449    0.025856
-0.117254    -0.285423    0.014952
-0.117147    -0.109354    0.015764
-0.115191    -0.239295    0.030618
-0.118011    -0.15927    0.009202
-0.116917    -0.134259    0.01751
-0.115632    -0.322286    0.02727
-0.115588    -0.127702    0.027603
-0.116626    -0.358614    0.019722
-0.116306    -0.275182    0.022151
-0.116777    -0.238412    0.018578
-0.118046    -0.127423    0.008941
-0.108578    -0.184007    0.046747
-0.104076    -0.109582    0.057616
-0.105258    -0.400199    0.054763
-0.109128    -0.221358    0.04542
-0.105212    -0.313797    0.054875
-0.107622    -0.343487    0.049055
-0.103935    -0.508003    0.057956
-0.110047    -0.21819    0.043201
-0.112106    -0.084712    0.038229
-0.106123    -0.055156    0.052675
-0.105513    -0.216312    0.054147
-0.103786    -0.524467    0.058316
-0.113372    -0.048544    0.035173
-0.110965    -0.091722    0.040984
0.10911    -0.468303    -0.045464
0.111742    -0.548768    -0.039109
0.10926    -0.527268    -0.045101
0.112156    -0.338828    -0.038109
0.111299    -0.262101    -0.040178
0.11172    -0.465207    -0.039163
0.113489    -0.326658    -0.034892
0.112378    -0.369115    -0.037573
0.11004    -0.286816    -0.043218
0.108011    -0.472574    -0.048117
0.10964    -0.555782    -0.044185
0.11389    -0.348986    -0.033924
0.114004    -0.196029    -0.033647
0.108029    -0.013407    0.006984
0.11591    -0.287308    -0.025164
0.11644    -0.132809    -0.021138
0.115343    -0.47404    -0.02947
0.116785    -0.221828    -0.018518
0.115507    -0.47206    -0.028225
0.115326    -0.076766    -0.029596
0.115742    -0.343544    -0.026435
0.117109    -0.147477    -0.016057
0.116102    -0.398338    -0.023703
0.116934    -0.146556    -0.017381
0.115349    -0.169984    -0.029424
0.115187    -0.404653    -0.030653
0.115438    -0.474895    -0.028746
0.117346    -0.185053    -0.014257
-0.049041    0.010489    0.083726
-0.087325    -0.031182    0.072519
-0.02742    -0.001588    0.101399
-0.00587    0.026537    0.085754
0.012978    0.046453    0.064744
0.018991    0.053246    0.056656
0.085772    0.015788    0.035465
0.097138    0.005389    0.025327
-0.068087    -0.560867    -0.096144
-0.038674    -0.577788    -0.108147
0.013435    -0.564412    -0.116336
0.048481    -0.573738    -0.104865
0.073574    -0.560813    -0.091946
0.088778    -0.575961    -0.073275
-0.098372    -0.564229    -0.064201
-0.114795    -0.579717    -0.004281
-0.116199    -0.559644    0.020971
-0.110487    -0.308826    0.042138
-0.114988    -0.199342    0.031273
-0.113039    -0.207377    0.035978
-0.112495    -0.472965    0.03729
-0.109587    -0.298593    0.044313
-0.109672    -0.287281    0.044106
-0.113281    -0.345939    0.035393
-0.104496    -0.523646    0.056603
-0.113712    -0.294229    0.034352
-0.106902    -0.413092    0.050794
-0.108449    -0.463196    0.047059
-0.112998    -0.325772    0.036077
-0.108069    -0.365673    0.047975
-0.107498    -0.378484    0.049354
-0.101132    -0.376056    0.062371
-0.099215    -0.460305    0.06487
-0.095168    -0.356983    0.070143
-0.102389    -0.315736    0.060733
-0.098024    -0.254193    0.066422
-0.098664    -0.409022    0.065587
-0.101361    -0.250793    0.062073
-0.094891    -0.525161    0.070505
-0.101375    -0.327392    0.062055
-0.093017    -0.488874    0.072947
-0.097052    -0.378648    0.067689
-0.088126    -0.459966    0.079321
-0.092056    -0.379799    0.074199
0.112197    -0.562826    -0.035851
0.115075    -0.037848    0.010455
0.118833    -0.403563    -0.00296
0.118282    -0.446872    -0.007147
0.118914    -0.540478    -0.002348
0.118275    -0.385736    -0.007198
0.116839    -0.480192    -0.018109
0.116617    -0.40181    -0.019788
0.115526    -0.549435    -0.028074
0.119021    -0.28808    -0.001532
0.117272    -0.341374    -0.014814
0.118895    -0.106554    -0.002494
0.118531    -0.32679    -0.005253
0.116883    -0.525456    -0.017774
0.116303    -0.492196    -0.022174
0.11749    -0.412179    -0.013164
-0.065354    -0.016571    0.087218
-0.089218    -0.141235    0.077898
-0.086428    -0.461396    0.081533
-0.088756    -0.061211    0.0785
-0.087341    -0.377069    0.080344
-0.086708    -0.243233    0.081169
-0.093916    -0.129488    0.071776
-0.088842    -0.402451    0.078388
-0.091477    -0.17926    0.074954
-0.08553    -0.13336    0.082704
-0.089795    -0.242002    0.077146
-0.099723    -0.090241    0.064207
-0.095871    -0.194062    0.069228
-0.097772    -0.130805    0.06675
-0.046833    -0.012874    0.097342
-0.011579    0.0046    0.099468
0.0003    -0.001837    0.105198
0.028725    0.062455    0.04857
0.063691    0.035351    0.04452
0.078893    0.019692    0.045402
-0.081053    -0.568125    -0.084568
-0.016188    -0.582725    -0.112687
0.017373    -0.582201    -0.112625
0.039405    -0.584093    -0.10663
0.067765    -0.571465    -0.094015
-0.086336    -0.586407    -0.073406
-0.106696    -0.579229    -0.041508
-0.114026    -0.577414    -0.013261
-0.112403    -0.58317    0.017742
-0.110432    -0.561745    0.040616
-0.089069    -0.567957    0.075235
0.112055    -0.574212    -0.0309
0.103373    -0.015788    0.034589
0.117883    -0.174667    0.010179
0.117882    -0.298624    0.010184
0.118611    -0.048584    0.004644
0.117018    -0.113208    0.016744
0.119066    -0.066689    0.001195
0.118987    -0.286196    0.001794
0.11831    -0.37857    0.006935
0.118684    -0.163614    0.004097
0.116535    -0.065791    0.020415
0.118438    -0.064631    0.005958
0.11883    -0.182604    0.002984
0.117589    -0.165218    0.012407
0.119162    -0.244663    0.000467
0.11498    -0.564329    -0.023848
-0.072005    -0.036073    0.089596
-0.06137    -0.047145    0.1019
-0.079557    -0.221262    0.087945
-0.078136    -0.256521    0.089035
-0.065614    -0.12829    0.098644
-0.069836    -0.192556    0.095404
-0.075974    -0.157354    0.090694
-0.076688    -0.382446    0.090146
-0.082356    -0.145214    0.085797
-0.069495    -0.149659    0.095665
-0.074178    -0.325345    0.092072
-0.070426    -0.10251    0.094951
-0.080644    -0.408058    0.08711
-0.082944    -0.34807    0.085346
-0.072337    -0.297086    0.093485
-0.046243    -0.046587    0.108692
-0.024659    -0.01435    0.105991
0.009375    0.002158    0.101369
0.026106    0.03838    0.069746
0.053586    0.042758    0.044815
-0.069763    -0.601186    -0.072512
-0.037705    -0.590939    -0.104204
-0.022221    -0.609551    -0.089121
0.022688    -0.589939    -0.109723
0.040928    -0.592176    -0.101471
0.087882    -0.593622    -0.062713
-0.077494    -0.610243    -0.047729
-0.100805    -0.59046    -0.047222
-0.098565    -0.602513    -0.006815
-0.112835    -0.589298    0.004183
-0.101178    -0.590934    0.045028
-0.075518    -0.569312    0.088549
0.10204    -0.596338    -0.028193
0.103201    -0.039005    0.053469
0.116042    -0.525398    0.024155
0.116458    -0.531346    0.021
0.115618    -0.472303    0.027381
0.11516    -0.092778    0.030854
0.117744    -0.439039    0.011232
0.116258    -0.464424    0.022516
0.116575    -0.519789    0.020107
0.116758    -0.536215    0.018721
0.118084    -0.503653    0.008648
0.11798    -0.517037    0.009438
0.115898    -0.532285    0.025255
0.116397    -0.500653    0.021465
0.116382    -0.308284    0.021576
0.115456    -0.464238    0.028612
0.113328    -0.580191    -0.014773
-0.063253    -0.34001    0.100456
-0.072343    -0.347405    0.09348
-0.060378    -0.487102    0.102662
-0.067513    -0.443749    0.097187
-0.070031    -0.429169    0.095254
-0.060913    -0.251364    0.102251
-0.065392    -0.194345    0.098814
-0.080181    -0.528759    0.087466
-0.076379    -0.474618    0.090383
-0.063901    -0.264639    0.099958
-0.070427    -0.427476    0.094951
-0.05993    -0.524931    0.103005
-0.072809    -0.495024    0.093123
-0.057662    -0.305268    0.104057
-0.05592    -0.304275    0.104779
-0.043611    -0.107649    0.109877
-0.045409    -0.270164    0.109132
-0.059107    -0.499312    0.103459
-0.052069    -0.128623    0.106374
-0.047995    -0.135254    0.108061
-0.054102    -0.097422    0.105532
-0.057459    -0.315354    0.104141
-0.053552    -0.305401    0.10576
-0.044715    -0.271139    0.10942
-0.056968    -0.471898    0.104345
-0.054962    -0.453234    0.105176
-0.056526    -0.46172    0.104528
-0.004354    -0.033381    0.114507
0.000325    -0.024001    0.112158
0.034433    0.022046    0.08177
0.044931    0.048126    0.046336
0.072257    0.016067    0.057997
-0.072403    -0.601525    -0.069325
-0.031492    -0.61033    -0.084854
0.012137    -0.607725    -0.092373
0.027405    -0.606852    -0.090479
0.072959    -0.602265    -0.06733
0.079723    -0.611782    -0.039912
-0.094558    -0.604324    -0.02276
-0.098103    -0.601378    0.019416
-0.087553    -0.600495    0.051348
-0.065538    -0.583283    0.093074
0.097021    -0.603274    -0.012448
0.099112    -0.039422    0.061277
0.113519    -0.059365    0.034819
0.112787    -0.444186    0.036586
0.111641    -0.075005    0.039353
0.104988    -0.109251    0.055415
0.114066    -0.231095    0.033499
0.112373    -0.307688    0.037586
0.112844    -0.178964    0.036448
0.113326    -0.478753    0.035285
0.114071    -0.388977    0.033487
0.109758    -0.13324    0.0439
0.107723    -0.087298    0.048813
0.11356    -0.102267    0.034721
0.110148    -0.107712    0.042956
0.116514    -0.5642    0.012376
0.115928    -0.570032    0.008874
0.109444    -0.590111    -0.023432
-0.045602    -0.360349    0.109052
-0.042101    -0.466712    0.110503
-0.03746    -0.328016    0.112425
-0.035059    -0.380252    0.113419
-0.046956    -0.438065    0.108492
-0.03152    -0.512625    0.114885
-0.036531    -0.532164    0.11281
-0.053364    -0.457313    0.105837
-0.041219    -0.274855    0.110868
-0.031267    -0.123088    0.11499
-0.037585    -0.17795    0.112373
-0.034688    -0.309397    0.113573
-0.049019    -0.524122    0.107637
-0.017512    -0.105027    0.116917
-0.017381    -0.272415    0.116934
-0.021735    -0.330304    0.116361
-0.014036    -0.169414    0.117375
-0.021882    -0.331321    0.116342
-0.023681    -0.163256    0.116105
-0.00723    -0.111752    0.118271
-0.022104    -0.048538    0.116313
-0.019527    -0.292696    0.116652
-0.008699    -0.156269    0.118078
-0.020567    -0.339171    0.116515
-0.030721    -0.256792    0.115178
-0.017073    -0.306177    0.116975
-0.022192    -0.21166    0.116301
0.006454    -0.037895    0.115616
0.046472    0.006832    0.08755
0.053506    0.00442    0.085301
-0.029473    -0.619788    -0.034989
-0.037635    -0.617149    -0.04878
-0.055735    -0.615896    -0.040978
-0.059105    -0.615073    -0.044727
-0.017572    -0.61896    -0.047593
-0.026896    -0.615846    -0.064043
-0.000528    -0.626472    -0.005398
0.005347    -0.615124    -0.073746
0.012458    -0.614749    -0.075088
0.010062    -0.622547    -0.027305
0.042367    -0.613215    -0.0748
0.047776    -0.615701    -0.051993
0.028164    -0.61995    -0.034763
0.065918    -0.613841    -0.048052
0.078393    -0.613501    -0.029192
0.071909    -0.614819    -0.024081
-0.069083    -0.61452    -0.035614
-0.059998    -0.616233    -0.03056
-0.081789    -0.613866    -0.002346
-0.055633    -0.618148    -0.003283
-0.083607    -0.613168    0.020786
-0.025126    -0.622955    0.008898
-0.073411    -0.613584    0.039904
-0.077454    -0.607881    0.051835
-0.070174    -0.593307    0.082573
-0.039895    -0.568004    0.109525
0.068545    -0.615912    -0.008481
0.089115    -0.042231    0.07571
0.110644    -0.470523    0.04176
0.110134    -0.442099    0.042992
0.107885    -0.533796    0.048422
0.112206    -0.553131    0.03799
0.112896    -0.526781    0.036323
0.108493    -0.425195    0.046953
0.107784    -0.357863    0.048664
0.106548    -0.49182    0.051648
0.109056    -0.471442    0.045594
0.109501    -0.375257    0.04452
0.105155    -0.287823    0.055012
0.107654    -0.460294    0.048979
0.109379    -0.44765    0.044814
0.107447    -0.296482    0.049477
0.108011    -0.586177    0.035103
0.108404    -0.592127    0.015194
-0.016764    -0.500372    0.117016
-0.002415    -0.166145    0.118905
-0.014678    -0.511664    0.11729
-0.022254    -0.533358    0.116293
-0.004646    -0.377078    0.118611
-0.000371    -0.394761    0.119174
-0.006198    -0.263309    0.118407
-0.00142    -0.16071    0.119036
-0.016309    -0.426157    0.117076
-0.003134    -0.39943    0.11881
-0.003004    -0.244208    0.118827
-0.009469    -0.324958    0.117976
-0.011621    -0.377545    0.117693
0.001147    -0.462156    0.119072
0.012607    -0.269348    0.117563
6.8e-05    -0.552701    0.119214
0.019201    -0.230659    0.116695
0.006129    -0.379551    0.118416
0.00391    -0.107374    0.118708
0.010746    -0.351781    0.117808
0.014929    -0.28069    0.117257
0.003671    -0.160125    0.11874
0.009915    -0.131024    0.117918
0.002315    -0.053181    0.118918
0.013518    -0.050175    0.117443
0.014108    -0.244204    0.117365
0.018007    -0.230968    0.116852
0.03074    -0.03985    0.112895
0.062383    -0.035527    0.09677
-0.014272    -0.624406    0.01076
-0.043927    -0.618391    0.031663
-0.03552    -0.573777    0.110226
0.049165    -0.619018    0.012264
0.070589    -0.615485    0.012662
0.083326    -0.044229    0.084037
0.102865    -0.217569    0.060113
0.096821    -0.275877    0.06799
0.097107    -0.213055    0.067617
0.100871    -0.416914    0.062712
0.103093    -0.516765    0.059815
0.090689    -0.181932    0.075981
0.10174    -0.391173    0.061578
0.092723    -0.193548    0.07333
0.096251    -0.108124    0.068733
0.097009    -0.32302    0.067744
0.099535    -0.157243    0.064452
0.09226    -0.085963    0.073934
0.090741    -0.16127    0.075913
0.11144    -0.562772    0.037704
0.103116    -0.593358    0.03373
0.090283    -0.60908    0.017164
-0.017507    -0.56406    0.115863
0.014462    -0.458796    0.117319
0.023901    -0.322065    0.116076
0.019616    -0.519148    0.11664
0.029663    -0.142087    0.115317
0.030249    -0.51341    0.11524
0.021929    -0.377939    0.116336
0.024745    -0.339653    0.115965
0.015987    -0.397073    0.117118
0.013552    -0.378804    0.117439
0.024573    -0.233912    0.115987
0.02592    -0.140708    0.11581
0.025526    -0.468831    0.115862
0.01286    -0.495027    0.11753
0.053037    -0.011325    0.094262
-0.048773    -0.615935    0.049458
-0.007907    -0.625149    0.010814
-0.044118    -0.604672    0.086022
0.081893    -0.613056    0.027746
0.042371    -0.619431    0.022753
0.071406    -0.067292    0.094199
0.063826    -0.420992    0.100016
0.063162    -0.316931    0.100525
0.061595    -0.429501    0.101728
0.068785    -0.198905    0.096211
0.060177    -0.091472    0.102815
0.062651    -0.150458    0.100917
0.069954    -0.268946    0.095313
0.076089    -0.076093    0.090606
0.064186    -0.19598    0.099739
0.064078    -0.396041    0.099822
0.071123    -0.127007    0.094417
0.062102    -0.288758    0.101338
0.085918    -0.331469    0.082198
0.091955    -0.359847    0.074331
0.086309    -0.316294    0.081688
0.096389    -0.419178    0.068553
0.086349    -0.234736    0.081636
0.096272    -0.48077    0.068705
0.094659    -0.344524    0.070807
0.085572    -0.181995    0.082649
0.091151    -0.277856    0.075378
0.092733    -0.287675    0.073317
0.086508    -0.528799    0.081429
0.093862    -0.47675    0.071846
0.097737    -0.522245    0.066795
0.089236    -0.374871    0.077874
0.090216    -0.576461    0.071256
-0.008414    -0.580724    0.11407
0.008615    -0.558884    0.117963
0.043151    -0.226085    0.110068
0.038366    -0.061035    0.11205
0.034027    -0.265492    0.113847
0.039584    -0.106107    0.111545
0.045977    -0.15769    0.108897
0.049567    -0.114252    0.10741
0.048077    -0.191733    0.108027
0.032662    -0.071045    0.114412
0.053812    -0.088356    0.105652
0.034489    -0.241785    0.113656
0.032968    -0.447179    0.114286
0.058079    -0.070902    0.103885
0.051159    -0.117525    0.106751
-0.027864    -0.616471    0.059567
-0.021652    -0.614099    0.077615
-0.032257    -0.596148    0.100572
0.034024    -0.620265    0.026015
0.073263    -0.435234    0.092775
0.069801    -0.551835    0.095431
0.070134    -0.447401    0.095176
0.064138    -0.549172    0.099777
0.070303    -0.370472    0.095046
0.077259    -0.393769    0.089708
0.077279    -0.335619    0.089693
0.07854    -0.298058    0.088725
0.077576    -0.390401    0.089465
0.081944    -0.111832    0.086113
0.078121    -0.224045    0.089047
0.083727    -0.443984    0.084745
0.067462    -0.552006    0.097226
0.082426    -0.488613    0.085743
0.055182    -0.553236    0.105085
0.057519    -0.314335    0.104116
0.055142    -0.297709    0.105101
0.034011    -0.511966    0.113854
0.059177    -0.47869    0.10343
0.036142    -0.479145    0.112971
0.043217    -0.500109    0.110041
0.0568    -0.11023    0.104415
0.055028    -0.213681    0.105148
0.053237    -0.464803    0.10589
0.055365    -0.515638    0.105009
0.053219    -0.346746    0.105898
0.047077    -0.353682    0.108442
0.089225    -0.569118    0.074693
0.088441    -0.598081    0.054334
-0.008558    -0.590293    0.111211
0.026892    -0.575487    0.112577
-0.001243    -0.624322    0.018373
-0.000773    -0.620093    0.044141
0.059973    -0.613342    0.060558
0.040907    -0.614742    0.064555
0.066593    -0.575637    0.093979
0.039641    -0.572561    0.108753
-0.015618    -0.610422    0.089073
0.017119    -0.606453    0.093057
0.00229    -0.623572    0.022795
0.002386    -0.613222    0.085697
0.069061    -0.598225    0.076951
0.010967    -0.623637    0.019818
0.039058    -0.614033    0.070835
0.05116    -0.575608    0.103395
0.032271    -0.612763    0.08178
0.042068    -0.607849    0.083278
