0.022544    0.289495    -0.004471
0.040461    0.276226    -0.001882
0.04147    0.248623    -0.011393
0.032787    0.270266    -0.028219
0.023222    0.280467    0.018794
-0.007923    0.297546    0.00274
0.043784    0.248815    0.001557
0.020241    0.242001    -0.039384
0.029137    0.200584    -0.025066
0.012081    0.288609    0.019683
0.036183    0.228308    0.014829
0.041691    0.260969    0.007982
-0.019792    0.276735    0.032538
0.021276    0.193075    -0.027197
0.006215    0.24815    -0.042603
-0.011805    0.242803    -0.042382
-0.004503    0.260852    0.039081
-0.020866    0.261539    0.039109
0.015558    0.216921    0.032481
-0.038613    0.276835    1e-06
0.024886    0.187182    0.012248
-0.030503    0.207451    -0.0258
-0.009701    0.194837    -0.035013
-0.035726    0.262595    -0.022494
-0.026123    0.260759    -0.038977
-0.029587    0.206565    0.022086
0.011356    0.182747    0.013593
-0.0344    0.250391    0.019739
0.027177    0.189525    0.014489
-0.037064    0.213811    -0.005054
-0.015277    0.190041    0.022124
-0.023154    0.185831    -0.008669
0.038076    0.113703    0.017219
0.029888    0.049421    0.028666
0.041259    0.11409    0.009673
-0.024583    0.01388    0.020977
0.0218    0.08621    0.034872
-0.031713    0.08361    0.02653
-0.041172    0.11155    0.009744
-0.022531    0.01388    0.015939
0.039087    0.02009    0.014778
-0.038596    0.043503    0.015963
-0.030344    0.063072    0.028314
0.049968    0.1314    0.001069
0.046239    0.139048    0.008481
0.002805    0.01388    0.010569
-0.01799    0.01388    0.034763
-0.040996    0.01388    0.003737
-0.009803    0.114    -0.007052
0.035577    0.143437    0.025547
-0.020198    0.03829    0.035658
0.0044    0.097468    0.040306
0.030568    0.01388    0.001881
0.048729    0.133597    -0.008519
-0.01952    0.122898    0.041667
-0.017222    0.089922    0.03689
0.002787    0.072603    0.040518
-0.027075    0.114    -0.021843
-0.038407    0.030071    -0.020466
-0.008245    0.120515    0.043709
-0.006106    0.07378    0.040081
0.042001    0.054669    -0.008914
-0.003162    0.114    -0.020676
0.0331    0.149826    -0.020958
-0.003302    0.129011    0.048777
0.005654    0.114    -0.025836
-0.033463    0.015882    -0.028295
0.038171    0.055526    -0.021037
0.03971    0.131532    -0.032235
0.00957    0.01388    -0.023524
0.006124    0.114    -0.034888
-0.028556    0.08291    -0.033734
0.030821    0.038501    -0.031738
-0.031886    0.127853    -0.041566
-0.008745    0.01388    -0.034782
0.014666    0.074959    -0.041995
-0.020793    0.031082    -0.039457
0.014654    0.067296    -0.041999
-0.011463    0.07585    -0.043321
0.002702    0.02684    -0.044576
-0.007589    0.051245    -0.043932
0.004526    0.091256    -0.044336
-0.000333    0.074425    -0.044888
0.070963    0.097552    0.023076
0.206442    0.097552    0.022973
0.186634    0.097552    0.030709
0.158069    0.097552    0.034365
0.059478    0.097552    0.016037
0.226565    -0.354953    0.026
0.226846    -0.332357    0.025261
0.227176    -0.044542    0.024392
0.224063    -0.061314    0.031898
0.224648    0.093081    0.030554
0.223991    -0.157435    0.032065
0.22241    -0.238917    0.035697
-0.070421    0.097552    0.018027
-0.034839    0.097552    0.024819
0.174974    0.097552    0.014461
0.228087    -0.458641    0.021993
0.229606    -0.354814    0.017991
0.229202    -0.27626    0.019053
0.225451    -0.378067    0.028709
0.225486    -0.123218    0.028627
0.225706    -0.50929    0.028123
0.225674    -0.42269    0.028195
0.221497    -0.357745    0.037795
0.21915    0.092827    0.043187
0.220581    0.048714    0.0399
-0.149723    0.097552    0.012304
-0.108438    0.097552    0.021691
-0.088879    0.097552    0.029802
0.205606    0.097552    0.045304
-0.05114    0.097552    0.031391
0.133669    0.097552    0.007203
0.231539    0.068298    0.01102
0.232096    -0.298263    0.008947
0.23216    -0.379611    0.00871
-0.042056    -0.524906    0.018015
-0.1536    -0.524906    0.018934
0.230243    -0.317084    0.015848
0.230898    -0.389373    0.013408
0.230997    -0.394771    0.013043
-0.049412    -0.524906    0.028224
-0.050639    -0.524906    0.029828
0.205204    -0.527853    0.033665
0.218303    -0.026342    0.045134
0.218984    -0.516256    0.043569
0.218153    -0.039766    0.045478
-0.078778    0.097552    0.003275
-0.230335    -0.196127    0.015508
-0.229887    -0.428714    0.017174
-0.231129    0.018147    0.01255
-0.229345    -0.082664    0.018678
-0.229111    0.079913    0.019295
-0.227099    0.083914    0.024594
-0.225588    -0.046148    0.028393
-0.224924    0.071481    0.02992
-0.224548    -0.168817    0.030783
-0.224004    0.085439    0.032033
0.082064    0.097552    0.004309
0.232972    -0.062202    0.002386
0.233274    0.065873    -0.000569
0.23277    0.008918    0.004367
-0.149795    -0.524906    0.015196
-0.179831    -0.524906    0.011447
-0.150074    -0.524906    0.024596
0.094653    -0.524906    0.025842
0.078375    -0.524906    0.024757
0.09276    -0.524906    0.009014
-0.011795    -0.524906    0.012124
-0.124629    -0.524906    0.031074
-0.139561    -0.524906    0.031991
-0.036984    -0.524906    0.032092
0.215335    -0.3797    0.052737
0.214345    -0.469581    0.055345
0.215711    -0.46199    0.051744
-0.029999    -0.524906    0.040386
-0.091462    -0.524906    0.036976
-0.039161    0.097552    -0.003279
-0.227139    0.097552    0.001475
-0.231513    -0.477962    0.011121
-0.23213    -0.523491    0.008824
-0.232208    0.028198    0.008535
-0.227614    -0.468442    0.023239
-0.226225    -0.27291    0.026898
-0.226702    -0.151038    0.02564
-0.222189    -0.203506    0.036205
-0.221923    -0.064913    0.036816
-0.224978    -0.469039    0.029796
0.187049    0.097552    -0.006028
-0.060698    0.097552    -0.003738
0.107155    0.097552    0.043953
-0.19247    0.097552    0.038103
0.233227    -0.208142    -0.000112
0.233422    -0.062638    -0.002021
0.232824    -0.283059    0.003842
-0.184627    -0.532129    0.020457
0.023772    -0.534632    0.015955
-0.029029    -0.534632    0.021838
-0.020589    -0.524906    0.004854
-0.032271    -0.524906    0.002605
-0.202618    -0.528593    0.029169
0.096043    -0.534632    0.030385
0.215167    -0.076531    0.053179
0.213977    -0.046585    0.056313
0.014224    -0.524906    0.047008
0.125778    -0.524906    0.046882
0.19824    -0.528009    0.048157
-0.162595    -0.524906    0.046021
-0.079014    -0.524906    0.044614
-0.075386    0.097552    -0.002206
-0.232866    0.055774    0.003426
-0.233392    -0.236105    -0.001737
-0.233114    -0.050974    0.00099
-0.232605    -0.370191    0.005989
-0.232625    -0.371026    0.005797
-0.232545    -0.000469    0.006578
-0.220534    -0.130361    0.040006
-0.221377    -0.23885    0.03807
-0.221044    -0.236364    0.038836
0.150354    0.097552    -0.010094
0.233054    -0.100325    -0.005629
0.233305    -0.102913    -0.003171
0.233006    -0.04293    -0.0061
-0.20809    0.097552    -0.014766
-0.073767    0.097552    0.052885
-0.034995    0.097552    0.050994
-0.065872    0.097552    0.050056
-0.21788    -0.389459    0.046104
-0.221044    0.027    0.038835
-0.217894    -0.38212    0.046073
0.019648    -0.524906    -0.001019
0.097357    -0.524906    0.003703
-0.17709    -0.533647    0.015932
-0.013949    -0.534632    0.011122
0.015533    -0.534632    0.017033
-0.100125    -0.534632    0.023722
-0.216231    -0.527629    0.006337
0.095078    -0.534632    0.009145
0.082298    -0.534632    0.032769
0.217273    0.088735    0.047632
0.200235    -0.172769    0.057754
0.213101    -0.207807    0.056422
0.193833    -0.062361    0.058417
0.19452    -0.08895    0.058346
0.206283    -0.032014    0.057128
0.184535    -0.101879    0.059379
0.204785    -0.377003    0.057283
0.192878    -0.097865    0.058516
-0.052089    -0.524906    0.051466
-0.201173    -0.524906    0.053393
-0.145211    -0.524906    0.052468
0.065169    -0.534632    0.039501
-0.029235    0.097552    -0.015929
-0.232844    -0.124779    -0.007689
-0.232941    -0.093555    -0.006738
-0.232812    -0.230269    -0.008002
-0.233209    -0.172877    -0.004101
-0.233304    -0.394406    -0.003173
-0.233109    -0.176122    -0.00509
0.233235    -0.475538    -0.003857
0.232677    -0.29142    -0.009329
0.23296    -0.47924    -0.006553
-0.08106    0.097552    -0.021632
-0.232144    -0.264265    -0.012818
-0.231254    -0.01008    -0.016132
-0.231639    -0.328154    -0.014699
-0.21451    0.048533    0.054909
0.17121    0.097552    0.054198
-0.017847    0.097552    0.053604
-0.215798    -0.027831    0.051517
-0.216463    -0.104584    0.049766
-0.214167    -0.050617    0.055814
-0.210437    -0.524906    -0.004538
-0.089696    -0.524906    -0.002714
0.208199    -0.529063    0.00076
-0.162017    -0.534632    0.004324
0.202406    -0.370014    0.057529
0.181223    -0.410193    0.059722
0.185203    -0.369467    0.05931
0.18211    -0.12255    0.05963
0.183448    -0.516036    0.059492
0.195965    -0.281087    0.058196
0.190131    -0.516    0.0588
0.180183    -0.424141    0.05983
0.190138    -0.466022    0.058799
-0.214016    -0.483953    0.056211
-0.21472    -0.325635    0.054357
-0.21748    -0.50958    0.047085
0.168696    -0.527718    0.055201
-0.11863    -0.534632    0.038483
-0.023637    0.097552    -0.022635
0.150333    0.097552    -0.021601
0.231064    0.089364    -0.016836
0.230816    -0.042941    -0.017763
0.231353    -0.11905    -0.015759
0.11688    -0.524906    -0.006721
0.052991    -0.524906    -0.008066
0.232046    -0.514587    -0.013179
0.231871    -0.304361    -0.013832
0.231787    -0.1102    -0.014146
-0.115981    0.097552    -0.022783
-0.231159    -0.522611    -0.016485
-0.230117    -0.40184    -0.020365
-0.231522    -0.433351    -0.015133
-0.105837    0.097552    0.057726
-0.025336    -0.534632    0.000673
0.177831    -0.534171    -0.002058
0.151997    -0.153589    0.063147
0.171279    -0.116897    0.060858
0.159073    -0.041195    0.062307
0.17156    -0.334574    0.060825
0.174557    -0.164197    0.060469
0.171105    -0.26351    0.060879
0.171945    -0.344365    0.060779
0.169399    -0.2327    0.061082
0.155785    -0.047474    0.062697
-0.080064    -0.524906    0.058167
-0.211483    -0.140566    0.056589
-0.194095    -0.349382    0.05839
-0.209631    -0.204134    0.056781
-0.201926    -0.303265    0.057579
-0.205933    -0.294144    0.057164
-0.20446    -0.428552    0.057317
-0.208097    -0.242553    0.05694
-0.185526    -0.501589    0.059277
-0.15771    -0.532581    0.046273
-0.17375    -0.534592    -0.012345
0.210587    0.097552    -0.024749
0.228836    -0.278105    -0.024064
0.227624    0.093584    -0.027258
0.229496    -0.131206    -0.022326
-0.196651    -0.524906    -0.014157
-0.099524    -0.524906    -0.016581
0.171818    -0.524906    -0.013698
0.090484    -0.524906    -0.016092
0.190284    -0.531614    -0.017787
-0.227272    -0.218613    -0.028184
-0.227927    -0.022679    -0.026459
-0.226412    -0.197964    -0.030451
-0.226433    0.026668    -0.030394
-0.228239    -0.321596    -0.025637
-0.22922    -0.395824    -0.023053
-0.227779    -0.345941    -0.026848
-0.179595    -0.424465    0.059891
-0.179267    -0.255896    0.059925
-0.188172    -0.258803    0.059003
-0.186589    -0.336878    0.059167
-0.183881    -0.375641    0.059447
-0.180276    -0.27121    0.05982
-0.195308    -0.080921    0.058264
-0.202328    -0.163681    0.057537
-0.191071    -0.207245    0.058703
0.023884    -0.534632    -0.00382
0.163604    -0.534632    -0.00822
-0.106804    0.097552    0.060848
0.156589    -0.502548    0.062602
0.144145    -0.227873    0.064079
0.156787    -0.413119    0.062579
0.156366    -0.433712    0.062629
0.143827    -0.159896    0.064117
0.159428    -0.414724    0.062265
0.168267    -0.512352    0.061216
0.153947    -0.38188    0.062916
0.108737    0.097552    0.063431
0.014506    -0.524906    0.061976
-0.011982    -0.534632    0.045926
-0.04001    -0.534632    -0.013432
0.1045    0.097552    -0.028323
0.226835    -0.393403    -0.029337
0.228794    -0.487793    -0.024175
0.227495    -0.193214    -0.027597
0.034557    -0.534632    -0.014406
0.14853    -0.524906    -0.021573
-0.220759    -0.524906    -0.022739
-0.180333    -0.524906    -0.023354
-0.100089    0.097552    -0.03249
-0.224249    -0.206246    -0.035517
-0.22446    -0.39457    -0.035031
-0.224296    -0.317444    -0.035409
-0.163334    -0.281022    0.061801
-0.170502    -0.495558    0.060951
-0.154492    -0.483006    0.062851
-0.173621    -0.446893    0.06058
-0.160736    -0.289958    0.06211
-0.171169    -0.459604    0.060871
-0.176852    -0.371156    0.060197
-0.177153    -0.151066    0.060161
-0.170978    -0.461028    0.060894
0.126692    -0.03737    0.066151
0.141192    -0.415218    0.06443
0.140863    -0.443911    0.064469
0.141691    -0.192052    0.06437
0.140751    -0.461305    0.064482
0.130312    -0.050664    0.065721
0.140494    -0.038734    0.064513
0.138081    -0.311557    0.064799
-0.037569    0.097552    0.065388
-0.022033    -0.524906    0.062338
0.01527    0.097552    -0.035854
-0.008079    -0.524906    -0.030175
0.093859    -0.524906    -0.026774
0.208684    -0.528071    -0.026313
0.223477    0.045905    -0.037292
0.225462    -0.136215    -0.032729
0.223387    0.082242    -0.037497
-0.126075    -0.534632    -0.020677
-0.00921    -0.534632    -0.023551
-0.203831    0.097552    -0.033152
-0.224152    -0.187351    -0.035739
-0.222655    -0.063824    -0.039181
-0.223004    -0.10867    -0.038378
-0.223562    -0.203718    -0.037096
-0.220665    -0.524906    -0.034588
-0.22155    -0.524906    -0.040747
-0.17084    -0.043798    0.06091
-0.156666    -0.254967    0.062593
-0.153318    -0.296041    0.06299
-0.15092    -0.190589    0.063275
-0.158293    -0.208742    0.0624
-0.150183    -0.389272    0.063362
-0.156418    -0.102545    0.062622
-0.15007    -0.051195    0.063376
-0.160991    -0.210435    0.06208
0.107692    -0.507098    0.068406
0.108857    -0.137836    0.068268
0.111956    -0.104428    0.0679
0.134806    -0.439442    0.065188
0.12752    -0.421379    0.066053
0.117268    -0.197879    0.067269
0.108591    -0.177627    0.068299
0.109842    -0.312437    0.068151
0.136116    -0.442356    0.065032
0.095334    -0.524906    0.067641
0.050347    -0.534632    0.048565
0.213742    -0.526988    -0.030289
0.223588    -0.505941    -0.037035
0.22302    -0.100131    -0.038342
0.222082    -0.025085    -0.040498
-0.06885    -0.534632    -0.027934
-0.059262    0.097552    -0.042499
-0.21865    0.044798    -0.048382
-0.22148    -0.284129    -0.041881
-0.221627    -0.21326    -0.041542
0.061258    -0.524906    -0.040166
-0.001629    -0.524906    -0.039158
-0.119118    -0.446534    0.06705
-0.138    -0.252848    0.064809
-0.113716    -0.466264    0.067691
-0.13642    -0.287549    0.064996
-0.11582    -0.467608    0.067441
-0.120299    -0.422055    0.06691
-0.128253    -0.398811    0.065965
-0.120939    -0.466579    0.066834
-0.133449    -0.387555    0.065349
0.098729    -0.391871    0.069345
0.09189    -0.135275    0.070053
0.092173    -0.113711    0.070023
0.105318    -0.404537    0.068663
0.087887    -0.24377    0.070467
0.096524    -0.225933    0.069573
0.091928    -0.167896    0.070049
0.104873    -0.13132    0.068709
0.090451    -0.064555    0.070202
0.091056    -0.528058    0.063528
0.197065    -0.529427    -0.034214
0.029724    -0.534632    -0.027768
0.2195    -0.330458    -0.04643
0.217836    -0.512132    -0.050254
0.221583    -0.270982    -0.041644
-0.218479    -0.242464    -0.048777
-0.218013    -0.143337    -0.049847
-0.219058    -0.155215    -0.047445
-0.165363    0.097552    -0.042214
0.03257    0.097552    -0.04721
0.02124    -0.524906    -0.041129
-0.095447    -0.524906    -0.044933
-0.158549    -0.524906    -0.046459
0.015965    -0.534632    -0.032099
-0.108504    -0.06123    0.06831
-0.108573    -0.440843    0.068302
-0.131896    -0.095393    0.065533
-0.116573    -0.234992    0.067352
-0.126665    -0.227934    0.066154
-0.110256    -0.176785    0.068102
-0.112235    -0.060517    0.067867
-0.109725    -0.428935    0.068165
-0.111957    -0.423539    0.0679
0.079656    -0.447746    0.071319
0.094913    -0.446222    0.06974
0.093057    -0.502873    0.069932
0.075625    -0.214475    0.071737
0.098068    -0.405643    0.069413
0.089933    -0.492138    0.070255
0.079637    -0.298547    0.071321
0.079234    -0.300537    0.071363
0.072776    -0.12008    0.072032
0.082712    -0.527075    0.066453
0.219744    0.096639    -0.045868
0.218262    0.017187    -0.049275
0.221302    0.036936    -0.042291
0.157479    -0.524906    -0.04982
0.215441    -0.524906    -0.049379
0.213172    -0.525878    -0.047265
-0.216252    -0.485384    -0.054367
-0.21596    -0.243868    -0.055137
-0.217164    -0.21899    -0.051965
0.056317    0.097552    -0.053176
-0.000395    0.097552    -0.053987
0.135617    -0.534632    -0.035118
-0.089523    -0.314489    0.070298
-0.105103    -0.305097    0.068685
-0.099072    -0.364053    0.069309
-0.103769    -0.213259    0.068823
-0.092582    -0.45917    0.069981
-0.102373    -0.432542    0.068968
-0.08601    -0.337068    0.070661
-0.106571    -0.111669    0.068533
-0.102758    -0.216434    0.068928
0.060146    -0.260973    0.073
0.060714    -0.315331    0.072959
0.067122    -0.365031    0.07249
0.047393    -0.467011    0.073934
0.060639    -0.504082    0.072964
0.069817    -0.181165    0.072292
0.040696    -0.496308    0.074424
0.052901    -0.457027    0.073531
0.046636    -0.41523    0.073989
0.050762    -0.531453    0.060321
0.178134    0.097552    -0.045401
0.214616    0.071043    -0.058678
0.215261    -0.086003    -0.056979
0.217417    -0.056548    -0.051298
-0.149602    -0.524906    -0.057098
0.08081    -0.524906    -0.051101
-0.214015    -0.067411    -0.060259
-0.214652    -0.132331    -0.058583
-0.214502    0.070685    -0.058978
-0.208714    -0.526203    -0.053479
-0.022417    0.097552    -0.055452
0.059246    0.097552    -0.058353
-0.035867    -0.534632    -0.038832
-0.090009    -0.051497    0.070247
-0.075769    -0.105173    0.071722
-0.073309    -0.284962    0.071976
-0.082865    -0.227757    0.070987
-0.074313    -0.320157    0.071872
-0.073446    -0.225232    0.071962
-0.072621    -0.122819    0.072048
-0.071739    -0.322011    0.072139
-0.073646    -0.526019    0.069606
0.055411    -0.078777    0.073347
0.036927    -0.147377    0.0747
0.066412    -0.035884    0.072542
0.036756    -0.257575    0.074713
0.04269    -0.069614    0.074278
0.040983    -0.153345    0.074403
0.048693    -0.177764    0.073839
0.046052    -0.035505    0.074032
0.037545    -0.526795    0.070799
0.215444    -0.451085    -0.056495
0.214031    -0.144796    -0.060217
0.21615    -0.288806    -0.054635
0.055819    -0.524906    -0.060004
0.081833    -0.524906    -0.057683
0.037937    -0.534632    -0.044319
0.103478    -0.534632    -0.04402
-0.212362    -0.340337    -0.060545
-0.206047    -0.137061    -0.061199
-0.203076    -0.38296    -0.061507
-0.208966    -0.106197    -0.060897
-0.213867    -0.140151    -0.06039
-0.195114    -0.36738    -0.062331
-0.212385    -0.241894    -0.060543
-0.189974    -0.366787    -0.062863
-0.210631    0.003976    -0.060725
-0.193692    -0.393325    -0.062478
-0.164325    -0.533581    -0.047568
-0.054708    -0.032923    0.073399
-0.05609    -0.202721    0.073297
-0.069606    -0.286863    0.072308
-0.068508    -0.4529    0.072388
-0.055686    -0.1859    0.073327
-0.047556    -0.114252    0.073922
-0.070007    -0.385769    0.072278
-0.065194    -0.294951    0.072631
-0.052323    -0.084659    0.073573
0.01107    -0.11587    0.075476
0.015319    -0.046665    0.075358
0.035456    -0.126993    0.074799
0.032785    -0.138354    0.074873
0.034481    -0.208922    0.074826
0.01953    -0.150268    0.075241
0.029709    -0.081449    0.074958
0.01923    -0.032881    0.07525
0.019206    -0.165045    0.07525
0.204461    -0.201261    -0.061363
0.213667    -0.109703    -0.06041
0.195937    -0.284503    -0.062246
0.198723    -0.327297    -0.061958
0.211003    -0.206618    -0.060686
0.181002    -0.480063    -0.063792
0.190786    -0.340051    -0.062779
0.202787    -0.360918    -0.061537
0.195843    -0.305248    -0.062256
0.203207    -0.411742    -0.061493
0.211514    -0.139541    -0.060633
0.001833    -0.524906    -0.06221
-0.192362    0.054802    -0.062616
-0.204913    0.094276    -0.061317
-0.184452    -0.254435    -0.063435
-0.19132    -0.003687    -0.062724
-0.18161    -0.296455    -0.063729
-0.19991    -0.030956    -0.061835
-0.186452    -0.186273    -0.063228
-0.183711    -0.005058    -0.063512
-0.199226    0.087556    -0.061905
-0.201253    0.072796    -0.061696
-0.203325    -0.055088    -0.061481
-0.195464    -0.526745    -0.05849
0.199866    -0.104289    -0.061839
0.195042    -0.218212    -0.062339
0.187305    -0.323033    -0.06314
0.188114    0.057569    -0.063056
0.196057    0.066935    -0.062234
0.203031    -0.000659    -0.061512
0.180282    -0.395995    -0.063867
0.178776    -0.136449    -0.064023
0.178309    -0.130176    -0.064071
0.194427    -0.041454    -0.062402
0.204923    -0.01365    -0.061316
-0.054316    -0.502753    0.073427
-0.061182    -0.399209    0.072925
-0.047099    -0.483449    0.073956
-0.043118    -0.519857    0.074247
-0.038892    -0.514935    0.074557
-0.052919    -0.324602    0.073529
-0.044247    -0.212956    0.074164
-0.048331    -0.292727    0.073865
-0.043283    -0.282214    0.074235
0.005767    -0.49243    0.075624
0.031388    -0.471444    0.074912
0.011751    -0.234559    0.075457
0.003501    -0.173325    0.075687
0.009476    -0.281576    0.075521
0.009017    -0.511939    0.075533
0.022184    -0.473767    0.075168
0.001117    -0.262722    0.075753
0.004339    -0.454262    0.075663
0.158594    -0.524906    -0.061051
-0.178081    -0.517786    -0.064098
-0.177943    -0.201852    -0.064114
-0.173478    0.0427    -0.064644
-0.151172    0.023533    -0.067291
-0.159566    -0.190311    -0.066295
-0.166358    -0.141762    -0.065489
-0.17447    -0.025363    -0.064526
-0.170413    -0.023378    -0.065008
-0.158458    -0.026078    -0.066427
-0.176163    0.00467    -0.064326
-0.175078    -0.017358    -0.064454
0.114586    0.097552    -0.064474
0.17107    -0.071487    -0.06493
0.169408    -0.106283    -0.065127
0.158428    -0.350492    -0.06643
0.167934    -0.270905    -0.065302
0.167302    -0.344445    -0.065377
0.175999    -0.229004    -0.064345
0.174374    -0.29103    -0.064538
0.150685    -0.407681    -0.067349
0.167322    -0.339006    -0.065375
0.172649    -0.244951    -0.064743
0.1733    -0.075813    -0.064665
-0.023257    -0.444633    0.075138
-0.034668    -0.446228    0.074821
-0.01745    -0.466618    0.075299
-0.017429    -0.470373    0.0753
-0.027837    -0.43714    0.07501
-0.016026    -0.322059    0.075339
-0.029736    -0.246811    0.074958
-0.032442    -0.463673    0.074882
-0.012198    -0.366595    0.075445
-0.011545    -0.313226    0.075463
-0.003426    -0.291142    0.075689
-0.015869    -0.288405    0.075343
-0.020547    -0.211581    0.075213
-0.000997    -0.132134    0.075756
-0.020295    -0.168162    0.07522
-0.025855    -0.163249    0.075066
-0.003188    -0.317882    0.075695
-0.002013    -0.525205    0.07513
0.140976    -0.530054    -0.057491
-0.169933    -0.404796    -0.065065
-0.156242    -0.156896    -0.06669
-0.154494    -0.159467    -0.066897
-0.163927    -0.489855    -0.065778
-0.146314    -0.042362    -0.067868
-0.148833    -0.244987    -0.067569
-0.145186    -0.24115    -0.068002
-0.152568    -0.434083    -0.067126
-0.175349    -0.517351    -0.064422
-0.158777    -0.496007    -0.066389
-0.163738    -0.402923    -0.0658
0.071974    0.097552    -0.068011
0.164119    -0.143677    -0.065755
0.151963    0.094979    -0.067197
0.149885    -0.306953    -0.067444
0.144546    -0.111989    -0.068078
0.148971    -0.253712    -0.067552
0.150519    -0.247527    -0.067369
0.145836    0.090314    -0.067925
0.144622    -0.080757    -0.068069
0.167097    0.036479    -0.065401
0.151898    -0.301526    -0.067205
0.152934    -0.168319    -0.067082
0.145011    -0.525302    -0.067176
-0.131695    -0.028954    -0.069603
-0.142169    -0.474358    -0.06836
-0.135181    0.02424    -0.069189
-0.130468    -0.22143    -0.069748
-0.119101    0.023441    -0.071098
-0.142489    -0.150801    -0.068322
-0.142087    -0.470495    -0.068369
-0.126795    -0.064377    -0.070185
-0.137395    -0.383371    -0.068926
-0.1192    0.0176    -0.071086
-0.13731    -0.338917    -0.068936
-0.108679    -0.533347    -0.054281
0.137756    -0.185377    -0.068884
0.113296    -0.487999    -0.071787
0.140804    -0.266213    -0.068522
0.132408    -0.147915    -0.069518
0.115548    -0.408945    -0.07152
0.135432    -0.111319    -0.069159
0.138177    -0.407687    -0.068834
0.131436    -0.3101    -0.069634
0.138885    0.015805    -0.068749
0.13886    -0.035261    -0.068752
0.128348    -0.220275    -0.07
-0.022714    -0.534632    -0.05299
-0.127446    -0.430299    -0.070107
-0.11559    -0.065791    -0.071515
-0.114223    -0.269426    -0.071677
-0.119667    -0.362718    -0.071031
-0.110388    -0.306141    -0.072132
-0.116204    -0.523608    -0.071442
-0.123923    -0.37271    -0.070525
-0.115776    -0.166323    -0.071493
-0.113821    -0.107616    -0.071725
-0.10753    -0.244773    -0.072471
-0.109861    -0.027452    -0.072195
0.110622    -0.314265    -0.072104
0.118127    -0.03262    -0.071213
0.12318    0.015992    -0.070614
0.126515    -0.137882    -0.070218
0.111917    -0.322941    -0.071951
0.120098    0.077485    -0.07098
0.111189    -0.132046    -0.072037
0.117593    -0.254327    -0.071277
0.107051    0.050794    -0.072528
0.122652    0.055101    -0.070676
0.131947    -0.069654    -0.069573
0.083488    -0.524906    -0.069781
-0.106097    -0.218219    -0.072628
-0.106652    -0.229038    -0.07257
-0.084197    0.088035    -0.074895
-0.101591    -0.113387    -0.073094
-0.084512    -0.028477    -0.074863
-0.106843    -0.048536    -0.072551
-0.102713    -0.117585    -0.072978
-0.09365    0.030246    -0.073916
-0.086491    0.060621    -0.074658
-0.106269    -0.037905    -0.07261
-0.10079    -0.366043    -0.073177
0.066702    0.097552    -0.073032
0.102185    -0.063407    -0.073033
0.095997    -0.517142    -0.073674
0.08996    -0.373789    -0.074299
0.105458    -0.02557    -0.072694
0.100105    -0.386421    -0.073248
0.100874    -0.108199    -0.073169
0.089802    -0.389065    -0.074315
0.097682    -0.227753    -0.073499
0.088003    -0.311607    -0.074501
0.102841    -0.405546    -0.072965
-0.08605    -0.528934    -0.066255
-0.02665    -0.534632    -0.055182
-0.091719    -0.288828    -0.074116
-0.089852    -0.452248    -0.07431
-0.087469    -0.440151    -0.074556
-0.087856    -0.277795    -0.074516
-0.096173    -0.517832    -0.073655
-0.07273    -0.024359    -0.076082
-0.080392    -0.282946    -0.075289
-0.088253    -0.244937    -0.074475
-0.079857    -0.059561    -0.075344
-0.079693    -0.231298    -0.075361
0.044141    0.097552    -0.075736
0.076099    -0.01728    -0.075734
0.081476    -0.203302    -0.075177
0.074466    -0.42215    -0.075903
0.088739    0.075721    -0.074425
0.084822    -0.024459    -0.07483
0.082376    -0.103014    -0.075084
0.097633    0.092635    -0.073504
0.08176    -0.092477    -0.075147
0.079434    -0.364756    -0.075388
0.091122    -0.065497    -0.074178
0.020003    -0.524906    -0.074769
0.029784    -0.534632    -0.05721
-0.064969    0.036962    -0.076693
-0.065727    -0.164517    -0.076638
-0.058891    -0.299767    -0.077139
-0.055057    0.057025    -0.077419
-0.064092    -0.33951    -0.076758
-0.052105    -0.019131    -0.077636
-0.047822    0.013522    -0.077949
-0.068532    -0.286627    -0.076432
-0.062581    -0.243125    -0.076868
-0.062561    -0.061991    -0.07687
0.01239    0.097552    -0.076551
0.053682    -0.303951    -0.07752
0.070174    -0.227009    -0.076312
0.048078    -0.505481    -0.077931
0.04674    -0.477943    -0.078029
0.043875    -0.40629    -0.078238
0.059548    -0.309819    -0.07709
0.041928    -0.437797    -0.078381
0.058484    -0.290913    -0.077168
0.065436    -0.289058    -0.076659
0.064221    -0.420023    -0.076748
0.048214    -0.53357    -0.060231
-0.052478    -0.366545    -0.077608
-0.052709    -0.342047    -0.077591
-0.056199    -0.301589    -0.077336
-0.052721    -0.357924    -0.07759
-0.042518    -0.215651    -0.078338
-0.059112    -0.444045    -0.077122
-0.043462    -0.132076    -0.078269
-0.051486    -0.283568    -0.077681
-0.044149    -0.376088    -0.078218
-0.044824    -0.353014    -0.078169
-0.059208    -0.373954    -0.077115
0.045568    -0.244824    -0.078114
0.037035    -0.176785    -0.078739
0.040612    -0.083268    -0.078477
0.038046    0.026066    -0.078665
0.03765    -0.434454    -0.078694
0.047345    -0.284333    -0.077984
0.043911    -0.232947    -0.078236
0.044586    -0.069545    -0.078186
0.053606    0.071049    -0.077526
0.036169    -0.285603    -0.078803
0.03903    -0.080286    -0.078593
-0.037937    -0.531999    -0.064192
-0.019086    -0.232202    -0.0793
-0.022415    0.080819    -0.079208
-0.016449    -0.181505    -0.079373
-0.016092    0.040934    -0.079383
-0.024233    -0.067365    -0.079157
-0.025614    -0.057707    -0.079119
-0.032989    -0.008869    -0.078914
-0.029443    -0.059939    -0.079013
-0.031512    -0.035291    -0.078955
-0.022459    0.027932    -0.079207
0.029362    -0.030215    -0.079015
0.007182    -0.404659    -0.079631
0.028327    -0.263305    -0.079044
0.020034    -0.457671    -0.079274
0.008156    -0.445527    -0.079604
0.029516    -0.093217    -0.079011
0.015102    -0.338176    -0.079411
0.032395    -0.044377    -0.078931
0.01646    -0.495046    -0.079373
0.014351    -0.307526    -0.079432
0.019855    -0.265729    -0.079279
0.014171    -0.533547    -0.062154
-0.013242    -0.206971    -0.079462
-0.015843    -0.304096    -0.07939
-0.025612    -0.512222    -0.079119
-0.021401    -0.521621    -0.079236
-0.0001    -0.005951    -0.079827
-0.00241    -0.495073    -0.079763
-0.006655    -0.226876    -0.079645
-0.019499    -0.390976    -0.079289
-0.009656    -0.276195    -0.079562
-0.025048    -0.423883    -0.079135
-0.003253    -0.038986    -0.07974
0.007413    -0.059912    -0.079624
0.013882    -0.263913    -0.079445
0.013798    -0.243033    -0.079447
0.025254    0.093814    -0.079129
0.007252    -0.147552    -0.079629
0.009286    -0.333653    -0.079572
0.00279    -0.458385    -0.079753
0.000778    -0.397918    -0.079808
0.027595    -0.006104    -0.079064
0.000958    0.055297    -0.079803
0.002021    -0.525462    -0.078662
0.03258    0.157973    0.016654
0.0058    0.143195    0.010376
0.048334    0.170265    0.00681
-0.02441    0.153857    0.015411
-0.009137    0.142605    -0.008137
0.061332    0.232597    -0.007749
0.061777    0.234913    -0.003166
0.061313    0.232499    -0.005806
-0.008457    0.142886    0.008386
0.010946    0.176194    0.049973
0.018875    0.181656    0.046606
0.046196    0.178617    0.030159
0.026085    0.225829    0.052236
0.064843    0.265508    0.00787
0.049844    0.238249    0.0316
0.043736    0.220835    0.040742
0.052213    0.200518    0.024382
0.048093    0.21232    -0.036539
0.047163    0.261927    -0.042245
0.047871    0.276751    -0.042241
0.063349    0.272372    -0.015071
-0.015881    0.21591    0.055928
-0.02328    0.242183    0.057481
-0.022472    0.172493    0.042498
-0.010152    0.182414    0.051811
0.030521    0.272177    0.059355
0.002977    0.211434    0.056848
-0.006399    0.217856    0.057113
-0.010762    0.245073    0.058236
0.043126    0.299465    0.0172
0.024068    0.196686    -0.050986
0.018826    0.195025    -0.053644
0.025596    0.217766    -0.054777
0.021936    0.185196    -0.04967
0.041506    0.289614    -0.04538
-0.066451    0.2601    0.004639
-0.04647    0.270873    0.040135
-0.058264    0.260313    0.018836
-0.043383    0.24161    0.043067
0.018077    0.289706    0.055501
0.00911    0.308419    0.035244
-0.024563    0.156042    -0.022603
0.007891    0.157746    -0.03475
0.013374    0.252878    -0.062604
0.001099    0.220253    -0.061258
-0.022148    0.280357    -0.063738
-0.010855    0.220361    -0.061262
0.045551    0.305257    -0.004506
0.02423    0.301102    -0.047211
-0.052241    0.185246    -0.004143
-0.058263    0.216609    -0.004815
-0.055444    0.201926    0.009135
-0.046166    0.29437    0.022965
0.00583    0.313774    0.029447
0.030027    0.316421    0.001664
-0.014947    0.190509    -0.054883
-0.041501    0.189686    -0.03937
-0.032578    0.271478    -0.062653
-0.03804    0.187366    -0.040854
0.014156    0.291524    -0.057579
0.010038    0.324868    -0.016193
-0.048586    0.269217    -0.04038
-0.05514    0.254325    -0.027799
-0.054162    0.213646    -0.026138
-0.045407    0.231547    -0.042777
-0.059611    0.294858    -0.00138
-0.038844    0.298945    -0.029788
-0.025195    0.304807    -0.040739
-0.027576    0.315637    -0.012197
-0.03258    0.309926    -0.016862
-0.007438    0.327113    0.010232
0.193679    0.088469    0.058433
0.180849    0.033724    0.059761
0.195029    0.065864    0.058293
0.204772    -0.001592    0.057284
-0.20648    0.024024    0.057107
-0.205025    0.019819    0.057258
0.178075    0.02078    0.060052
-0.189964    0.028003    0.058817
0.152404    -0.020939    0.063099
-0.167645    0.000106    0.06129
-0.144153    0.051018    0.064078
0.110478    0.088879    0.068075
-0.140869    0.038077    0.064468
0.130337    -0.011597    0.065718
-0.136762    -0.019787    0.064955
-0.117031    -0.02759    0.067298
0.106945    -0.029621    0.068494
-0.098149    0.042433    0.069405
0.09404    -0.003846    0.06983
-0.092152    0.015935    0.070026
0.055252    0.04498    0.073359
-0.065047    0.06382    0.072641
0.041114    0.027894    0.074394
-0.05744    0.083127    0.073199
-0.049121    0.07927    0.073808
0.034963    0.062172    0.074812
-0.019933    0.053856    0.07523
0.017736    0.005977    0.075291
-0.017581    -0.006837    0.075295
-0.212079    -0.028597    0.056528
-0.197787    0.064842    0.058007
0.165313    0.019705    0.061566
0.142756    0.052142    0.064244
-0.156237    0.007422    0.062644
-0.176739    0.026445    0.06021
-0.167304    0.082189    0.06133
0.140805    0.096612    0.064476
0.114114    0.007616    0.067644
-0.119948    0.063841    0.066951
-0.11004    -0.011938    0.068127
0.103013    0.075062    0.068901
0.080789    0.029827    0.071202
-0.090134    0.09255    0.070235
-0.0902    0.091603    0.070228
-0.074    0.073111    0.071905
0.053467    0.049203    0.073489
0.050603    0.037253    0.073699
-0.056692    -0.009642    0.073253
-0.050477    0.086426    0.073708
0.025586    0.033288    0.075073
0.018208    0.027926    0.075278
-0.034568    0.057616    0.074823
-0.016241    0.02858    0.075333
-0.010089    0.043467    0.075504
-0.010796    0.273151    0.015588
0.015746    0.272049    0.0094
-0.032731    0.255267    0.001317
-0.018108    0.221349    0.018912
0.020783    0.230921    0.01949
0.029517    0.258279    0.007132
-0.033754    0.255567    -0.003425
0.004967    0.202149    0.017428
-0.004649    0.283497    -0.001406
-0.028578    0.235054    -0.010888
0.010764    0.273496    -0.018944
0.031397    0.245511    -0.006869
-0.012951    0.266479    -0.027402
-0.00833    0.193568    -0.001888
0.011847    0.237095    -0.030064
-0.002634    0.218053    -0.030504
0.019076    0.167037    -0.004909
-0.029678    0.157054    -0.004224
-0.026163    0.157588    0.010996
0.00486    0.168239    0.015484
