-0.076863    0.240889    -0.012137
-0.068836    0.24025    0.007047
-0.075519    0.241501    -0.043122
-0.107676    0.239071    0.053257
-0.030146    0.237867    0.006666
-0.067237    0.241802    -0.074842
-0.060709    0.240145    0.030919
-0.10679    0.232629    -0.079483
-0.047315    0.239295    0.03179
-0.129632    0.229167    -0.034013
-0.078367    0.230099    -0.108987
-0.068283    0.239442    0.097492
-0.044639    0.237959    -0.119206
-0.00047    0.236912    0.013017
-0.12087    0.220258    0.056264
-0.071439    0.218894    -0.114319
-0.025653    0.240756    0.073504
-0.074558    0.219273    0.111584
-0.070114    0.215231    -0.114156
-0.031436    0.236927    0.128639
0.006395    0.241589    -0.092378
0.023459    0.239795    -0.063547
-0.026373    0.238669    0.121876
-0.11081    0.198848    -0.042757
0.010544    0.232147    -0.136014
0.022284    0.239916    0.065355
-0.001087    0.210203    0.132311
-0.105174    0.194865    -0.044471
0.03844    0.224284    -0.1337
0.03796    0.239132    0.045412
0.023193    0.206808    0.128156
-0.100664    0.1868    -0.04152
-0.023878    0.207714    -0.128222
0.039228    0.237976    -0.004457
0.005179    0.241933    0.108847
-0.078069    0.180838    0.074132
-0.090177    0.174728    -0.055384
-0.053092    0.179038    -0.094575
0.059934    0.239416    0.022661
0.044924    0.211033    0.12587
-0.069349    0.174693    0.0798
-0.099011    0.160426    -0.024754
0.014017    0.208689    -0.130961
0.061547    0.239236    0.006734
0.064992    0.206796    0.114764
-0.056102    0.169998    0.088198
0.121462    0.197937    -0.025572
-0.030412    0.174111    -0.102602
0.096795    0.24167    -0.022345
0.08774    0.207694    0.099307
-0.071709    0.152971    0.07169
0.006045    0.155778    0.104003
-0.101934    0.162046    0.004333
0.019121    0.186126    -0.110615
0.089826    0.240735    0.075027
0.073466    0.179477    0.083592
0.136741    0.223655    0.034527
0.106082    0.192874    -0.05176
0.002212    0.17107    -0.107446
0.113746    0.241179    -0.02091
0.093342    0.197287    0.079125
-0.020071    0.149345    0.099014
0.10148    0.197395    -0.069163
0.114325    0.182185    -0.000131
0.00662    0.163271    -0.105719
0.117026    0.23495    0.073376
-0.085846    0.141796    0.028464
0.133743    0.230535    -0.040088
0.105904    0.15584    0.01422
0.023477    0.159059    -0.10274
-0.032258    0.140874    0.084417
0.08432    0.183058    -0.075991
0.032384    0.164018    -0.101972
0.064457    0.153222    -0.083353
0.080996    0.145034    0.060086
-0.019171    0.144587    -0.095838
0.05471    0.139931    -0.074448
-0.095416    0.241727    0.005093
-0.099242    0.241857    0.024238
-0.097961    0.238315    -0.076504
-0.116621    0.237859    -0.047086
-0.071159    0.24102    0.036349
-0.067341    0.241094    -0.045753
-0.078094    0.241701    0.053514
-0.058935    0.239448    -0.105065
-0.047862    0.23959    0.037564
-0.097168    0.224454    -0.094322
-0.032163    0.239109    -0.045017
-0.131084    0.224856    0.028197
-0.087764    0.223176    -0.102908
-0.03906    0.240388    0.060901
-0.107661    0.223839    0.080318
-0.013733    0.240978    -0.080831
-0.046405    0.241884    0.094014
-0.118047    0.214493    -0.059163
0.026301    0.23862    -0.044751
-0.053673    0.222483    0.124184
0.003684    0.240298    -0.117897
0.034345    0.238337    -0.031724
-0.009387    0.224762    0.13616
-0.09557    0.201664    -0.076551
-0.082526    0.202356    -0.092776
0.016033    0.239745    0.064252
-0.11205    0.201071    0.045958
-0.115544    0.198716    -0.028806
-0.072199    0.193635    -0.08814
0.029141    0.23968    0.05909
-0.100009    0.193508    0.052448
-0.107797    0.191104    -0.024559
0.011817    0.223321    -0.137136
0.049993    0.238595    0.016017
0.010317    0.236658    0.133356
-0.055621    0.18169    0.093329
-0.10403    0.173563    -0.007538
0.070587    0.241696    -0.070723
0.071029    0.241252    0.052332
0.01565    0.192498    0.113476
0.002752    0.174735    0.108311
0.092866    0.238225    -0.091671
0.07703    0.23474    -0.113914
0.064091    0.23954    0.016977
0.060856    0.193796    0.101272
0.131426    0.206156    0.01784
-0.092117    0.15719    -0.041768
0.005506    0.20218    -0.12641
0.072173    0.239986    0.003076
0.06702    0.197805    0.102582
0.113941    0.187618    0.016922
0.139098    0.219239    -0.010066
0.105209    0.239537    -0.065302
0.082127    0.220795    -0.111516
0.073261    0.239266    0.099685
0.075264    0.169965    0.07839
0.11831    0.197814    0.036549
0.112238    0.183738    -0.0202
0.01157    0.173747    -0.107369
0.103664    0.240729    0.056608
0.088607    0.185731    0.071455
0.139145    0.226641    0.013168
0.109956    0.190654    -0.037934
0.123275    0.234272    -0.063689
0.102027    0.215754    -0.093684
0.103698    0.199065    0.068966
-0.06372    0.145601    0.073656
0.081297    0.206003    -0.103394
0.108714    0.170059    0.012336
0.114499    0.241559    0.000152
0.136101    0.226118    0.035932
0.08212    0.162344    -0.069642
0.131069    0.237543    0.023501
0.081823    0.15229    -0.066748
0.007522    0.139162    0.088262
0.011459    0.14524    -0.098751
0.03147    0.138472    -0.081538
-0.090322    0.21751    0.023564
-0.037689    0.210864    -0.022396
-0.124287    0.19934    0.022749
-0.130226    0.221209    0.013544
0.093776    0.213131    0.024683
0.082484    0.20715    -0.022289
-0.115583    0.217873    -0.020828
0.097453    0.213409    -0.02206
0.077826    0.223987    0.01995
-0.116433    0.227835    0.016172
0.072416    0.209175    0.025142
0.039298    0.20443    -0.021931
0.03811    0.22306    -0.018075
0.13327    0.209275    -0.009532
-0.106963    0.200614    0.023276
0.031517    0.22834    0.015514
0.035325    0.231105    0.010785
-0.106308    0.229803    -0.011024
0.017128    0.20413    0.024478
-0.054976    0.199853    -0.020375
-0.06633    0.202639    -0.021529
0.104112    0.223245    -0.017934
0.004165    0.192814    -0.015815
0.057105    0.188745    -0.010669
0.103011    0.198503    0.022402
0.056227    0.194903    0.020004
-0.019411    0.231657    0.009451
-0.050826    0.233213    0.001886
0.103997    0.227805    -0.013625
-0.057598    0.230261    -0.010239
-0.022308    0.189474    0.014204
0.073031    0.194171    -0.016857
0.093209    0.18688    -0.00618
0.043577    0.232995    0.003538
-0.118445    0.232909    -0.001603
0.022135    0.232144    -0.005687
0.048166    0.188512    0.012711
0.13327    0.202888    0.001668
-0.070344    0.18719    -0.00693
0.122229    0.232729    -0.00296
-0.001352    0.187254    0.009671
-0.038341    0.185887    -0.001419
-0.101511    0.186063    0.005341
-0.009086    0.185729    0.002811
-0.003358    0.185764    -0.000488
-0.090921    -0.0603    -0.02074
-0.0734    -0.059379    -0.057521
-0.069315    -0.061067    0.063426
-0.027227    -0.067763    0.094053
-0.007776    -0.058457    0.076968
0.021027    -0.058457    0.074284
0.054874    -0.058457    0.071068
0.071445    -0.062993    0.069651
-0.071572    -0.058457    0.017932
7e-06    -0.058457    0.019719
-0.056471    -0.070007    -0.079937
-0.040398    -0.058457    -0.069831
-0.019527    -0.058457    -0.085376
-0.00756    -0.058457    -0.064655
-0.019268    -0.058457    -0.045582
-0.103606    -0.095961    -0.025076
-0.069677    -0.071427    -0.069667
-0.061342    -0.082333    0.081484
0.036514    -0.086143    0.100185
0.095227    -0.076842    0.044356
0.05969    -0.058457    0.012043
0.084831    -0.058457    0.016283
-0.020112    -0.093523    -0.106318
0.023625    -0.058457    -0.059373
0.106382    -0.082239    0.013337
0.098735    -0.062955    -0.017421
0.006944    -0.058457    -0.018969
0.018222    -0.058457    -0.031611
0.058414    -0.058457    -0.053648
-0.13069    -0.156419    -0.000782
-0.125085    -0.153347    0.033687
-0.118827    -0.151305    -0.047453
-0.13433    -0.223138    -0.082114
-0.085391    -0.105798    -0.070354
-0.113586    -0.142646    0.050797
-0.11222    -0.155458    0.066917
-0.066858    -0.150169    0.110345
-0.027847    -0.10864    0.110409
-0.005028    -0.128758    0.121721
0.019022    -0.10918    0.112982
0.024309    -0.146879    0.127187
0.048422    -0.128012    0.112751
0.066356    -0.097025    0.089381
0.106412    -0.147887    0.07794
0.113355    -0.111828    0.035222
-0.094511    -0.179317    -0.103966
-0.080168    -0.149606    -0.100295
-0.053274    -0.107365    -0.099778
-0.013794    -0.102939    -0.110803
0.014093    -0.115696    -0.116647
0.044322    -0.17139    -0.133291
0.121218    -0.119011    0.008505
0.123589    -0.123229    0.003163
0.081143    -0.081898    -0.069391
-0.150734    -0.217499    -0.031923
-0.140717    -0.19053    -0.027038
-0.151393    -0.212003    0.00998
-0.150732    -0.224779    -0.04567
-0.106712    -0.135479    -0.060491
-0.103939    -0.173657    -0.089866
-0.129875    -0.21495    -0.082649
-0.119668    -0.171565    0.065729
-0.115569    -0.149231    0.052753
-0.097772    -0.153453    0.084455
-0.088919    -0.129365    0.080485
-0.095317    -0.204568    0.11538
-0.071406    -0.213983    0.137053
-0.057444    -0.184774    0.130446
-0.016005    -0.166118    0.135044
-0.005288    -0.212586    0.154823
0.003983    -0.173623    0.140435
0.006547    -0.124071    0.12051
0.06521    -0.236335    0.151748
0.054649    -0.158037    0.122909
0.105942    -0.221398    0.120444
0.11814    -0.211503    0.103611
0.106511    -0.171247    0.09285
0.139591    -0.208736    0.071125
0.13544    -0.197568    0.069709
0.153707    -0.203829    0.016399
0.147135    -0.186002    0.012791
-0.095755    -0.228379    -0.127247
-0.038168    -0.147576    -0.123092
-0.065188    -0.208155    -0.137597
-0.014756    -0.180502    -0.141336
-0.004251    -0.23654    -0.164869
0.029453    -0.187582    -0.143041
0.040022    -0.198798    -0.146083
0.073416    -0.220743    -0.142176
0.080872    -0.212246    -0.135483
0.15502    -0.203037    -0.004481
0.131066    -0.16082    -0.043078
0.09927    -0.127537    -0.074588
0.074417    -0.161521    -0.115497
-0.169564    -0.263644    -0.002629
-0.151762    -0.24484    -0.061678
-0.138231    -0.242943    0.088458
-0.062739    -0.240724    0.151719
0.078882    -0.256765    0.152217
0.151953    -0.240769    0.073426
-0.115352    -0.245206    -0.119474
0.016504    -0.259615    -0.170483
0.163721    -0.235262    -0.035149
0.124069    -0.133201    -0.0299
0.122823    -0.15661    -0.058665
0.120073    -0.150559    -0.059108
0.115611    -0.196629    -0.097773
0.115602    -0.188645    -0.092644
0.087614    -0.167206    -0.108179
-0.168384    -0.270515    -0.025346
-0.14856    -0.251315    -0.073831
-0.130298    -0.262148    0.107042
-0.077996    -0.259822    0.150802
0.048156    -0.259432    0.165698
0.141884    -0.262399    0.100379
-0.094641    -0.264078    -0.141583
-0.002873    -0.269615    -0.174072
0.169978    -0.244116    -0.008925
0.146692    -0.258776    -0.092998
-0.172707    -0.295158    0.012759
-0.148916    -0.286101    -0.089631
-0.139981    -0.284153    0.100487
-0.04829    -0.29765    0.169346
0.038719    -0.279681    0.171018
0.141724    -0.276596    0.105195
0.175828    -0.298186    0.040105
-0.076861    -0.276241    -0.155437
0.041793    -0.27243    -0.170261
0.167608    -0.269798    -0.055895
0.113434    -0.262711    -0.131615
-0.168218    -0.292716    0.04482
-0.141754    -0.305555    -0.102436
-0.144168    -0.30729    0.099157
-0.038791    -0.275197    0.169676
0.065668    -0.30716    0.165912
0.128638    -0.29117    0.124849
0.179352    -0.285681    0.002935
-0.056903    -0.307154    -0.167337
0.046961    -0.294445    -0.171991
0.179319    -0.291506    -0.008474
0.105044    -0.275961    -0.1414
-0.1786    -0.320193    -0.003583
-0.187758    -0.357454    0.006706
-0.167892    -0.308674    -0.051602
-0.14881    -0.339323    -0.10697
-0.14468    -0.324405    0.105634
-0.089684    -0.326693    0.15835
-0.055532    -0.316859    0.170094
-0.018249    -0.32571    0.180619
0.046339    -0.311731    0.17415
0.082791    -0.323428    0.163272
0.127031    -0.352408    0.142899
0.141439    -0.313109    0.113432
0.178139    -0.332432    0.057756
0.178624    -0.313452    0.03826
-0.122751    -0.351051    -0.141283
-0.037203    -0.325965    -0.17863
0.043622    -0.30824    -0.174047
0.063294    -0.320655    -0.171019
0.177105    -0.295376    -0.028505
0.146415    -0.29538    -0.102873
-0.177189    -0.334982    -0.043326
-0.178933    -0.341055    0.041558
-0.17631    -0.367013    -0.070335
-0.157873    -0.368697    -0.10752
-0.156807    -0.326677    0.089975
-0.142423    -0.341668    0.11584
-0.118576    -0.369371    0.149961
-0.072293    -0.334454    0.16803
-0.023183    -0.364467    0.189984
0.047247    -0.377051    0.190908
0.067881    -0.345214    0.175489
0.129059    -0.360711    0.144024
0.158579    -0.375309    0.11727
0.171099    -0.341784    0.081013
0.189439    -0.343777    0.015634
-0.101338    -0.371363    -0.164272
-0.072253    -0.361974    -0.176119
-0.011859    -0.338585    -0.185228
0.049806    -0.35677    -0.185772
0.077106    -0.347767    -0.172816
0.183246    -0.314399    -0.005457
0.183319    -0.337244    -0.048912
0.159923    -0.322965    -0.093932
0.121194    -0.316589    -0.136253
-0.194568    -0.396444    -0.008314
-0.191552    -0.389611    0.02615
-0.186963    -0.420993    -0.06194
-0.152112    -0.386941    -0.120256
-0.176274    -0.385766    0.079152
-0.097186    -0.402661    0.171922
-0.066364    -0.40444    0.185103
-0.017771    -0.386784    0.194985
0.026348    -0.393479    0.195295
0.098254    -0.41862    0.1759
0.121883    -0.38648    0.156069
0.167622    -0.382248    0.107246
0.191139    -0.403088    0.062701
0.197027    -0.416491    0.051339
-0.136198    -0.414507    -0.143751
-0.093955    -0.426204    -0.176202
0.024977    -0.404638    -0.196913
0.061344    -0.413178    -0.191108
0.181004    -0.322846    -0.039063
0.184666    -0.370413    -0.067865
0.159956    -0.377522    -0.116847
0.112888    -0.360487    -0.156802
-0.194508    -0.43291    -0.033515
-0.19359    -0.437862    0.043404
-0.183432    -0.433413    -0.073338
-0.151542    -0.442162    -0.129032
-0.172515    -0.426681    0.097697
-0.142719    -0.407237    0.135008
-0.120937    -0.443345    0.15824
-0.067718    -0.440058    0.187957
-0.005739    -0.435043    0.20088
0.010583    -0.412947    0.19911
0.059867    -0.390577    0.189112
0.103224    -0.397214    0.171585
0.166431    -0.443836    0.117759
0.18006    -0.408722    0.090751
0.203328    -0.434572    0.01574
-0.055147    -0.421958    -0.191869
-0.003384    -0.407041    -0.199129
0.054614    -0.423251    -0.194674
0.070581    -0.426795    -0.188587
0.197266    -0.392796    -0.033886
0.193959    -0.408713    -0.057635
0.166629    -0.379836    -0.108631
0.117184    -0.413328    -0.163112
-0.19579    -0.445018    -0.031008
-0.197966    -0.503368    0.003743
-0.177377    -0.455719    -0.089663
-0.16013    -0.457972    -0.117555
-0.182532    -0.450842    0.07707
-0.151586    -0.44761    0.128641
-0.114999    -0.458993    0.162415
-0.059144    -0.483053    0.190896
-0.016845    -0.48167    0.199328
0.046374    -0.445586    0.19712
0.067239    -0.449226    0.191034
0.087359    -0.465631    0.182291
0.136667    -0.45801    0.15072
0.155764    -0.446826    0.131553
0.181499    -0.479085    0.09329
0.204435    -0.446166    0.013241
-0.129444    -0.495098    -0.150723
-0.076343    -0.482345    -0.184231
-0.03823    -0.448785    -0.197717
0.015949    -0.458175    -0.201274
0.079214    -0.450286    -0.186488
0.203068    -0.439982    -0.021829
0.190313    -0.42584    -0.0704
0.17141    -0.439066    -0.111017
0.125193    -0.425387    -0.158313
-0.198472    -0.48521    -0.003542
-0.189365    -0.472686    -0.059699
-0.192538    -0.489115    0.047483
-0.165817    -0.506395    -0.10831
-0.190844    -0.504917    0.053748
-0.156669    -0.501154    0.119989
-0.122129    -0.491096    0.156011
-0.076438    -0.484809    0.183689
-0.04798    -0.474884    0.195386
0.033201    -0.489655    0.19783
0.063561    -0.514147    0.190938
0.115589    -0.491802    0.165913
0.160691    -0.48487    0.123692
0.197512    -0.468962    0.055242
0.199379    -0.515059    0.039484
-0.101531    -0.491753    -0.172239
-0.052407    -0.507893    -0.193508
-0.008784    -0.513621    -0.200087
-0.020328    -0.494497    -0.199012
0.039462    -0.499909    -0.197208
0.08159    -0.483458    -0.184677
0.196273    -0.446564    -0.027001
0.128121    -0.481333    0.088988
0.087091    -0.499879    0.128917
0.089807    -0.499241    0.13032
0.160687    -0.459652    -0.018542
0.18994    -0.447741    -0.044191
0.155312    -0.458781    -0.132131
0.118751    -0.469972    -0.164561
-0.104694    -0.518902    0.168182
0.191695    -0.493251    0.017266
0.142625    -0.491498    0.081268
0.152745    -0.481156    0.068392
0.201008    -0.457234    0.006219
0.187235    -0.484756    0.023336
0.026601    -0.517525    -0.198477
0.136938    -0.502113    -0.002228
0.161824    -0.506934    -0.062487
0.173958    -0.458284    -0.089981
0.146133    -0.51389    -0.024863
0.177243    -0.464178    -0.098131
0.172166    -0.44996    -0.085348
0.171381    -0.511066    -0.109209
0.122201    -0.492384    -0.161263
-0.190379    -0.51883    0.053246
0.107725    -0.517585    0.125924
0.174736    -0.519454    -0.094825
-0.169338    -0.529731    -0.099199
-0.151129    -0.524912    0.123784
0.053221    -0.536144    0.191307
0.182357    -0.52825    0.083274
0.130087    -0.520938    0.063626
0.14906    -0.521754    0.044072
-0.076284    -0.528719    -0.180977
0.161051    -0.522952    -0.120242
0.142989    -0.522087    -0.007955
0.086312    -0.51905    0.126671
0.171547    -0.523283    -0.045968
-0.161818    -0.536859    -0.107667
-0.084027    -0.537626    0.176038
0.102461    -0.540632    0.170433
0.202382    -0.528013    -3.2e-05
0.008179    -0.540442    -0.197098
0.127038    -0.525892    -0.154503
-0.187335    -0.551291    0.009829
-0.088411    -0.541747    0.173348
0.10644    -0.541271    0.167196
0.183262    -0.53567    -0.078933
-0.003411    -0.542491    -0.19604
0.127124    -0.540165    -0.152028
-0.18312    -0.550674    0.044423
-0.087914    -0.555742    0.1653
0.114411    -0.554362    0.152088
0.17367    -0.548005    -0.090384
0.001683    -0.550122    -0.192517
0.111365    -0.541391    -0.163775
-0.182341    -0.557837    0.018783
-0.062719    -0.561792    0.169459
0.115676    -0.55991    0.145525
0.18203    -0.551046    -0.065871
-0.074447    -0.565027    -0.161109
0.13127    -0.553842    -0.13995
-0.171232    -0.568699    0.009706
-0.016564    -0.568428    0.173218
0.13526    -0.568271    0.114663
0.168505    -0.559828    -0.082446
0.010147    -0.566761    -0.177234
-0.162558    -0.571337    -0.047795
0.036899    -0.573974    0.165303
0.164107    -0.567549    -0.070406
0.054169    -0.570698    -0.165308
-0.048116    -0.57271    0.162387
0.172004    -0.574625    -0.003615
0.093075    -0.575036    -0.142213
0.023792    0.136509    0.077038
0.087363    0.138001    0.006686
-0.063473    0.130218    0.046396
0.030304    0.129014    0.077008
0.070867    0.134485    -0.042541
-0.030575    0.12463    0.078557
-0.045376    0.124074    0.074749
-0.089286    0.123508    0.009335
0.041815    0.12343    0.084951
0.028086    0.124507    -0.083214
-0.08416    0.115872    -0.04693
0.0655    0.117765    0.076169
-0.0588    0.112637    -0.07157
0.046953    0.110774    0.079661
-0.087441    0.111475    0.015976
0.012278    0.111655    0.091724
-0.069525    0.107269    0.043013
0.084805    0.114295    -0.054395
0.015095    0.105548    0.080278
-0.022094    0.103632    -0.075584
0.08121    0.104571    -0.019459
0.031394    0.097129    -0.071886
-0.049775    0.087567    -0.053062
0.049825    0.098567    -0.06214
0.078043    0.093156    -0.010849
-0.058294    0.074173    0.036362
0.017561    0.074128    0.069543
-0.067039    0.068994    -0.00424
-0.010951    0.06875    -0.069095
0.073988    0.077311    -0.012485
-0.05139    0.054838    0.04135
0.040989    0.055097    0.057298
-0.060435    0.039994    -0.025988
-0.02101    0.041025    0.064023
0.024142    0.032763    -0.066084
0.070684    0.052255    -0.011081
-0.046589    0.03391    -0.048408
-0.002473    0.021444    0.068838
0.031874    0.02071    -0.063276
0.071756    0.045209    -0.004163
0.001989    0.013512    0.070863
0.054049    0.026889    -0.047362
0.073643    0.013522    0.005785
-0.006695    0.006517    -0.073972
-0.056349    0.003533    0.048301
0.074942    0.008434    -0.013696
-0.037717    -0.013992    0.070263
0.006006    -0.007376    -0.080881
-0.075061    -0.006249    0.020229
0.037854    -0.016549    0.07311
0.083354    -0.008596    0.007092
-0.087684    -0.044425    6.4e-05
-0.048534    -0.040615    0.071933
0.039597    -0.02377    0.074027
-0.040154    -0.041744    -0.07876
0.089386    -0.043625    0.02647
-0.088115    -0.047713    0.006073
-0.088859    -0.054134    0.018551
-0.009095    -0.04715    0.090091
0.047242    -0.032561    0.074087
-0.022796    -0.042911    -0.086416
0.09767    -0.056653    0.007273
0.050858    -0.041256    -0.075792
0.06296    -0.034885    -0.063547
-0.076728    0.13713    -0.016733
-0.067191    0.136213    0.035546
-0.027688    0.130347    0.074894
0.082918    0.13288    0.008164
-0.009101    0.131967    -0.079821
0.084318    0.124586    0.028358
-0.017737    0.123243    0.092594
-0.069094    0.122792    0.066314
0.074858    0.123107    0.063576
-0.021421    0.116819    -0.096387
-0.089808    0.116284    0.032826
0.091677    0.115216    0.043812
0.06337    0.123849    -0.068234
0.061659    0.110322    0.067889
-0.061717    0.109101    0.05832
0.054763    0.112197    0.077999
0.044432    0.118186    -0.089779
-0.072522    0.105291    -0.029002
0.063567    0.106318    0.056702
-0.014643    0.095928    -0.075109
-0.071553    0.092727    -0.01044
-0.011952    0.095024    0.0747
-0.070955    0.088043    0.005815
0.031595    0.084375    -0.067952
0.072236    0.073095    0.017778
-0.030485    0.08611    0.065764
0.026347    0.076129    0.067593
-0.057656    0.07121    -0.036563
0.047594    0.084645    -0.058806
0.073358    0.079433    -0.019723
-0.024188    0.05408    0.062612
0.064263    0.069087    0.035457
-0.051393    0.036693    -0.04201
-0.005213    0.049028    0.067637
0.026099    0.027234    -0.065454
0.070726    0.063405    -0.018923
-0.063427    0.050661    0.017189
0.005775    0.046409    0.068484
0.03193    0.018433    -0.063327
0.071482    0.038371    -0.007832
-0.018836    0.016834    -0.066165
0.047194    0.032261    -0.053282
0.057894    0.015291    -0.04384
0.03309    0.008837    -0.066389
-0.034876    0.004126    0.066604
0.067033    0.002885    -0.043988
-0.022969    -0.01205    0.076271
0.027903    -0.013125    -0.077401
-0.069083    -0.01281    -0.036703
0.051818    -0.014183    0.064364
0.082588    -0.005179    -0.011426
-0.087311    -0.054078    -0.026561
-0.042907    -0.031314    0.071931
0.034948    -0.023036    0.07566
-0.014646    -0.034056    -0.084934
0.094254    -0.05287    0.022545
-0.078244    -0.046522    -0.041173
-0.059137    -0.034276    0.060471
-0.01413    -0.050256    0.090583
0.081677    -0.056062    0.052614
-0.008917    -0.040356    -0.08803
0.095455    -0.053318    0.014685
0.053197    -0.032824    -0.070081
0.057933    -0.040827    -0.070165
-0.082186    -0.082349    -0.059977
-0.05017    -0.069184    0.083949
0.048441    -0.070957    0.089186
-0.059275    -0.059948    -0.073113
0.006166    -0.064418    -0.098177
-0.101841    -0.08781    0.015023
-0.092563    -0.079224    0.037655
-0.041684    -0.090458    0.097118
0.038412    -0.081857    0.097689
-0.054307    -0.091102    -0.091397
0.015537    -0.086545    -0.105168
0.108286    -0.08538    0.007746
-0.128796    -0.154374    -0.009028
-0.111867    -0.110699    -0.006485
-0.138397    -0.187664    0.035614
-0.12414    -0.155189    -0.038603
-0.111365    -0.158773    -0.070606
-0.122079    -0.155492    0.043447
-0.09488    -0.137638    0.078043
-0.0942    -0.135524    0.077569
-0.072951    -0.193281    0.126966
-0.038416    -0.098639    0.101789
-0.001113    -0.112961    0.115992
0.037273    -0.158409    0.130038
0.060889    -0.136307    0.111106
0.054724    -0.137551    0.114188
0.112754    -0.215387    0.112248
0.088798    -0.111293    0.077337
0.113716    -0.107901    0.030328
-0.097724    -0.186912    -0.105253
-0.047486    -0.112566    -0.104381
-0.021126    -0.135323    -0.122638
-0.005979    -0.107741    -0.11373
0.018701    -0.098648    -0.109301
0.035139    -0.118178    -0.114523
0.124033    -0.124079    0.002337
0.107131    -0.084926    -0.015676
-0.146418    -0.208349    -0.03723
-0.148495    -0.205113    -0.011744
-0.137184    -0.181075    0.025044
-0.157182    -0.236918    0.040812
-0.152123    -0.23805    -0.055902
-0.135206    -0.209993    -0.068012
-0.088566    -0.136787    -0.086165
-0.084324    -0.12284    -0.082715
-0.120831    -0.16453    0.055717
-0.099996    -0.151571    0.080346
-0.133828    -0.226325    0.084379
-0.089332    -0.220487    0.127836
-0.076235    -0.107507    0.082075
-0.046118    -0.198093    0.140787
-0.047314    -0.151289    0.120437
-0.00213    -0.223664    0.159618
-0.033055    -0.229148    0.157715
0.02204    -0.171037    0.137035
0.070754    -0.208057    0.137456
0.065875    -0.193577    0.133334
0.075682    -0.174919    0.120704
0.108368    -0.2331    0.124364
0.118842    -0.185163    0.08574
0.141797    -0.232172    0.086087
0.147747    -0.229053    0.072243
0.13463    -0.18864    0.062523
0.143961    -0.178098    0.013167
-0.088312    -0.221089    -0.129357
-0.060464    -0.126839    -0.104168
-0.049091    -0.223721    -0.150868
-0.048908    -0.227378    -0.152495
0.002954    -0.109076    -0.115433
-0.007189    -0.14846    -0.129666
0.030408    -0.136103    -0.122566
0.044577    -0.236839    -0.16052
0.056249    -0.152574    -0.12037
0.15205    -0.195731    -0.005109
0.122101    -0.123485    -0.015674
0.106272    -0.104988    -0.045756
0.116035    -0.154389    -0.070026
0.072952    -0.11667    -0.094465
-0.161549    -0.2427    0.02113
-0.129967    -0.241368    -0.098993
-0.095178    -0.257766    0.13865
-0.02299    -0.244502    0.164363
0.102683    -0.240017    0.131947
0.169518    -0.255496    0.034759
-0.080653    -0.259734    -0.150117
0.071563    -0.242205    -0.151571
0.156829    -0.215121    -0.027026
0.131237    -0.152309    -0.032828
0.136123    -0.203232    -0.074303
0.114283    -0.197955    -0.100357
0.132736    -0.222147    -0.091882
0.084332    -0.179938    -0.116987
0.08459    -0.154378    -0.104163
-0.168013    -0.270501    0.027699
-0.140373    -0.267591    -0.09669
-0.100848    -0.253785    0.132988
-0.020853    -0.264771    0.169987
0.092386    -0.255785    0.145044
0.15326    -0.261365    0.084335
-0.042575    -0.251009    -0.163421
0.036902    -0.258966    -0.167626
0.158798    -0.245272    -0.060417
0.100111    -0.247775    -0.136918
-0.168783    -0.281239    0.030984
-0.159923    -0.273644    0.060021
-0.10585    -0.284178    0.136561
-0.024271    -0.271322    0.171164
0.065994    -0.271412    0.161576
0.150444    -0.278176    0.094113
-0.120108    -0.302696    -0.128596
-0.001776    -0.273525    -0.174808
0.071206    -0.284563    -0.161404
0.153844    -0.249226    -0.075077
-0.170039    -0.289066    -0.028393
-0.165608    -0.305663    -0.055821
-0.157276    -0.295957    0.072744
-0.10688    -0.306115    0.138773
-0.024878    -0.290827    0.17322
0.049971    -0.287629    0.170119
0.159215    -0.288959    0.081504
-0.099729    -0.287137    -0.142104
-0.002506    -0.300894    -0.177709
0.089944    -0.29483    -0.154849
0.175531    -0.30353    -0.046687
0.096412    -0.287082    -0.149546
-0.175845    -0.312179    0.00834
-0.182838    -0.369078    -0.055957
-0.15032    -0.336361    -0.103756
-0.157983    -0.315191    0.079447
-0.15199    -0.324535    0.096162
-0.102863    -0.33796    0.151875
-0.045644    -0.322827    0.175845
-0.002785    -0.363424    0.1924
0.028254    -0.320234    0.178728
0.085917    -0.352451    0.170025
0.136568    -0.36146    0.138504
0.172203    -0.329162    0.069897
0.184894    -0.334288    0.03153
-0.128304    -0.356226    -0.138693
-0.07045    -0.318387    -0.16478
-0.006528    -0.307866    -0.177992
0.014026    -0.312008    -0.178917
0.063584    -0.336438    -0.175275
0.172081    -0.30687    -0.055963
0.12681    -0.291389    -0.12681
-0.185281    -0.355272    -0.021681
-0.192068    -0.377231    0.012791
-0.170921    -0.374682    -0.08848
-0.152034    -0.357007    -0.110211
-0.156632    -0.319433    0.08555
-0.137643    -0.364175    0.131541
-0.101319    -0.369373    0.163203
-0.086472    -0.357393    0.168518
-0.022273    -0.346674    0.185506
0.041546    -0.367824    0.189275
0.066358    -0.349334    0.177262
0.135002    -0.375762    0.144324
0.141429    -0.330191    0.120634
0.181654    -0.365188    0.071198
0.197831    -0.374035    0.011277
-0.099747    -0.362078    -0.162496
-0.065718    -0.364598    -0.179553
-0.007225    -0.3499    -0.188762
0.024973    -0.375902    -0.193985
0.072131    -0.361543    -0.178696
0.18713    -0.333098    -0.012652
0.18152    -0.334007    -0.051087
0.147469    -0.315845    -0.107166
0.100588    -0.337226    -0.158729
-0.19112    -0.391809    -0.031364
-0.173231    -0.378625    -0.085285
-0.159551    -0.379336    -0.109454
-0.18674    -0.386052    0.05395
-0.148284    -0.394629    0.125922
-0.110887    -0.392507    0.160276
-0.055995    -0.390733    0.188084
-0.016822    -0.411261    0.197296
0.03816    -0.382331    0.192744
0.070757    -0.380947    0.183678
0.13799    -0.381305    0.143132
0.154287    -0.39671    0.126728
0.199791    -0.394791    0.015615
-0.116304    -0.382634    -0.155458
-0.085445    -0.426165    -0.179723
-0.043968    -0.384688    -0.19179
0.013175    -0.416709    -0.199546
0.073817    -0.406797    -0.18533
0.181877    -0.324854    -0.036366
0.171903    -0.363512    -0.094058
0.132933    -0.321739    -0.128589
0.132706    -0.362321    -0.142187
-0.19277    -0.422162    -0.03942
-0.195793    -0.436076    0.025462
-0.176463    -0.416635    -0.086279
-0.158677    -0.42842    -0.117735
-0.187512    -0.438295    0.064176
-0.139392    -0.406672    0.139262
-0.121858    -0.423169    0.15528
-0.080073    -0.4148    0.180418
-0.035676    -0.431458    0.196618
0.066459    -0.437103    0.190841
0.102744    -0.3936    0.17155
0.178048    -0.442989    0.102496
0.190827    -0.433774    0.070554
0.20585    -0.440408    0.000541
-0.100431    -0.427764    -0.172676
-0.085941    -0.431488    -0.180028
-0.024566    -0.430348    -0.198423
0.04824    -0.386984    -0.192273
0.080379    -0.424591    -0.184318
0.199044    -0.388433    -0.017417
0.191386    -0.383629    -0.058042
0.174182    -0.433523    -0.106598
0.109771    -0.415199    -0.16901
-0.194879    -0.460807    -0.035142
-0.198516    -0.499627    0.000221
-0.173977    -0.475215    -0.096697
-0.144044    -0.453316    -0.138695
-0.174801    -0.452095    0.095659
-0.141587    -0.508134    0.13938
-0.111026    -0.449779    0.165731
-0.055349    -0.447535    0.193354
-0.031077    -0.458174    0.198
0.018976    -0.456838    0.200466
0.099506    -0.473161    0.177071
0.135304    -0.48853    0.15088
0.159791    -0.465296    0.125606
0.18117    -0.493595    0.093212
0.198658    -0.482208    0.050758
-0.13375    -0.502823    -0.147195
-0.07127    -0.462237    -0.186833
-0.043432    -0.464509    -0.196667
-0.044676    -0.500992    -0.195655
0.007917    -0.454644    -0.202414
0.09189    -0.444621    -0.181379
0.195488    -0.39144    -0.046466
0.179735    -0.400846    -0.090155
0.14476    -0.417317    -0.142398
-0.196908    -0.511539    -0.010778
-0.173051    -0.514257    -0.09658
-0.183679    -0.495658    -0.072044
-0.193534    -0.484885    0.040667
-0.171164    -0.490427    -0.101946
-0.188248    -0.489626    0.060935
-0.160425    -0.487829    0.115599
-0.121059    -0.504974    0.156429
-0.054404    -0.515807    0.192042
-0.013069    -0.511143    0.19914
0.013649    -0.46906    0.200883
0.081589    -0.494801    0.183953
0.107017    -0.491825    0.17249
0.167886    -0.505536    0.113532
0.192209    -0.486636    0.06698
0.205987    -0.450751    0.000638
-0.113744    -0.492176    -0.162856
-0.051798    -0.456645    -0.195038
-0.004701    -0.465186    -0.201751
0.045347    -0.466472    -0.197211
0.08157    -0.492336    -0.184464
0.13174    -0.478421    0.063403
0.195601    -0.448714    0.00708
0.137546    -0.476569    0.073756
0.151023    -0.462947    -0.015245
0.160866    -0.457974    -0.031672
0.144245    -0.467627    0.006222
0.146688    -0.479301    -0.142592
0.119773    -0.475176    -0.163626
0.131293    -0.465706    -0.155062
0.089451    -0.520779    0.17926
0.07711    -0.512727    0.166006
0.101849    -0.500044    0.134149
0.115465    -0.504762    0.116262
0.181967    -0.503061    0.029647
0.096418    -0.500625    0.14121
0.070109    -0.512862    0.158714
0.1492    -0.464138    -0.030426
0.136578    -0.482579    -0.000636
0.167872    -0.500643    -0.076855
0.161241    -0.514079    -0.061343
0.094975    -0.500026    0.099157
0.165244    -0.514664    -0.071029
0.156196    -0.502476    -0.129324
0.11662    -0.509908    -0.165037
-0.033981    -0.523654    0.194725
0.181239    -0.519833    0.029402
0.17297    -0.517888    -0.089952
-0.14489    -0.531314    -0.130948
-0.127794    -0.525173    0.1487
0.090037    -0.526143    0.17786
0.187716    -0.523527    -0.018114
0.172974    -0.522887    -0.001735
0.104782    -0.519717    0.11645
-0.031966    -0.529185    -0.194645
0.170493    -0.52287    -0.011535
0.117617    -0.520551    0.068127
0.176995    -0.523617    -0.062662
-0.193355    -0.536799    -0.011429
-0.177045    -0.533953    0.078675
-0.040271    -0.540381    0.191598
0.148711    -0.538162    0.132349
-0.128451    -0.54044    -0.146061
0.171178    -0.525654    -0.106261
-0.167249    -0.551139    -0.085997
-0.17907    -0.541386    0.070902
-0.004017    -0.550297    0.191229
0.141066    -0.547135    0.136279
0.191284    -0.548871    0.038475
0.018942    -0.551589    -0.189837
-0.184665    -0.552903    -0.02382
-0.177772    -0.551159    0.060124
-0.029326    -0.550142    0.187982
0.153499    -0.55231    0.115445
0.195783    -0.547232    0.01114
0.021315    -0.556701    -0.186715
-0.179187    -0.558629    -0.036374
-0.163441    -0.560521    0.076771
-0.043696    -0.563088    0.175696
0.150115    -0.558699    0.112963
0.17097    -0.542671    -0.101744
-0.034894    -0.557936    -0.183132
-0.155294    -0.569173    -0.071489
-0.127402    -0.565766    0.121198
0.011291    -0.561689    0.182389
0.182345    -0.561503    0.035742
-0.103719    -0.569418    -0.136777
0.064601    -0.566476    -0.166074
-0.166305    -0.573183    0.009802
0.103022    -0.570738    0.139962
0.143122    -0.566502    -0.108121
-0.153826    -0.574794    -0.059167
0.050789    -0.57545    0.160739
-0.086783    -0.574081    -0.143431
0.152471    -0.575459    -0.075996
-0.020841    -0.058457    0.082447
-0.038057    -0.058457    0.0544
0.038538    -0.058457    0.060833
0.063599    -0.058457    0.05086
0.080462    -0.058457    0.02569
0.077005    -0.058457    0.028851
-0.059628    -0.058457    -0.028367
-0.003601    -0.058457    -0.077092
-0.055511    -0.058457    -0.018333
0.025386    -0.058457    -0.00276
0.070797    -0.058457    0.003729
-0.079027    -0.058457    0.004056
-0.004505    -0.058457    0.000339
0.074591    -0.058457    -0.026549
0.008282    -0.058457    -0.032661
