-0.145728    -0.133054    0.008682
-0.145405    -0.16429    0.011131
-0.145216    -0.139422    0.012567
-0.142964    0.01718    0.029674
-0.145491    -0.171484    0.010479
-0.14193    -0.169176    0.037524
-0.142394    -0.120649    0.034002
-0.143991    -0.151434    0.021874
-0.142552    -0.150886    0.0328
-0.143688    -0.153566    0.024177
-0.144118    -0.300569    -0.020912
-0.146254    -0.063641    -0.004683
-0.145405    -0.130541    -0.011135
-0.14675    -0.217413    -0.000918
-0.145233    -0.230556    -0.012441
-0.143082    -0.059452    -0.028781
-0.146358    0.005813    -0.003893
-0.14404    -0.101646    -0.021499
-0.144072    -0.039648    -0.021258
-0.143714    -0.106173    -0.023976
-0.13872    -0.179189    0.045609
-0.14088    -0.090044    0.040394
-0.137988    -0.205771    0.047375
-0.141663    -0.087567    0.038504
-0.138826    -0.172374    0.045352
-0.124192    0.056597    0.071412
-0.134097    -0.230416    -0.056769
-0.133415    -0.208494    -0.058416
-0.138028    -0.202024    -0.047278
-0.134127    -0.25159    -0.056696
-0.128848    -0.16061    0.069441
-0.128508    -0.083159    0.070262
-0.12729    -0.253183    0.073204
-0.127643    -0.102485    0.072351
-0.129267    -0.257135    0.068429
-0.142245    0.060375    0.003652
-0.133632    -0.012983    -0.057892
-0.135357    -0.0723    -0.053728
-0.13062    0.020595    -0.065164
-0.127292    -0.122665    -0.073197
-0.127571    -0.036099    -0.072525
-0.120767    -0.191991    0.08181
-0.108839    -0.02213    0.097355
-0.125913    -0.162606    0.075105
-0.123538    -0.170271    0.078199
-0.110039    -0.034464    0.095792
-0.137148    0.065673    0.03613
-0.118329    -0.203218    -0.084988
-0.126568    -0.079841    -0.074251
-0.106461    -0.302269    -0.100454
-0.115593    -0.274893    -0.088553
-0.123699    -0.09708    -0.077989
-0.119517    -0.217617    0.08344
-0.113801    -0.228436    0.090889
-0.110807    -0.131008    0.094791
-0.11201    -0.183388    0.093223
-0.117546    -0.266117    0.086008
-0.08935    0.000117    0.114982
-0.085698    -0.147458    0.117784
-0.085525    -0.060984    0.117917
-0.074406    -0.01604    0.126449
-0.07533    -0.004322    0.12574
-0.139374    0.053096    -0.033751
-0.113009    -0.1609    -0.09192
-0.111826    -0.089111    -0.093462
-0.107328    -0.196164    -0.099325
-0.121433    0.02143    -0.080942
-0.109904    -0.19459    -0.095967
-0.093475    -0.13008    0.111816
-0.075159    -0.316765    0.125871
-0.090599    -0.202662    0.114023
-0.099107    -0.032559    0.107495
-0.087406    -0.199237    0.116474
-0.043149    -0.30585    0.139739
-0.061423    -0.240066    0.132169
-0.062182    -0.145192    0.131855
-0.071109    -0.230515    0.128157
-0.066573    -0.175162    0.130036
-0.132879    0.056303    -0.050554
-0.096221    -0.029457    -0.10971
-0.089988    -0.112607    -0.114492
-0.102101    -0.035427    -0.105198
-0.101898    -0.031735    -0.105353
-0.095031    -0.206688    -0.110623
-0.130891    -0.323424    -0.038181
-0.038908    -0.153746    0.141495
-0.040521    0.015911    0.140827
-0.057399    -0.062313    0.133836
-0.042592    -0.080154    0.139969
-0.042284    0.04506    0.137892
-0.127923    0.056493    -0.062445
-0.079582    -0.18411    -0.122477
-0.085709    -0.162692    -0.117776
-0.091114    -0.301644    -0.113628
-0.094987    -0.281764    -0.110657
-0.07625    -0.306319    -0.125034
-0.117602    -0.32421    -0.064205
-0.022316    -0.178417    0.143933
-0.033448    -0.026009    0.142467
-0.027988    -0.100726    0.143186
-0.033884    -0.195862    0.14241
-0.013246    0.038132    0.143868
-0.09651    0.096087    0.094943
-0.058408    0.030931    -0.132732
-0.066856    -0.19798    -0.129919
-0.053126    -0.007772    -0.135606
-0.049158    -0.067595    -0.13725
-0.053588    -0.117351    -0.135415
-0.049472    -0.324308    0.123384
-0.026954    -0.030715    0.143322
-0.01248    -0.053844    0.145228
-0.024572    -0.069179    0.143636
-0.009296    -0.151851    0.145647
-0.006395    -0.013643    0.146029
-0.134297    0.08984    -0.020789
-0.076766    0.048753    -0.121539
-0.056978    -0.163687    -0.13401
-0.055019    -0.267406    -0.134822
-0.055307    -0.249281    -0.134703
-0.038124    -0.214011    -0.14182
-0.046906    -0.237325    -0.138182
0.006906    0.036316    0.144888
0.011723    -0.173664    0.145327
0.010796    -0.301765    0.145449
0.015046    -0.206911    0.14489
0.01202    -0.227288    0.145288
0.011814    0.057769    0.141561
-0.117141    0.070276    -0.07706
-0.033544    0.032356    -0.1417
-0.02942    -0.148462    -0.142997
-0.023164    -0.067571    -0.143821
-0.027057    -0.211968    -0.143309
-0.027804    -0.20731    -0.14321
-0.110585    -0.325437    0.066273
0.035824    0.009254    0.142154
0.034433    -0.283676    0.142337
0.035747    -0.175346    0.142164
0.035865    -0.009869    0.142149
0.030561    -0.101689    0.142847
-0.130798    0.113021    0.000897
-0.089096    0.110988    0.095986
0.028146    0.078162    0.135887
-0.008036    -0.307268    -0.145813
-0.002702    -0.268581    -0.146515
-0.002444    -0.240467    -0.146549
-0.015285    -0.255549    -0.144858
-0.015566    -0.234176    -0.144821
-0.09161    -0.325734    -0.085048
0.055171    -0.269602    0.134759
0.045153    -0.064883    0.138909
0.054878    -0.244945    0.134881
0.03936    -0.299411    0.141308
0.053079    -0.17568    0.135626
-0.129276    0.100651    -0.035973
-0.051917    0.099747    0.122921
0.025629    0.035167    -0.142516
0.032739    -0.002312    -0.14256
0.028226    -0.050618    -0.143155
0.004939    -0.000295    -0.146221
0.006385    -0.199361    -0.14603
0.014285    -0.323823    -0.133663
0.068287    0.023123    0.129314
0.056104    -0.090806    0.134372
0.071193    -0.177473    0.128123
0.063703    -0.12781    0.131225
0.067748    -0.154079    0.129549
0.063122    -0.319299    0.128347
-0.100797    0.129537    0.073339
-0.051053    0.064168    -0.131407
0.028729    0.039512    -0.141671
0.022237    -0.298853    -0.143943
0.030706    -0.13861    -0.142828
0.028687    -0.134908    -0.143094
0.026918    -0.11617    -0.143327
0.018024    -0.322779    -0.135685
0.082542    0.029957    0.119504
0.086045    -0.197524    0.117518
0.097398    -0.299041    0.108807
0.079511    -0.284228    0.122532
0.075962    -0.30025    0.125255
0.077612    -0.135617    0.123989
-0.123322    0.113187    -0.041323
-0.068122    0.073417    -0.122527
0.067512    0.096381    0.11739
0.047426    -0.060182    -0.137967
0.053688    0.009939    -0.135373
0.055897    -0.117439    -0.134458
0.049022    -0.008892    -0.137306
0.056689    0.019779    -0.13413
0.054705    -0.322961    0.125086
0.093782    0.073332    0.103603
0.088949    -0.092642    0.11529
0.102249    -0.036009    0.105084
0.098901    0.01878    0.107653
0.088477    -0.065415    0.115651
0.075707    0.093312    0.112162
-0.081338    0.143262    0.088477
0.026636    0.113242    0.127345
0.057511    0.041508    -0.132023
0.048335    -0.283814    -0.137591
0.072049    -0.186666    -0.127768
0.0716    -0.073495    -0.127954
0.056228    -0.262748    -0.134321
0.060214    -0.118302    -0.13267
-0.071876    -0.325443    -0.094898
0.111677    -0.004895    0.093657
0.112471    -0.182114    0.092622
0.107941    -0.203633    0.098526
0.10866    -0.114176    0.097588
0.110973    -0.142445    0.094574
-0.114771    0.150165    0.024755
-0.086335    0.093985    -0.103791
0.000847    0.110651    0.131501
0.099093    0.035514    -0.106245
0.087212    0.021554    -0.116623
0.08144    -0.204563    -0.121051
0.08765    -0.074542    -0.116286
0.091879    -0.03009    -0.113041
0.080352    -0.118021    -0.121886
-0.106827    -0.324952    -0.046595
0.121624    0.069783    0.071366
0.10945    -0.290354    0.09656
0.122701    -0.228052    0.07929
0.123041    -0.061959    0.078847
0.105035    -0.313139    0.102312
0.111482    0.096331    0.075329
-0.079685    0.149181    0.086859
0.016865    0.080023    -0.136982
0.074372    0.122086    0.103091
0.098    0.082294    -0.098135
0.092079    -0.228405    -0.112887
0.102339    -0.123116    -0.105015
0.100158    -0.08597    -0.106688
0.101236    -0.316597    -0.105861
-0.030262    -0.323618    0.108791
0.127087    0.038168    0.070424
0.136212    -0.028135    0.051663
0.134717    -0.038159    0.055273
0.135097    -0.020509    0.054355
0.129898    -0.126446    0.066907
0.132493    -0.005663    0.060641
-0.1046    0.161107    0.041452
-0.047065    0.145024    0.109377
0.037687    0.128112    0.119778
0.108188    0.026896    -0.097691
0.108553    -0.220914    -0.097729
0.104832    -0.228617    -0.102578
0.11038    -0.185575    -0.095347
0.116477    -0.298925    -0.087402
0.104051    -0.274359    -0.103594
0.097287    -0.325298    0.084777
0.134152    0.058159    0.04676
0.138417    -0.240167    0.046341
0.13387    -0.246374    0.057316
0.140786    -0.301299    0.04062
0.137467    -0.300033    0.048632
0.134773    -0.29865    0.055137
-0.114138    0.154461    -0.016204
-0.039736    0.101055    -0.127606
0.074466    0.139479    0.0955
0.126481    -0.173329    -0.074364
0.116348    -0.129433    -0.087569
0.126406    -0.118974    -0.074462
0.119921    -0.072768    -0.082913
0.118806    -0.107867    -0.084366
0.109589    0.074274    -0.085697
0.121881    -0.322374    0.065629
0.137325    0.074344    0.022592
0.143907    -0.074021    0.022514
0.142447    -0.189296    0.0336
0.143408    -0.046298    0.026302
0.143276    -0.086844    0.027307
0.141932    -0.186686    0.037514
-0.109197    0.151834    -0.040392
-0.011627    0.105377    -0.131605
0.071635    0.145374    0.094946
0.126341    0.035917    -0.072797
0.138149    -0.285781    -0.046987
0.135524    -0.214552    -0.053324
0.131715    -0.183535    -0.06252
0.140205    -0.301499    -0.042023
0.121929    0.071809    -0.070336
0.09259    -0.325734    0.080814
0.141675    0.038114    0.029918
0.144921    -0.174082    0.014814
0.146356    -0.131482    0.003909
0.144234    -0.185774    0.020027
0.14635    -0.125673    0.003958
0.144619    -0.255802    0.017101
-0.107184    0.17399    0.003084
-0.071633    0.130076    -0.101883
0.010956    0.15034    0.116516
0.117833    0.14393    0.020222
0.140494    -0.006231    -0.041325
0.134391    -0.003226    -0.056059
0.141683    -0.025953    -0.038454
0.130679    -0.038381    -0.065022
0.127445    0.050732    -0.065815
-0.085954    -0.320836    0.063178
0.14395    0.035406    -0.014587
0.131881    0.102895    -0.014382
0.142576    0.01779    -0.032622
0.146183    -0.090138    -0.005225
0.145042    -0.129589    -0.013888
0.146835    -0.095487    -0.000271
0.124511    0.131997    -0.002756
-0.104585    0.173712    -0.023869
-0.077334    0.193828    0.058228
-0.08099    0.139967    -0.090268
0.083836    0.118687    -0.097194
-0.001435    0.159485    0.114013
0.143362    -0.294957    -0.026652
0.143432    -0.21793    -0.026118
0.145068    -0.216808    -0.013697
0.142741    -0.298833    -0.03137
0.14413    -0.16724    -0.020817
0.145926    -0.317122    -0.00472
-0.098178    -0.319834    -0.037647
0.120951    0.136019    -0.018773
-0.074012    0.231793    0.023775
-0.054421    0.197043    0.078192
-0.073663    0.14104    -0.095394
0.102446    0.114396    -0.079045
0.123523    0.104266    -0.047454
0.126042    -0.325417    0.024647
0.111597    0.145733    -0.041027
-0.061542    0.256526    0.02184
-0.074199    0.152553    -0.089344
0.093743    0.128824    -0.082918
0.10082    0.166533    0.044252
0.083473    -0.324214    0.078292
0.102659    0.154657    -0.053182
-0.093029    0.178763    -0.048068
-0.066508    0.153302    -0.094862
0.095364    0.130652    -0.079818
-0.016836    0.182034    0.101417
-0.043836    -0.291653    0.083699
-0.040277    -0.299258    -0.087582
-0.006402    -0.298919    -0.096217
0.013538    -0.317026    -0.10078
-0.087355    0.207801    -0.023472
-0.027725    0.235514    0.070326
0.044154    0.145297    -0.110475
0.092557    0.179613    0.048124
-0.016309    0.213006    0.085643
-0.024783    -0.306063    -0.095906
0.091688    0.160776    -0.065556
-0.036004    0.2672    0.049702
0.067654    0.14869    -0.096343
0.033167    0.215579    0.079054
0.060508    0.187051    0.079932
0.06532    0.226671    0.046425
0.081966    0.221668    0.01046
0.097441    0.193075    -0.004408
0.090913    0.193721    -0.033609
-0.077839    -0.237043    0.00725
-0.080913    -0.251628    -0.01661
-0.079675    -0.258996    0.028576
-0.070588    -0.300857    0.067015
-0.059486    -0.271553    0.065554
-0.019164    -0.216311    0.070051
-0.042708    -0.208094    0.055018
-0.00626    -0.306055    0.098342
-0.006241    -0.216069    0.071781
0.020569    -0.306361    0.096549
-0.08151    -0.284039    -0.043298
-0.076528    -0.304045    -0.060806
-0.069671    -0.307996    -0.071183
-0.020593    -0.220137    -0.070672
-0.049372    -0.267912    -0.071972
-0.002542    -0.207494    -0.068047
0.003804    -0.306468    -0.098788
-0.07785    0.203954    -0.04909
-0.055852    0.163212    -0.097619
0.001636    0.252059    0.067526
0.049436    0.204999    0.076914
0.079786    0.205395    0.044945
0.074372    0.232513    -0.021948
0.055818    0.233519    -0.053084
-0.077994    -0.234541    -0.000462
-0.091923    -0.290919    0.021079
-0.071343    -0.22805    0.025023
-0.055649    -0.230475    0.052645
0.027959    -0.267981    0.082777
0.038814    -0.267347    0.078079
-0.063995    -0.230583    -0.041821
0.025303    -0.254555    -0.079624
0.039821    -0.304132    -0.089315
-0.037385    0.287252    0.040459
-0.022072    0.161236    -0.110508
0.001515    0.259883    0.064341
-0.053644    -0.207494    0.013357
0.040196    -0.232765    0.066047
-0.003853    -0.207494    -0.054923
0.043172    0.172538    -0.098343
-0.054555    0.222444    -0.061794
0.034594    0.260404    0.053871
0.038057    0.250956    -0.056161
0.06801    -0.299221    0.069221
-0.014624    -0.207494    -0.057038
0.052479    -0.292876    -0.078797
-0.036477    0.29728    0.037508
0.008516    0.173407    -0.106756
0.040114    0.187891    -0.09143
0.024195    -0.207494    0.051432
0.080327    -0.300004    0.053912
0.053704    -0.208826    -0.044773
-0.037748    0.199286    -0.086132
0.035023    0.276499    0.046506
0.019168    0.245071    -0.068605
0.05907    -0.222295    0.044255
0.073561    -0.290246    -0.058038
-0.048736    0.310166    0.001856
-0.023142    0.246873    -0.065967
0.020132    0.218354    -0.082394
0.034365    0.273584    -0.04825
0.089783    -0.304212    0.038752
-0.029491    -0.22066    -0.041622
0.027858    -0.213237    -0.045401
-0.008676    0.249952    -0.06768
0.053919    0.283347    -0.016328
0.047622    -0.207494    0.034945
0.095201    -0.307781    -0.028404
0.054614    -0.207494    -0.031136
0.043959    0.29229    0.030377
0.000934    -0.226422    0.048937
0.082615    -0.258474    0.019037
0.089568    -0.282154    -0.019316
-0.034352    0.281096    -0.045183
0.03941    0.305371    0.030414
0.078266    -0.236672    0.003176
0.090097    -0.276125    -0.001778
-0.026581    0.329133    0.035339
0.013012    0.305868    0.048356
0.034931    -0.232934    -0.028723
0.046605    0.312743    -0.01267
0.045563    -0.220898    0.023022
-0.005601    0.281706    -0.056321
0.001315    -0.238811    0.041323
-0.022574    0.34532    0.034533
-0.041236    -0.236853    -0.01155
-0.036908    0.324517    -0.026136
-0.028918    -0.241447    -0.026139
-0.013003    0.348244    0.038589
0.03898    -0.238571    0.013841
0.032684    0.344833    -0.025124
0.026504    -0.247371    -0.01953
0.034374    0.352777    0.02072
-0.032093    0.347908    -0.02501
-0.017291    -0.252153    0.020362
0.013571    0.364086    0.035748
-0.031764    0.358931    -0.022614
-0.020436    -0.255766    -0.001931
-0.0235    0.534955    0.012931
-0.005796    0.335366    -0.042571
-0.025543    0.551089    0.002855
-0.033136    0.387823    -0.013039
0.029936    0.38588    0.019782
-0.031474    0.447076    -0.005317
0.03529    0.390939    0.002916
-0.012043    0.412269    0.031785
0.022858    0.392161    -0.026931
-0.010642    0.515838    0.025682
0.003103    0.446948    0.031773
0.018644    0.42782    0.027349
0.027643    0.487601    0.010305
0.031536    0.451342    -0.002896
0.02154    0.509995    -0.018167
-0.02    0.381128    -0.030355
0.008213    0.526806    0.02598
0.026312    0.489913    0.01316
0.02962    0.489215    -0.00015
0.018145    0.470012    -0.024562
-0.021671    0.393806    -0.027691
-0.022027    0.496881    -0.018816
0.011224    0.427918    -0.031114
0.009355    0.427427    -0.03192
0.008596    0.553486    0.031215
-0.013648    0.444851    -0.029018
0.004816    0.525785    -0.026807
-0.007697    0.403874    -0.033759
-0.003973    0.520229    -0.027252
-0.038213    0.527561    0.004954
0.012862    0.534598    0.03566
-0.034692    0.494374    0.006601
-0.019506    0.429935    0.033629
-0.016327    0.520657    0.029943
-0.039286    0.416125    0.002378
-0.021226    0.429288    0.032351
-0.03901    0.420024    -0.002946
-0.003191    0.4499    0.037436
-0.039271    0.404575    0.007913
-0.028199    0.455341    -0.024447
0.008675    0.478961    0.035214
-0.023089    0.453773    -0.029342
0.013442    0.497848    0.032401
-0.007562    0.458882    -0.036397
0.019309    0.451088    0.032415
0.035981    0.477699    0.003343
0.032851    0.517414    -0.009741
0.009275    0.520566    -0.032869
-0.032092    0.391631    -0.025769
0.030806    0.433749    0.022863
0.033193    0.518543    0.008513
0.036952    0.4267    -0.011969
0.013801    0.446048    -0.035121
-0.0278    0.377726    0.032664
0.008912    0.406223    -0.038999
0.040155    0.396943    0.006138
-0.019037    0.379204    -0.03825
-0.044526    0.362391    -0.008193
-0.043432    0.351026    0.018751
0.042327    0.374855    -0.009868
-0.014658    0.356726    -0.043943
-0.023208    0.340254    0.044007
0.030427    0.36649    -0.032738
0.00537    0.350788    -0.047052
0.023592    0.352826    0.041025
0.026329    0.347069    -0.040448
-0.006963    0.32932    -0.051668
-0.013477    0.305745    0.057433
0.045602    0.331134    -0.025015
-0.050834    0.304021    -0.031033
-0.054766    0.29625    0.02909
0.028506    0.315352    0.048508
-0.001112    0.29856    0.061336
0.055241    0.315851    -0.007158
-0.066776    0.282537    -0.002336
0.034254    0.31073    -0.045813
-0.051562    0.285164    -0.040469
0.027958    0.307006    -0.051545
-0.038491    0.288046    -0.051743
-0.070301    0.272804    0.003722
-0.046415    0.281577    -0.048663
0.027705    0.296714    -0.055171
-0.052351    0.271272    -0.04808
0.040201    0.285132    -0.051783
-0.072233    0.257975    -0.025056
0.061753    0.28012    -0.027035
-0.077839    0.240755    0.033442
-0.04893    0.239321    0.07018
-0.013052    0.246526    0.080668
-0.081811    0.243249    -0.017546
0.052896    0.27287    0.046314
-0.104654    0.200543    0.015834
-0.087317    0.230288    0.024922
-0.068775    0.210698    0.073895
-0.037182    0.213747    0.091639
-0.009592    0.212133    0.099337
-0.112429    0.187766    -0.008169
-0.082842    0.232186    -0.03312
-0.010451    0.2546    -0.077095
-0.117194    0.172357    0.030616
-0.027482    0.173839    0.116875
-0.117419    0.178021    -0.007658
-0.057374    0.249578    -0.056772
-0.057364    0.191344    -0.095461
-0.009028    0.232348    -0.088706
0.04865    0.259076    -0.058267
-0.040452    0.172874    0.11306
-0.11707    0.173215    -0.028342
-0.072237    0.184844    -0.08835
-0.039723    0.218706    -0.087768
0.000813    0.208321    -0.102512
0.058794    0.252311    -0.052821
-0.036758    0.160914    0.120404
0.046802    0.213226    0.08795
-0.072002    0.17914    -0.092058
0.003512    0.192347    -0.110616
0.068987    0.23649    0.052925
0.100159    0.210939    0.008151
0.0772    0.239216    -0.037096
0.050598    0.21416    -0.085552
0.02929    0.239543    -0.080248
-0.00288    0.165788    0.123865
-0.098901    0.162955    -0.075486
0.072695    0.205724    0.07418
0.089496    0.193517    0.063262
0.099606    0.187552    0.053888
0.101154    0.210878    -0.000842
0.105074    0.186947    -0.041518
0.079193    0.215289    -0.057912
0.065067    0.204136    -0.081084
-0.129526    0.147289    0.018639
0.048073    0.171037    0.110877
-0.082988    0.167571    -0.090607
0.113949    0.174615    0.036079
0.076993    0.182301    -0.086277
-0.058534    0.141758    0.119686
-0.118901    0.150831    -0.051321
0.016653    0.163547    -0.123037
0.121159    0.170902    -0.00596
-0.127618    0.138462    0.042545
0.026722    0.145584    0.129123
-0.082162    0.150873    -0.100153
0.109888    0.159548    0.063606
0.085008    0.169592    -0.087947
-0.089441    0.124724    0.106295
-0.138652    0.12627    -0.006094
-0.062283    0.143173    -0.117545
0.122912    0.161689    0.023803
0.056127    0.165104    -0.110404
-0.051179    0.119211    0.130755
-0.141333    0.119337    -0.001743
-0.006545    0.131067    -0.136975
0.127439    0.154784    -0.012432
-0.141176    0.117837    0.006218
-0.059332    0.116736    0.128143
-0.134494    0.123887    -0.03866
0.021486    0.138015    -0.132665
0.129463    0.152519    -0.003721
-0.140742    0.107095    0.032622
-0.052753    0.107164    0.133774
-0.130063    0.112131    -0.058137
0.028693    0.127676    -0.135203
0.133978    0.131398    -0.028464
-0.14596    0.095896    0.013462
-0.071133    0.099645    0.128103
-0.136331    0.105379    -0.047695
0.006462    0.118866    -0.140847
0.138527    0.125196    0.009799
0.05607    0.132403    -0.124209
-0.044161    0.085393    0.142613
-0.149856    0.083065    -0.004066
-0.018485    0.102417    -0.143729
0.136636    0.122892    0.029632
0.084865    0.119578    -0.111702
-0.098229    0.086303    0.111782
0.020638    0.088847    0.146552
-0.047488    0.09482    -0.139144
0.101362    0.113301    0.101289
0.120436    0.109997    -0.077982
-0.120243    0.072849    0.091209
0.065221    0.09423    0.131951
-0.116529    0.083256    -0.093007
0.083938    0.107628    0.116682
0.130423    0.102991    -0.063445
-0.150782    0.066336    0.018277
-0.007869    0.071385    0.151403
-0.137515    0.07464    -0.061694
-0.029091    0.083331    -0.14651
0.143185    0.096776    0.03293
0.093895    0.093469    -0.113301
-0.093729    0.059909    0.120707
0.032696    0.065636    0.148987
-0.062387    0.074903    -0.137186
0.121653    0.082389    0.086603
0.108524    0.08461    -0.10301
-0.139555    0.044943    0.066424
-0.035223    0.048185    0.150712
-0.120912    0.054873    -0.094307
0.034467    0.074181    -0.147487
0.149083    0.079569    0.015094
0.065952    0.082042    -0.134285
-0.079295    0.03495    0.134515
-0.152563    0.038824    -0.026874
-0.042807    0.050167    -0.14876
0.125445    0.065861    0.086117
0.116366    0.07317    -0.096185
-0.148595    0.035819    0.046135
-0.013422    0.028817    0.154917
-0.119292    0.038461    -0.0988
0.018794    0.054106    -0.152264
0.148746    0.063294    0.037164
0.04829    0.063237    -0.144882
-0.089801    0.024359    0.127068
0.058256    0.044195    0.143022
-0.084416    0.038335    -0.130339
0.127002    0.054658    0.086407
0.139482    0.05242    -0.064604
-0.154454    0.014639    0.018968
-0.00471    0.015069    0.156325
-0.150257    0.018257    -0.043744
-0.027843    0.030263    -0.152934
0.150748    0.049646    0.033803
0.098434    0.043954    -0.119152
-0.117994    0.008486    0.101815
0.030305    0.016211    0.15294
-0.097325    0.021534    -0.121343
0.084287    0.032192    0.130885
0.152964    0.041054    -0.022837
-0.154993    0.004049    0.01371
-0.05256    -0.003862    0.146233
-0.152144    0.007726    -0.03621
-0.036648    0.018526    -0.152073
0.140216    0.03385    0.066661
0.13386    0.038714    -0.079792
-0.151798    -0.051652    0.035715
-0.154093    -0.008562    0.018274
-0.153832    -0.073283    0.020261
-0.152166    -0.15986    0.032918
-0.151595    -0.028112    0.037253
-0.145242    -0.05416    0.054809
-0.140677    -0.150573    0.06583
-0.139695    -0.187126    0.068201
-0.144199    -0.138183    0.057328
-0.114106    -0.179264    0.106173
-0.128454    -0.012146    0.087474
-0.117993    -0.208576    0.101108
-0.129591    -0.038786    0.085992
-0.121014    -0.126948    0.09717
-0.083983    -0.045567    0.131133
-0.105741    -0.070487    0.114438
-0.108899    -0.049749    0.112015
-0.10065    -0.184558    0.118345
-0.063205    -0.012445    0.141764
-0.070858    -0.132658    0.138594
-0.058784    -0.141809    0.143595
-0.077727    -0.033637    0.135749
-0.061229    -0.043289    0.142582
-0.029359    -0.22164    0.152634
-0.023786    -0.082058    0.153368
-0.022217    -0.113517    0.153574
-0.034787    -0.111229    0.15192
-0.013579    -0.096076    0.154711
-0.153716    -0.147337    -0.021141
-0.156241    -0.307312    -0.001958
-0.154434    -0.1367    -0.01569
-0.152684    -0.048626    -0.028981
-0.155205    -0.065374    -0.009829
-0.071998    0.010178    -0.138645
0.126201    0.023876    0.090941
0.118371    0.026236    -0.101092
-0.156079    -0.294012    0.003191
-0.152858    -0.262018    0.027659
-0.15349    -0.193213    0.022856
-0.152803    -0.24309    0.028078
-0.155604    -0.211764    0.006798
-0.15041    -0.270041    0.042332
-0.149769    -0.325564    0.04388
-0.150615    -0.070508    0.041837
-0.150858    -0.165822    0.041251
-0.1332    -0.299901    0.081289
-0.123162    -0.2578    0.094371
-0.130461    -0.281523    0.084859
-0.13437    -0.081029    0.079765
-0.135376    -0.244605    0.078454
-0.080787    -0.121771    0.133585
-0.091773    -0.29919    0.125156
-0.09389    -0.177091    0.123531
-0.091225    -0.230114    0.125577
-0.045577    -0.316998    0.149066
-0.052015    -0.255769    0.146399
-0.045918    -0.139922    0.148925
-0.045655    -0.144488    0.149034
-0.046517    -0.188941    0.148676
0.023179    -0.045421    0.153448
0.02761    -0.028956    0.152864
0.02405    -0.081318    0.153333
0.022703    -0.068297    0.15351
0.03354    -0.054609    0.152084
-0.00519    -0.226527    0.155816
-0.0018    -0.254095    0.156262
-0.011632    -0.151388    0.154968
-0.000191    -0.169512    0.156474
0.049594    -0.208149    0.147402
0.048944    -0.048728    0.147671
0.051508    -0.149713    0.146609
0.043334    -0.256614    0.149995
0.050969    -0.177049    0.146833
-0.151694    -0.136965    -0.036503
-0.151343    -0.249036    -0.039164
-0.151317    -0.155122    -0.039363
-0.152594    -0.200083    -0.029665
-0.14947    -0.266956    -0.044603
-0.149505    -0.156716    -0.044516
-0.148531    -0.10944    -0.046869
-0.150324    -0.073916    -0.042541
-0.149777    -0.105498    -0.043861
-0.128668    -0.010295    -0.087196
-0.113639    -0.036997    -0.106783
-0.127178    -0.201936    -0.089137
-0.117725    -0.050996    -0.101458
-0.134648    -0.101521    -0.079402
0.005226    0.009406    -0.156274
0.152418    0.015322    0.034361
0.102133    0.021005    -0.117662
-0.133445    -0.327205    0.080113
0.036659    -0.305019    0.151673
0.020847    -0.266627    0.153755
0.036074    -0.154541    0.15175
0.033482    -0.206274    0.152092
0.037659    -0.290849    0.151542
0.072916    -0.20127    0.137741
0.0764    -0.23111    0.136298
0.074079    -0.092539    0.13726
0.067959    -0.097381    0.139795
0.064178    -0.242162    0.141361
-0.138288    -0.162102    -0.071597
-0.13739    -0.061534    -0.073764
-0.13748    -0.180739    -0.073548
-0.141741    -0.170987    -0.063259
-0.122666    -0.255927    -0.095017
-0.11708    -0.213813    -0.102297
-0.12443    -0.238305    -0.092719
-0.112823    -0.195911    -0.107846
-0.112325    -0.246334    -0.108495
-0.080411    -0.155735    -0.133874
-0.082788    -0.0297    -0.13205
-0.089705    -0.025515    -0.126742
-0.081408    -0.064567    -0.133109
-0.102578    -0.076021    -0.116865
-0.048888    -0.153797    -0.147695
-0.061699    -0.043478    -0.142388
-0.042523    -0.248884    -0.150331
-0.064608    -0.063609    -0.141183
-0.00409    -0.178409    -0.155961
-0.005371    -0.112357    -0.155792
-0.006576    -0.043911    -0.155633
-0.003217    -0.026604    -0.156076
-0.007309    -0.058671    -0.155537
0.039806    -0.02687    -0.151259
0.031446    -0.10364    -0.15236
0.032293    -0.042077    -0.152248
0.021883    -0.152504    -0.153618
0.103321    0.009088    0.116862
0.152121    -0.002278    -0.034045
0.064617    0.00352    -0.141482
-0.073699    -0.334125    0.129426
0.080877    -0.184464    0.133516
0.083429    -0.269916    0.131558
0.092731    -0.077039    0.12442
0.085156    -0.081589    0.130233
0.081275    -0.169916    0.133211
-0.141095    -0.328201    -0.060874
-0.106258    -0.316099    -0.114041
-0.101418    -0.220745    -0.117755
-0.110132    -0.025403    -0.111069
-0.089536    -0.268524    -0.126872
-0.049644    -0.325142    -0.147382
-0.058643    -0.231004    -0.143654
-0.060426    -0.197376    -0.142915
-0.051366    -0.239326    -0.146668
-0.06825    -0.206381    -0.139674
-0.035485    -0.319695    -0.151828
-0.035839    -0.251437    -0.151781
-0.033939    -0.204194    -0.152031
-0.006792    -0.314    -0.155605
-0.009048    -0.264336    -0.155308
0.003388    -0.188954    -0.156053
0.020124    -0.166017    -0.15385
0.008779    -0.092649    -0.155343
0.006099    -0.310343    -0.155696
0.058453    -0.195218    -0.143732
0.069782    -0.289091    -0.13904
0.041233    -0.145996    -0.150866
0.054584    -0.269042    -0.145335
0.06148    -0.29053    -0.142479
0.073787    -0.185721    -0.137381
0.044786    -0.012358    -0.149394
0.058255    -0.122109    -0.143815
0.051043    -0.09088    -0.146802
0.122    0.000936    0.096216
0.126812    0.003835    -0.09009
-0.085779    -0.338942    0.115156
0.104562    -0.303145    0.115343
0.094733    -0.232603    0.122885
0.084055    -0.283839    0.131078
0.089596    -0.289821    0.126826
0.096449    -0.221645    0.121568
-0.085833    -0.336367    -0.117606
0.025701    -0.326877    -0.152917
0.083809    -0.300797    -0.131267
0.080335    -0.066805    -0.133932
0.086315    -0.197389    -0.129343
0.093536    -0.289845    -0.123803
0.121106    -0.070232    0.097051
0.128744    -0.182991    0.087097
0.132491    -0.271865    0.082214
0.125183    -0.149721    0.091737
0.127694    -0.139494    0.088465
0.145053    -0.041843    0.055265
0.147322    -0.233473    0.049787
0.148191    -0.25283    0.04769
0.14838    -0.101402    0.047233
0.156497    -0.035731    1.1e-05
0.15338    -0.028015    0.023691
0.155978    -0.185437    0.003956
0.156439    -0.093428    0.000456
0.155662    -0.126982    0.006358
0.153303    -0.006573    -0.024279
0.15536    -0.070796    -0.008656
0.15286    -0.208055    -0.027641
0.154484    -0.08858    -0.015307
0.151453    -0.085666    -0.038334
0.146544    -0.035415    -0.051667
0.138541    -0.01765    -0.070985
0.143601    -0.149505    -0.058771
0.141962    -0.037901    -0.062728
0.120965    -0.084468    -0.097235
0.119885    -0.038871    -0.098642
0.123985    -0.041213    -0.093299
0.114653    -0.231823    -0.105461
0.116552    -0.219664    -0.102985
0.102709    -0.049992    -0.116764
0.110105    -0.111492    -0.111089
0.081144    -0.014254    -0.133312
0.099289    -0.057367    -0.119388
-0.130757    -0.338942    0.068993
0.124656    -0.234292    0.092424
0.115789    -0.249467    0.10398
0.122133    -0.269012    0.095713
0.119879    -0.251423    0.098649
0.126544    -0.321212    0.089963
-0.131402    -0.338942    -0.073423
0.010869    -0.338205    -0.143541
0.138232    -0.183074    0.071733
0.138663    -0.299985    0.070692
0.145297    -0.219462    0.054675
0.143687    -0.290943    0.058562
0.136501    -0.189519    0.075911
0.152132    -0.16673    0.033172
0.155924    -0.305835    0.004369
0.151224    -0.182523    0.040076
0.152962    -0.173302    0.026866
0.154216    -0.283304    -0.017346
0.152812    -0.323927    -0.028006
0.154652    -0.299332    -0.014033
0.1559    -0.247781    -0.004554
0.156007    -0.266115    -0.003739
0.145379    -0.31868    -0.054478
0.148897    -0.238428    -0.045985
0.146632    -0.102597    -0.051453
0.138923    -0.286296    -0.070064
0.127421    -0.133429    -0.088821
0.12488    -0.226659    -0.092133
0.122322    -0.211012    -0.095466
0.126298    -0.322319    -0.090284
0.132494    -0.14279    -0.082209
0.094247    -0.338942    0.121121
0.101016    -0.330921    -0.112762
0.132714    -0.333136    -0.068324
0.123703    -0.332347    0.084434
0.105297    -0.338942    -0.108885
0.134215    -0.338396    -0.051073
0.115172    -0.338942    -0.094285
0.141066    -0.338942    0.055351
-0.004911    -0.338942    0.001193
0.027234    -0.338942    0.001447
-0.085344    -0.338942    0.00658
0.022135    -0.338942    0.021335
0.083071    -0.338942    0.006048
-0.045744    -0.338942    -0.002806
0.104075    -0.338942    -0.015795
-0.005847    -0.338942    -0.024771
-0.009445    -0.338942    -0.027861
-0.001981    -0.338942    -0.019733
-0.047175    -0.338942    0.037691
-0.08158    -0.338942    0.044999
-0.031179    -0.338942    -0.038592
-0.006391    -0.338942    -0.032003
0.038703    -0.338942    0.053508
-0.017021    -0.338942    0.051466
-0.085711    -0.337962    0.070698
-0.024179    -0.338942    -0.050428
0.006152    -0.338942    -0.054133
0.042609    -0.338942    0.075597
0.10989    -0.33851    -0.029613
-0.052441    -0.338942    0.069853
0.000448    -0.338942    -0.064634
0.025329    -0.338942    -0.05861
0.019641    -0.338942    0.088146
-0.064221    -0.334576    0.081323
0.04832    -0.338942    -0.08072
0.002658    -0.338942    0.094548
-0.069578    -0.335939    -0.080443
-0.002397    -0.338942    -0.083793
-0.040734    -0.337665    0.102465
-0.013862    -0.338942    -0.092844
-0.021167    -0.335936    0.104299
0.041452    -0.338339    -0.104353
-0.072151    -0.3318    -0.069199
0.099054    -0.332677    -0.018397
0.005667    -0.334101    0.102918
0.004407    -0.337545    -0.110305
0.047066    -0.330269    0.085972
-0.076716    -0.325279    0.051847
-0.017643    -0.325506    -0.091096
0.089381    -0.32655    -0.028761
-0.049006    -0.321673    -0.075479
0.069639    -0.32213    0.057119
-0.080646    -0.316612    -0.03199
-0.077799    -0.289122    0.013053
-0.071993    -0.313029    0.046329
-0.048283    -0.285449    0.061068
-0.025338    -0.313835    0.08209
0.011649    -0.311068    0.083985
0.034213    -0.287549    0.0707
0.058411    -0.251179    0.036482
0.073276    -0.300608    0.037244
-0.066459    -0.246382    0.010409
-0.050144    -0.241526    0.042956
-0.036712    -0.254497    0.059369
-0.069402    -0.271292    -0.025828
-0.044803    -0.244799    -0.049846
-0.005577    -0.232805    0.063382
0.025261    -0.250488    0.063532
0.059826    -0.304565    0.058416
0.071102    -0.264536    0.012847
-0.037776    -0.288352    -0.069459
0.075666    -0.281521    0.013466
-0.061048    -0.244463    -0.026988
-0.036041    -0.248041    -0.057677
-0.024928    -0.275614    -0.071043
0.005387    -0.286743    -0.078157
0.031402    -0.259231    -0.063554
0.070643    -0.25994    -0.00679
0.046563    -0.231089    0.038765
0.012047    -0.246235    -0.066203
0.038386    -0.249888    -0.056509
0.084551    -0.313302    -0.011993
0.077295    -0.298341    -0.025937
-0.021657    -0.233504    -0.055082
0.063058    -0.250585    -0.026472
0.037488    -0.231718    -0.047097
0.043629    -0.239041    -0.034351
-0.025569    -0.248353    0.040702
0.037357    -0.249522    0.028185
-0.007704    -0.245159    -0.050181
-0.022183    -0.251967    -0.038715
-0.006542    -0.254861    -0.040624
0.024903    -0.259508    -0.025331
-0.014664    -0.266933    0.017923
0.009442    -0.271399    0.009022
