-0.012409    0.514207    0.002585
-0.012665    0.495626    0.000642
-0.012303    0.504776    -0.003329
-0.006766    0.531194    0.010741
-0.009196    0.49318    -0.00878
-0.0084    0.487873    -0.009487
-0.006262    0.468424    -0.011088
-0.002504    0.460216    0.01242
-0.002165    0.532127    -0.012464
0.004407    0.513212    0.011857
0.006242    0.461983    0.011096
0.005514    0.505572    -0.011398
0.009251    0.524677    0.008708
0.010029    0.498733    -0.007694
0.012232    0.478625    0.003499
0.012221    0.466224    -0.003526
0.012692    0.50462    -0.000432
0.021117    0.49066    0.004377
-0.003167    0.495527    -0.013784
-0.004882    0.495527    0.015188
-0.015245    0.495361    -0.012581
-0.018825    0.49094    0.010589
0.019625    0.450101    -0.001572
0.019648    0.449059    -0.001399
0.017796    0.408396    -0.008416
0.017863    0.331012    -0.008254
0.014992    0.454624    -0.012761
0.014342    0.437465    -0.013607
0.0193    0.302548    0.004039
0.019506    0.375562    0.002474
0.018027    0.358091    0.007859
0.018786    0.445269    0.006026
0.015794    0.363017    0.011716
0.01492    0.406907    0.012854
0.011304    0.405653    0.01611
0.006045    0.411634    0.018778
0.006467    0.392141    0.018603
0.003704    0.459675    0.019344
0.002119    0.397026    0.019553
0.019535    0.224693    -0.002255
0.019708    0.294699    -0.000943
0.018767    0.274332    -0.006072
0.018831    0.352592    -0.005918
0.016588    0.319516    -0.010681
0.015031    0.200767    -0.012709
0.013301    0.321198    -0.014577
-0.016704    0.483267    0.012822
-0.002598    0.376912    0.01949
0.019767    0.426809    0.00049
0.01963    0.333032    0.001532
0.019088    0.279486    0.005296
0.017419    0.204603    0.009326
0.015914    0.363512    0.01156
0.016423    0.228244    0.010896
0.012243    0.287342    0.015389
0.012369    0.258565    0.015293
0.009859    0.265969    0.017199
0.002814    0.310989    0.019461
0.001145    0.242438    0.019681
-0.002919    0.271779    0.019448
-0.000814    0.246545    0.019725
0.011055    0.289916    -0.016301
0.011864    0.340638    -0.01568
-0.005915    0.29485    0.018832
-0.007535    0.254904    0.018161
0.007499    0.468589    -0.018176
0.008575    0.459159    -0.01773
-0.006045    0.452023    0.018778
-0.007984    0.317506    0.017975
0.02079    0.189771    -0.001629
0.005655    0.374992    -0.01894
-0.019109    0.487541    -0.010717
-0.010067    0.399771    0.017059
0.01832    0.187777    0.011039
0.001462    0.473779    -0.019639
0.00194    0.465163    -0.019576
-0.012215    0.420319    0.01541
-0.013321    0.26466    0.014562
0.002727    0.216166    -0.019473
0.000699    0.287459    -0.01974
-0.014887    0.28825    0.012898
-0.016632    0.433434    0.010624
-0.000513    0.248442    -0.019764
-0.000856    0.343511    -0.019719
-0.017043    0.422488    0.010088
-0.015196    0.294713    0.012495
-0.001625    0.181976    0.022623
-0.00336    0.276512    -0.019389
-0.004226    0.298531    -0.019275
-0.018659    0.417538    0.006333
-0.01756    0.471518    0.008987
-0.00702    0.315755    -0.018374
-0.00928    0.469429    -0.017438
-0.017605    0.234952    0.008878
-0.018128    0.276508    0.007615
-0.020478    0.179167    0.011744
-0.007906    0.271161    -0.018007
-0.006694    0.247441    -0.018509
-0.019305    0.411978    0.004001
-0.021003    0.187916    0.003076
-0.010998    0.359152    -0.016344
-0.011614    0.317894    -0.015872
-0.019805    0.270142    0.000204
-0.019406    0.238556    0.003233
-0.014007    0.172766    0.021195
-0.011252    0.232583    -0.016149
-0.013832    0.342394    -0.01417
-0.019415    0.478626    -0.003166
-0.019384    0.388225    -0.003402
0.005387    0.179654    -0.022769
-0.015813    0.403233    -0.01169
-0.019219    0.270685    -0.004651
-0.019627    0.202258    -0.001555
0.024508    0.169425    0.010041
-0.016556    0.309798    -0.010722
-0.017074    0.36876    -0.010048
-0.018892    0.257515    -0.005771
-0.018181    0.349547    -0.007486
-0.01433    0.164118    0.024863
-0.017303    0.359898    -0.009608
-0.017448    0.393224    -0.009256
-0.008855    0.165806    0.026432
0.00773    0.161527    0.028737
0.02856    0.159209    0.010696
-0.014529    0.183764    -0.016833
0.01335    0.160193    -0.027015
-0.022886    0.167384    -0.014864
-0.031859    0.152321    0.011143
0.00669    0.152894    0.032822
0.034866    0.147424    0.010537
0.024228    0.148144    -0.026607
-0.019262    0.161937    -0.022197
-0.028711    0.145272    0.024082
0.022207    0.143358    0.031549
0.038741    0.139776    -0.01566
0.023844    0.135079    0.040701
-0.032326    0.139795    0.026479
0.044405    0.136199    -0.011978
0.042877    0.13707    0.013234
-0.007233    0.136526    0.044697
-0.03564    0.146155    -0.010451
0.025815    0.132585    -0.042283
0.038431    0.129458    0.035434
-0.023286    0.132935    0.043334
-0.048469    0.132429    0.01031
0.044156    0.127998    -0.030122
0.017051    0.133593    -0.045279
0.023456    0.126887    0.049126
-0.036666    0.126092    0.041285
-0.055068    0.124825    0.012353
0.052619    0.122641    -0.024249
0.006663    0.129297    -0.051778
0.033236    0.121297    0.048743
-0.022805    0.120399    0.055042
-0.055571    0.125628    -0.00303
-0.022006    0.145223    -0.030341
0.038265    0.117379    -0.0486
0.008146    0.121921    -0.057866
0.04094    0.122428    0.04176
-0.022045    0.115745    0.059146
-0.063535    0.114718    0.006593
-0.04092    0.131778    -0.028779
0.057057    0.111171    -0.034257
-0.001208    0.1278    -0.053849
0.04704    0.113762    0.044631
0.006638    0.108938    0.067237
-0.049499    0.112312    0.042927
-0.050629    0.122877    -0.02859
-0.033092    0.114818    -0.054997
0.05855    0.111076    -0.031589
-0.009269    0.138031    -0.042807
0.067876    0.105592    0.017931
0.041941    0.108575    0.053223
-0.02095    0.109951    0.063723
-0.063751    0.106196    0.027065
-0.02271    0.136332    -0.039805
-0.039507    0.109837    -0.054088
0.042368    0.102927    -0.057295
0.010711    0.107369    -0.067698
0.053769    0.101366    0.048306
0.006991    0.101045    0.071935
-0.043823    0.102181    0.056669
-0.068602    0.106833    -0.006426
-0.029728    0.11529    -0.056334
0.075591    0.093138    -0.010916
0.043709    0.094437    -0.061865
-0.003411    0.114187    -0.064326
0.065618    0.096817    0.036116
0.025817    0.094841    0.071003
-0.020809    0.094396    0.07333
-0.07485    0.09353    0.014974
-0.022548    0.108736    -0.06389
-0.020514    0.092346    -0.074613
0.065965    0.08536    -0.045124
0.006788    0.095689    -0.074788
0.079097    0.081436    0.021967
0.030845    0.087076    0.072808
-0.037921    0.088597    0.069173
-0.071726    0.087827    0.032618
-0.063358    0.100599    -0.036399
-0.019724    0.09299    -0.07451
0.077571    0.082026    -0.024991
0.027287    0.083142    -0.076103
0.079746    0.084332    0.009034
0.04743    0.080746    0.066684
-0.005203    0.08712    0.079048
-0.063752    0.081635    0.050625
-0.079386    0.085239    -0.0088
-0.047867    0.086756    -0.063108
0.082126    0.075547    -0.016856
0.072097    0.075508    -0.04343
0.011663    0.085243    -0.079007
0.067613    0.079699    0.04693
0.011343    0.078633    0.081792
-0.057878    0.073818    0.061737
-0.076813    0.075517    0.033103
-0.069473    0.087728    -0.038167
-0.03938    0.082588    -0.071351
0.075113    0.075137    -0.037547
0.044422    0.073668    -0.072126
0.082338    0.073174    0.021445
0.056545    0.069419    0.064649
0.01754    0.072901    0.082945
-0.055248    0.070045    0.065375
-0.082987    0.073352    0.016045
-0.08113    0.071543    -0.026218
-0.034811    0.076804    -0.075631
0.083453    0.063458    -0.027005
0.042422    0.061687    -0.077565
0.087603    0.061446    0.008454
0.045309    0.055433    0.078066
0.011238    0.066274    0.085974
-0.046483    0.066247    0.073631
-0.087446    0.06249    0.007574
-0.081899    0.069509    -0.026171
-0.036951    0.068206    -0.077914
0.084751    0.055213    -0.029459
0.05886    0.056061    -0.067462
0.086863    0.058692    0.019545
0.070782    0.05826    0.053598
0.017436    0.056006    0.087843
-0.024778    0.062057    0.084769
-0.081504    0.056968    0.036108
-0.087112    0.065695    -0.003738
-0.04729    0.05704    -0.076021
0.090373    0.0527    -0.003933
0.073257    0.053814    -0.052221
0.000878    0.061149    -0.088678
0.086666    0.053496    0.025866
0.030018    0.054113    0.084824
-0.022956    0.05173    0.088046
-0.080383    0.041839    0.046525
-0.089672    0.051138    0.011439
-0.067765    0.057331    -0.057925
-0.038305    0.05605    -0.080852
0.083936    0.045425    -0.036304
0.048671    0.05001    -0.076857
0.091017    0.042673    0.013054
0.073989    0.043968    0.054219
0.003258    0.041148    0.092588
-0.036098    0.04218    0.084663
-0.06538    0.047309    0.064437
-0.088923    0.051572    -0.016518
-0.074796    0.04811    -0.051926
-0.000393    0.048114    -0.091683
0.089646    0.034051    -0.026642
0.045859    0.028496    -0.082339
0.092723    0.035474    0.007149
0.059373    0.039197    0.070983
0.006324    0.033665    0.09303
-0.04733    0.040302    0.080072
-0.085579    0.036813    0.035676
-0.088243    0.051188    -0.022225
-0.06416    0.048661    -0.065281
-0.023769    0.047051    -0.088801
0.074224    0.028051    -0.057139
0.027839    0.03198    -0.089394
0.084236    0.032009    0.040283
0.059297    0.030099    0.072288
0.015176    0.029961    0.092271
-0.048962    0.034402    0.079628
-0.088318    0.029851    0.031041
-0.089345    0.04053    -0.025529
-0.050825    0.032524    -0.078456
-0.0153    0.040179    -0.091134
0.080927    0.017976    -0.049103
0.037836    0.026174    -0.085853
0.089104    0.025094    0.030091
0.048826    0.026347    0.080755
0.005103    0.020723    0.094135
-0.051212    0.027155    0.078888
-0.090602    0.02006    0.026953
-0.090736    0.033389    -0.023982
-0.06029    0.030481    -0.071473
-0.012552    0.030727    -0.092532
0.068736    0.022336    -0.064731
0.029877    0.018911    -0.089436
0.092987    0.014983    0.015424
0.062263    0.016913    0.070878
0.020987    0.021201    0.092026
-0.061294    0.01491    0.071714
-0.085436    0.01719    0.039698
-0.091777    0.026975    -0.021271
-0.052032    0.025043    -0.078355
-0.000112    0.016443    -0.094949
0.083004    0.013235    -0.045885
0.033876    0.010013    -0.087856
0.091969    0.012978    0.023407
0.048278    0.008925    0.081557
0.014933    0.009084    0.092946
-0.042812    0.007018    0.08404
-0.090092    0.011388    0.028605
-0.092145    0.017783    -0.021042
-0.067806    0.024678    -0.065803
-0.011401    0.016972    -0.093444
0.091314    4.2e-05    -0.024613
0.027283    0.011435    -0.090641
0.093964    0.009223    0.007233
0.079557    0.001501    0.050455
0.016295    0.006815    0.092686
-0.025673    0.000528    0.090893
-0.087371    0.002027    0.034312
-0.094149    0.005321    -0.004778
-0.070034    0.00338    -0.062975
-0.00728    0.012621    -0.094079
0.092616    -0.070286    -0.014953
0.093017    -0.092652    -0.011903
0.092382    -0.11706    -0.01673
0.091716    -0.205077    -0.021793
0.091446    -0.208697    -0.023842
0.09137    -0.284572    -0.024419
0.093199    -0.161926    -0.010524
0.091683    -0.320898    -0.022044
0.091549    -0.336226    -0.023061
0.093099    -0.152985    -0.011285
0.093677    -0.03947    -0.00689
0.091697    -0.058026    -0.021936
0.081963    -0.088874    -0.047168
0.087384    -0.101469    -0.034082
0.083826    -0.274727    -0.042671
0.082091    -0.086035    -0.046861
0.083335    -0.224799    -0.043858
0.086448    -0.167486    -0.036341
0.083961    -0.234266    -0.042346
0.087432    -0.029704    -0.033967
0.082496    -0.165985    -0.045882
0.085604    -0.157733    -0.03838
0.089026    -0.009021    -0.030119
0.083045    -0.055659    -0.044556
0.087975    -0.129607    -0.032657
0.074889    -0.033462    -0.056444
0.080266    -0.308286    -0.049437
0.081282    -0.030913    -0.048113
0.078356    -0.084519    -0.051926
0.071369    -0.01744    -0.061032
0.075608    -0.112755    -0.055508
0.074596    -0.090632    -0.056826
0.080733    -0.196054    -0.048829
0.073884    -0.142516    -0.057755
0.079863    -0.062075    -0.049962
0.078429    -0.220099    -0.051831
0.080777    -0.149651    -0.048771
0.073324    -0.032518    -0.058484
0.061412    -0.167304    -0.071077
0.055965    -0.092858    -0.075257
0.064046    -0.014291    -0.069057
0.064084    -0.070971    -0.069027
0.057042    -0.108549    -0.07443
0.056137    -0.107598    -0.075125
0.0561    -0.133454    -0.075154
0.057402    -0.027751    -0.074155
0.061855    -0.089637    -0.070738
0.066003    -0.160124    -0.067554
0.05646    -0.0624    -0.074877
0.06162    -0.045868    -0.070918
0.032275    -0.050601    -0.088133
0.037953    -0.092326    -0.085781
0.044166    -0.255898    -0.083207
0.044133    -0.040198    -0.083221
0.04064    -0.149787    -0.084668
0.046362    -0.388146    -0.082297
0.031284    -0.040512    -0.088543
0.042224    -0.122141    -0.084011
0.037714    -0.092719    -0.08588
0.044941    -0.041806    -0.082886
0.039568    -0.073073    -0.085112
0.035356    -0.148349    -0.086857
0.042414    -0.217395    -0.083933
0.092161    -0.041915    0.018406
0.092356    -0.123827    0.01693
0.09206    -0.031103    0.01918
0.093563    -0.045489    0.007758
0.093567    -0.058332    0.007725
0.094158    -0.057168    0.00324
0.093853    -0.190172    0.005557
0.092891    -0.073051    0.012866
0.093679    -0.205264    0.006873
0.094393    -0.083305    0.001451
0.094129    -0.293087    0.003456
0.092925    -0.104663    0.012606
0.093059    -0.16968    0.011584
0.087745    -0.244325    0.03321
0.08385    -0.069988    0.042614
0.090151    -0.349197    0.027404
0.088559    -0.061567    0.031246
0.088768    -0.130938    0.030741
0.085272    -0.038618    0.039181
0.08587    -0.025037    0.037737
0.087451    -0.236873    0.033921
0.090281    -0.294088    0.027089
0.089655    -0.064942    0.028601
0.0898    -0.060658    0.028251
0.090763    -0.325776    0.025927
0.087982    -0.119818    0.032638
0.076054    -0.126542    0.054926
0.077401    -0.12706    0.05317
0.079395    -0.200378    0.050572
0.076114    -0.012148    0.054849
0.081205    -0.300024    0.048214
0.08049    -0.179939    0.049145
0.077823    -0.190872    0.052621
0.079471    -0.116289    0.050473
0.078179    -0.048678    0.052158
0.069998    -0.041169    0.062818
0.080622    -0.233517    0.048973
0.075676    -0.233632    0.055419
0.056055    -0.00085    0.075188
0.050876    -0.007066    0.079162
0.055789    -0.174007    0.075392
0.054825    -0.15621    0.076132
0.049733    -0.211597    0.080039
0.051483    -0.313556    0.078696
0.057828    -0.119435    0.073828
0.056213    -0.188043    0.075067
0.050003    -0.333902    0.079832
0.056687    -0.067155    0.074703
0.050883    -0.227491    0.079157
0.057107    -0.178386    0.074381
0.063136    -0.052729    0.069755
0.025569    -0.097994    0.090911
0.02477    -0.119369    0.091242
0.033421    -0.044341    0.087658
0.027575    -0.12161    0.09008
0.024829    -0.396222    0.091217
0.036567    -0.019032    0.086355
0.026393    -0.093519    0.090569
0.034177    -0.18481    0.087345
0.026244    -0.26358    0.090631
0.02889    -0.25413    0.089535
0.028927    -0.178367    0.08952
0.024591    -0.352891    0.091316
0.027642    -0.012077    0.090052
0.009892    -0.138827    0.093282
0.018003    -0.051478    0.092215
0.008535    -0.120151    0.093461
0.003739    -0.23947    0.094092
0.012851    -0.104784    0.092893
0.009395    -0.167636    0.093347
0.004635    -0.049785    0.093974
0.012656    -0.087593    0.092918
0.00673    -0.038534    0.093698
0.009679    -0.020306    0.09331
0.004665    -0.016363    0.09397
0.017368    -0.114955    0.092298
-0.020541    -0.239136    0.09188
-0.017974    -0.132844    0.092218
-0.013529    -0.11971    0.092803
-0.023564    -0.07235    0.091483
-0.019941    -0.244562    0.091959
-0.013904    -0.112204    0.092754
-0.015872    -0.0086    0.092495
-0.014935    -0.03359    0.092618
-0.021242    -0.206083    0.091788
-0.024022    -0.09778    0.091422
-0.020359    -0.033999    0.091904
-0.018547    -0.16823    0.092143
-0.015087    -0.196512    0.092598
-0.046907    -0.206541    0.082071
-0.046849    -0.385027    0.082096
-0.03416    -0.041678    0.087352
-0.044544    -0.241374    0.083051
-0.047071    -0.365797    0.082004
-0.040596    -0.081837    0.084686
-0.042282    -0.177705    0.083987
-0.036114    -0.123374    0.086543
-0.026975    -0.005821    0.090328
-0.042633    -0.262565    0.083842
-0.046135    -0.152335    0.082391
-0.047112    -0.069858    0.081986
-0.041612    -0.193938    0.084265
-0.066651    -0.152518    0.067057
-0.065037    -0.200201    0.068296
-0.05803    -0.006907    0.073672
-0.063032    -0.292584    0.069835
-0.057982    -0.100188    0.073709
-0.059269    -0.031992    0.072722
-0.065481    -0.333735    0.067955
-0.061229    -0.153862    0.071218
-0.062839    -0.267397    0.069982
-0.063258    -0.004694    0.069661
-0.065255    -0.241013    0.068129
-0.055892    -0.02298    0.075313
-0.07733    -0.011326    0.053264
-0.077252    -0.228602    0.053365
-0.081001    -0.097023    0.048479
-0.07442    -0.091468    0.057056
-0.071667    -0.05804    0.060643
-0.080442    -0.016328    0.049208
-0.06818    -0.020921    0.065189
-0.081314    -0.095862    0.048072
-0.078059    -0.207241    0.052314
-0.076373    -0.241146    0.05451
-0.079542    -0.105954    0.05038
-0.078737    -0.20766    0.051429
-0.069301    -0.008156    0.063727
-0.082936    -0.025215    0.04482
-0.087757    -0.048489    0.033183
-0.086481    -0.010238    0.036262
-0.089068    -0.077031    0.030018
-0.088333    -0.207028    0.031793
-0.086202    -0.124639    0.036936
-0.088793    -0.125291    0.030682
-0.088527    -0.146829    0.031324
-0.088287    -0.0384    0.031902
-0.084848    -0.090239    0.040204
-0.082747    -0.028077    0.045277
-0.085737    -0.071779    0.038058
-0.090433    -0.255212    0.026723
-0.09336    -0.098662    0.009299
-0.093471    -0.058448    0.008457
-0.093549    -0.099842    0.007865
-0.09247    -0.048187    0.016061
-0.092469    -0.055547    0.016069
-0.092879    -0.061809    0.012952
-0.091416    -0.273315    0.024068
-0.09147    -0.167553    0.023662
-0.091647    -0.130931    0.022315
-0.092066    -0.009772    0.019128
-0.092131    -0.114687    0.018636
-0.092062    -0.095552    0.019162
-0.092716    0.009016    -0.016658
-0.064741    0.007819    -0.068876
-0.020922    0.008171    -0.092125
0.094254    -0.352674    -0.002505
0.092869    -0.333552    -0.01303
0.094546    -0.296858    -0.000286
0.093435    -0.216646    -0.008727
0.092115    -0.34136    -0.01876
0.093457    -0.210559    -0.008565
0.092677    -0.412167    -0.01449
0.092665    -0.382603    -0.014577
0.093897    -0.348635    -0.005216
0.093828    -0.287156    -0.005744
0.09345    -0.245178    -0.008617
0.093768    -0.215965    -0.006197
0.08701    -0.27138    -0.034986
0.089547    -0.154541    -0.028861
0.090666    -0.338993    -0.026159
0.091205    -0.134931    -0.024859
0.088522    -0.143665    -0.031335
0.087301    -0.192676    -0.034283
0.089997    -0.292804    -0.027775
0.090101    -0.150277    -0.027525
0.084535    -0.329082    -0.04096
0.088179    -0.28711    -0.032164
0.088204    -0.239667    -0.032103
0.088955    -0.180586    -0.030292
0.086196    -0.36445    -0.03695
0.06735    -0.245019    -0.06627
0.076396    -0.341857    -0.054481
0.070825    -0.288442    -0.061741
0.077475    -0.351179    -0.053074
0.067077    -0.362333    -0.066626
0.0692    -0.200651    -0.063859
0.068952    -0.188202    -0.064182
0.073774    -0.228551    -0.057897
0.070561    -0.181233    -0.062085
0.068039    -0.360827    -0.065372
0.069876    -0.095317    -0.062978
0.070705    -0.183819    -0.061897
0.081223    -0.394646    -0.04819
0.050582    -0.280953    -0.079388
0.047865    -0.360768    -0.081472
0.050685    -0.198214    -0.079309
0.057186    -0.347098    -0.07432
0.048895    -0.109101    -0.080682
0.048533    -0.069704    -0.08096
0.054282    -0.248388    -0.076548
0.059055    -0.377885    -0.072886
0.063114    -0.354101    -0.069771
0.047374    -0.327835    -0.081849
0.048868    -0.301334    -0.080703
0.057884    -0.286677    -0.073784
0.037874    -0.29756    -0.085814
0.03271    -0.335044    -0.087953
0.029943    -0.12522    -0.089099
0.028595    -0.264374    -0.089657
0.028291    -0.248351    -0.089783
0.039267    -0.367414    -0.085236
0.031896    -0.218367    -0.08829
0.037899    -0.28324    -0.085803
0.031416    -0.235546    -0.088489
0.032483    -0.149191    -0.088047
0.024921    -0.235119    -0.091179
0.034753    -0.222942    -0.087106
0.035739    -0.309433    -0.086698
0.010718    -0.10703    -0.093173
0.014826    -0.163117    -0.092633
0.01513    -0.028065    -0.092593
0.024098    -0.012469    -0.091412
0.024192    -0.221283    -0.0914
0.022206    -0.148884    -0.091661
0.011758    -0.016427    -0.093036
0.019846    -0.000989    -0.091972
0.014514    -0.153155    -0.092674
0.021035    -0.104571    -0.091815
0.020018    -0.157642    -0.091949
0.017662    -0.191821    -0.092259
0.019134    -0.117816    -0.092066
0.091539    -0.072406    0.023137
0.09207    -0.191793    0.019098
0.091944    -0.331984    0.020055
0.091764    -0.346708    0.021424
0.091464    -0.253575    0.023702
0.092292    -0.341759    0.017412
0.091912    -0.291121    0.0203
0.093893    -0.3934    0.005254
0.092253    -0.261496    0.017711
0.092338    -0.3831    0.017068
0.091506    -0.109728    0.023389
0.093379    -0.260872    0.009152
0.086379    -0.210044    0.036508
0.083692    -0.378504    0.042995
0.084534    -0.217445    0.040963
0.088376    -0.331473    0.031689
0.087389    -0.357171    0.03407
0.085805    -0.272335    0.037895
0.085545    -0.269914    0.038521
0.084105    -0.190533    0.041998
0.089422    -0.347517    0.029164
0.083347    -0.372855    0.043828
0.085371    -0.264445    0.038942
0.08711    -0.255342    0.034745
0.084638    -0.386367    0.040713
0.072799    -0.205748    0.059168
0.071492    -0.367743    0.060871
0.073643    -0.197614    0.058068
0.069278    -0.139815    0.063757
0.073947    -0.236623    0.057672
0.071565    -0.136078    0.060777
0.07001    -0.375621    0.062804
0.06821    -0.351363    0.065149
0.070457    -0.176153    0.062221
0.067828    -0.411536    0.065647
0.068017    -0.182342    0.065401
0.06886    -0.110828    0.064302
0.072741    -0.200661    0.059244
0.064936    -0.103891    0.068374
0.064666    -0.214908    0.068581
0.066777    -0.250684    0.066961
0.05966    -0.329906    0.072422
0.06628    -0.356247    0.067342
0.062662    -0.319125    0.070118
0.058224    -0.323951    0.073523
0.059271    -0.213444    0.07272
0.054775    -0.285183    0.07617
0.052704    -0.395316    0.07776
0.059466    -0.157786    0.072571
0.062445    -0.12599    0.070285
0.041241    -0.257165    0.084418
0.034543    -0.322021    0.087194
0.037896    -0.236218    0.085804
0.03297    -0.320447    0.087845
0.045958    -0.08327    0.082465
0.046198    -0.262296    0.082365
0.044868    -0.145576    0.082916
0.039083    -0.356682    0.085313
0.047167    -0.163109    0.081964
0.041463    -0.22085    0.084326
0.040679    -0.173977    0.084652
0.04326    -0.173765    0.083582
0.038863    -0.294946    0.085404
0.017751    -0.259235    0.092248
0.019711    -0.373319    0.09199
0.018695    -0.115202    0.092123
0.022643    -0.240502    0.091604
0.022697    -0.210634    0.091597
0.005475    -0.402559    0.093863
0.022029    -0.149667    0.091685
0.023058    -0.394454    0.091549
0.022856    -0.140793    0.091576
0.021995    -0.410667    0.091689
0.00251    -0.41126    0.094254
0.020039    -0.178619    0.091947
-0.001416    -0.146809    0.094398
-0.004722    -0.18114    0.093963
-0.005968    -0.182944    0.093799
-0.00019    -0.003378    0.094559
-0.011288    -0.376259    0.093098
-0.014372    -0.40476    0.092692
-0.017411    -0.328024    0.092292
-0.004449    -0.39198    0.093998
-0.01214    -0.386946    0.092986
-0.010595    -0.209958    0.09319
-0.008378    -0.195309    0.093481
-0.00602    -0.392075    0.093792
-0.016237    -0.361615    0.092447
-0.027753    -0.183528    0.090006
-0.028944    -0.3252    0.089513
-0.027697    -0.347496    0.090029
-0.025427    -0.157892    0.09097
-0.03652    -0.240577    0.086374
-0.025739    -0.173332    0.09084
-0.036875    -0.362436    0.086227
-0.026565    -0.400272    0.090498
-0.027559    -0.407723    0.090087
-0.029222    -0.318137    0.089398
-0.031917    -0.213887    0.088281
-0.024956    -0.183836    0.091165
-0.026131    -0.212433    0.090678
-0.063398    -0.39849    0.069554
-0.05075    -0.379619    0.079259
-0.051411    -0.120995    0.078752
-0.052737    -0.289179    0.077734
-0.051923    -0.365964    0.078359
-0.055683    -0.218153    0.075474
-0.050636    -0.140825    0.079346
-0.055904    -0.326644    0.075304
-0.059757    -0.380869    0.072347
-0.056542    -0.348983    0.074814
-0.047294    -0.195219    0.081911
-0.056508    -0.396919    0.07484
-0.072434    -0.26694    0.059644
-0.073829    -0.322647    0.057827
-0.076511    -0.329654    0.054331
-0.07858    -0.349273    0.051634
-0.075484    -0.272989    0.055669
-0.075354    -0.400007    0.055839
-0.070996    -0.194466    0.061518
-0.074067    -0.215772    0.057516
-0.070144    -0.367358    0.062628
-0.077743    -0.393047    0.052725
-0.074745    -0.274435    0.056632
-0.069692    -0.162593    0.063217
-0.068562    -0.128956    0.06469
-0.084131    -0.367889    0.041937
-0.083881    -0.100372    0.042538
-0.089119    -0.413254    0.029894
-0.087173    -0.276054    0.034592
-0.082958    -0.294726    0.044766
-0.086237    -0.311596    0.036852
-0.083016    -0.270684    0.044627
-0.082974    -0.101424    0.044728
-0.083658    -0.083189    0.043077
-0.085117    -0.310388    0.039555
-0.088381    -0.317017    0.031675
-0.082836    -0.271854    0.045062
-0.082885    -0.239744    0.044944
-0.094288    -0.213023    0.002248
-0.091881    -0.380851    0.020537
-0.093785    -0.137991    0.006074
-0.093501    -0.14437    0.008229
-0.093254    -0.266965    0.010105
-0.093411    -0.20029    0.008913
-0.094027    -0.229537    0.00423
-0.094514    -0.172888    0.000528
-0.093555    -0.224057    0.007821
-0.093558    -0.162847    0.007795
-0.094419    -0.042644    0.001257
-0.093928    -0.290305    0.004987
-0.094223    -0.161416    -0.002745
-0.093974    -0.334859    -0.004632
-0.093504    -0.130825    -0.008207
-0.093912    -0.120674    -0.005105
-0.093589    -0.172444    -0.007559
-0.09406    -0.285423    -0.003979
-0.094562    -0.1377    -0.000165
-0.09355    -0.258032    -0.007856
-0.094412    -0.129891    -0.001305
-0.093082    -0.010059    -0.011415
-0.093989    -0.047273    -0.004519
-0.092521    -0.132874    -0.015671
-0.092697    -0.167796    -0.014337
-0.0899    -0.137193    -0.028008
-0.090607    -0.307373    -0.026303
-0.086805    -0.110665    -0.03548
-0.089234    -0.317827    -0.029617
-0.089594    -0.003023    -0.028747
-0.091333    -0.077593    -0.024551
-0.088393    -0.186238    -0.031647
-0.087159    -0.058982    -0.034626
-0.084899    -0.049813    -0.040081
-0.089282    -0.037876    -0.0295
-0.086715    -0.134686    -0.035697
-0.09007    -0.29558    -0.027599
-0.090269    -0.251995    -0.02712
-0.077762    -0.127588    -0.052701
-0.075052    -0.178566    -0.056232
-0.076306    -0.172176    -0.054598
-0.078279    -0.073043    -0.052027
-0.072969    -0.138936    -0.058947
-0.081307    -0.162942    -0.048081
-0.072973    -0.07291    -0.058941
-0.08183    -0.13947    -0.047399
-0.081011    -0.251453    -0.048467
-0.075424    -0.216577    -0.055747
-0.073802    -0.038631    -0.057861
-0.080616    -0.366695    -0.048981
-0.058398    -0.010183    -0.07339
-0.051771    -0.217043    -0.078475
-0.05136    -0.069384    -0.07879
-0.064463    -0.017855    -0.068736
-0.055838    -0.000603    -0.075354
-0.05448    -0.152957    -0.076397
-0.053458    -0.101519    -0.077181
-0.054011    -0.162733    -0.076757
-0.051697    -0.037747    -0.078532
-0.055892    -0.13001    -0.075313
-0.054087    -0.0129    -0.076698
-0.049235    -0.341602    -0.080421
-0.05643    -0.126089    -0.0749
-0.039142    -0.038908    -0.085288
-0.031416    -0.228386    -0.088489
-0.027958    -0.242389    -0.089921
-0.031072    -0.111951    -0.088631
-0.034354    -0.128023    -0.087272
-0.028709    -0.005383    -0.08961
-0.036188    -0.042283    -0.086512
-0.03302    -0.025233    -0.087824
-0.027814    -0.326844    -0.089981
-0.032796    -0.019759    -0.087917
-0.028698    -0.000724    -0.089615
-0.024779    -0.010628    -0.091238
-0.033925    -0.051749    -0.087449
-0.01569    -0.002367    -0.092519
-0.006523    -0.182896    -0.093725
-0.005257    -0.279289    -0.093892
-0.008699    -0.076222    -0.093439
-0.012573    -0.032586    -0.092929
-0.018164    -0.053463    -0.092193
-0.008834    -0.220634    -0.093421
-0.016018    -0.067372    -0.092476
-0.003673    -0.005886    -0.094101
-0.01186    -0.038679    -0.093023
-0.005649    -0.012937    -0.093841
-0.001349    -0.250833    -0.094406
0.029044    -0.413391    -0.089463
0.01214    -0.272563    -0.092986
0.013413    -0.316841    -0.092819
0.01549    -0.263571    -0.092545
0.002314    -0.149123    -0.094279
0.017269    -0.317798    -0.092311
0.004957    -0.302933    -0.093932
0.008112    -0.365454    -0.093516
0.003795    -0.338363    -0.094085
0.003107    -0.180152    -0.094175
0.008698    -0.328553    -0.093439
0.015421    -0.330139    -0.092554
0.010957    -0.372512    -0.093142
0.038306    -0.41372    0.085555
-0.091861    -0.264088    -0.020685
-0.093086    -0.225296    -0.011383
-0.091514    -0.193686    -0.023326
-0.092829    -0.398633    -0.013335
-0.091735    -0.273062    -0.021649
-0.092087    -0.251798    -0.018969
-0.093083    -0.307102    -0.011405
-0.092557    -0.231573    -0.015401
-0.091471    -0.294682    -0.023654
-0.091542    -0.128553    -0.023116
-0.092161    -0.38455    -0.018411
-0.093617    -0.401136    -0.007347
-0.092956    -0.403692    -0.012369
-0.085404    -0.326335    -0.038863
-0.08317    -0.171756    -0.044254
-0.084951    -0.260925    -0.039956
-0.083211    -0.407224    -0.044156
-0.089424    -0.388586    -0.029159
-0.084893    -0.32153    -0.040096
-0.085707    -0.272154    -0.038131
-0.08452    -0.22351    -0.040996
-0.084431    -0.392775    -0.041211
-0.082664    -0.341937    -0.045477
-0.084195    -0.143218    -0.041781
-0.086861    -0.283641    -0.035346
-0.070695    -0.107752    -0.061911
-0.068971    -0.232224    -0.064157
-0.07775    -0.335299    -0.052716
-0.07465    -0.346635    -0.056756
-0.072551    -0.262096    -0.059492
-0.068817    -0.147737    -0.064358
-0.070219    -0.251898    -0.062531
-0.073895    -0.36102    -0.057741
-0.072473    -0.331166    -0.059593
-0.07028    -0.269041    -0.062452
-0.068023    -0.237012    -0.065392
-0.069514    -0.291443    -0.06345
-0.070567    -0.20727    -0.062077
-0.052489    -0.346819    -0.077925
-0.05902    -0.284642    -0.072913
-0.063737    -0.143547    -0.069293
-0.064753    -0.285623    -0.068514
-0.065669    -0.318505    -0.067811
-0.063391    -0.411498    -0.069559
-0.050243    -0.387146    -0.079647
-0.054129    -0.342598    -0.076666
-0.055166    -0.256615    -0.07587
-0.064334    -0.303567    -0.068835
-0.055875    -0.368308    -0.075326
-0.056551    -0.233004    -0.074807
-0.064503    -0.056438    -0.068706
-0.045365    -0.039784    -0.08271
-0.042685    -0.406374    -0.083821
-0.03538    -0.405765    -0.086847
-0.044166    -0.199153    -0.083207
-0.039238    -0.390705    -0.085248
-0.036686    -0.28881    -0.086306
-0.04538    -0.36462    -0.082704
-0.029827    -0.320909    -0.089147
-0.046502    -0.15702    -0.082239
-0.04515    -0.179864    -0.082799
-0.045171    -0.213671    -0.082791
-0.043893    -0.232063    -0.08332
-0.011537    -0.236031    -0.093066
-0.01106    -0.403369    -0.093128
-0.021792    -0.233697    -0.091716
-0.009663    -0.28366    -0.093312
-0.022833    -0.08202    -0.091579
-0.021376    -0.344986    -0.09177
-0.02072    -0.256534    -0.091857
-0.01719    -0.372707    -0.092322
-0.01196    -0.34266    -0.09301
-0.021749    -0.048447    -0.091722
-0.006486    -0.402212    -0.09373
-0.021923    -0.148651    -0.091699
-0.00426    -0.343829    -0.094023
0.057893    -0.415026    0.073357
0.091423    -0.415922    -0.019779
-0.066691    -0.417349    0.06551
0.093499    -0.416599    0.002437
-0.048215    -0.417227    -0.080009
-0.022248    -0.418705    0.090123
0.051539    -0.418258    -0.076973
-0.093317    -0.417867    -0.000665
0.025437    -0.420455    0.088416
0.079411    -0.420278    -0.046841
-0.090111    -0.421193    0.012849
0.058612    -0.421906    0.069182
0.066332    -0.422011    -0.062207
-0.089619    -0.42239    -0.010548
0.044654    -0.42401    0.077791
0.053842    -0.42411    -0.070703
-0.073167    -0.423665    -0.051272
-0.021048    -0.425359    0.085614
0.086921    -0.425942    0.00616
0.086018    -0.426652    -0.005545
-0.086288    -0.426717    0.002775
0.011447    -0.426962    0.084793
-0.027175    -0.426411    -0.082208
0.064166    -0.427986    -0.053878
-0.084286    -0.427696    -0.005329
-0.036379    -0.42807    0.075353
0.069725    -0.428637    0.043791
-0.051611    -0.428544    -0.064049
0.025888    -0.429011    -0.07625
0.073005    -0.429146    -0.030663
-0.076398    -0.429107    0.023916
-0.021772    -0.429155    0.076556
0.068996    -0.42922    0.000696
0.056467    -0.42922    0.036878
0.045865    -0.42922    -0.034768
0.043154    -0.42922    -0.000602
0.0538    -0.42922    -0.053847
0.031709    -0.42922    -0.051578
-0.040208    -0.429216    -0.067715
0.064321    -0.42922    0.029144
0.042381    -0.42922    0.052029
0.054549    -0.42922    0.034266
0.050538    -0.42922    0.041136
0.034389    -0.42922    0.057704
0.007945    -0.42922    0.073275
-0.016491    -0.42922    0.051322
-0.031631    -0.42922    0.060701
-0.03583    -0.42922    0.063453
-0.04008    -0.42922    -0.054209
-0.039979    -0.42922    0.03352
-0.060586    -0.42922    -0.006602
-0.06416    -0.42922    0.044553
-0.072741    -0.42922    0.025469
0.034729    -0.42922    -0.005703
0.035669    -0.42922    -0.051645
0.009369    -0.42922    -0.06667
-0.016811    -0.42922    -0.073295
-0.025749    -0.42922    -0.061936
-0.02713    -0.42922    -0.038734
-0.044362    -0.42922    -0.034916
-0.051415    -0.42922    0.020063
-0.066499    -0.42922    -0.008243
-0.076124    -0.42922    0.0128
0.000583    -0.42922    0.062763
-0.018347    -0.42922    0.033524
-0.027941    -0.42922    0.032282
-0.037088    -0.42922    0.0203
0.035986    -0.42922    -0.04493
0.018272    -0.42922    -0.069807
-0.003405    -0.42922    -0.062274
-0.00438    -0.42922    0.048566
0.031873    -0.426073    -0.006643
0.025449    -0.425366    0.019898
-0.025585    -0.428444    -0.020898
0.011497    -0.422992    -0.029446
0.02945    -0.421624    0.010326
-0.02675    -0.417811    0.013012
-0.016693    -0.418113    0.024779
-0.012466    -0.414319    0.025193
-0.010912    -0.412203    0.024605
0.019926    -0.411653    0.017735
-0.02544    -0.409815    0.001231
0.02328    -0.407362    -0.004477
0.000856    -0.407158    -0.023589
0.019385    -0.402983    0.0046
0.00371    -0.400983    -0.017385
0.001765    -0.398564    -0.014578
-0.005349    -0.394656    -0.005683
