-0.056392    -0.418327    0.087512
-0.066694    -0.460221    0.079603
-0.06674    -0.140354    0.079567
-0.070361    -0.00902    0.076787
-0.057077    0.068475    0.086986
-0.056215    -0.128624    0.087648
-0.067469    0.017898    0.079007
-0.07562    -0.086263    0.071881
-0.088971    -0.447577    0.054475
-0.081256    -0.187293    0.064533
-0.081191    -0.220859    0.064619
-0.047904    -0.373889    0.092467
-0.045483    -0.077648    0.09347
-0.04029    -0.416943    0.095622
-0.044605    -0.227696    0.093834
-0.089133    -0.213303    0.054264
-0.08668    -0.193577    0.057462
-0.07996    -0.030634    0.066223
-0.076742    0.033663    0.070418
-0.046535    0.09365    0.093034
-0.043038    0.061242    0.094483
-0.043591    -0.061484    0.094254
-0.029301    -0.103039    0.100176
-0.09884    -0.436756    0.032505
-0.092209    -0.182755    0.048504
-0.095978    -0.351714    0.03941
-0.045132    0.131689    0.093544
-0.07238    -0.303997    -0.07524
-0.069004    -0.016771    -0.077832
-0.069723    -0.309279    -0.07728
-0.044788    -0.171837    -0.093762
-0.046082    0.08199    -0.093225
-0.04932    -0.229148    -0.091884
-0.039046    0.005449    -0.096142
-0.016876    -0.458248    0.10243
-0.00069    -0.45506    0.104549
-0.017177    -0.373071    0.102391
-0.004757    -0.435949    0.104016
-0.100143    -0.122051    0.02936
-0.097725    -0.167152    0.035194
-0.09829    -0.065125    0.033832
-0.100364    0.038469    0.028828
-0.056247    -0.443651    -0.087628
-0.071253    -0.460281    -0.076105
-0.069553    -0.351354    -0.077411
-0.057206    -0.292666    -0.086891
-0.089008    0.118203    -0.054431
-0.079478    -0.18406    -0.066855
-0.07496    -0.043095    -0.072745
-0.07967    -0.0945    -0.066604
-0.040294    -0.39209    -0.095624
-0.03472    -0.295009    -0.097934
-0.034536    -0.43274    -0.098011
-0.022092    0.135725    -0.101546
-0.021873    0.042937    0.101776
-0.003986    0.093807    0.104117
-0.012363    -0.104846    0.103021
-0.101473    -0.211733    0.024146
-0.101403    -0.346267    0.02468
-0.101483    -0.15258    0.024069
-0.103087    -0.243815    0.011897
-0.084439    -0.214747    -0.060387
-0.088083    -0.443738    -0.055637
-0.086384    -0.451145    -0.057851
-0.088012    -0.118217    -0.055729
-0.001162    0.116762    -0.104491
-0.016065    0.125661    -0.10254
-0.01187    -0.029088    -0.10309
-0.016994    -0.093452    -0.102419
0.003554    -0.130029    0.104174
0.009161    -0.419151    0.10344
0.021282    -0.389695    0.101854
0.012729    -0.273961    0.102973
-0.103325    0.033307    0.010089
-0.103667    -0.141307    0.007491
-0.103442    0.040121    0.0092
-0.104113    0.089484    0.004105
-0.095484    -0.214642    -0.040607
-0.098436    -0.259141    -0.033484
-0.100978    -0.081315    -0.02735
-0.098481    -0.112622    -0.033375
-0.090949    -0.238153    -0.051548
-0.092914    -0.305084    -0.046807
-0.091078    -0.18398    -0.051236
-0.075684    0.149178    0.068955
-0.000448    -0.243486    -0.104584
-0.018075    -0.306499    -0.102277
-0.005286    -0.378155    -0.103951
-0.006556    -0.084298    -0.103785
0.010725    -0.05081    0.103235
0.013601    0.088753    0.102859
0.006576    0.067215    0.103778
0.025992    -0.31295    0.101237
-0.104588    -0.240369    -0.000474
-0.104156    0.024936    -0.00376
-0.10451    -0.257448    -0.00107
-0.103117    -0.43356    -0.01165
-0.102159    -0.109693    -0.018938
-0.102766    -0.041933    -0.014322
-0.101604    -0.069309    -0.023154
-0.062716    0.154158    0.079282
0.007012    -0.259157    -0.103725
0.000101    -0.247553    -0.10463
0.007931    -0.121746    -0.103605
0.015873    -0.059852    -0.102566
0.037555    -0.328149    0.096755
0.038095    -0.432362    0.096532
0.037708    -0.44097    0.096692
0.033657    -0.42859    0.098371
-0.059659    0.160119    0.079771
0.012643    0.150599    -0.100989
0.012726    -0.201405    -0.102977
0.020893    -0.380691    -0.101909
0.011579    -0.368734    -0.103128
0.034666    0.150449    -0.095833
0.039037    -0.094158    0.096141
0.043965    -0.017149    0.094099
0.046006    -0.298732    0.093253
-0.075047    0.149155    -0.069796
-0.045502    0.154014    -0.090597
0.037269    0.095283    -0.096878
0.032667    -0.139838    -0.098785
0.029772    -0.284393    -0.099985
0.035966    0.130204    -0.097402
0.055895    -0.184748    0.087894
0.056722    -0.150135    0.087259
0.068627    -0.382811    0.078118
0.064963    -0.219294    0.080932
0.039542    0.137572    0.095642
0.04031    -0.215795    -0.095618
0.045208    -0.409736    -0.093588
0.034611    -0.405682    -0.097979
0.033433    -0.325037    -0.098468
0.070348    -0.348979    0.076797
0.07076    0.049945    0.076481
0.064406    0.004957    0.081359
0.070831    0.059141    0.076426
-0.007426    0.153816    0.10107
0.066004    -0.016632    -0.080136
0.066622    -0.028789    -0.079661
0.053276    -0.232903    -0.089909
0.052567    -0.4406    -0.090453
0.065229    0.158589    -0.075976
0.074531    -0.361839    0.0733
0.080243    0.11231    0.065853
0.074179    -0.05397    0.07376
-0.094542    0.151614    -0.037225
0.035477    0.143748    0.096636
0.062389    -0.244035    -0.082912
0.073145    -0.392515    -0.074652
0.073433    -0.367044    -0.074431
0.072257    0.039195    -0.075334
0.085073    -0.339918    0.059556
0.090256    -0.043855    0.052801
0.089509    -0.300159    0.053774
0.089251    -0.119871    0.054111
-0.039625    0.168609    0.088466
-0.02543    0.16923    -0.094085
0.079188    -0.225474    -0.067233
0.077235    -0.339043    -0.069779
0.077621    -0.279104    -0.069275
0.076197    -0.142493    -0.071132
0.086872    0.089393    -0.057215
0.08177    0.017479    -0.063867
0.089174    -0.075031    -0.054215
0.083998    0.140777    -0.059994
0.092347    -0.012662    0.04817
0.091594    -0.236779    0.049987
0.091943    -0.340885    0.049146
0.092997    0.048789    0.046602
0.038467    0.150033    0.094339
0.09391    -0.278697    -0.044404
0.095184    -0.370342    -0.04133
0.097585    -0.421182    -0.035537
0.092336    -0.305842    -0.048202
0.091369    0.162355    -0.037957
0.099031    -0.27036    0.032044
0.097988    -0.352468    0.034561
0.092138    -0.436772    0.048674
-0.090714    0.162829    -0.039142
-0.097235    0.162427    -0.019254
0.099057    -0.268054    -0.031984
0.097244    0.050952    -0.036359
0.099748    -0.048702    -0.030317
0.092294    0.070416    -0.048302
0.103524    -0.037138    0.008574
0.103508    0.070492    0.008699
0.101358    -0.113641    0.025018
0.101531    0.108921    0.023708
-0.048907    0.189148    0.072126
-0.039935    0.180332    -0.082848
0.102226    -0.348381    -0.018423
0.101684    -0.337249    -0.022548
0.103477    -0.322631    -0.00892
0.101691    -0.104688    -0.022492
0.101344    -0.447814    0.02513
0.104416    -0.427993    0.001806
0.103899    -0.293074    0.005728
0.104599    -0.303477    0.000412
0.101984    0.03025    -0.020261
0.103552    -0.095009    -0.00835
0.103998    -0.215437    -0.004957
0.102488    0.120674    -0.016436
-0.067616    0.188169    0.055702
0.026011    0.182909    -0.087251
-0.091933    0.172133    -0.027597
-0.09211    0.174879    -0.023553
0.101296    0.15467    0.004026
-0.085588    0.184287    0.027954
0.074989    0.186965    -0.047226
-0.047072    0.200229    0.063672
-0.018424    0.193478    -0.082431
0.077058    0.162878    0.061828
-0.087931    0.185771    -0.013338
0.082973    0.174097    0.047185
0.008759    0.187098    0.087766
0.089152    0.182379    0.018742
-0.068098    0.205472    0.030895
0.074029    0.195341    -0.037872
-0.060009    0.214782    0.026381
0.039206    0.207979    -0.061304
-0.025572    0.208829    0.066944
-0.00884    0.210773    -0.069085
-0.077535    0.197543    -0.025127
-0.060074    0.216528    -0.021557
0.061233    0.195302    0.056399
-0.071214    0.209687    0.00119
0.069057    0.208903    -0.020281
0.024561    0.201005    0.074867
0.073028    0.205301    0.019038
-0.018963    0.223477    -0.054113
-0.027361    0.229145    0.045437
0.050298    0.226363    -0.021907
-0.032669    0.230226    -0.040305
-0.023692    0.23141    0.045382
0.052734    0.227484    0.013049
-0.004918    0.236458    -0.0474
-0.043123    0.243868    0.004114
0.020793    0.22762    0.049707
-0.017541    0.244547    0.039184
0.040056    0.24354    0.016908
0.041221    0.246977    0.006742
0.040727    0.248997    0.003023
0.029087    0.252971    0.026134
-0.019306    0.268189    0.027779
-0.033964    0.267224    -0.002742
0.003898    0.269724    -0.033188
0.031223    0.273886    -0.009264
-0.030503    0.283788    -0.004457
0.024335    0.289287    -0.017986
-0.027992    0.307031    0.010748
-0.025745    0.316096    0.015672
-0.026961    0.402328    0.013227
-0.029446    0.323848    0.005987
-0.013998    0.331728    0.02664
-0.027454    0.307722    -0.012046
-0.020222    0.314575    -0.022263
-0.004602    0.318097    -0.029621
-0.029954    0.42335    0.002131
0.017151    0.298705    -0.02462
0.019646    0.293677    0.02286
-0.011028    0.383079    0.027869
-0.027572    0.388495    -0.011761
-0.020188    0.409798    -0.022289
-0.00454    0.359622    -0.029629
0.00858    0.29721    -0.035333
0.024738    0.363558    -0.016991
0.030045    0.399754    0.001443
0.026168    0.363325    0.01512
0.008395    0.29721    0.029006
0.030887    0.29721    -0.015686
0.029575    0.396395    -0.005
0.027336    0.412854    0.012326
0.019795    0.426283    0.022587
-0.00141    0.333434    0.030035
-0.067591    -0.049619    0.078914
-0.067361    -0.285964    0.07909
-0.071073    -0.434457    0.07624
-0.071762    -0.149617    0.075711
-0.061614    -0.017748    0.083503
-0.066716    0.070869    0.079585
-0.062971    -0.060434    0.082461
-0.060267    -0.006688    0.084537
-0.075661    0.061096    0.071828
-0.077275    -0.198176    0.069724
-0.076906    -0.279853    0.070204
-0.054298    0.129767    0.079649
-0.066553    0.129767    0.047197
-0.051777    -0.32607    0.090861
-0.051018    0.064411    0.091176
-0.034395    -0.34101    0.098065
-0.04918    -0.081714    0.091938
-0.087983    -0.076935    0.055763
-0.090166    -0.424025    0.052917
-0.08477    0.088418    0.059952
-0.067075    0.129767    0.00134
-0.073948    0.129767    -0.023835
-0.048248    0.129767    0.001561
-0.040071    0.129767    -0.027038
-0.040158    0.048538    0.095676
-0.041183    -0.095259    0.095252
-0.031398    -0.002835    0.099307
-0.049473    0.119577    0.091816
-0.097134    -0.32459    0.036621
-0.091341    -0.156897    0.050598
-0.091393    -0.449982    0.050472
-0.079038    0.129767    -0.026853
-0.080592    0.129767    0.033236
-0.066576    -0.12591    -0.079696
-0.067764    0.089788    -0.078784
-0.07116    0.01168    -0.076177
-0.027676    0.129767    0.047489
-0.037765    0.129767    0.007653
-0.038185    0.129767    0.019791
-0.050766    -0.334308    -0.091284
-0.051399    -0.224682    -0.091022
-0.052021    0.099723    -0.090765
-0.023238    -0.075824    0.101598
-0.024107    -0.137607    0.101484
-0.017943    -0.251803    0.102291
-0.027074    -0.041768    0.101096
-0.096661    -0.170893    0.037761
-0.093416    0.044298    0.045592
-0.100869    -0.246865    0.027609
-0.098737    -0.175597    0.032752
-0.088869    0.129767    -0.029016
-0.055503    -0.250717    -0.088199
-0.057378    -0.212404    -0.086759
-0.069059    -0.343938    -0.07779
-0.082773    0.042939    -0.06256
-0.079973    0.099521    -0.066209
-0.07491    -0.313332    -0.07281
-0.07551    0.048295    -0.072027
-0.022805    0.129767    0.063655
-0.017177    0.129767    0.001321
-0.011219    0.129767    -0.102725
-0.036044    -0.143057    -0.097385
-0.040228    -0.228567    -0.095652
-0.035968    -0.402903    -0.097417
-0.000116    -0.26438    0.104624
-0.014541    0.062062    0.102736
-0.003961    -0.015654    0.104121
-0.001003    -0.297728    0.104508
-0.102969    -0.417271    0.01279
-0.101305    -0.19174    0.02542
-0.103534    -0.400045    0.008498
-0.102907    -0.362213    0.01326
-0.082204    -0.349657    -0.063301
-0.085817    -0.420094    -0.05859
-0.080303    -0.351197    -0.06578
-0.08558    -0.327494    -0.0589
-0.004421    0.129767    0.083371
-0.000989    0.129767    -0.032302
-0.026232    -0.217603    -0.10121
-0.004473    0.081996    -0.104058
-0.01839    -0.125863    -0.102236
-0.014295    -0.092898    -0.102772
0.002433    -0.420072    0.104321
0.01336    -0.174731    0.10289
0.003851    -0.398862    0.104135
0.006714    -0.118767    0.10376
-0.103506    0.008311    0.008711
-0.10327    0.105702    0.010505
-0.102307    0.089173    0.017819
-0.103842    0.060215    0.006163
-0.098899    -0.43253    -0.032365
-0.100051    0.015994    -0.029586
-0.097786    -0.264019    -0.035051
-0.099816    -0.4341    -0.030152
-0.099102    0.08376    -0.031875
-0.090661    -0.228451    -0.052243
-0.096956    -0.091323    -0.037054
0.012506    0.129767    -0.094258
0.007334    0.129767    -0.094793
0.003961    0.129767    0.027318
-0.005763    -0.195022    -0.103889
-0.00027    -0.331618    -0.104608
-0.016335    -0.3608    -0.102505
-0.005735    -0.193666    -0.103892
0.018666    -0.238314    0.102196
0.024141    -0.262182    0.101479
0.017157    -0.139049    0.102393
-0.103463    -0.201001    -0.009025
-0.10369    -0.03975    -0.007298
-0.103559    -0.338496    -0.008294
-0.104306    -0.172602    -0.002617
-0.103516    -0.020998    -0.008619
-0.102286    0.124688    -0.017966
-0.102703    0.031805    -0.014798
-0.103093    -0.106024    -0.011839
0.014633    0.129767    0.027355
0.020109    0.129767    0.030037
0.01413    0.019038    -0.102794
0.011072    0.034476    -0.103194
0.004077    0.104507    -0.104109
0.006425    0.104273    -0.103802
0.037598    -0.444571    0.096738
0.028653    -0.257109    0.100445
0.045109    -0.458607    0.093625
0.028379    0.020615    0.100558
0.033483    0.129767    -0.022205
0.033407    0.129767    0.019716
0.015729    -0.45297    -0.102584
0.025348    -0.342229    -0.101325
0.021863    -0.15573    -0.101782
0.025029    -0.273077    -0.101367
0.049129    0.103692    0.091959
0.040763    -0.075482    0.095426
0.05139    -0.06764    0.091022
0.040263    -0.141851    0.095633
0.037543    0.129767    0.059622
0.031308    0.129767    0.077473
0.031785    -0.15416    -0.099151
0.040838    -0.106211    -0.095399
0.028451    -0.146879    -0.100532
0.055849    -0.419421    0.087929
0.055632    -0.338544    0.088096
0.055831    -0.296403    0.087943
0.056709    -0.226371    0.087269
0.065061    0.129767    -0.069466
0.062501    0.129767    -0.037385
0.038085    -0.375507    -0.09654
0.049862    -0.114288    -0.091659
0.042319    -0.412719    -0.094785
0.049551    -0.033873    -0.091788
0.056083    0.065115    0.087749
0.073413    -0.215062    0.074444
0.054949    0.088171    0.08862
0.071961    0.129767    -0.014466
0.068649    0.129767    0.035084
0.053708    -0.129735    -0.089577
0.065412    0.017445    -0.08059
0.071046    0.12132    -0.076265
0.06626    0.093075    -0.079939
0.078951    0.073214    0.067538
0.079424    -0.213115    0.066922
0.083171    -0.055081    0.062037
0.078126    0.129767    0.019862
0.070381    -0.053066    -0.076775
0.071783    -0.287896    -0.075698
0.058316    -0.321903    -0.086039
0.071619    0.029816    -0.075824
0.08774    -0.28859    0.056081
0.079437    -0.38631    0.066905
0.078109    -0.366198    0.068636
0.083298    -0.441211    0.061871
0.079839    0.129767    -0.065834
0.076598    -0.205808    -0.070609
0.077404    -0.206671    -0.069558
0.074772    0.098056    -0.07299
0.082665    -0.037025    -0.0627
0.090625    -0.137034    -0.052322
0.090619    -0.08344    -0.052331
0.090361    0.005109    -0.052667
0.091318    -0.281916    0.050654
0.098768    0.113394    0.032677
0.092415    -0.203154    0.048006
0.093867    -0.048326    0.044503
0.091442    -0.265906    -0.050359
0.090883    -0.363421    -0.051706
0.091618    -0.397091    -0.049934
0.091393    -0.185647    -0.050477
0.095118    -0.365633    0.041485
0.100552    -0.160216    0.028375
0.099875    -0.328164    0.030008
0.100585    -0.237144    0.028295
0.100279    0.076936    -0.029037
0.092326    0.035786    -0.048224
0.100562    0.057003    -0.028354
0.095523    0.049209    -0.040513
0.101258    -0.41948    0.025782
0.10173    -0.172118    0.022193
0.102689    -0.021197    0.014917
0.102323    -0.444323    -0.017688
0.101303    -0.227474    -0.025436
0.103074    -0.248172    -0.011979
0.101118    -0.01677    -0.026847
0.104145    -0.398902    0.003865
0.104252    -0.376496    0.003051
0.102645    -0.392293    0.015247
0.104272    -0.410528    0.002901
0.101759    0.115333    -0.021975
0.103079    -0.002266    -0.011943
0.102736    -0.093285    -0.01455
0.103661    -0.057131    -0.007522
-0.076261    -0.465589    0.02314
-0.056605    -0.465589    0.069289
-0.024245    -0.465589    0.08036
-0.084211    -0.465589    -0.022781
-0.013281    -0.465589    0.087416
-0.034564    -0.465589    -0.074413
-0.04663    -0.465314    -0.093745
0.012669    -0.465589    0.082101
-0.04081    -0.465194    -0.061567
0.035543    -0.465589    0.097005
0.044179    -0.465589    0.067629
0.055872    -0.465589    0.087268
0.027642    -0.465589    -0.078686
0.041673    -0.465589    -0.06945
0.088119    -0.464996    0.057858
0.079641    -0.465589    -0.009861
0.064824    -0.465589    -0.062144
0.096923    -0.465589    0.03649
-0.000662    -0.463028    -0.10873
0.073853    -0.465445    -0.004023
-0.09108    -0.462463    -0.059408
0.055559    -0.460206    0.095998
-0.024536    -0.459637    -0.065131
0.069786    -0.459797    -0.00481
-0.05745    0.013229    0.095416
-0.063849    -0.408812    0.09051
-0.055901    -0.406666    0.096604
-0.056685    -0.176431    0.096003
-0.065071    -0.331032    0.089573
-0.057643    -0.119577    0.095268
-0.059005    -0.190505    0.094224
-0.059428    -0.327526    0.0939
-0.043231    -0.294706    0.101888
-0.035028    -0.076379    0.105289
-0.037348    -0.300201    0.104327
-0.039751    -0.309118    0.10333
-0.051175    -0.414833    0.098594
-0.041783    -0.189419    0.102488
-0.034966    -0.165415    0.105314
-0.040242    -0.214649    0.103127
-0.010474    -0.352236    0.110261
-0.00029    -0.209224    0.111604
-0.006979    -0.36514    0.110722
-0.00105    0.004644    0.111504
-0.007767    -0.094797    0.110618
-0.021692    -0.454213    0.108782
-0.007912    -0.174321    0.110599
-0.002641    -0.211759    0.111294
0.02704    -0.225447    0.108077
0.02077    -0.21112    0.108904
0.019571    -0.230028    0.109062
0.026191    -0.426641    0.108189
0.019909    -0.256119    0.109017
0.010996    -0.303112    0.110192
0.024871    -0.029671    0.108363
0.017641    -0.312113    0.109316
0.039734    -0.421711    0.103337
0.041517    -0.396543    0.102599
0.04906    -0.273873    0.099471
0.051719    -0.288032    0.098369
0.051069    -0.148977    0.098638
0.048025    -0.388157    0.0999
0.048104    -0.257322    0.099867
0.07251    -0.122084    0.083869
0.072435    -0.108763    0.083927
0.077398    -0.38181    0.080121
0.061835    -0.3105    0.092054
0.075606    -0.431648    0.081496
0.070895    -0.454088    0.085108
0.068601    -0.248993    0.086866
0.077257    -0.377219    0.08023
0.079648    -0.285605    0.078014
0.080713    0.000218    0.076626
0.082546    -0.372299    0.074238
0.079997    -0.316254    0.077559
0.088576    -0.362137    0.066379
0.087633    -0.424037    0.067608
0.08438    -0.065987    0.071847
0.093451    -0.366509    0.060027
0.097215    -0.213124    0.05452
0.096813    -0.449938    0.055492
0.097275    0.030973    0.054376
0.099135    -0.205675    0.049886
0.104182    -0.431471    0.037699
0.106055    -0.430289    0.033178
0.099297    -0.360753    0.049495
0.099751    -0.161131    0.048398
0.108229    0.024155    0.025844
0.108336    -0.30964    0.025031
0.111459    -0.443779    0.001307
0.109769    -0.381065    0.014142
0.109443    -0.37049    0.016621
0.109344    -0.284604    0.017374
0.107849    0.056303    0.02873
0.110579    -0.365629    0.007989
-0.073755    -0.296224    0.082915
-0.068374    -0.138505    0.087041
-0.058431    0.089657    0.094664
-0.078644    -0.269172    0.079166
-0.075135    -0.114634    0.081857
-0.072177    -0.052133    0.084125
-0.069838    -0.21189    0.085918
-0.073241    0.012509    0.083309
-0.048491    0.116273    0.099707
-0.046952    -0.07972    0.100345
-0.045034    0.004076    0.10114
-0.051034    0.076202    0.098653
-0.053266    -0.315291    0.097727
-0.050797    -0.054497    0.09875
-0.038382    -0.002255    0.103898
-0.050303    -0.189647    0.098956
-0.094855    0.057612    0.058197
-0.093328    -0.053223    0.060187
-0.085252    -0.304261    0.070711
-0.083079    -0.410617    0.073543
-0.088041    -0.346891    0.067077
-0.089226    -0.381156    0.065532
-0.090509    -0.394778    0.06386
-0.088027    -0.317045    0.067095
-0.023093    -0.025224    0.108597
-0.023777    -0.171175    0.108507
-0.027148    -0.387722    0.108063
-0.028091    -0.141567    0.107939
-0.023163    -0.068301    0.108588
-0.021327    -0.166214    0.10883
-0.010321    0.050292    0.110281
-0.023542    -0.1836    0.108538
-0.105404    -0.400529    0.03475
-0.102816    -0.251116    0.040998
-0.105526    -0.053051    0.034455
-0.105285    -0.198249    0.035036
-0.104958    -0.352105    0.035827
-0.101455    -0.297786    0.044283
-0.100669    -0.362189    0.046181
0.012017    -0.067031    0.110058
0.012309    -0.091601    0.110019
0.021248    0.121361    0.108841
0.003128    -0.248603    0.11123
0.010531    -0.104096    0.110254
0.004654    -0.288453    0.111028
0.014493    -0.014077    0.109731
0.013385    0.091478    0.109877
-0.109804    -0.328212    0.013873
-0.109131    -0.300092    0.018989
-0.110728    -0.227788    0.006857
-0.110659    -0.12388    0.007383
-0.110964    -0.21428    0.005068
-0.110824    -0.43207    0.006126
-0.109428    -0.222495    0.016734
-0.1102    -0.097708    0.01087
0.040992    0.033685    0.102816
0.033687    -0.055194    0.105845
0.031829    -0.246384    0.106615
0.04718    0.011901    0.10025
0.033945    0.05572    0.105738
0.039884    -0.011874    0.103276
0.033992    -0.106242    0.105718
0.050442    0.021612    0.098898
-0.107964    -0.317278    -0.027855
-0.108863    -0.148116    -0.021022
-0.110346    -0.399306    -0.009743
-0.110816    -0.36132    -0.006169
-0.108396    -0.0817    -0.024572
-0.109992    -0.408723    -0.012437
-0.109554    -0.199373    -0.015765
-0.108981    -0.316037    -0.020119
0.06672    -0.01889    0.088309
0.065943    0.105238    0.088905
0.065721    -0.105012    0.089074
0.060722    -0.137063    0.092907
0.061047    0.016331    0.092658
0.058826    0.054856    0.094362
0.065848    0.023566    0.088977
0.065447    -0.153054    0.089285
0.087044    -0.053761    0.068375
0.093921    0.095866    0.059414
0.095539    0.056668    0.057306
0.089975    -0.080413    0.064556
0.080562    0.123271    0.076822
0.09503    -0.02851    0.057969
0.093965    -0.277704    0.059356
0.106179    -0.264316    0.032879
0.106093    0.080973    0.033085
0.106453    0.046836    0.032217
0.102994    -0.172604    0.040568
0.102358    0.110462    0.042104
0.099698    0.016828    0.048527
0.10624    -0.365772    0.032731
0.105823    -0.077306    0.033737
0.110656    -0.185327    0.007402
0.111136    -0.017979    0.003759
0.110909    -0.151941    0.005479
0.109722    0.047685    0.014503
0.109753    -0.143211    0.014266
0.110806    -0.155234    0.006267
0.109584    0.071967    0.015551
0.110693    -0.022877    0.007127
0.109569    -0.321104    -0.015654
0.110683    -0.302126    -0.007184
0.111031    -0.394905    -0.004535
0.109012    -0.320218    -0.01989
0.111517    -0.123953    -0.000841
0.111549    -0.382002    -0.000594
0.111396    0.055241    -0.001762
0.111162    -0.113084    -0.003535
-0.055685    -0.458612    0.02521
-0.079315    0.017047    0.078447
-0.081681    -0.231262    0.075364
-0.084622    -0.010004    0.071531
-0.085536    -0.142173    0.07034
-0.092404    0.077522    0.061392
-0.081686    -0.363863    0.075357
-0.088236    0.11162    0.066822
-0.092087    0.110755    0.061804
-0.101721    0.011146    0.043642
-0.10034    -0.079688    0.046977
-0.100873    0.052058    0.045689
-0.101677    -0.019639    0.043748
-0.105085    0.059338    0.035519
-0.096756    -0.232865    0.055629
-0.101362    -0.007613    0.044508
-0.103415    0.006963    0.039552
-0.111591    0.12661    0.0003
-0.10839    -0.23713    0.024619
-0.110642    0.009244    0.007508
-0.107936    -0.057943    0.028069
-0.108754    -0.085574    0.021855
-0.108709    -0.011443    0.022198
-0.10939    0.024617    0.017021
-0.10852    -0.289888    0.02363
-0.108761    0.127041    -0.021798
-0.110708    0.123648    -0.006991
-0.109303    0.090333    -0.017673
-0.111169    0.011805    -0.003486
-0.110234    0.089276    -0.010591
-0.111188    0.067303    -0.003339
-0.111545    -0.184815    -0.000622
-0.108602    0.092799    -0.023001
-0.105544    -0.233148    -0.034409
-0.105986    -0.084775    -0.033344
-0.103061    -0.178093    -0.040398
-0.105513    -0.118916    -0.034484
-0.100184    -0.021863    -0.047337
-0.10693    -0.102712    -0.031067
-0.10546    -0.100141    -0.034611
-0.107134    -0.113489    -0.030574
-0.100785    -0.407042    -0.045887
-0.097745    -0.328499    -0.053219
-0.102298    -0.269892    -0.042238
-0.102061    -0.34897    -0.042808
-0.103585    -0.256758    -0.039134
-0.097213    -0.385548    -0.054501
-0.102701    -0.373947    -0.041265
-0.106736    -0.452258    -0.031534
0.108457    -0.26545    -0.024104
0.109498    -0.193887    -0.016189
0.108781    -0.289305    -0.021641
0.108836    -0.260609    -0.021223
0.109006    -0.143079    -0.019935
0.10817    -0.364149    -0.026289
0.108071    -0.159534    -0.027045
0.108298    -0.312262    -0.025317
-0.042076    -0.458612    -0.039841
-0.035315    -0.458612    -0.045798
-0.108883    0.131443    0.020422
-0.092514    -0.061864    -0.06123
-0.093118    -0.1094    -0.060442
-0.094271    -0.181124    -0.058938
-0.091144    -0.011824    -0.063017
-0.09654    -0.147591    -0.055977
-0.092313    0.03421    -0.061492
-0.089541    -0.072885    -0.065109
-0.093405    -0.273219    -0.060067
0.105238    -0.066446    -0.035146
0.107367    -0.231211    -0.030012
0.103304    -0.258851    -0.039811
0.10123    -0.446992    -0.044812
0.106635    0.050735    -0.031777
0.102125    -0.367685    -0.042655
0.105379    -0.31973    -0.034807
0.09888    -0.406963    -0.050482
-0.025974    -0.458612    0.055645
-0.024362    -0.458612    -0.032099
-0.009275    -0.458612    -0.015573
-0.008519    0.138388    0.110151
-0.084231    -0.300607    -0.072037
-0.085066    -0.269747    -0.070948
-0.079533    -0.241523    -0.078166
-0.080081    -0.355161    -0.077451
-0.092905    -0.383614    -0.060719
-0.085516    -0.173199    -0.07036
-0.084871    -0.24117    -0.071202
-0.085123    -0.4531    -0.070873
0.099381    0.137972    0.048473
0.103359    0.014607    -0.039679
0.097547    -0.360606    -0.053698
0.098217    -0.151348    -0.05208
0.103638    -0.027463    -0.039007
0.10267    0.012294    -0.04134
0.098013    -0.172515    -0.052573
0.104458    0.126749    -0.037028
0.09938    -0.194682    -0.049276
-0.066044    -0.238818    -0.088831
-0.076905    -0.017369    -0.080504
-0.066379    -0.280049    -0.088574
-0.067118    -0.347777    -0.088008
-0.071915    -0.235357    -0.084329
-0.068623    -0.225582    -0.086854
-0.077651    -0.096072    -0.079932
-0.049922    -0.165785    -0.099117
-0.047316    -0.17784    -0.100198
-0.045807    -0.343021    -0.100824
-0.055394    0.117355    -0.096849
-0.045089    -0.305179    -0.101121
-0.055182    -0.264398    -0.096936
-0.052431    -0.31631    -0.098077
-0.055529    -0.370458    -0.096793
-0.019955    -0.116922    -0.109006
-0.009312    -0.365449    -0.110398
-0.018911    -0.295495    -0.109142
-0.013517    -0.217052    -0.109848
-0.021353    -0.097192    -0.108823
-0.027163    -0.392344    -0.108063
-0.004812    -0.36953    -0.110987
-0.004424    -0.458083    -0.111037
0.000646    0.039726    -0.111531
0.002995    -0.389786    -0.111224
0.002701    -0.351206    -0.111263
0.012467    -0.379798    -0.109985
0.003288    -0.265637    -0.111186
0.010302    -0.26747    -0.110268
0.012134    -0.279706    -0.110029
0.005716    -0.251602    -0.110868
0.009788    -0.458612    -0.060669
0.030161    -0.458612    -0.042449
0.035889    -0.458612    0.001322
-0.012517    -0.458612    -0.006403
0.002017    -0.458612    0.036959
0.003188    -0.458612    0.051744
-0.10769    0.142942    -0.023596
0.092864    -0.435893    -0.060773
0.095881    -0.165362    -0.056836
0.092849    -0.357262    -0.060792
0.087996    -0.397819    -0.067125
0.08985    -0.273972    -0.064705
0.085784    -0.271164    -0.070011
0.092906    -0.206669    -0.060718
0.084317    -0.446137    -0.071924
-0.058937    0.005378    -0.094281
-0.065041    0.043775    -0.0896
-0.05958    0.115933    -0.093788
-0.058181    -0.224269    -0.09486
-0.065824    -0.151596    -0.089
-0.073546    0.065186    -0.083079
-0.07206    0.005228    -0.084218
-0.058233    0.095914    -0.09482
-0.037973    -0.041118    -0.104072
-0.046838    0.047511    -0.100396
-0.030284    0.087149    -0.10726
-0.038824    -0.028795    -0.103719
-0.041119    -0.041713    -0.102767
-0.05088    0.090548    -0.09872
-0.029604    -0.166981    -0.107542
-0.054076    0.106862    -0.097395
-0.002866    -0.073815    -0.111241
-0.007695    0.107204    -0.110609
-0.013457    0.055196    -0.109856
-0.015463    0.065675    -0.109593
-0.018579    0.120568    -0.109186
-0.001022    -0.313524    -0.111482
-0.005109    -0.166198    -0.110948
-0.010609    -0.01596    -0.110228
0.01121    -0.050209    -0.11015
0.015508    -0.109908    -0.109588
0.018698    0.121039    -0.10917
0.026194    -0.068908    -0.10819
0.020612    -0.255677    -0.10892
0.024831    0.040045    -0.108368
0.013691    -0.021834    -0.109825
0.028414    -0.28682    -0.1079
0.023025    -0.458612    0.032405
0.053856    -0.458612    0.019642
0.035692    -0.428157    -0.105018
0.033583    -0.115205    -0.105892
0.036426    -0.118963    -0.104713
0.044016    -0.292474    -0.101566
0.036989    -0.300574    -0.10448
0.050441    -0.420315    -0.098902
0.030733    -0.290644    -0.107074
0.033429    -0.454154    -0.105956
-0.109687    0.145163    0.006672
0.066168    -0.369872    -0.088736
0.076336    -0.410951    -0.08094
0.064782    -0.356996    -0.089798
0.060089    -0.423825    -0.093397
0.062495    -0.420472    -0.091553
0.072349    -0.418051    -0.083997
0.067153    -0.19127    -0.087981
0.073007    -0.316948    -0.083492
0.085272    0.092395    -0.070678
0.082449    0.067045    -0.074362
0.089495    0.049796    -0.065169
0.08959    0.039172    -0.065045
0.081904    -0.155743    -0.075073
0.086372    0.093193    -0.069243
0.083625    0.105755    -0.072828
0.080295    -0.142493    -0.077172
-0.049717    0.132886    -0.099087
0.050899    -0.33518    -0.098712
0.046587    -0.196001    -0.1005
0.036421    0.079493    -0.104715
0.052919    0.013183    -0.097875
0.047257    -0.181117    -0.100222
0.055032    -0.128332    -0.096999
0.045002    0.084213    -0.101157
0.054102    0.126199    -0.097384
-0.10699    0.14725    0.024504
0.075104    0.111808    -0.081885
0.065158    -0.031558    -0.08951
0.065364    0.072409    -0.089353
0.064379    0.126231    -0.090108
0.062227    -0.005467    -0.091758
0.077138    0.104607    -0.080325
0.064012    -0.014593    -0.090389
0.07631    -0.362948    -0.08096
0.106845    0.147234    -0.025625
-0.089242    0.153126    0.061519
0.09312    0.153263    0.056421
-0.027885    0.142372    -0.107198
-0.095124    0.156403    0.051114
0.106805    0.157967    -0.008918
-0.056407    0.163359    0.089738
-0.101667    0.159741    -0.033162
0.08528    0.153946    -0.066355
0.037655    0.166591    0.09751
0.09012    0.163409    0.055886
-0.002295    0.148957    -0.109618
-0.105821    0.164797    0.001213
0.014207    0.160047    -0.105597
-0.024235    0.174105    0.099304
-0.059866    0.166126    -0.08597
0.073666    0.173831    -0.071116
-0.10042    0.175307    0.012127
-0.01306    0.16487    -0.104239
0.002104    0.182201    0.098397
-0.042667    0.166673    -0.095412
0.040571    0.176667    -0.091992
-0.091496    0.179344    -0.038382
-0.00641    0.176423    -0.10066
0.062306    0.188576    0.070965
0.093122    0.189359    0.011211
-0.002707    0.193641    0.091371
0.081273    0.191546    0.045078
-0.060887    0.193216    0.068254
-0.072897    0.192073    -0.056101
-0.018857    0.194405    -0.088733
-0.06762    0.194768    -0.06002
0.023754    0.191115    -0.090293
-0.078884    0.199184    -0.03665
-0.007773    0.19762    -0.087836
-0.076857    0.201514    -0.036837
-0.00698    0.200874    -0.085416
-0.083549    0.202527    0.011041
-0.023566    0.2022    -0.081764
-0.080351    0.205135    -0.017528
-0.048437    0.214751    0.054203
-0.074888    0.212705    -0.00257
-0.038337    0.209775    -0.068096
0.057897    0.215081    0.043067
0.045567    0.215638    -0.055258
-0.03951    0.219279    0.055254
0.055613    0.216401    -0.043831
0.002461    0.29607    -0.036915
0.06407    0.223877    0.002152
-0.033611    0.293755    -0.015567
0.033707    0.22497    0.05335
-0.036485    0.278887    0.012362
-0.052882    0.229945    0.026512
-0.009149    0.225304    -0.061926
0.023446    0.287608    0.029077
0.05562    0.232646    0.014884
0.005683    0.278507    -0.038089
0.046639    0.234038    0.031466
-0.018715    0.270766    0.035621
0.00937    0.238202    0.052679
-0.03934    0.263448    0.015
-0.044503    0.243682    0.02403
-0.02222    0.264268    0.03566
-0.028628    0.246371    0.039737
-0.032675    0.242044    -0.039519
-0.036018    0.251207    0.029638
-0.021718    0.248233    -0.043026
0.041695    0.264879    0.002206
-0.016419    0.250337    -0.044127
0.042293    0.256266    0.014394
-0.030398    0.385031    0.020998
-0.011541    0.30116    0.035141
-0.00712    0.380696    0.036269
-0.026813    0.328126    -0.02567
-0.004249    0.427444    -0.009521
-0.033042    0.379877    -0.016623
0.02997    0.317877    -0.021541
-0.032177    0.384665    -0.018654
-0.002942    0.360728    -0.036812
0.016774    0.427444    0.021958
0.023083    0.304843    0.02879
0.028379    0.388574    -0.023622
-0.037204    0.396764    -3.1e-05
0.024216    0.427444    0.025863
0.034121    0.381699    0.014027
0.037166    0.37565    -0.000324
-0.024614    0.447587    0.017148
-0.016324    0.427444    -0.021773
-0.028826    0.45651    -0.008745
0.00581    0.452592    -0.029462
0.022012    0.427444    0.014942
-0.021155    0.483259    -0.011594
-0.009328    0.480589    -0.028576
0.018843    0.460925    -0.023322
0.026919    0.436315    0.013329
-0.002993    0.427833    0.029828
0.003001    0.483259    -0.022326
0.027583    0.48305    0.011733
-0.001022    0.463539    0.030086
-0.022765    0.350245    0.029033
-0.014765    0.408139    0.033804
-0.032352    0.396438    0.01831
-0.028741    0.330553    -0.023148
-0.003476    0.310898    -0.036742
0.011026    0.344253    -0.035358
0.002166    0.329244    0.036932
-0.009854    0.348368    -0.035845
-0.03504    0.406225    -0.011803
0.02817    0.362756    0.0239
0.002817    0.297489    0.036845
-0.036911    0.35515    -0.002264
0.027918    0.425443    0.024229
0.032988    0.301785    -0.01675
0.036955    0.355952    -0.001923
