0.162958    -0.268555    0.087592
0.158227    -0.04994    0.095777
0.166919    -0.129652    0.080739
0.155807    -0.053429    0.099965
0.165201    -0.32877    0.08371
0.164871    -0.245058    0.084281
0.17527    -0.31247    0.06629
0.159136    -0.113508    0.094205
0.157163    -0.013925    0.097618
0.160432    -0.235448    0.091963
0.155297    -0.045848    0.100846
0.16595    -0.275219    0.082415
0.169757    -0.034681    0.075829
0.176635    0.019546    0.063929
0.162756    0.007647    0.087942
0.156131    0.08672    0.099403
0.163748    0.056002    0.086224
0.168071    -0.048259    0.078745
0.164703    0.065872    0.084573
0.17178    0.063605    0.072328
0.174432    -0.193384    0.067739
0.167579    0.069895    0.079596
0.172948    0.063288    0.070307
0.177511    0.045925    0.062412
0.14461    -0.032598    0.112909
0.134604    -0.015413    0.122918
0.152279    -0.124625    0.105236
0.131731    0.091872    0.125793
0.150207    0.113166    0.107309
0.152441    0.070335    0.105075
0.146309    0.02757    0.111209
0.131865    0.125015    0.125658
0.139107    -0.060539    0.118414
0.143885    0.109155    0.113634
0.148408    -0.080279    0.109108
0.184582    -0.179202    0.036786
0.17799    0.056997    0.061424
0.185333    -0.32326    0.03398
0.180699    -0.007705    0.0513
0.179552    -0.166437    0.055587
0.189447    -0.306262    0.018602
0.186089    -0.328155    0.031152
0.180239    -0.110529    0.05302
0.180042    -0.295344    0.053754
0.181116    -0.309865    0.049742
0.181997    -0.153804    0.046449
0.099772    -0.339948    0.149491
0.123779    -0.114362    0.133747
0.127935    -0.26709    0.129589
0.12595    -0.199002    0.131576
0.138661    -0.305245    0.118859
0.12223    -0.153857    0.135297
0.129587    -0.031764    0.127937
0.138487    -0.245616    0.119034
0.140311    -0.317204    0.117209
0.141152    -0.207419    0.116367
0.130052    -0.021874    0.127471
0.125301    -0.285501    0.132225
0.190182    -0.343084    -0.020472
0.189021    -0.148278    0.020195
0.187389    0.055161    0.026294
0.189521    -0.270085    0.018327
0.182131    0.044327    0.045946
0.188772    0.068821    0.021126
0.183719    0.114874    0.040012
0.190268    0.0917    0.015533
0.184989    -0.041703    0.035264
0.186308    -0.09792    0.030336
0.182551    -0.031017    0.044378
0.183024    0.005877    0.042611
0.11332    -0.065699    0.141876
0.103699    -0.035665    0.147428
0.115357    -0.085382    0.140701
0.110245    -0.218793    0.143651
0.110112    0.057971    0.143727
0.114855    -0.128048    0.140991
0.113994    -4.5e-05    0.141488
0.109405    0.077653    0.144135
0.091381    0.069956    0.154536
0.095535    0.027884    0.152139
0.111265    -0.071875    0.143062
0.115281    0.025121    0.140745
0.190557    -0.195607    -0.017738
0.190557    -0.289725    -0.026048
0.190557    -0.117255    -0.009308
0.190557    -0.26892    -0.017024
0.190557    -0.176668    0.007646
0.190557    -0.105988    0.010365
0.190557    -0.0377    0.011783
0.190557    -0.059075    0.013354
0.190557    -0.230391    -0.010202
0.190557    -0.13025    0.000726
0.190557    -0.159267    -0.003387
0.190557    -0.189065    -0.015134
0.07955    -0.115048    0.161363
0.080839    -0.018115    0.160619
0.104903    -0.280695    0.146733
0.078987    0.048075    0.161688
0.076666    0.080334    0.163027
0.082579    -0.077568    0.159615
0.105777    -0.220738    0.146229
0.101168    -0.272375    0.148888
0.082181    -0.055489    0.159845
0.079524    0.067363    0.161378
0.092127    -0.127469    0.154105
0.081585    -0.187305    0.160189
0.188535    -0.338616    -0.041691
0.190557    -0.110611    -0.016684
0.190557    -0.096241    -0.013306
0.190557    -0.034838    -0.03134
0.190557    0.050881    -0.019234
0.190557    -0.008498    -0.017352
0.190557    -0.121765    -0.017203
0.190557    0.074945    -0.032179
0.190557    0.11928    -0.020963
0.190557    0.103631    -0.017142
0.190557    0.078809    -0.013485
0.190557    0.1105    0.000501
0.070013    -0.02546    0.16488
0.069775    -0.148308    0.164944
0.063415    -0.046139    0.166647
0.076048    0.092398    0.163263
0.069316    -0.03669    0.165066
0.050508    -0.194517    0.170104
0.06351    -0.195263    0.166622
0.072485    -0.104759    0.164218
0.047041    -0.299603    0.171033
0.065619    -0.28699    0.166057
0.064243    -0.033995    0.166425
0.047299    -0.212019    0.170964
0.099348    0.147339    0.148971
0.185061    -0.304275    -0.055025
0.186162    -0.26699    -0.05091
0.18524    -0.227929    -0.054355
0.189725    0.049375    -0.03759
0.180654    -0.310017    -0.071498
0.18905    -0.24856    -0.040114
0.182379    -0.19588    -0.065051
0.188161    -0.022998    -0.043437
0.189739    -0.06016    -0.03754
0.187831    -0.026537    -0.04467
0.186275    -0.181566    -0.050489
0.190519    0.134141    -0.028881
0.053445    -0.038279    0.169317
0.043775    0.131768    0.171908
0.031015    -0.037261    0.175325
0.0599    0.124817    0.167589
0.046339    0.015914    0.171221
0.033583    -0.15145    0.174638
0.049864    0.094322    0.170277
0.035228    -0.255635    0.174197
0.040534    -0.064071    0.172776
0.041701    -0.185482    0.172463
0.04973    0.053127    0.170313
0.045854    0.101758    0.171351
0.038866    0.144052    0.172659
0.181967    -0.044947    -0.066589
0.178894    -0.213323    -0.078077
0.179766    -0.232862    -0.074817
0.183105    0.009703    -0.062335
0.189256    0.095234    -0.039342
0.181826    0.057213    -0.067118
0.178942    -0.254651    -0.077895
0.179603    -0.152292    -0.075426
0.178975    0.052875    -0.077773
0.179122    -0.165375    -0.077225
0.189817    0.109411    -0.037247
0.189806    0.133473    -0.037212
0.02753    -0.186599    0.17582
0.017642    -0.248776    0.175819
0.026069    -0.006563    0.17582
0.014295    -0.331986    0.175818
0.017533    -0.188993    0.175819
0.005816    -0.174903    0.175818
0.014909    -0.22126    0.175819
0.019205    -0.009455    0.175819
0.023226    -0.022557    0.175819
0.020657    -0.273173    0.175819
-0.000666    -0.251569    0.175817
-0.008928    -0.269677    0.175816
0.060844    0.151316    0.165906
0.156631    0.123444    -0.118629
0.1712    -0.190351    -0.093381
0.175166    0.042407    -0.086508
0.174841    -0.24111    -0.087072
0.169118    0.014531    -0.096989
0.175139    0.130439    -0.086555
0.159301    0.03339    -0.114002
0.170564    -0.066264    -0.094484
0.175635    0.102595    -0.085696
0.163771    -0.024518    -0.106255
0.169551    0.107501    -0.09624
0.178463    0.13947    -0.078875
0.066009    -0.348044    0.164593
-0.012918    0.023047    0.175816
-0.008662    -0.17681    0.175816
-0.011753    -0.258847    0.175816
-0.003524    -0.101623    0.175817
-0.013902    -0.116553    0.175816
0.019933    0.096105    0.175819
-0.019145    0.118882    0.175815
-0.001189    0.093236    0.175817
-0.002097    0.093845    0.175817
-0.011895    0.10575    0.175816
-0.016716    -0.211289    0.175815
0.16007    0.158849    0.087198
0.155608    -0.132343    -0.120401
0.162039    -0.158783    -0.109257
0.158821    -0.244982    -0.114834
0.154455    -0.017998    -0.1224
0.173763    -0.261173    -0.088939
0.170386    -0.314483    -0.094793
0.155107    -0.153009    -0.121271
0.162847    -0.201987    -0.107857
0.167545    -0.325258    -0.099715
0.156039    -0.241376    -0.119655
0.1593    -0.277266    -0.114004
0.156208    0.070358    -0.119363
0.164081    0.146784    -0.104103
-0.026475    -0.112935    0.17402
-0.023586    -0.261232    0.174794
-0.043732    -0.307863    0.169394
-0.025802    -0.231005    0.1742
-0.03558    -0.160721    0.17158
-0.028497    -0.072077    0.173478
-0.047596    -0.311598    0.168359
-0.052019    -0.18899    0.167173
-0.053723    -0.334309    0.166717
-0.023914    -0.08945    0.174706
-0.035405    -0.102461    0.171627
-0.038526    -0.133507    0.17079
0.096875    0.161679    0.14755
0.146367    -0.033725    -0.131216
0.139969    -0.049779    -0.137611
0.147651    -0.214585    -0.129932
0.131957    -0.026036    -0.145618
0.144147    -0.188141    -0.133435
0.145259    0.065197    -0.132323
0.143912    0.050947    -0.13367
0.148175    -0.180503    -0.129409
0.144511    -0.1622    -0.133071
0.120744    0.131176    -0.156825
0.14164    0.04942    -0.13594
0.14472    -0.03379    -0.132862
0.162544    0.151995    -0.105378
-0.002247    -0.347601    0.174617
-0.061945    -0.073045    0.164513
-0.060854    0.128985    0.164805
-0.045485    0.037443    0.168925
-0.042297    -0.030111    0.169779
-0.05461    0.051398    0.166479
-0.053789    -0.160344    0.166699
-0.03406    0.074308    0.171987
-0.026072    0.095687    0.174128
-0.065899    -0.209386    0.163453
-0.025534    0.107706    0.174272
-0.024281    0.092479    0.174608
0.154104    0.166094    0.094119
0.121005    -0.259092    -0.156564
0.128951    -0.258912    -0.148622
0.122573    -0.290078    -0.154997
0.134915    -0.270193    -0.142661
0.137938    -0.25712    -0.13964
0.125084    -0.305875    -0.152487
0.141366    -0.215753    -0.136214
0.133611    -0.219432    -0.143965
0.133556    -0.176021    -0.14402
0.120461    -0.200517    -0.157107
0.121476    -0.125674    -0.156093
0.152517    -0.336834    -0.125069
0.12436    0.143874    -0.152474
0.171973    0.15615    -0.087762
-0.073709    -0.171959    0.159297
-0.07903    -0.078525    0.156222
-0.075912    -0.326787    0.158024
-0.07671    -0.129946    0.157563
-0.08801    -0.11147    0.151034
-0.072533    -0.212183    0.159976
-0.084073    -0.112436    0.153309
-0.080797    -0.058828    0.155202
-0.079828    -0.152157    0.155761
-0.087651    -0.116677    0.151242
-0.09464    -0.237862    0.147204
-0.08562    0.135084    0.152334
0.015585    0.159902    0.172896
0.108888    0.08419    -0.164481
0.093134    0.040002    -0.173583
0.111538    0.025879    -0.16295
0.117205    -0.111129    -0.159676
0.103783    -0.032315    -0.16743
0.11326    -0.112864    -0.161955
0.118492    -0.310326    -0.158932
0.108656    -0.069297    -0.164615
0.100983    -0.091686    -0.169048
0.118817    0.059377    -0.158744
0.111705    -0.15778    -0.162853
0.102497    0.137979    -0.167995
0.123371    0.158937    -0.150363
0.178532    0.165678    0.042806
-0.103593    -0.006165    0.142031
-0.091742    -0.095339    0.148878
-0.095958    -0.187705    0.146442
-0.085691    -0.061322    0.152374
-0.093438    0.050187    0.147898
-0.075106    0.12947    0.15849
-0.08836    0.048529    0.150832
-0.094497    -0.003426    0.147287
-0.101773    -0.233188    0.143083
-0.10655    -0.273644    0.140323
-0.092934    0.112928    0.148189
-0.093549    0.13667    0.147696
-0.014051    0.156984    0.173512
0.078428    -0.173071    -0.18208
0.09069    -0.226441    -0.174995
0.090594    -0.141137    -0.175051
0.081737    -0.124487    -0.180168
0.109731    -0.243659    -0.163994
0.076526    -0.007349    -0.183179
0.088098    -0.331255    -0.176493
0.079589    -0.181522    -0.181409
0.085511    -0.084547    -0.177988
0.113488    -0.328792    -0.161823
0.084891    -0.206032    -0.178346
0.097028    0.133261    -0.171318
0.106028    0.153432    -0.164172
0.138417    0.164382    -0.133585
-0.132848    -0.25899    0.115243
-0.113767    -0.2102    0.134313
-0.112906    -0.066199    0.135174
-0.122517    -0.08045    0.125568
-0.137373    -0.332934    0.110721
-0.118653    -0.066338    0.12943
-0.109979    0.102601    0.138099
-0.136061    -0.265632    0.112032
-0.111893    -0.27171    0.136186
-0.128459    -0.181963    0.11963
-0.139458    -0.277033    0.108637
-0.122818    -0.102665    0.125267
0.088596    0.175668    0.147647
0.065966    -0.197156    -0.186025
0.060661    0.027055    -0.187447
0.057484    0.016453    -0.188298
0.07553    -0.070191    -0.183462
0.071356    -0.262757    -0.18458
0.066111    0.013592    -0.185986
0.066802    -0.013188    -0.185801
0.046999    -0.014483    -0.191108
0.055336    -0.0516    -0.188874
0.067087    0.04656    -0.185724
0.047493    0.10426    -0.190976
0.043179    0.04504    -0.192132
0.039649    -0.349427    -0.191338
0.169142    0.16897    -0.08654
-0.071597    -0.348776    0.158783
-0.128642    0.027523    0.119446
-0.142591    -0.133323    0.105505
-0.1316    -0.07485    0.11649
-0.128488    -0.008714    0.1196
-0.121411    0.010627    0.126673
-0.125589    0.088201    0.122498
-0.141697    0.114227    0.106398
-0.135362    -0.139232    0.112731
-0.137914    -0.222543    0.11018
-0.12923    -0.039292    0.118859
-0.137627    -0.221791    0.110466
0.18164    0.175253    0.019856
-0.062778    0.162048    0.160787
0.030154    -0.285442    -0.195623
0.060247    -0.204198    -0.187558
0.031297    -0.213756    -0.195317
0.049646    -0.253819    -0.190399
0.052472    -0.118212    -0.189641
0.033913    -0.082839    -0.194616
0.033381    -0.051435    -0.194758
0.049698    -0.131866    -0.190385
0.036794    -0.036035    -0.193843
0.038943    -0.057508    -0.193267
0.048071    -0.318014    -0.190821
0.036609    0.137413    -0.193749
0.038502    0.157522    -0.190882
0.105552    0.170986    -0.159762
-0.147593    -0.018107    0.097891
-0.14481    -0.055181    0.102713
-0.151031    -0.05484    0.091932
-0.15837    -0.33299    0.079213
-0.150996    -0.080825    0.091993
-0.152008    -0.023997    0.090239
-0.161822    -0.335525    0.07323
-0.153969    -0.242669    0.08684
-0.151078    -0.043775    0.09185
-0.16257    -0.293447    0.071935
-0.15315    -0.228234    0.08826
-0.157524    -0.224501    0.080678
0.143069    0.180437    0.101511
-0.103047    0.156236    0.139877
-0.006406    0.010113    -0.19588
0.019816    0.126676    -0.195878
0.01845    0.00914    -0.195878
0.012743    0.028881    -0.195878
0.00401    0.06778    -0.195879
0.020281    -0.178511    -0.195878
0.009863    0.071628    -0.195879
0.025766    -0.033932    -0.195877
0.022875    -0.2687    -0.195878
-0.016163    0.118376    -0.195881
0.002083    -0.075535    -0.195879
-0.016751    0.148196    -0.194964
0.019647    0.158579    -0.193235
0.03571    0.177491    -0.185867
-0.177752    -0.337807    0.0269
-0.165985    0.063749    0.066016
-0.163379    -0.137835    0.070531
-0.152461    0.105967    0.089453
-0.166373    0.089238    0.065343
-0.148969    0.114692    0.095506
-0.152458    0.019014    0.089459
-0.160068    0.114685    0.076271
-0.15556    -0.074703    0.084083
-0.154425    0.098445    0.08605
-0.15001    0.087047    0.093702
-0.162809    0.093557    0.07152
0.148016    0.186674    0.089879
-0.087356    0.160902    0.147787
-0.008716    -0.102607    -0.19588
-0.005075    -0.300485    -0.19588
-0.00981    0.02942    -0.19588
0.004476    -0.330258    -0.195879
0.001497    -0.192292    -0.195879
-0.013797    -0.254993    -0.195881
0.001945    -0.323701    -0.195879
-0.017569    -0.016094    -0.195881
-0.004818    -0.238674    -0.19588
0.000213    -0.111399    -0.195879
-0.007396    -0.322528    -0.19588
-0.008659    0.137391    -0.195745
0.0867    -0.353025    -0.174004
0.127863    0.180575    -0.136714
0.177217    -0.353916    0.051879
-0.178117    -0.147785    0.025677
-0.176429    -0.148764    0.031984
-0.178793    -0.046624    0.02315
-0.178791    -0.247117    0.023156
-0.174294    -0.117084    0.039966
-0.176668    -0.156058    0.031092
-0.177869    -0.153432    0.026601
-0.174557    -0.32478    0.038979
-0.171272    -0.268972    0.051261
-0.179165    -0.220695    0.021756
-0.17563    0.105204    0.034975
-0.168512    -0.3328    0.061577
-0.172853    -0.067255    0.045351
-0.168983    0.12294    0.059814
-0.171707    -0.133681    0.049633
-0.170866    0.08705    0.05278
-0.174131    0.037763    0.040577
-0.171318    0.03598    0.05109
-0.17178    -0.346043    0.045957
0.017149    0.182992    0.165633
-0.027922    0.08804    -0.193689
-0.047035    0.105549    -0.188569
-0.050955    0.052293    -0.187519
-0.021558    0.004414    -0.195394
-0.02923    -0.218255    -0.193339
-0.03008    0.006147    -0.193111
-0.034096    0.121768    -0.192035
-0.029096    0.070021    -0.193375
-0.064575    0.113262    -0.183871
-0.065982    0.132298    -0.183494
-0.050319    -0.018354    -0.18769
-0.033107    0.018484    -0.1923
-0.046248    0.163392    -0.184989
-0.011962    0.176017    -0.188404
0.177082    0.190194    -0.023414
0.059336    -0.35499    0.163933
-0.173643    -0.090068    0.042398
-0.180367    -0.019753    0.017265
-0.181055    -0.217839    0.014691
-0.17948    0.050067    0.020581
0.097212    0.193597    0.133584
-0.162881    0.154193    0.067736
-0.058705    0.004048    -0.185443
-0.057084    -0.028209    -0.185878
-0.053285    -0.318301    -0.186895
-0.056202    -0.315601    -0.186114
-0.046956    -0.230306    -0.188591
-0.061632    -0.030539    -0.184659
-0.058316    -0.039083    -0.185548
-0.059005    -0.227866    -0.185363
-0.044558    -0.19491    -0.189233
-0.064815    -0.271503    -0.183807
-0.05104    -0.189532    -0.187496
-0.035327    0.142744    -0.191262
-0.068366    -0.352788    -0.179236
0.130698    0.187275    -0.129807
0.145938    0.192123    -0.108286
-0.16315    -0.347864    0.068389
-0.181128    -0.193599    -0.026559
-0.181128    -0.284242    0.003507
-0.181128    -0.283898    -0.026177
-0.181128    -0.11032    -0.014258
-0.181128    -0.313887    -0.033119
-0.181128    -0.236849    -0.028159
-0.181128    -0.263343    0.003493
-0.181128    -0.002694    -0.033974
-0.181128    -0.078036    -0.025295
-0.178419    0.065546    0.024549
-0.181128    -0.032858    0.007899
-0.181128    -0.176332    0.005316
-0.181128    -0.078892    0.003476
-0.181128    0.001466    -0.010195
-0.181128    -0.148887    -0.00094
-0.181128    -0.0593    -0.01795
-0.181128    -0.26642    0.007646
-0.181128    -0.139059    0.010249
-0.181128    0.00267    0.007176
0.167942    0.192326    0.042758
-0.026308    0.179466    0.16501
-0.180756    0.142176    -0.022613
-0.077451    -0.161161    -0.177187
-0.092599    0.131372    -0.168437
-0.069017    0.002556    -0.182059
-0.086294    0.086645    -0.17208
-0.069707    0.132728    -0.181661
-0.072091    -0.060506    -0.180284
-0.085774    0.060611    -0.172379
-0.067407    -0.286618    -0.182989
-0.086494    0.148509    -0.170861
-0.099775    -0.157124    -0.164295
-0.070025    -0.312333    -0.181477
-0.085015    -0.122638    -0.172818
-0.090581    -0.124352    -0.169604
-0.090833    -0.124132    -0.169458
-0.097904    -0.228038    -0.165376
-0.09024    -0.147201    -0.169801
-0.105164    -0.245368    -0.161183
-0.101068    -0.092713    -0.163547
-0.073712    -0.262578    -0.179347
-0.03343    0.180272    -0.182818
0.174454    0.195203    -0.017896
0.11966    -0.357392    -0.150921
-0.180073    -0.127431    -0.038446
-0.180671    0.027125    -0.036218
-0.178345    -0.222951    -0.044887
-0.172888    0.023613    -0.065222
-0.178091    0.055522    -0.045831
-0.179871    -0.280687    -0.0392
-0.180421    -0.177001    -0.037149
-0.178832    -0.178863    -0.04307
-0.180745    -0.270685    -0.035941
-0.175147    0.024889    -0.056803
-0.181128    0.061226    0.002938
0.078384    0.200075    0.140184
-0.156216    0.161568    0.076362
-0.075914    -0.212756    -0.178075
-0.080432    -0.170203    -0.175465
-0.135586    -0.338643    -0.132431
-0.10529    -0.155016    -0.16111
-0.108042    -0.134946    -0.159522
0.086986    -0.357777    -0.171168
-0.015659    0.195266    -0.179726
0.184378    -0.358258    0.016554
-0.169201    -0.341351    -0.077974
-0.171198    -0.291346    -0.071519
-0.173564    -0.25891    -0.062701
-0.175331    -0.252193    -0.056118
-0.173137    -0.150803    -0.064294
-0.17197    -0.238609    -0.068642
-0.172089    -0.155286    -0.068198
-0.169689    -0.322364    -0.077143
-0.171758    -0.267862    -0.069432
-0.17329    -0.293839    -0.063721
-0.178217    0.061543    -0.045363
-0.181128    0.114048    -0.033214
0.060684    0.199126    0.148414
-0.170211    0.160467    0.04346
-0.104209    0.112763    -0.161734
-0.137091    0.164275    -0.125541
-0.131495    -0.231123    -0.136643
-0.139491    0.005169    -0.128653
-0.142912    -0.208153    -0.125235
-0.142661    -0.322453    -0.125485
-0.141654    -0.15224    -0.126491
-0.128135    -0.137996    -0.140002
-0.134084    -0.188776    -0.134056
-0.143599    0.01704    -0.124548
-0.135291    -0.201472    -0.13285
-0.125918    -0.071586    -0.142217
-0.133166    -0.056007    -0.134973
-0.114463    -0.018078    -0.153665
-0.109894    -0.246178    -0.15823
-0.132446    -0.032438    -0.135693
-0.136304    0.034172    -0.131838
-0.111517    -0.125354    -0.156608
-0.123323    -0.009639    -0.14481
-0.122583    0.049984    -0.14555
-0.131951    0.003597    -0.136188
-0.114995    0.171269    -0.144862
-0.09249    0.193523    -0.150976
0.136506    -0.361237    0.110819
-0.161246    -0.212012    -0.094255
-0.162342    -0.103296    -0.092355
-0.148558    -0.003447    -0.116241
-0.162731    -0.151764    -0.091681
-0.159513    -0.045345    -0.097257
-0.153888    -0.058777    -0.107004
-0.167807    -0.07439    -0.082885
-0.154659    0.0028    -0.105668
-0.154669    -0.03433    -0.105651
-0.157158    0.053976    -0.101338
-0.168507    0.101996    -0.081547
-0.040376    0.190978    0.155942
-0.17402    0.146693    -0.058046
-0.1366    0.061615    -0.131542
-0.124119    0.107691    -0.144015
-0.124984    0.167627    -0.136334
-0.156241    -0.273697    -0.102927
-0.145531    -0.255886    -0.121486
-0.153716    -0.18406    -0.107302
-0.154761    -0.159843    -0.105493
-0.158482    -0.305525    -0.099044
-0.148993    -0.129241    -0.115487
-0.154536    -0.32374    -0.105882
-0.161718    -0.320887    -0.093437
-0.156202    -0.275679    -0.102995
-0.032366    -0.35811    -0.186954
0.001733    0.200005    -0.177002
0.099616    -0.361239    -0.161519
-0.150044    0.073641    -0.113665
0.103689    0.204331    0.122189
-0.169476    0.164761    0.04237
-0.157795    0.147175    -0.098612
-0.15235    0.131829    -0.109671
-0.10462    -0.35944    -0.154445
-0.034491    0.201731    -0.171246
0.147846    -0.364365    0.095286
0.068084    0.205647    0.141574
-0.171946    0.169275    0.028339
-0.154394    0.168523    -0.096002
-0.149427    0.18622    -0.091605
0.143402    -0.362505    -0.122856
0.156697    0.206768    -0.069147
-0.15496    0.179636    0.067494
-0.166929    0.166211    -0.070394
-0.151509    0.191272    -0.08313
0.17511    -0.364736    -0.055423
-0.17896    -0.351086    -0.004235
-0.124899    0.188642    0.105179
-0.178769    -0.351673    0.005894
-0.164397    0.191889    -0.041718
0.162562    -0.365348    -0.088424
0.164385    0.209129    0.012949
-0.156706    0.185594    0.059512
-0.17629    -0.357179    -0.031764
-0.127972    0.201962    -0.111628
0.038947    -0.366935    -0.18178
0.140464    0.210679    0.07255
-0.166223    0.181989    0.032263
-0.169087    0.187222    0.009088
0.068089    0.209054    -0.158473
0.027657    -0.367942    0.163936
-0.077916    0.202511    0.133189
-0.167297    -0.362317    -0.055718
-0.147008    0.203973    -0.075744
0.032736    -0.36989    -0.181034
0.138916    0.212626    0.071803
-0.163625    -0.363546    -0.066242
-0.089659    0.211151    -0.138504
0.140958    -0.370986    -0.11636
0.156526    0.21197    0.032808
-0.131523    0.201101    0.086545
-0.153318    0.20585    -0.049272
0.0283    -0.373067    -0.17938
0.1527    0.213198    -0.062918
-0.170332    -0.366545    0.007758
-0.127897    0.208442    -0.101822
-0.109744    -0.372202    -0.136629
-0.011825    0.215306    0.144634
-0.145478    -0.368423    -0.097087
0.173537    -0.373996    -0.012804
-0.02592    -0.369651    0.160478
-0.146407    0.213827    0.028946
-0.148218    0.2107    -0.05298
-0.14    -0.371871    -0.10087
-0.011196    0.217876    0.14212
-0.020708    0.215438    -0.163209
-0.015355    -0.376004    -0.1769
0.112507    0.218715    0.096152
-0.095647    -0.370034    0.130986
0.114562    -0.376604    -0.135326
0.13213    0.219544    0.070136
-0.145702    -0.371911    0.070844
0.136379    -0.377726    -0.111836
0.135174    0.220507    0.062845
-0.083721    -0.373301    0.134608
0.003928    -0.37769    -0.175156
0.046423    0.221719    0.132118
-0.12173    0.219957    -0.091016
-0.163359    -0.374772    -0.008259
-0.130373    0.224233    0.046493
-0.021764    0.221644    -0.156343
-0.060389    -0.376429    0.144569
-0.158401    -0.375662    0.027292
-0.028266    -0.379768    -0.169791
0.084735    0.225688    0.109448
-0.139827    0.224814    -0.020388
0.139747    -0.38051    -0.100166
0.146523    0.227037    0.008149
-0.090165    0.226219    0.097066
0.089828    0.227536    -0.123925
-0.086207    -0.381058    -0.143866
0.128965    0.229227    0.052875
0.124254    0.234429    0.047547
0.075074    0.260777    0.058428
0.093187    0.229307    0.098004
0.077365    0.234812    0.100235
0.076406    0.229723    0.108404
0.036593    0.272085    0.067879
0.011528    0.249524    0.102715
0.003384    0.240144    0.114871
-0.03622    0.232195    0.11897
-0.00925    0.2664    0.080305
-0.055383    0.236027    0.105652
-0.072689    0.251563    0.068261
-0.084551    0.235094    0.086586
-0.101095    0.244315    0.04568
-0.081587    0.264432    0.027316
-0.12012    0.237985    0.017455
-0.105256    0.251441    0.005538
-0.135085    0.228648    0.005552
-0.12121    0.236788    -0.039465
-0.113424    0.238843    -0.058229
0.075876    0.227904    -0.131457
-0.112068    -0.382175    -0.119556
0.108589    0.252463    0.023192
0.111344    0.252439    0.013025
0.127634    0.241671    -0.018765
0.143806    0.229194    -0.008075
0.125337    0.240057    -0.042859
0.068362    0.282215    0.020464
0.062598    0.276312    0.042424
0.04513    0.263654    0.075677
0.002881    0.270767    0.075182
-0.018877    0.269532    0.073522
-0.023289    0.284064    0.05229
-0.052169    0.273072    0.049357
-0.09033    0.25783    0.029246
-0.104818    0.251998    -0.001377
-0.082801    0.268391    -0.024527
-0.073818    0.267068    -0.054016
-0.106623    0.230921    -0.090909
0.116924    0.22996    -0.09187
0.071612    0.264334    -0.075442
0.107551    0.232159    -0.098461
0.056446    0.246559    -0.114781
0.050322    0.261517    -0.095931
0.040694    0.233256    -0.138936
0.037979    0.243943    -0.125324
-0.004215    0.265082    -0.102612
-0.018022    0.248702    -0.121765
-0.025697    0.254097    -0.11247
-0.049399    0.244602    -0.116346
-0.051434    0.257775    -0.095456
-0.089461    0.228295    -0.114219
0.162334    -0.382538    -0.038307
0.090827    0.269761    0.002844
0.118178    0.248966    -0.021114
0.095155    0.262235    -0.044432
-0.089843    0.24563    -0.081839
0.073907    0.251737    -0.096225
0.073142    0.247454    -0.103801
0.027908    0.276305    -0.084602
0.011897    0.275143    -0.089572
-0.03383    0.261263    -0.100397
-0.047323    0.272503    -0.075322
-0.070604    -0.383165    -0.149876
-0.025092    -0.383658    -0.165769
0.13603    -0.384262    -0.097295
0.074445    0.287149    0.047412
0.13999    -0.385714    0.066422
0.138179    -0.385255    -0.090921
-0.070016    0.28859    -0.060446
0.052392    0.298491    0.035548
-0.06122    0.294138    -0.007608
0.037067    -0.386994    0.140266
0.030142    0.302944    0.051428
-0.061102    0.301264    -0.000914
0.090442    -0.387096    -0.137677
0.057852    0.300137    -0.049918
-0.027867    0.303772    0.062403
0.039409    0.299357    -0.066142
0.0202    -0.387584    -0.162693
0.065604    0.303772    -0.044661
0.009667    0.303772    0.063519
-0.066109    0.303772    0.023813
-0.012002    0.303772    -0.086558
-0.139294    -0.3864    0.049062
0.02969    0.304634    0.070168
-0.001472    0.303772    -0.085317
-0.121399    -0.388664    -0.093574
0.088665    0.307564    -0.010218
-0.044078    0.303772    -0.064845
0.065745    -0.389866    0.126831
0.076444    0.30982    -0.018469
-0.039393    0.30982    0.06092
-0.076984    0.303772    -0.024898
0.068716    -0.390427    0.124017
0.043658    0.30982    0.054749
-0.00196    0.30982    0.057231
-0.065761    0.30982    -0.01412
-0.061513    0.30982    0.036024
0.152285    -0.390621    -0.030163
0.072569    0.30982    -0.02874
0.062817    0.312127    0.021207
-0.050765    0.312335    0.025738
0.010203    0.30982    -0.084785
0.104721    -0.390893    -0.118292
0.047111    0.315998    -0.060894
0.015899    0.319592    0.055246
-0.057104    0.311036    0.014004
-0.140731    -0.390795    -0.036917
0.000157    0.320055    -0.075976
-0.048293    0.318984    -0.050089
-0.054115    -0.39028    0.12731
-0.04639    0.321914    -0.059754
-0.041932    -0.39105    0.129646
0.1431    -0.392639    -0.049539
0.143504    -0.393084    0.024346
0.146286    -0.393696    -0.005191
0.1075    -0.394255    -0.105508
0.011871    -0.394347    -0.149999
-0.10491    -0.394804    -0.096664
0.131091    -0.395387    0.045307
0.041773    -0.395411    0.12191
-0.094832    -0.394878    0.086369
0.138483    -0.396399    0.002439
0.024276    -0.396831    -0.141481
-0.077245    -0.396862    -0.114608
0.099836    -0.397349    0.078219
-0.076872    -0.39659    0.096444
0.125757    -0.397487    -0.056283
-0.009705    -0.397741    -0.137429
-0.124331    -0.397461    -0.024666
0.097907    -0.398022    -0.094119
0.057272    -0.398381    0.100945
0.028287    -0.39855    -0.12897
-0.003876    -0.397847    0.116613
-0.035492    -0.398832    -0.122016
-0.098197    -0.397777    0.066003
-0.067287    -0.398988    -0.10378
-0.085258    -0.398255    0.074546
-0.029237    -0.399673    -0.115803
-0.01813    -0.39847    0.109787
0.015448    -0.399877    -0.11906
0.003103    -0.399015    0.106926
0.039621    -0.400011    -0.112247
0.013733    -0.399673    0.100927
0.041489    -0.400395    -0.107697
-0.004713    -0.39991    0.098693
0.021659    -0.401046    -0.105766
-0.017105    -0.399793    0.097823
0.005275    -0.401022    -0.107148
-0.047434    -0.400134    0.082859
-0.050546    -0.401237    -0.087426
-0.08291    -0.400459    0.044583
-0.085195    -0.401271    -0.038618
0.089133    -0.401692    -0.03942
0.048043    -0.401928    0.064306
0.004893    -0.401953    -0.095736
-0.066211    -0.40121    0.053368
-0.082585    -0.401807    -0.022733
0.0724    -0.402337    -0.053431
-0.013864    -0.40177    0.076212
-0.060949    -0.402598    -0.048989
0.055114    -0.402855    -0.061659
-0.055891    -0.40218    0.046183
0.058966    -0.403172    0.028569
-0.005144    -0.403164    -0.076181
0.065805    -0.403368    -0.02216
-0.058019    -0.402585    0.03443
-0.001643    -0.403052    0.058491
0.042824    -0.403647    0.030264
-0.058141    -0.403335    -0.013419
0.054822    -0.403705    -0.028884
0.018093    -0.403705    0.023247
0.034779    -0.403705    -0.053405
0.002927    -0.403705    -0.056247
-0.01867    -0.403705    -0.043543
-0.011631    -0.403357    0.050157
0.007017    -0.403705    -0.015237
-0.007467    -0.403705    -0.001463
-0.029237    -0.403705    0.013898
-0.024375    -0.403521    0.040906
-0.181128    0.060645    -0.020199
-0.177501    0.078286    -0.04803
-0.181128    0.075718    -0.029136
-0.104592    0.09772    -0.161513
-0.126493    0.060889    -0.141642
-0.135145    0.124638    -0.132996
-0.154805    0.065548    -0.105416
-0.158316    0.130264    -0.099331
-0.009398    0.285633    0.061822
0.071959    0.285633    0.027771
-0.07319    0.285633    0.032573
-0.01249    0.285633    -0.090196
-0.044616    0.285633    -0.066135
0.080317    0.285633    0.033136
-0.046927    0.343047    0.146204
-0.032571    0.435576    0.048396
-0.002091    0.431877    0.009414
0.010107    0.431877    -0.001505
-0.000822    0.446674    0.007103
0.028399    0.44397    -0.013282
0.001353    0.440946    -0.001921
-0.046663    0.285633    0.052325
0.071805    0.285633    0.011314
-0.055683    0.285633    -0.049188
0.082045    0.285633    -0.048179
-0.05415    0.285633    -0.048724
0.070854    0.288537    0.050998
0.056439    0.291682    0.040113
0.01959    0.291682    0.074941
-0.048876    0.291682    0.038526
0.07891    0.291682    -0.00954
0.086139    0.291682    -0.007963
0.033573    0.291682    0.053271
-0.04706    0.291682    0.05278
-0.085217    0.289647    -0.003635
-0.071436    0.291682    -0.03036
0.016136    0.291682    -0.092403
0.075018    0.291682    -0.002269
-0.059392    0.291682    -0.040243
0.052094    0.291682    -0.069619
-0.0352    0.291682    -0.080209
-0.038418    0.292899    0.102612
-0.036586    0.299415    0.116985
-0.062967    0.321914    0.00415
-0.06299    0.321914    0.020218
0.036205    0.332228    0.061788
-0.011857    0.339794    0.066218
-0.035507    0.32497    0.056735
-0.046056    0.321914    -0.068844
0.037263    0.321949    -0.081236
0.021062    0.350913    0.066274
-0.019198    0.350289    0.064249
-0.034683    0.337499    0.057211
-0.071534    0.339611    0.006489
0.059176    0.351212    -0.065792
7.1e-05    0.348081    -0.087967
0.042283    0.386957    0.058275
0.080913    0.381126    -0.026731
-0.031221    0.351621    -0.079281
-0.073218    0.341452    -0.004392
0.037377    0.387423    0.061111
0.058048    0.40183    0.046862
0.082394    0.340221    0.001176
0.082647    0.383158    -0.007073
-0.016309    0.391601    0.065024
0.004037    0.381837    0.067905
-0.03007    0.367304    0.059878
-0.06302    0.381256    0.028518
-0.025845    0.400906    -0.082386
-0.071736    0.365836    0.005732
-0.073218    0.342412    -0.006397
0.055431    0.390603    -0.069547
0.035703    0.365978    -0.082135
0.075778    0.352486    -0.042828
0.001815    0.36409    -0.087967
-0.012999    0.398977    -0.085965
0.027176    0.371092    0.064635
0.05342    0.362081    0.051476
0.080019    0.357179    0.010007
-0.015368    0.389039    0.065276
0.004994    0.366414    0.067905
-0.041594    0.39081    0.053215
-0.062273    0.400436    0.029809
-0.036322    0.395876    -0.076333
-0.066406    0.331616    -0.042741
-0.060623    0.355438    -0.052735
0.058105    0.381452    -0.066866
0.043587    0.363245    -0.077577
0.070246    0.406466    -0.052387
0.010989    0.393268    -0.087967
-0.019099    0.422377    -0.084333
0.071781    0.415555    0.029686
0.081468    0.408446    0.004619
-0.053057    0.334034    0.13819
-0.071892    0.383062    -0.02523
-0.058263    0.417404    -0.056813
0.070405    0.401105    0.032062
0.076829    0.367266    0.020964
-0.064987    0.42605    -0.01824
-0.072941    0.380384    -0.02133
-0.017845    0.42557    -0.079294
-0.049123    0.333071    0.146862
-0.018902    0.426643    -0.071838
-0.024578    0.425929    -0.074519
0.064696    0.427441    -0.018683
0.052692    0.4273    -0.048576
-0.04899    0.378412    0.151188
0.057036    0.428445    -0.002799
0.019908    0.42791    -0.064586
-0.061114    0.38753    0.143892
-0.038494    0.429067    0.009017
0.050234    0.42904    -0.022408
0.009617    0.429022    -0.057366
-0.037464    0.429546    -0.016188
-0.030673    0.429844    -0.027461
-0.028681    0.430071    -0.025793
-0.023325    0.430725    -0.003569
0.006106    0.430615    -0.040257
-0.059967    0.390998    0.134508
-0.056637    0.393186    0.134166
-0.048033    0.404055    0.127791
-0.048951    0.426012    0.109321
-0.044151    0.43445    0.094595
-0.022358    0.435259    0.08689
-0.021677    0.440816    0.06167
-0.030614    0.434825    0.044381
-0.008196    0.433276    0.031238
0.003047    0.431877    -0.021246
0.017753    0.431877    0.01034
-0.023476    0.44397    -0.002201
0.009198    0.439078    -0.039868
-0.003373    0.440946    -0.01235
