0.091798    -0.074006    -0.034686
0.099534    -0.043852    -0.034686
0.098067    -0.102929    -0.034686
0.015226    -0.108064    -0.034686
0.02326    -0.103253    -0.034686
-0.052503    -0.099602    -0.034686
-0.07157    -0.092561    -0.034686
-0.088515    -0.095734    -0.034686
-0.130162    -0.091408    -0.034686
-0.10376    -0.087474    -0.034686
0.262293    -0.463343    0.0238
0.263156    -0.241676    0.030354
0.263391    -0.583242    0.032142
0.263237    -0.494254    0.038883
0.26235    -0.282457    0.045623
0.261508    -0.228871    0.052017
0.257834    -0.647628    0.034367
0.260928    -0.368718    0.01627
0.259064    -0.631041    0.01177
0.260619    -0.368945    0.015524
0.261554    -0.416517    0.018184
0.262104    -0.44165    0.022365
0.261837    -0.026982    0.020335
0.262854    0.083966    0.041798
0.263583    -0.271703    0.036254
0.263608    0.072875    0.036065
0.261282    0.091277    0.05273
0.259528    -0.173934    0.056964
0.259525    -0.030842    0.056971
0.26024    -0.612599    0.055246
0.258391    -0.572936    0.059709
0.255529    -0.271822    0.066618
0.258315    -0.108436    0.009963
0.25601    -0.363739    0.004397
0.258846    -0.102342    0.011244
0.24753    -0.119783    0.07787
0.252876    -0.23927    0.070903
0.251698    -0.15371    0.072438
0.246572    -0.647628    0.029187
0.253176    -0.357647    -0.000658
0.254738    0.020863    0.001379
0.250908    -0.317406    -0.003613
0.245202    -0.2656    0.080904
0.247966    -0.244723    0.077302
0.25059    -0.50384    0.073882
0.240576    -0.647628    0.042853
0.247536    0.090848    -0.008007
0.246228    -0.492012    -0.009712
0.253154    0.089651    -0.000685
0.238313    -0.515013    0.086759
0.235749    -0.543629    0.088726
0.240539    -0.237403    0.085051
0.236332    -0.497854    -0.018423
0.230796    -0.251719    -0.022671
0.243474    -0.63905    -0.012944
0.235017    -0.103904    -0.019432
0.235038    0.004243    -0.019416
0.234681    -0.054467    -0.01969
0.243409    -0.571607    -0.012993
0.236458    -0.131921    0.088183
0.23069    -0.091997    0.092609
0.242179    0.064516    0.083792
0.224881    -0.102256    -0.025306
0.224826    -0.262398    -0.025329
0.220849    -0.064581    -0.026977
0.223241    -0.604189    0.095841
0.215017    -0.643756    0.099248
0.229702    -0.326871    0.093166
0.224615    -0.448422    0.095273
0.222329    -0.63803    -0.026364
0.217388    -0.106103    -0.02841
0.215218    -0.463451    -0.029309
0.215002    -0.460743    -0.029399
0.223541    -0.013347    0.095717
0.219561    0.060017    0.097366
0.217968    -0.332295    0.098025
0.208806    -0.647628    0.063537
0.19779    0.071121    -0.031914
0.209338    -0.350117    -0.030394
0.210203    0.094514    -0.03028
0.211176    -0.285687    0.100007
0.204077    -0.584436    0.100942
0.210267    -0.077274    0.100127
0.198222    -0.647628    0.02242
0.201466    -0.262272    -0.031431
0.201986    -0.198353    -0.031362
0.198055    -0.096998    -0.03188
0.204439    0.096522    -0.009221
0.199467    -0.380203    0.10155
0.208004    -0.038735    0.100425
0.198144    -0.547287    0.101724
0.058362    -0.647628    0.026009
-0.090006    -0.647628    0.090036
0.192109    -0.647628    0.006478
0.108361    -0.647628    0.036328
0.120762    -0.647628    0.054488
0.161934    -0.647628    0.087731
0.054857    -0.647628    0.099965
0.065754    -0.647628    0.09705
0.18522    -0.647628    0.100733
0.172181    -0.647628    0.019646
0.01485    -0.647628    0.048059
-0.00625    -0.647628    0.039672
-0.01815    -0.221602    -0.032047
0.047586    -0.098429    -0.032047
0.086687    0.041937    -0.032047
0.083872    0.061135    -0.032047
-0.183301    0.086978    -0.032047
0.115137    -0.31136    -0.032047
0.084558    -0.374202    -0.032047
0.143809    -0.246151    -0.032047
0.181379    0.06952    -0.032047
0.098923    -0.018605    -0.032047
0.116292    -0.370618    -0.032047
0.156485    -0.514452    -0.032047
0.151358    -0.532424    -0.032047
0.014795    -0.272155    -0.032047
0.155267    -0.495514    -0.032047
0.154958    -0.559086    -0.032047
0.145597    -0.1592    -0.032047
0.17589    -0.478819    -0.032047
-0.108337    -0.021254    -0.032047
0.030986    -0.120027    -0.032047
0.033775    -0.109349    -0.032047
-0.085451    -0.00567    -0.032047
0.131241    -0.134581    -0.032047
0.064022    0.070995    -0.032047
0.193717    -0.434603    -0.032047
0.053386    -0.361988    -0.032047
0.000828    0.057684    -0.032047
0.169697    -0.391344    -0.032047
0.039683    -0.33784    -0.032047
0.070847    -0.16643    -0.032047
0.177003    0.08614    -0.032047
0.114012    -0.005513    -0.032047
0.162043    0.02214    -0.032047
0.168295    -0.289764    -0.032047
0.049932    -0.241928    -0.032047
0.079199    -0.19037    -0.032047
0.098356    -0.078253    -0.032047
-0.00867    0.039231    -0.032047
-0.010699    0.051272    -0.032047
0.010101    -0.042294    -0.032047
-0.172928    0.083938    -0.032047
0.010107    -0.199232    -0.032047
0.120927    -0.477384    -0.032047
-0.124162    -0.012939    -0.032047
0.005521    -0.18319    -0.032047
0.102819    -0.348169    -0.032047
0.056897    -0.00733    -0.032047
0.074586    -0.252484    -0.032047
0.168675    -0.574003    -0.032047
-0.094471    -0.029544    -0.032047
0.024243    -0.191428    -0.032047
-0.096612    -0.051915    -0.032047
0.136119    0.056294    -0.032047
0.07819    -0.19108    -0.032047
-0.070592    0.051216    -0.032047
0.111147    -0.394696    -0.032047
0.177607    0.086049    -0.032047
0.153584    -0.092588    -0.032047
-0.044411    -0.169026    -0.032047
-0.079046    -0.002632    -0.032047
0.179699    -0.539849    -0.032047
-0.021327    0.024115    -0.032047
0.186825    0.064611    -0.032047
0.099664    -0.118644    -0.032047
0.165466    -0.108749    -0.032047
0.170882    -0.211655    -0.032047
0.188853    -0.01693    -0.032047
0.06121    -0.326448    -0.032047
0.164221    -0.427619    -0.032047
0.148209    -0.186238    -0.032047
0.148847    0.096522    -0.015429
0.106899    0.096522    -0.005872
0.048526    0.096522    -0.0188
0.083268    0.096522    -0.010857
0.059753    0.096522    -0.018104
0.087007    -0.472218    0.101903
0.037104    -0.459709    0.101903
0.139483    -0.246722    0.101903
0.184001    -0.011509    0.101903
0.01104    -0.357492    0.101903
0.188606    -0.598894    0.101903
0.147925    -0.364177    0.101903
-0.025552    -0.424282    0.101903
0.091834    -0.540421    0.101903
-0.044178    -0.62401    0.101903
0.149154    -0.499592    0.101903
0.092701    -0.112055    0.101903
0.086788    -0.404216    0.101903
0.047094    -0.387581    0.101903
0.169716    -0.547914    0.101903
-0.048023    -0.405122    0.101903
-0.054918    -0.497564    0.101903
0.100842    -0.577106    0.101903
0.123499    -0.560346    0.101903
-0.064695    -0.432355    0.101903
0.028483    -0.293286    0.101903
0.193291    -0.26402    0.101903
0.061983    -0.571444    0.101903
0.095039    -0.350112    0.101903
0.173922    -0.594085    0.101903
0.065853    -0.391271    0.101903
-0.035039    -0.443618    0.101903
0.185329    -0.264244    0.101903
0.137871    -0.595695    0.101903
0.153228    -0.545954    0.101903
0.062112    -0.43248    0.101903
-0.049284    -0.440888    0.101903
0.065942    -0.526879    0.101903
-0.123035    -0.518174    0.101903
0.178452    0.047087    0.101903
-0.002702    -0.577684    0.101903
-0.023743    -0.380119    0.101903
0.157393    -0.363957    0.101903
-0.090235    -0.504888    0.101903
-0.072737    -0.423349    0.101903
0.149652    -0.028978    0.101903
0.051569    -0.510229    0.101903
0.050701    -0.645924    0.101903
0.002576    -0.435597    0.101903
-0.026851    -0.646189    0.101903
0.051555    -0.367636    0.101903
0.142832    -0.465747    0.101903
0.188132    -0.151641    0.101903
0.08077    -0.151251    0.101903
0.130637    -0.090377    0.101903
0.101156    -0.645376    0.101903
0.048334    -0.509926    0.101903
0.120427    -0.591048    0.101903
0.155355    -0.358885    0.101903
-0.044219    -0.56576    0.101903
0.154425    -0.097067    0.101903
0.070849    -0.314287    0.101903
0.021606    -0.607512    0.101903
0.076312    -0.323656    0.101903
-0.022875    -0.369294    0.101903
-0.05792    -0.405487    0.101903
0.152804    -0.585273    0.101903
0.073431    -0.456834    0.101903
0.086619    -0.550359    0.101903
0.150361    -0.486627    0.101903
-0.019927    -0.449474    0.101903
0.161265    -0.009076    0.101903
-0.004853    -0.579969    0.101903
0.062138    -0.412167    0.101903
-0.079298    -0.647628    0.011198
0.065721    -0.647628    -0.003486
-0.047874    -0.647628    0.011491
-0.145734    -0.647628    -0.008372
-0.184145    -0.647628    0.018641
-0.107433    -0.647628    0.054862
-0.171042    -0.647628    0.047155
-0.14006    -0.647628    -0.016415
0.036332    -0.647628    -0.016642
-0.119973    -0.647628    -0.02301
-0.013084    -0.647628    -0.031693
0.023249    -0.647628    -0.003597
-0.110233    -0.647628    0.002383
-0.035207    -0.425941    -0.032047
0.191496    -0.646365    -0.032047
-0.095947    -0.508653    -0.032047
-0.040088    -0.53015    -0.032047
0.066933    -0.562645    -0.032047
0.092693    -0.531062    -0.032047
0.095359    -0.585525    -0.032047
-0.10718    -0.453321    -0.032047
0.044525    -0.533376    -0.032047
-0.161691    -0.15261    -0.032047
0.102215    -0.558671    -0.032047
-0.028586    -0.356859    -0.032047
0.069439    -0.579654    -0.032047
-0.156357    -0.381852    -0.032047
0.020374    -0.624072    -0.032047
-0.035333    -0.322466    -0.032047
-0.182443    -0.472496    -0.032047
-0.086502    -0.532874    -0.032047
0.08195    -0.543168    -0.032047
-0.053941    -0.515668    -0.032047
-0.172947    -0.590809    -0.032047
-0.082594    -0.63589    -0.032047
0.045093    -0.515814    -0.032047
-0.094025    -0.469118    -0.032047
-0.160785    -0.640048    -0.032047
-0.163324    -0.129783    -0.032047
-0.19688    -0.495011    -0.032047
-0.167911    -0.157807    -0.032047
0.035997    -0.564254    -0.032047
0.059865    -0.415096    -0.032047
-0.109896    -0.492772    -0.032047
-0.191934    0.072441    -0.032047
-0.016762    -0.564105    -0.032047
0.012039    -0.616028    -0.032047
0.094366    -0.59947    -0.032047
-0.128691    -0.504182    -0.032047
-0.175109    -0.570694    -0.032047
-0.129568    -0.345727    -0.032047
0.032265    -0.574903    -0.032047
-0.144729    -0.368373    -0.032047
-0.118556    -0.280683    -0.032047
-0.004648    -0.365865    -0.032047
0.001102    -0.609385    -0.032047
-0.003553    -0.644932    -0.032047
-0.181533    -0.038119    -0.032047
-0.127544    -0.603587    -0.032047
0.035638    -0.59226    -0.032047
-0.067916    -0.434617    -0.032047
-0.126794    -0.421906    -0.032047
-0.189279    -0.50456    -0.032047
0.098498    -0.585414    -0.032047
0.105183    -0.488193    -0.032047
-0.07792    -0.620208    -0.032047
-0.10952    -0.382785    -0.032047
-0.125987    -0.540626    -0.032047
-0.15264    -0.616257    -0.032047
-0.117731    -0.537856    -0.032047
-0.189954    -0.184322    -0.032047
-0.004601    -0.590082    -0.032047
0.000689    -0.414213    -0.032047
-0.179615    -0.529636    -0.032047
-0.003907    -0.477829    -0.032047
-0.182828    -0.243217    -0.032047
0.087499    -0.518192    -0.032047
0.144736    -0.638564    -0.032047
-0.053447    -0.632866    -0.032047
0.105713    -0.488974    -0.032047
-0.136641    -0.295506    -0.032047
-0.115313    -0.408977    -0.032047
-0.117827    -0.574773    -0.032047
0.078064    0.060585    0.101903
-0.010411    0.025583    0.101903
-0.019346    -0.216658    0.101903
-0.187067    -0.118843    0.101903
-0.002074    -0.062183    0.101903
0.108016    0.030253    0.101903
-0.132624    -0.043662    0.101903
-0.029437    -0.008728    0.101903
-0.193759    0.026163    0.101903
0.032368    0.0112    0.101903
0.059628    -0.059489    0.101903
-0.084545    0.029123    0.101903
-0.187479    -0.099744    0.101903
-0.124142    -0.281269    0.101903
-0.194411    -0.123778    0.101903
-0.107923    -0.128804    0.101903
-0.187267    -0.256661    0.101903
-0.190564    -0.582488    0.101903
-0.184146    -0.320127    0.101903
-0.056855    -0.30644    0.101903
-0.019425    0.066787    0.101903
-0.105917    -0.100884    0.101903
0.013144    -0.172779    0.101903
-0.073623    0.030518    0.101903
-0.147776    -0.171123    0.101903
-0.104412    0.018668    0.101903
-0.024666    0.023833    0.101903
-0.194865    -0.395365    0.101903
-0.14408    -0.462381    0.101903
-0.114609    -0.098875    0.101903
-0.135428    -0.235609    0.101903
0.069563    -0.032121    0.101903
-0.11282    -0.074337    0.101903
-0.136754    -0.470176    0.101903
-0.165932    -0.110783    0.101903
0.009831    -0.248399    0.101903
-0.154297    -0.130234    0.101903
-0.098038    -0.452326    0.101903
-0.176768    -0.097766    0.101903
-0.027598    -0.321876    0.101903
-0.163746    0.03057    0.101903
-0.108857    -0.320205    0.101903
-0.103649    0.062083    0.101903
-0.118514    -0.035389    0.101903
-0.141892    -0.024644    0.101903
-0.096095    -0.181805    0.101903
0.120826    0.023588    0.101903
-0.058896    -0.135589    0.101903
-0.098255    0.049334    0.101903
-0.096679    -0.261817    0.101903
-0.152101    -0.189196    0.101903
-0.020525    -0.00282    0.101903
0.038707    -0.171934    0.101903
0.160721    0.059199    0.101903
-0.173253    -0.219061    0.101903
0.098904    0.086285    0.101903
0.079613    0.0788    0.101903
-0.127777    -0.43908    0.101903
-0.188732    -0.464487    0.101903
-0.153229    -0.359306    0.101903
0.132005    0.0913    0.101903
-0.076228    -0.313083    0.101903
-0.083182    0.010599    0.101903
-0.095693    -0.192415    0.101903
-0.192419    -0.195545    0.101903
-0.142558    0.007137    0.101903
-0.0957    -0.085836    0.101903
-0.040559    -0.161767    0.101903
-0.108217    -0.476111    0.101903
-0.200873    -0.647628    0.077545
-0.205799    -0.313385    -0.031161
-0.208825    0.087658    -0.030763
-0.200647    -0.465189    -0.031839
-0.204512    -0.606829    0.101186
-0.199328    -0.606336    0.101869
-0.200629    -0.622222    0.101698
-0.209035    -0.647628    -0.026334
-0.210373    -0.271116    -0.030559
-0.214038    -0.295712    -0.030077
-0.214672    -0.400484    -0.029993
-0.205028    0.096522    -0.010144
-0.029687    0.096522    0.101163
-0.211889    -0.217717    0.100215
-0.212697    0.015468    0.100108
-0.212208    -0.051998    0.100173
-0.22445    -0.142638    -0.026432
-0.216967    -0.553299    -0.029532
-0.217317    -0.236876    -0.029387
-0.105512    0.096522    0.028527
-0.1197    0.096522    0.01687
-0.161696    0.096522    0.051066
-0.150004    0.096522    0.048844
-0.212216    0.096522    0.00537
0.131862    0.096522    0.061519
-0.217514    -0.174746    0.09916
-0.219878    -0.504524    0.098181
-0.224312    -0.396317    0.096345
-0.223716    -0.647628    -0.010859
-0.221363    -0.610535    -0.027711
-0.223152    -0.420444    -0.02697
-0.231175    -0.242162    -0.023647
-0.081011    0.096522    0.048666
-0.14212    0.096522    -0.003554
0.070548    0.096522    0.047725
-0.117792    0.096522    0.092029
-0.226094    -0.167811    0.095607
-0.228466    0.039702    0.094624
-0.232057    -0.1083    0.093137
-0.234827    -0.387887    -0.021332
-0.242375    0.030995    -0.01554
-0.234579    -0.187001    -0.021523
-0.231707    0.096522    0.047534
-0.123757    0.096522    -0.013084
0.082156    0.096522    0.079098
-0.236371    -0.536449    0.090004
-0.242851    -0.61375    0.085031
-0.234142    -0.518411    0.091714
-0.237561    -0.647628    -0.01336
-0.2385    -0.49131    -0.018514
-0.241399    -0.258992    -0.01629
-0.236606    -0.440736    -0.019967
-0.239917    -0.232    0.087282
-0.243542    -0.11077    0.084501
-0.245112    0.026256    0.083296
-0.255285    -0.647628    0.068637
-0.250429    -0.285073    -0.007217
-0.250835    -0.269802    -0.006688
-0.250949    -0.263875    -0.006539
-0.249016    0.052808    0.078913
-0.253013    -0.141179    0.073704
-0.248661    -0.280288    0.079376
-0.251954    -0.610205    0.075085
-0.250885    -0.393615    0.076478
-0.25687    -0.206287    0.068678
-0.247965    0.090838    -0.010429
-0.256926    -0.590945    0.00125
-0.253257    0.042469    -0.003531
-0.246974    0.096522    0.02463
-0.258784    -0.359304    0.064281
-0.257617    -0.535643    0.0671
-0.25743    -0.406037    0.06755
-0.257936    -0.562429    0.003526
-0.259081    -0.617052    0.006291
-0.259796    -0.28374    0.008018
-0.263588    -0.431645    0.052683
-0.262152    -0.460634    0.056149
-0.263542    -0.438909    0.052793
-0.261837    -0.052208    0.012945
-0.263111    -0.247851    0.016021
-0.262898    -0.463234    0.015506
-0.265118    -0.17834    0.04197
-0.26487    0.007717    0.043852
-0.265241    0.025975    0.041033
-0.265472    -0.638866    0.030579
-0.264692    -0.630473    0.024657
-0.264851    -0.54468    0.025864
-0.264437    -0.294752    0.02272
-0.266006    0.074152    0.035223
-0.265558    -0.484259    0.038623
-0.266028    -0.647461    0.03506
-0.265681    -0.114025    0.032165
-0.265826    -0.494684    0.033262
-0.264679    0.031749    0.024557
0.263353    -0.196088    0.031851
0.263411    -0.5242    0.032289
0.262819    -0.402844    0.027793
0.261484    -0.609338    0.0522
0.261769    -0.599312    0.050037
0.262278    -0.631243    0.046167
0.260575    -0.295487    0.015417
0.260856    -0.124088    0.016096
0.261183    -0.093091    0.016886
0.262455    -0.321034    0.025028
0.262857    -0.194185    0.028083
0.262712    -0.204665    0.026983
0.263594    -0.176833    0.036172
0.262983    -0.036821    0.040816
0.263607    -0.286573    0.036074
0.260327    0.081577    0.055036
0.259537    -0.181879    0.056943
0.258491    0.028196    0.059468
0.25733    -0.372868    0.06227
0.256103    -0.191189    0.065232
0.257512    -0.380875    0.061832
0.254202    -0.647628    0.026885
0.257085    -0.248367    0.006993
0.259608    -0.060066    0.013085
0.257649    -0.016445    0.008354
0.247445    0.065372    0.077981
0.251811    -0.005442    0.072291
0.25046    -0.111184    0.074051
0.254366    -0.104052    0.000893
0.247518    -0.562313    -0.008031
0.25226    -0.304209    -0.001851
0.250556    -0.377104    0.073927
0.248256    -0.564827    0.076924
0.245063    -0.328515    0.081086
0.244237    0.096522    0.028534
0.249025    -0.109047    -0.006067
0.249666    0.038665    -0.005232
0.24763    -0.206818    -0.007885
0.232567    -0.548883    0.091168
0.237995    -0.264233    0.087003
0.236832    -0.398248    0.087895
0.242272    -0.647628    0.069803
0.237169    -0.340101    -0.017782
0.234145    -0.164362    -0.020102
0.23794    -0.523456    -0.01719
0.242455    -0.453772    -0.013725
0.241626    -0.479682    -0.014362
0.243658    -0.543773    -0.012803
0.23429    -0.177973    0.089846
0.235085    -0.173043    0.089236
0.232971    -0.368052    0.090858
0.224043    -0.647628    0.060196
0.229262    -0.509479    -0.023492
0.226469    -0.452805    -0.024649
0.228822    -0.415016    -0.023674
0.226492    -0.193382    0.094495
0.223504    -0.638466    0.095732
0.224902    -0.429402    0.095154
0.218461    -0.647628    -0.017237
0.218159    -0.36563    -0.028091
0.224545    -0.446994    -0.025446
0.215059    -0.519962    -0.029375
0.223874    0.064686    0.09558
0.220127    -0.225729    0.097131
0.224532    -0.003516    0.095307
0.227868    0.096522    0.086468
0.210868    -0.248614    -0.030193
0.211421    -0.47007    -0.03012
0.203508    -0.028365    -0.031162
0.209605    -0.58674    0.100214
0.207243    -0.241821    0.100525
0.208061    -0.186643    0.100418
0.204397    0.096522    0.056523
0.206982    -0.543484    -0.030704
0.197878    -0.222425    -0.031903
0.204789    -0.38284    -0.030993
0.197847    0.096522    -0.019515
0.209233    0.033154    0.100263
0.200464    -0.435088    0.101418
0.199913    -0.025731    0.101491
0.15093    -0.647628    0.00221
0.113416    -0.647628    0.046888
0.041464    -0.647628    0.055368
0.041369    -0.647628    0.021799
0.156643    -0.647628    0.101023
0.15219    -0.647628    0.040227
0.192363    -0.647628    0.065354
0.114782    -0.647628    0.067231
-0.127526    -0.647628    0.098222
-0.047482    -0.647628    0.064955
0.095076    -0.647628    0.082102
-0.023411    -0.647628    0.07179
0.094702    -0.647628    0.033845
0.064905    -0.367751    -0.032047
-0.11153    0.051181    -0.032047
0.085106    -0.381944    -0.032047
0.195493    -0.06684    -0.032047
0.193506    -0.486754    -0.032047
-0.117002    0.007072    -0.032047
0.084839    -0.015316    -0.032047
-0.036585    -0.130274    -0.032047
0.10959    -0.05423    -0.032047
-0.025311    -0.215404    -0.032047
-0.093491    -0.02398    -0.032047
-0.082774    0.072553    -0.032047
0.107351    -0.216791    -0.032047
-0.11716    0.010197    -0.032047
0.105013    0.053731    -0.032047
0.194004    -0.432103    -0.032047
0.169873    -0.348619    -0.032047
0.005631    -0.075181    -0.032047
0.136129    -0.118219    -0.032047
-0.051319    -0.093073    -0.032047
-0.105705    -0.070161    -0.032047
0.068988    -0.083871    -0.032047
0.017361    -0.266759    -0.032047
-0.12091    0.001829    -0.032047
0.124214    0.031238    -0.032047
0.112085    -0.000589    -0.032047
0.101632    0.043067    -0.032047
0.011    0.096015    -0.032047
0.117333    -0.086694    -0.032047
0.149394    -0.522322    -0.032047
0.001864    -0.017637    -0.032047
0.18465    -0.032764    -0.032047
0.083175    0.094353    -0.032047
0.09698    -0.12594    -0.032047
-0.018527    -0.185195    -0.032047
0.088209    -0.068293    -0.032047
-0.033783    -0.123136    -0.032047
0.021971    0.009257    -0.032047
-0.053521    0.049353    -0.032047
-0.053029    -0.123329    -0.032047
0.065114    0.003037    -0.032047
0.098677    -0.14747    -0.032047
-0.078927    -0.015721    -0.032047
0.143723    -0.303627    -0.032047
0.168211    -0.067233    -0.032047
-0.073336    -0.039912    -0.032047
0.053299    -0.157878    -0.032047
0.150803    -0.013417    -0.032047
0.015578    0.09008    -0.032047
0.124643    0.083409    -0.032047
0.033713    -0.249518    -0.032047
0.123511    -0.384805    -0.032047
0.142558    0.072226    -0.032047
0.128567    -0.425061    -0.032047
0.056185    0.07196    -0.032047
-0.109646    -0.055781    -0.032047
0.103826    -0.294985    -0.032047
0.004584    -0.2244    -0.032047
0.144322    0.087008    -0.032047
-0.093821    0.003311    -0.032047
0.119763    -0.029903    -0.032047
0.07609    -0.262904    -0.032047
0.077042    -0.347213    -0.032047
0.067453    -0.393744    -0.032047
0.108432    -0.01973    -0.032047
0.030423    -0.284427    -0.032047
0.007347    0.054168    -0.032047
0.105487    -0.062088    -0.032047
0.091332    -0.111751    -0.032047
0.194288    0.096522    0.058656
0.159199    0.096522    0.023712
0.079705    0.096522    0.007377
0.125735    0.096522    0.013119
0.106172    0.096522    0.024757
-0.012453    -0.440094    0.101903
0.051935    -0.507595    0.101903
0.082577    -0.563791    0.101903
0.014887    -0.415889    0.101903
0.067083    -0.504346    0.101903
-0.051135    -0.380817    0.101903
0.007153    -0.459349    0.101903
-0.019117    -0.333544    0.101903
0.127426    -0.571657    0.101903
0.160918    -0.044453    0.101903
0.123272    -0.162994    0.101903
0.080113    -0.253734    0.101903
-0.066186    -0.645558    0.101903
-0.080446    -0.639042    0.101903
0.105828    -0.123152    0.101903
-0.024691    -0.369568    0.101903
-0.152778    -0.569    0.101903
0.112772    -0.192031    0.101903
0.001494    -0.464194    0.101903
0.073179    -0.292605    0.101903
-0.114401    -0.503872    0.101903
-0.071961    -0.554019    0.101903
-0.153615    -0.613362    0.101903
-0.004179    -0.369305    0.101903
-0.137063    -0.566977    0.101903
0.160506    -0.136917    0.101903
0.141674    -0.139128    0.101903
0.040981    -0.396271    0.101903
-0.133193    -0.584145    0.101903
-0.058628    -0.440475    0.101903
0.158465    -0.36108    0.101903
0.076174    -0.479717    0.101903
-0.116863    -0.5764    0.101903
0.076973    -0.318359    0.101903
0.059387    -0.437442    0.101903
0.177572    -0.096618    0.101903
0.080806    -0.306705    0.101903
-0.08941    -0.561454    0.101903
0.112757    -0.449316    0.101903
0.042164    -0.592673    0.101903
0.183367    -0.565498    0.101903
0.144119    -0.379101    0.101903
0.15398    -0.014899    0.101903
0.034761    -0.291915    0.101903
0.171997    -0.191496    0.101903
0.136908    -0.58373    0.101903
-0.012437    -0.385317    0.101903
-0.028897    -0.409579    0.101903
0.05313    -0.182739    0.101903
-0.005885    -0.564106    0.101903
0.060756    -0.424697    0.101903
0.081248    -0.139188    0.101903
0.098342    -0.609358    0.101903
0.075917    -0.444941    0.101903
0.109947    -0.482871    0.101903
0.147572    -0.380902    0.101903
0.036072    -0.466848    0.101903
0.098304    -0.144227    0.101903
0.175412    -0.291935    0.101903
-0.099523    -0.634466    0.101903
0.053681    -0.537694    0.101903
0.115524    -0.399271    0.101903
0.190684    -0.039806    0.101903
0.028314    -0.525372    0.101903
-0.028654    -0.33396    0.101903
-0.046308    -0.597323    0.101903
0.051294    -0.56627    0.101903
-0.091332    -0.595994    0.101903
0.09936    -0.314543    0.101903
0.086804    -0.615587    0.101903
0.063092    -0.647628    -0.017965
-0.139308    -0.647628    0.040564
0.041506    -0.647628    -0.005417
-0.137035    -0.647628    -0.009296
-0.038417    -0.647628    0.012748
-0.136578    -0.647628    0.012545
-0.07628    -0.647628    -0.014857
-0.029181    -0.647628    0.018746
-0.174168    -0.647628    0.077438
-0.151012    -0.647628    0.06069
-0.162973    -0.647628    0.04015
-0.123844    -0.647628    -0.029364
-0.014289    -0.549863    -0.032047
-0.127236    -0.250138    -0.032047
0.084646    -0.468947    -0.032047
-0.117041    -0.491297    -0.032047
-0.007536    -0.614993    -0.032047
-0.167222    -0.395417    -0.032047
-0.045848    -0.336043    -0.032047
-0.179118    -0.272522    -0.032047
-0.014696    -0.336437    -0.032047
-0.007506    -0.618301    -0.032047
-0.137545    -0.389646    -0.032047
-0.17882    -0.042567    -0.032047
0.076198    -0.64205    -0.032047
-0.115456    -0.643449    -0.032047
-0.151828    -0.233226    -0.032047
-0.025481    -0.33479    -0.032047
-0.128907    -0.302738    -0.032047
-0.195628    -0.496047    -0.032047
0.035869    -0.484185    -0.032047
-0.042056    -0.297409    -0.032047
-0.039666    -0.534703    -0.032047
-0.152287    -0.277142    -0.032047
-0.017399    -0.505842    -0.032047
-0.156076    -0.32696    -0.032047
-0.183071    -0.465006    -0.032047
-0.037391    -0.548072    -0.032047
-0.010598    -0.569706    -0.032047
-0.138334    -0.022017    -0.032047
0.032288    -0.438433    -0.032047
-0.010887    -0.308584    -0.032047
-0.088242    -0.523316    -0.032047
-0.135388    -0.155189    -0.032047
-0.047071    -0.60554    -0.032047
-0.143559    -0.162918    -0.032047
0.013053    -0.572702    -0.032047
-0.184084    -0.577024    -0.032047
0.123766    -0.61725    -0.032047
0.008191    -0.30906    -0.032047
-0.161718    -0.548384    -0.032047
-0.100677    -0.09514    -0.032047
-0.186022    -0.244478    -0.032047
-0.133994    -0.168386    -0.032047
-0.085508    -0.293532    -0.032047
-0.093793    -0.475793    -0.032047
0.008727    -0.4993    -0.032047
-0.117967    -0.375863    -0.032047
0.154963    -0.595951    -0.032047
-0.196852    -0.593597    -0.032047
-0.149799    -0.613233    -0.032047
-0.123672    -0.224554    -0.032047
-0.023624    -0.600541    -0.032047
-0.116559    -0.521032    -0.032047
-0.115868    -0.284725    -0.032047
-0.059664    -0.311545    -0.032047
-0.069341    -0.458506    -0.032047
0.156204    -0.587946    -0.032047
0.099308    -0.616814    -0.032047
-0.073049    -0.315719    -0.032047
0.021539    -0.486491    -0.032047
-0.096785    -0.291163    -0.032047
-0.137281    -0.316097    -0.032047
0.099171    -0.634775    -0.032047
-0.124411    -0.134283    -0.032047
0.153876    -0.616676    -0.032047
-0.092186    -0.14693    -0.032047
0.054983    -0.433343    -0.032047
0.092168    -0.560751    -0.032047
-0.156896    -0.334345    -0.032047
-0.021518    -0.361704    -0.032047
-0.152511    -0.164342    -0.032047
-0.172108    -0.589569    0.101903
0.141413    0.087875    0.101903
-0.067126    -0.391851    0.101903
-0.045652    -0.086976    0.101903
0.074674    -0.03599    0.101903
-0.030876    -0.295841    0.101903
0.050076    -0.122562    0.101903
-0.002715    -0.217577    0.101903
-0.059779    -0.340996    0.101903
-0.02532    -0.119069    0.101903
-0.004793    -0.149243    0.101903
-0.133042    -0.207435    0.101903
-0.061925    0.025672    0.101903
-0.057398    -0.059711    0.101903
-0.175214    -0.424793    0.101903
0.023994    -0.210255    0.101903
-0.044622    0.051167    0.101903
-0.039542    -0.041563    0.101903
-0.124901    -0.00178    0.101903
0.053515    -0.056547    0.101903
-0.141539    -0.437392    0.101903
-0.16919    -0.232665    0.101903
-0.079327    -0.18162    0.101903
-0.049605    0.094347    0.101903
-0.190256    -0.144861    0.101903
-0.132279    -0.218711    0.101903
-0.019091    -0.236113    0.101903
-0.187252    0.062087    0.101903
-0.020323    0.028873    0.101903
-0.136283    -0.448215    0.101903
-0.169037    -0.353502    0.101903
-0.030379    -0.151999    0.101903
-0.069362    -0.336789    0.101903
-0.064094    -0.218293    0.101903
-0.153063    -0.006095    0.101903
-0.058082    0.05387    0.101903
-0.096299    0.096087    0.101903
-0.196491    -0.166934    0.101903
-0.081724    -0.210576    0.101903
-0.051396    -0.032511    0.101903
-0.128962    -0.501659    0.101903
-0.08528    -0.341066    0.101903
-0.196778    -0.279194    0.101903
-0.118393    -0.467655    0.101903
-0.129941    -0.04899    0.101903
-0.170139    -0.105614    0.101903
0.137194    0.031491    0.101903
-0.175014    -0.572411    0.101903
-0.059129    -0.153906    0.101903
0.002    -0.208799    0.101903
-0.033967    0.065662    0.101903
0.119972    0.060913    0.101903
-0.170684    -0.138366    0.101903
-0.06037    -0.175324    0.101903
-0.163634    -0.311243    0.101903
0.013226    -0.072821    0.101903
0.00935    -0.0573    0.101903
-0.072882    -0.306595    0.101903
0.056626    -0.164715    0.101903
-0.167859    0.025321    0.101903
0.010093    -0.0227    0.101903
-0.133792    -0.52352    0.101903
-0.061757    0.027561    0.101903
-0.00288    -0.247475    0.101903
0.033402    -0.004939    0.101903
-0.067973    -0.001747    0.101903
-0.12105    -0.489308    0.101903
-0.04961    0.028995    0.101903
-0.161651    -0.211155    0.101903
-0.128725    -0.274466    0.101903
-0.206798    -0.227607    -0.03103
-0.201616    -0.27328    -0.031712
-0.200072    0.074156    -0.031915
-0.040796    0.096522    -0.030346
-0.201806    -0.357802    0.101543
-0.210487    -0.400749    0.100399
-0.20559    -0.62749    0.101044
-0.207865    -0.647628    0.022842
-0.214792    -0.63739    -0.029977
-0.215749    -0.143547    -0.029851
-0.216125    -0.015784    -0.029802
-0.068714    0.096522    -0.02874
0.055233    0.104901    -0.00068
-0.214466    -0.343803    0.099875
-0.206149    -0.15452    0.100971
-0.215394    -0.111308    0.099753
-0.223887    -0.647628    0.085657
-0.217653    -0.325174    -0.029247
-0.218303    0.066055    -0.028978
-0.227791    -0.075607    -0.025048
-0.178634    0.096522    0.079807
-0.170627    0.096522    0.08183
-0.163127    0.096522    0.076524
-0.150565    0.096522    0.026695
-0.083648    0.096522    -0.017379
0.04935    0.107256    -0.008346
0.167342    0.096522    0.100307
-0.218896    -0.498642    0.098588
-0.228877    -0.53682    0.094454
-0.217072    -0.620817    0.099343
-0.22359    -0.647628    -0.019922
-0.2256    -0.434368    -0.025956
-0.226646    -0.587459    -0.025523
-0.22663    -0.295745    -0.025529
-0.08573    0.096522    0.046649
-0.137297    0.096522    -0.023113
0.048988    0.114158    -0.004878
0.093596    0.096522    0.058281
-0.021418    0.11051    0.098403
-0.230623    -0.017248    0.093731
-0.225967    -0.278092    0.095659
-0.230409    -0.025883    0.09382
-0.235317    -0.647628    0.082241
-0.239372    0.035507    -0.017845
-0.239893    -0.181797    -0.017445
-0.23801    -0.029614    -0.01889
-0.063397    0.096522    0.064077
-0.06618    0.101324    0.02021
0.018582    0.158826    -0.023753
0.050931    0.163946    0.001336
0.137365    0.096522    0.082094
0.041838    0.100292    0.085644
-0.187245    0.096522    0.099247
-0.233767    -0.409663    0.092002
-0.241848    -0.627588    0.085801
-0.235493    -0.605051    0.090677
-0.24067    -0.339427    -0.016849
-0.245106    -0.331208    -0.013446
-0.244704    -0.068605    -0.013754
-0.233407    0.096522    -0.01309
-0.016983    0.158144    -0.025282
-0.041103    0.124698    -0.01226
0.036749    0.161009    -0.013847
0.01486    0.117121    -0.025261
0.043702    0.129022    -0.008086
0.05805    0.1219    0.016437
0.038923    0.114158    0.082824
-0.243483    -0.414673    0.084546
-0.241161    -0.171389    0.086328
-0.243454    -0.174177    0.084568
-0.248056    -0.368292    -0.010309
-0.251653    -0.424196    -0.005622
-0.247764    -0.303607    -0.01069
-0.243161    0.096522    0.044691
-0.025652    0.157497    -0.021772
0.038271    0.189421    -0.00795
0.059428    0.131624    0.021828
0.019191    0.120903    0.093357
0.040603    0.13629    0.080746
-0.006145    0.13422    0.096565
-0.248263    -0.193211    0.079895
-0.247187    0.046558    0.081297
-0.252682    -0.190629    0.074136
-0.253189    -0.330047    0.073475
-0.255284    -0.605157    0.070745
-0.251512    -0.475893    0.07566
-0.25076    -0.647628    0.014807
-0.255377    -0.50289    -0.000769
-0.253798    0.005487    -0.002826
-0.25193    -0.178002    -0.005261
-0.049719    0.188798    -0.003223
0.05941    0.18819    0.048164
0.044197    0.149038    0.077297
0.034136    0.17779    0.085708
-0.00111    0.176885    0.097219
-0.013448    0.141136    0.095603
-0.255592    0.096522    0.020056
-0.259238    0.012472    0.063185
-0.259202    -0.272745    0.063271
-0.259749    0.072596    0.061952
-0.259894    -0.458767    0.008253
-0.258862    -0.295139    0.005763
-0.259299    -0.425182    0.006817
-0.062214    0.136613    0.025621
0.036318    0.189421    0.009491
0.058069    0.15926    0.053371
0.052964    0.180594    0.065693
-0.040545    0.152538    0.082544
-0.260658    0.096522    0.028663
-0.259087    -0.586122    0.06355
-0.261105    -0.538705    0.058678
-0.26373    -0.141836    0.052338
-0.257714    0.070509    0.002991
-0.260653    -0.034907    0.010087
-0.261182    -0.045251    0.011363
-0.062893    0.159739    0.039077
-0.059545    0.18418    0.014529
-0.034635    0.189421    0.007583
0.031848    0.189421    0.025388
0.000446    0.189421    -0.022068
-0.056089    0.145027    0.063668
-0.264177    -0.468672    0.049112
-0.26578    0.046436    0.036941
-0.263828    -0.597623    0.051761
-0.264466    -0.531109    0.022938
-0.264464    -0.237958    0.022925
-0.264254    -0.074463    0.02133
-0.061897    0.139045    0.046642
-0.032093    0.189421    0.016154
0.019729    0.188587    -0.0156
-0.021001    0.189421    0.080559
-0.265871    -0.304927    0.03625
-0.265841    -0.221928    0.036474
-0.264574    -0.565362    0.046097
-0.265097    0.041976    0.027729
-0.265669    -0.37775    0.032073
-0.265224    -0.155042    0.028695
-0.005647    0.189421    -0.018733
0.007325    0.189421    0.078834
0.007691    0.189421    0.048838
0.026183    0.188811    0.047901
0.01498    0.187257    0.058398
