-0.080264    -0.490771    -0.040516
-0.068636    -0.490771    0.039141
-0.078709    -0.490771    -0.063615
-0.077569    -0.490771    -0.031187
-0.089972    -0.464621    -0.077783
-0.047293    -0.488688    -0.088803
-0.092538    -0.490771    0.037392
-0.087641    -0.490771    0.029681
-0.097414    -0.490771    0.131048
-0.055913    -0.490771    0.02551
-0.064234    -0.490771    -0.03998
-0.056662    -0.490771    0.003689
-0.06543    -0.490771    0.020704
-0.106495    -0.490771    0.023408
-0.102313    -0.490771    0.00949
-0.083759    -0.42731    -0.109872
-0.068107    -0.472797    -0.087135
-0.100139    -0.471661    -0.064104
-0.1151    -0.431846    -0.083891
-0.049105    -0.490771    -0.048874
-0.044522    -0.490771    0.094499
-0.047695    -0.490771    0.047664
-0.033865    -0.490771    0.001376
-0.040327    -0.490771    0.061599
-0.134715    -0.440896    -0.051771
-0.115201    -0.490771    0.111294
-0.105524    -0.490771    0.085249
-0.047906    -0.46558    -0.09986
-0.049183    -0.465682    -0.099324
-0.024662    -0.490771    0.102526
-0.021799    -0.490771    0.118036
-0.03044    -0.490771    0.168314
-0.017743    -0.490771    0.045608
-0.026629    -0.490771    0.145056
-0.034731    -0.489496    0.172498
-0.126192    -0.490771    0.010252
-0.142071    -0.448404    -0.027908
-0.135413    -0.451865    -0.037308
-0.044092    -0.419499    -0.131058
-0.048784    -0.442204    -0.114651
-0.001429    -0.490771    -0.006591
-0.00179    -0.490771    0.097684
0.004931    -0.490771    -0.065676
-0.010205    -0.490771    0.040671
-0.006753    -0.490771    0.135304
-0.022    -0.487443    0.174697
-0.095309    -0.440017    0.171761
-0.053584    -0.424121    0.204744
-0.052412    -0.429985    0.201365
-0.01053    -0.480406    0.178295
-0.144954    -0.453249    -0.01466
-0.138183    -0.457301    -0.02345
-0.115619    -0.362463    -0.094676
-0.101438    -0.3752    -0.104678
-0.108779    -0.230382    -0.0995
-0.099678    -0.339924    -0.10592
-0.092153    -0.399422    -0.111228
-0.094889    -0.342234    -0.109298
-0.088696    -0.385556    -0.113666
-0.017905    -0.452872    -0.114792
-0.127531    -0.268649    -0.082562
-0.120535    -0.285904    -0.090958
-0.126585    -0.333391    -0.083696
-0.128808    -0.230707    -0.081029
-0.140448    -0.352166    -0.067058
-0.121391    -0.305068    -0.089931
0.041059    -0.490696    -0.092664
-0.000895    -0.490771    0.090592
0.026582    -0.490771    0.156893
0.018478    -0.490771    0.056768
0.015067    -0.490771    0.092484
0.018388    -0.490771    0.153845
-0.094931    -0.421551    0.186662
-0.106878    -0.445814    0.157543
-0.061084    -0.43456    0.1943
-0.073501    -0.442063    0.183546
-0.123029    -0.477327    0.107636
-0.035299    -0.436611    0.200984
-0.014458    -0.429713    0.208833
-0.004223    -0.418552    0.216952
0.023183    -0.433423    0.205398
-0.152875    -0.446556    -0.005471
-0.145568    -0.460074    0.000416
-0.146453    -0.457507    0.080825
-0.141574    -0.461057    0.087848
-0.095453    -0.291907    -0.1089
-0.097536    -0.233481    -0.10743
-0.087054    -0.230015    -0.114824
-0.085782    -0.237389    -0.115722
-0.105492    -0.164635    -0.101819
-0.099708    -0.198421    -0.105899
0.003466    -0.454319    -0.115853
-0.001979    -0.450808    -0.117497
-0.129545    -0.181536    -0.080144
-0.149356    -0.240946    -0.056367
-0.137916    -0.236096    -0.070097
-0.134839    -0.25996    -0.07379
-0.143714    -0.198928    -0.063139
-0.144723    -0.203973    -0.061928
0.030222    -0.490771    -0.00915
0.021431    -0.490771    -0.059942
0.032513    -0.490771    0.059654
0.026823    -0.490771    0.08594
0.035049    -0.490771    0.017532
0.023511    -0.462509    0.187646
0.016843    -0.455505    0.19252
-0.119283    -0.457943    0.133355
-0.153909    -0.419736    0.124488
-0.161335    -0.429604    0.089413
-0.154466    -0.434793    0.098965
0.025015    -0.414222    0.214927
-0.14035    -0.475282    0.024423
-0.135592    -0.486846    0.051981
-0.15646    -0.293159    -0.041458
-0.153122    -0.400128    -0.048682
-0.153055    -0.375373    -0.048826
-0.150413    -0.281681    -0.054544
-0.150072    -0.265814    -0.055281
-0.162139    -0.349319    -0.029169
-0.156446    -0.44732    0.06193
-0.161309    -0.437546    0.073934
-0.052933    -0.381583    -0.129091
-0.079045    -0.336329    -0.119485
-0.081723    -0.278299    -0.1185
-0.081373    -0.347268    -0.118629
-0.045593    -0.391472    -0.131792
-0.076065    -0.283863    -0.120581
0.02599    -0.469264    -0.103744
0.021655    -0.473899    -0.101638
0.047408    -0.490771    0.046348
0.055647    -0.490771    0.080266
0.046544    -0.490771    0.104995
0.036593    -0.490771    0.109486
0.053167    -0.490771    0.165846
0.035633    -0.474754    0.178199
0.055214    -0.452622    0.185305
-0.138111    -0.41682    0.149229
0.049436    -0.408721    0.210134
-0.142843    -0.472223    0.044663
-0.160827    -0.188188    -0.032007
-0.160607    -0.226073    -0.032483
-0.157151    -0.202636    -0.039963
-0.165462    -0.270237    -0.021978
-0.168124    -0.378054    -0.016217
-0.162156    -0.18541    -0.029132
-0.160745    -0.245267    -0.032184
-0.130253    -0.147777    -0.063814
-0.050461    -0.321335    -0.130001
-0.05394    -0.233637    -0.128721
-0.061999    -0.177401    -0.125756
-0.052557    -0.208583    -0.12923
-0.048322    -0.225475    -0.130788
-0.041531    -0.178404    -0.133286
0.030051    -0.417746    -0.134765
0.043372    -0.453485    -0.110457
0.064289    -0.490771    -0.005277
0.067787    -0.490771    -0.076168
0.058477    -0.490771    -0.004757
0.068882    -0.490771    -0.054915
0.049359    -0.490771    -0.06829
0.068476    -0.467536    0.170784
-0.098812    -0.198288    0.18662
-0.104227    -0.26183    0.182108
-0.120656    -0.359631    0.168419
-0.094695    -0.393439    0.190051
-0.097253    -0.355822    0.187919
-0.116013    -0.368283    0.172288
-0.142117    -0.412047    0.143549
-0.07854    -0.397065    0.197631
-0.062136    -0.360372    0.205211
-0.064574    -0.313173    0.204084
-0.069166    -0.401815    0.201962
-0.068197    -0.338167    0.20241
-0.060511    -0.33642    0.205962
-0.032511    -0.334191    0.213228
-0.010232    -0.401806    0.217077
-0.027636    -0.363266    0.214071
-0.020787    -0.394912    0.215254
-0.032525    -0.321477    0.213226
-0.009151    -0.320373    0.217264
0.019778    -0.318619    0.215404
0.024151    -0.272492    0.215006
0.018276    -0.313296    0.21554
0.039438    -0.350758    0.213616
0.025657    -0.24507    0.214869
0.016984    -0.303502    0.215658
0.019107    -0.395095    0.215465
0.083146    -0.181293    0.197732
0.070168    -0.404228    0.202507
0.075676    -0.235932    0.20048
0.07819    -0.303514    0.199556
0.055189    -0.349902    0.208017
0.059349    -0.341635    0.206487
-0.171093    -0.239292    -0.003553
-0.173987    -0.318286    0.013199
-0.169674    -0.219695    -0.011763
-0.170697    -0.219548    -0.005845
-0.170121    -0.287737    -0.009179
-0.17275    -0.282296    0.006038
-0.069337    -0.146819    -0.111137
-0.011935    -0.321963    -0.136881
-0.019849    -0.317678    -0.136161
0.004579    -0.399815    -0.138383
-0.036929    -0.367704    -0.134607
-0.012792    -0.329598    -0.136803
-0.026963    -0.361959    -0.135514
0.070305    -0.475443    -0.08451
0.049266    -0.457347    -0.106329
0.075842    -0.490771    0.006362
0.068512    -0.490771    0.091694
0.077647    -0.490771    0.105175
0.081424    -0.490771    0.09304
0.080846    -0.42903    0.191038
0.085302    -0.44044    0.179422
-0.12027    -0.21702    0.168741
-0.116188    -0.223458    0.172142
-0.120258    -0.158608    0.168751
-0.124684    -0.307331    0.165062
-0.095581    -0.15804    0.189313
-0.129164    -0.351802    0.16133
-0.083203    -0.176068    0.195476
-0.054562    -0.163024    0.208711
-0.079454    -0.262266    0.197208
-0.089062    -0.331958    0.192768
-0.058391    -0.186654    0.206941
-0.09424    -0.203969    0.190375
-0.147216    -0.391031    0.136321
-0.155697    -0.294613    0.124298
-0.155546    -0.40313    0.124511
-0.146834    -0.281757    0.136862
-0.155812    -0.266941    0.124135
-0.151851    -0.366552    0.129749
-0.043205    -0.216225    0.211381
-0.020842    -0.229046    0.215244
-0.051282    -0.234069    0.209986
-0.032851    -0.293491    0.21317
-0.035593    -0.233554    0.212696
-0.035534    -0.296986    0.212706
-0.046259    -0.2892    0.210853
-0.167355    -0.348495    0.094305
-0.169558    -0.379522    0.088318
-0.167612    -0.282622    0.093607
-0.171138    -0.222424    0.084021
-0.168973    -0.316285    0.089908
-0.169093    -0.357543    0.089582
-0.000207    -0.283111    0.217221
0.0272    -0.165538    0.214729
0.021898    -0.173131    0.215211
0.006462    -0.156665    0.216615
0.011596    -0.261848    0.216148
0.006905    -0.317995    0.216575
-0.176451    -0.364688    0.041685
-0.175811    -0.255804    0.04872
-0.175653    -0.3946    0.05046
-0.177111    -0.189819    0.034431
-0.177102    -0.183115    0.03453
-0.176904    -0.275688    0.036704
0.06058    -0.261026    0.206034
0.051907    -0.338544    0.209225
0.057032    -0.234014    0.20734
0.047544    -0.236415    0.21083
0.070185    -0.188509    0.202501
0.052911    -0.233034    0.208856
0.08715    -0.187436    0.195146
0.084885    -0.263473    0.196744
0.112526    -0.170287    0.177247
0.104638    -0.205158    0.18281
0.084103    -0.173532    0.197296
0.119349    -0.172092    0.172434
-0.177219    -0.350455    0.031904
-0.173174    -0.166983    0.008492
-0.176888    -0.182503    0.029987
-0.17624    -0.310968    0.02624
-0.173002    -0.208531    0.007494
-0.173665    -0.264065    0.011335
-0.167501    -0.153407    -0.010157
-0.035108    -0.160442    -0.134773
-0.012934    -0.253112    -0.13679
0.00378    -0.267919    -0.13831
-0.021966    -0.243725    -0.135968
-0.012727    -0.234008    -0.136808
-0.009639    -0.189543    -0.137089
0.005892    -0.25247    -0.138502
0.068605    -0.440301    -0.108786
0.058022    -0.426578    -0.12285
0.085158    -0.490771    0.028589
0.096786    -0.490771    0.0405
0.09207    -0.490771    0.019744
0.091935    -0.475071    0.149027
0.091559    -0.473131    0.150733
0.117734    -0.229647    0.173574
0.10627    -0.306239    0.18166
0.091928    -0.401328    0.191776
0.111335    -0.342998    0.178087
0.106932    -0.272574    0.181192
0.108877    -0.249035    0.179821
-0.143317    -0.186804    0.141848
-0.140773    -0.289522    0.145455
-0.13289    -0.370161    0.156631
-0.133089    -0.324134    0.156348
-0.133837    -0.263324    0.155288
-0.13395    -0.173028    0.155128
-0.086392    -0.147861    0.183208
-0.157505    -0.345513    0.121081
-0.1597    -0.261815    0.115115
-0.157854    -0.344724    0.120133
-0.167528    -0.216289    0.093836
-0.166648    -0.180452    0.096227
-0.167576    -0.204826    0.093705
-0.173641    -0.341301    0.072573
-0.174446    -0.215329    0.063729
-0.174215    -0.264294    0.066266
-0.17447    -0.295247    0.063459
-0.176696    -0.15838    0.038998
-0.17309    -0.306064    0.078636
-0.174671    -0.301483    0.061256
0.120007    -0.154003    0.169987
-0.097796    -0.128431    -0.087597
-0.119504    -0.133072    -0.068396
0.014988    -0.302191    -0.137513
0.031529    -0.382338    -0.134655
0.031308    -0.302966    -0.134694
0.034941    -0.349189    -0.134066
0.014016    -0.204781    -0.137681
0.011283    -0.376356    -0.138153
0.091039    -0.445954    -0.093127
-0.152046    -0.13336    -0.014817
0.10346    -0.490771    0.005115
0.106988    -0.490771    -0.002829
0.107559    -0.457304    0.150125
0.134693    -0.434464    0.13921
0.127414    -0.364619    0.164019
0.13203    -0.372559    0.158478
0.123307    -0.236295    0.168948
0.130235    -0.332664    0.160633
0.134008    -0.323778    0.156105
0.143184    -0.347847    0.145091
-0.090711    -0.148874    0.182372
-0.133496    -0.154253    0.153536
-0.022648    -0.147727    0.204807
0.019597    -0.150247    0.208772
0.12035    -0.144764    0.150749
-0.004064    -0.149497    -0.129945
0.041391    -0.282644    -0.132952
0.038242    -0.155731    -0.133496
0.048295    -0.175574    -0.131759
0.050903    -0.160504    -0.131308
0.045897    -0.249981    -0.132173
0.036512    -0.170716    -0.133795
0.100392    -0.45906    -0.074982
0.123867    -0.421067    -0.08543
-0.141731    -0.125126    -0.033652
0.121697    -0.481143    -0.029101
0.111164    -0.490771    0.039503
0.116106    -0.490771    0.081971
0.106901    -0.471893    0.137086
0.143688    -0.413332    0.144487
0.148065    -0.349191    0.139233
0.135401    -0.220313    0.154433
0.144254    -0.299982    0.143808
0.126322    -0.175226    0.165329
0.147737    -0.194352    0.139627
0.137102    -0.214334    0.152391
-0.155509    -0.151383    0.111707
0.012727    -0.143129    0.201718
0.120462    -0.141989    0.149928
-0.069962    -0.127556    -0.10555
0.031834    -0.153725    -0.132583
0.058558    -0.314261    -0.128664
0.093153    -0.396044    -0.112678
0.061664    -0.261491    -0.127229
0.067049    -0.246587    -0.12474
0.084654    -0.368021    -0.116605
0.081304    -0.367195    -0.118153
0.120655    -0.456889    -0.056113
0.113957    -0.464297    -0.05781
0.15908    -0.427485    -0.025299
0.168979    -0.418926    -0.013436
0.130243    -0.490771    0.069677
0.134941    -0.458457    0.111917
0.159432    -0.427802    0.103262
0.156562    -0.410976    0.12436
0.162521    -0.29947    0.111465
0.162173    -0.359719    0.112219
0.156075    -0.258308    0.125414
0.158376    -0.275195    0.120435
0.165806    -0.399746    0.104357
0.155889    -0.212912    0.125817
-0.146304    -0.136647    0.108672
0.080124    -0.137445    0.182075
-0.158699    -0.131823    0.06623
0.015205    -0.138816    -0.122641
0.087591    -0.241351    -0.115248
0.084999    -0.300388    -0.116446
0.09161    -0.274273    -0.113391
0.088344    -0.165744    -0.1149
0.087933    -0.29404    -0.11509
0.070547    -0.242248    -0.123124
0.113079    -0.407633    -0.097229
0.13461    -0.48008    0.000621
0.131223    -0.473973    -0.019317
0.126326    -0.485173    0.095015
0.131786    -0.480892    0.086293
0.170566    -0.337852    0.094057
0.166947    -0.27614    0.101888
0.16397    -0.244633    0.10833
0.168282    -0.272298    0.098999
0.168233    -0.156323    0.099105
0.16341    -0.20224    0.109541
-0.091668    -0.128943    0.171788
0.031518    -0.133643    0.199141
0.158518    -0.148655    0.099289
-0.153044    -0.122867    -0.006795
0.036027    -0.138546    -0.119021
0.110943    -0.359414    -0.099008
0.102061    -0.239094    -0.106409
0.110777    -0.258068    -0.099146
0.096467    -0.193056    -0.11107
0.113877    -0.386145    -0.096563
0.104134    -0.316554    -0.104682
0.096897    -0.257828    -0.110712
0.149144    -0.461711    0.012635
0.138328    -0.480423    0.019072
0.16052    -0.439771    0.075328
0.164226    -0.432479    0.079861
0.173812    -0.411333    0.077731
0.174465    -0.334658    0.073955
0.174063    -0.391038    0.076278
0.174968    -0.385814    0.07104
0.173914    -0.323716    0.077144
0.172089    -0.34644    0.087707
0.172766    -0.349635    0.083789
-0.14041    -0.132891    0.119483
0.164526    -0.14486    0.050457
-0.152429    -0.124711    0.086447
-0.003515    -0.127415    -0.121341
0.083803    -0.14209    -0.101188
0.127974    -0.257537    -0.084817
0.124513    -0.267388    -0.087701
0.130995    -0.196759    -0.0823
0.115052    -0.170918    -0.095584
0.125851    -0.155822    -0.086587
0.109038    -0.168023    -0.100596
0.153068    -0.320042    -0.051616
0.136717    -0.369554    -0.074797
0.141509    -0.37113    -0.068004
0.153607    -0.212947    -0.050852
0.158737    -0.302672    -0.043579
0.143015    -0.402976    -0.065869
0.171092    -0.363097    -0.01018
0.174583    -0.36733    -0.00069
0.166298    -0.308158    -0.02321
0.166488    -0.308068    -0.022695
0.162468    -0.363441    -0.033621
0.167399    -0.292325    -0.020218
0.148214    -0.467802    0.043211
0.151359    -0.462926    0.045124
0.178537    -0.254083    0.039693
0.17586    -0.387674    0.010267
0.176162    -0.397151    0.013586
0.178188    -0.331363    0.035854
0.178687    -0.216373    0.041346
0.177247    -0.360727    0.025511
0.177353    -0.325935    0.026673
0.14878    -0.465931    0.050034
0.176574    -0.192407    0.06175
0.175368    -0.231782    0.068729
0.176275    -0.296896    0.063479
0.178036    -0.259115    0.053287
0.175614    -0.251976    0.067301
0.17857    -0.254449    0.050193
-0.091112    -0.119477    0.169381
0.024961    -0.120329    0.196922
0.15802    -0.14271    0.085131
-0.143785    -0.115424    0.102483
-0.022029    -0.122064    -0.118435
0.118207    -0.152424    -0.088111
0.15393    -0.189008    -0.050395
0.143615    -0.207129    -0.065018
0.142509    -0.169527    -0.066585
0.136822    -0.344873    -0.074648
0.135342    -0.349238    -0.076746
0.146528    -0.169236    -0.060888
0.164316    -0.192745    -0.028599
0.159562    -0.243423    -0.041522
0.16413    -0.2879    -0.029105
0.16426    -0.277157    -0.02875
0.166296    -0.263665    -0.023218
0.168043    -0.254955    -0.018468
0.175851    -0.161204    0.010163
0.175231    -0.202565    0.003345
0.178735    -0.179666    0.041868
0.175764    -0.231334    0.00921
0.176912    -0.170108    0.02183
0.175137    -0.163515    0.002314
-0.132614    -0.103612    -0.035803
0.038802    -0.120384    0.19495
0.144235    -0.127142    0.11221
-0.129774    -0.114345    0.126917
0.036728    -0.123155    -0.116352
0.076018    -0.131524    -0.103513
0.16049    -0.149914    -0.018533
0.009141    -0.114386    0.196632
0.163748    -0.138457    0.038814
-0.143428    -0.109123    0.096579
-0.083537    -0.096354    -0.083445
0.130203    -0.139372    -0.058748
-0.1272    -0.091829    -0.03212
0.038223    -0.111434    0.19211
0.132294    -0.107355    0.123253
-0.149189    -0.100131    0.020885
-0.114684    -0.089562    -0.048169
0.155521    -0.141913    -0.010892
0.047549    -0.104182    0.185537
0.138378    -0.110175    0.113012
-0.129645    -0.102407    0.118524
-0.065062    -0.091689    -0.092062
0.093466    -0.12021    -0.090181
0.03919    -0.100089    0.18645
0.14782    -0.108511    0.091062
-0.112376    -0.094131    0.135314
-0.044531    -0.088967    -0.097815
0.109287    -0.121655    -0.077519
0.054179    -0.096225    0.178821
0.130458    -0.100861    0.120342
-0.08479    -0.089148    0.156465
-0.055141    -0.088129    -0.093333
0.103226    -0.114211    -0.079764
0.091822    -0.089017    0.152418
0.115697    -0.092442    0.131063
-0.052268    -0.084536    0.170627
-0.03257    -0.086235    -0.1001
0.104529    -0.105744    -0.074463
0.082976    -0.087269    0.157154
0.108739    -0.085391    0.131939
-0.064698    -0.084721    0.165037
-0.10591    -0.072016    -0.035657
0.082974    -0.098717    -0.087891
0.143253    -0.112243    -0.026544
-0.131589    -0.079053    0.075896
0.030905    -0.079359    0.174588
-0.000352    -0.084172    -0.101976
-0.131916    -0.075461    0.053887
0.152373    -0.100406    0.034753
-0.10614    -0.073933    0.117072
-0.06232    -0.066339    -0.067384
0.039123    -0.0866    -0.098879
-0.124704    -0.06723    0.036516
0.120542    -0.08077    0.110762
-0.045682    -0.071424    0.160708
-0.031112    -0.067164    -0.081629
0.129087    -0.100412    -0.041193
0.110354    -0.07174    0.111157
0.117982    -0.07199    0.096605
0.018463    -0.069113    0.165425
-0.010032    -0.071908    -0.090104
0.086226    -0.083283    -0.072109
0.145991    -0.090157    0.0298
-0.074842    -0.065931    0.13685
-0.054826    -0.056205    -0.054031
-0.111643    -0.058609    0.045404
0.097186    -0.065098    0.114815
0.126802    -0.067686    0.047373
0.014359    -0.062252    0.157049
-0.082422    -0.052628    -0.018657
0.063516    -0.066662    -0.068386
0.116771    -0.060966    0.053327
0.123941    -0.066196    0.026978
0.032669    -0.06035    0.151018
0.005533    -0.061079    -0.078014
0.108352    -0.081603    -0.049486
0.131979    -0.074654    0.013489
-0.040578    -0.055562    0.138788
-0.052113    -0.022578    -0.025419
-0.072822    -0.048706    -0.023642
-0.078683    -0.036126    -0.004219
-0.088248    -0.038493    0.016248
-0.096838    -0.051538    0.057129
0.106754    -0.055847    0.061397
-0.098832    -0.054552    0.073587
0.062051    -0.053085    0.121572
-0.033011    -0.052415    -0.055423
-0.065097    -0.001463    0.008925
-0.069593    0.001356    0.028776
-0.09468    -0.04749    0.053393
0.102023    -0.052918    0.05304
0.030563    -0.051393    0.133757
-0.028195    -0.04108    -0.049035
-0.070857    0.000649    0.041701
-0.074014    -0.011499    0.061567
-0.07082    -0.015458    0.076154
-0.062186    -0.022813    0.095384
-0.044698    -0.018621    0.107744
-0.029233    -0.020907    0.116798
-0.017133    -0.048926    0.135071
0.034772    -0.016315    0.112785
0.055588    -0.01633    0.099419
0.054294    -0.00713    0.093754
0.084601    -0.041252    0.080829
0.094426    -0.042315    0.049474
0.03009    -0.05175    -0.056323
-0.070189    -0.022766    0.083996
-0.020791    0.003729    0.106726
-0.015748    -1.8e-05    0.109757
0.024895    -0.034096    0.126174
0.056422    -0.004979    0.08947
0.073214    -0.006483    0.062798
-0.009596    -0.021542    -0.042974
0.077128    -0.052226    -0.026696
0.089386    -0.032806    0.030306
0.007452    -0.044554    -0.055718
0.039014    -0.034905    -0.042018
0.052199    -0.043019    -0.040342
0.082156    -0.044475    -0.010015
0.07972    -0.024163    0.009025
0.022874    -0.029989    -0.045444
0.056398    -0.018162    -0.020185
0.058256    0.002958    -0.00153
-0.066735    0.016706    0.020707
-0.061537    0.017849    0.072139
0.068408    0.010568    0.059531
0.021017    0.012694    0.106614
-0.027444    0.032523    -0.036928
-0.065014    0.032852    -0.008722
0.070565    0.02343    0.033471
-0.046301    0.117393    -0.018975
0.05001    0.007105    -0.01055
-0.065077    0.117393    0.069149
-0.005009    0.048808    -0.04182
-0.066392    0.100848    -0.005423
-0.074661    0.070472    0.070254
-0.071757    0.117393    0.034697
-0.024379    0.034642    0.117679
0.011834    0.04937    0.120436
0.051515    0.072955    0.103662
0.075546    0.035698    0.072503
-0.006567    0.108046    -0.037267
-0.073915    0.100848    0.065546
-0.07997    0.098583    0.050376
-0.037129    0.052707    0.111786
-0.019225    0.117393    0.109985
0.069666    0.065304    0.084454
0.077735    0.054486    0.067765
-0.075274    0.114446    0.027405
-0.03161    0.112834    0.109497
0.065593    0.044518    -0.010299
0.079543    0.049757    0.063609
0.031803    0.036076    -0.036048
-0.007527    0.101913    0.116378
0.061812    0.032108    -0.01566
0.08131    0.080323    0.0228
0.081835    0.100585    0.050346
0.050251    0.092127    -0.025536
-0.04744    0.004938    -0.011585
-0.036763    0.077585    -0.0194
-0.033863    0.036545    -0.021446
-0.055324    0.034786    -0.002124
-0.04867    0.036543    -0.010109
-0.059598    0.090188    0.003924
-0.068952    0.034678    0.033539
-0.066511    0.046748    0.019415
0.056931    0.015821    0.081512
-0.033095    0.113233    -0.021988
-0.029732    0.096491    -0.023653
-0.050296    0.084794    -0.008157
-0.061563    0.065423    0.008177
-0.057178    0.090999    0.000102
-0.067059    0.093638    0.022584
-0.068237    0.051411    0.050555
-0.069488    0.07545    0.03681
-0.068972    0.113527    0.042484
-0.067019    0.036171    0.057232
-0.063504    0.029649    0.06679
0.024436    0.015154    0.105356
-0.033307    0.044834    -0.034771
-0.016964    0.08534    -0.02835
-0.002101    0.009598    -0.030369
-0.067251    0.024954    0.07198
-0.068181    0.137844    0.051168
-0.056472    0.070476    0.079394
-0.063293    0.080192    0.067362
-0.057225    0.037071    0.078327
-0.043986    0.024954    0.103174
-0.038703    0.081037    0.097473
-0.033175    0.056999    0.10076
-0.021841    0.083725    0.105998
-0.013657    0.074648    0.107937
0.005441    0.0503    0.109301
0.012168    0.087318    0.108689
0.026538    0.041757    0.104583
0.038283    0.077585    0.098717
0.048517    0.073249    0.091497
0.057109    0.044554    0.081298
0.064526    0.069918    0.068537
0.067893    0.029666    0.061252
0.070463    0.0621    0.047635
0.069708    0.03422    0.052006
-0.04111    0.117393    -0.023494
-0.014415    0.117393    -0.036152
-0.020904    0.094333    -0.026901
-0.061402    0.07578    -0.013057
-0.063323    0.037321    0.089926
-0.051902    0.114708    0.085872
-0.045001    0.10708    0.092226
-0.050312    0.081308    0.0878
-0.021608    0.045962    0.106106
-0.017979    0.060648    0.10719
-0.003123    0.058602    0.109756
0.009324    0.100256    0.108948
0.017278    0.146505    0.10799
0.026737    0.09677    0.10451
0.047101    0.024954    0.097103
0.063191    0.024954    0.086402
0.060756    0.096237    0.076694
0.058106    0.121301    0.080101
0.068609    0.088958    0.05837
0.070664    0.063325    0.034565
0.071171    0.093338    0.040133
0.070887    0.063953    0.037016
0.070428    0.092287    0.047838
0.00114    0.053142    -0.030664
-0.036732    0.155205    0.029384
-0.036732    0.179162    0.058894
-0.036732    0.267428    -0.019149
-0.036732    0.200314    0.016379
-0.036732    0.2522    -0.000263
-0.024492    0.163717    -0.025581
-0.066621    0.11521    0.001781
-0.076199    0.072188    0.066075
-0.061501    0.114497    0.084886
-0.029681    0.068679    0.115228
0.014113    0.078333    0.120228
0.05303    0.070779    0.102593
0.053541    0.153974    0.004913
0.064731    0.113453    0.010512
0.073229    0.074676    0.077517
-0.044417    0.106989    -0.022904
0.011948    0.106434    -0.02949
-0.032609    0.224443    -0.02233
-0.036732    0.259148    -0.059976
-0.001187    0.133497    -0.030452
0.006618    0.035445    -0.030411
0.012406    0.042661    -0.029411
0.030154    0.031423    -0.023957
0.028151    0.046586    -0.024882
0.051827    0.109896    -0.009036
0.044549    0.097099    -0.015099
-0.080392    0.052187    0.045732
-0.070093    0.111203    0.069948
0.053866    0.102025    -0.006682
0.065948    0.050566    0.013821
0.065242    0.033216    0.011902
-0.014589    0.074033    0.119616
0.023661    0.062802    0.118075
0.038305    0.153974    0.03214
0.046338    0.153974    0.005972
0.078987    0.04    0.065057
-0.036732    0.199634    0.075489
-0.036732    0.297205    -0.036137
-0.036732    0.326728    -0.140671
-0.036732    0.295676    -0.062783
-0.000173    0.223572    -0.030544
0.027445    0.107603    -0.025209
0.043878    0.08929    -0.015658
0.02673    0.147169    -0.025539
0.044493    0.126    -0.015146
0.060656    0.075422    0.002944
0.060626    0.143182    0.002901
0.063509    0.142665    0.00719
0.031807    0.116161    0.110396
0.036582    0.231219    -0.002964
0.036582    0.2571    -0.01744
0.036582    0.18548    0.003885
0.036582    0.183687    0.031959
0.070324    0.11349    0.073332
0.081183    0.046224    0.054118
0.024093    0.115562    -0.034771
0.029666    0.173303    0.105593
-0.036732    0.336538    -0.055469
-0.036732    0.316449    -0.048983
-0.019044    0.258142    -0.027585
-0.005156    0.251602    -0.030091
0.026017    0.073695    -0.038721
0.036582    0.237499    0.039455
0.070177    0.108375    0.073649
0.078352    0.07965    0.013746
0.083124    0.02645    0.042739
-0.036732    0.203013    0.118279
-0.021501    0.300905    0.097417
-0.001648    0.300905    0.196442
0.019513    0.300905    0.194103
-0.002991    0.300905    0.133866
-0.00911    0.300905    0.12126
0.004449    0.300905    0.142106
-0.03206    0.300905    0.009743
-0.030757    0.300905    0.075115
-0.034812    0.300905    0.053968
0.015951    0.300905    0.128748
-0.000152    0.300905    0.078135
-0.036732    0.311028    0.122364
-0.036732    0.325013    0.013324
-0.036732    0.31699    -0.005542
-0.017736    0.338074    -0.095647
-0.013856    0.338051    -0.082473
0.02346    0.337985    -0.045395
-0.016781    0.212731    -0.039781
-0.005523    0.266628    -0.030058
0.004177    0.284584    -0.030833
0.049067    0.117393    -0.016444
0.036582    0.196265    0.10227
0.036582    0.256169    -0.027557
-0.036732    0.212997    0.113685
-0.036732    0.289094    0.183241
-0.036732    0.294791    0.095443
-0.03366    0.272193    0.207038
0.005527    0.310041    0.151178
-0.004868    0.303444    0.191511
0.002905    0.315259    0.119272
-0.026328    0.306611    0.172152
0.005334    0.300905    0.036386
-0.012544    0.300905    -0.020713
0.012562    0.300905    0.095962
0.01524    0.338153    -0.140914
0.032663    0.338012    -0.060729
0.002434    0.338101    -0.111508
0.000425    0.321618    0.080287
-0.030216    0.335918    -0.007104
0.007246    0.318437    0.099725
0.003619    0.321683    0.079815
-0.036732    0.297372    -0.1389
-0.03491    0.19984    -0.074026
0.013002    0.21432    -0.039266
0.016436    0.280034    -0.028715
0.036582    0.223254    0.083225
0.032612    0.300905    0.029551
0.033021    0.300905    0.087729
-0.036732    0.245217    0.077063
-0.036732    0.281023    0.097452
0.02005    0.300905    0.052157
0.029948    0.300905    0.15413
0.014139    0.300905    0.018162
0.036582    0.282771    -0.095026
0.036582    0.336262    -0.130123
0.036582    0.334996    -0.029005
0.036582    0.331371    -0.008918
0.036582    0.304544    0.083488
-0.009276    0.279675    -0.112051
-0.03491    0.145086    -0.079131
0.034258    0.265485    -0.080292
-0.031914    0.206068    -0.042058
0.036582    0.219786    0.116676
0.036582    0.282194    0.14181
0.036582    0.2959    0.011404
0.036582    0.247005    -0.038183
-0.012717    0.214464    0.129716
0.036582    0.318595    -0.034511
0.006224    0.282495    -0.12211
0.033091    0.198902    -0.074433
0.025243    0.251747    -0.061508
0.004383    0.242675    -0.051829
0.036582    0.277916    0.086813
-0.036732    0.257572    0.096508
0.001937    0.256785    0.18342
-0.036732    0.290657    -0.164144
0.015835    0.156412    -0.067081
0.033091    0.16521    -0.064969
-0.016417    0.166356    -0.060926
0.036582    0.261105    0.066866
0.036582    0.271267    0.100027
0.004612    0.234555    0.149392
-0.036732    0.324775    -0.187438
0.033091    0.203942    -0.056701
0.027331    0.179263    -0.053823
0.036582    0.275858    0.056921
-0.00645    0.246851    0.16594
0.033334    0.285138    -0.171458
-0.03491    0.161638    -0.084832
-0.034628    0.320219    -0.193229
0.027849    0.204168    -0.086374
-0.018517    0.286761    -0.193229
-0.014409    0.113202    -0.102642
0.010159    0.190205    -0.09002
0.024442    0.102834    -0.114038
0.011593    0.166997    -0.098031
0.014365    0.151531    -0.104663
-0.03491    0.136753    -0.108426
-0.03491    0.119243    -0.115589
-0.03491    0.096668    -0.12475
-0.031624    0.12492    -0.118782
-0.033929    0.099575    -0.136173
-0.023754    0.076343    -0.151367
0.02323    0.081401    -0.151473
-0.050188    0.041354    -0.008287
-0.061553    0.048915    0.008156
-0.035132    0.071879    -0.020551
-0.062024    0.107192    0.009175
-0.068352    0.027814    0.049294
-0.063441    0.032613    0.066961
-0.025466    0.085421    -0.025222
-0.068022    0.152544    0.052914
-0.053415    0.030939    0.083728
-0.030712    0.025151    0.101898
-0.007031    0.03431    0.109081
0.030471    0.0657    0.103136
0.048082    0.036874    0.091804
0.063973    0.036917    0.069734
-0.038068    0.153974    0.059876
-0.058903    0.153974    0.053119
-0.057964    0.114166    0.077279
-0.028697    0.149489    0.102829
-0.016216    0.153719    0.107494
0.029559    0.133706    0.103472
0.058312    0.149113    0.079853
0.063805    0.108793    0.070096
0.070853    0.131011    0.045382
-0.036732    0.247605    -0.018905
-0.036732    0.159857    0.056874
-0.036732    0.191697    0.02047
-0.036732    0.161408    0.085117
-0.035534    0.215958    -0.020268
-0.005793    0.040923    -0.030033
0.062198    0.153974    0.03942
-0.036732    0.167544    0.092842
-0.036732    0.27292    -0.022103
-0.01625    0.207678    -0.028613
0.000181    0.100488    -0.030577
0.005827    0.143679    -0.030547
0.048421    0.038165    -0.011873
0.068299    0.060279    0.020213
0.046267    0.153974    0.068767
-0.036732    0.281673    0.000563
-0.036732    0.290468    -0.11443
-0.036732    0.287162    -0.06959
-0.006011    0.194829    -0.030013
0.036201    0.045493    -0.021162
0.048146    0.116553    -0.012103
0.068176    0.123748    0.019878
0.036582    0.175302    0.071264
0.036582    0.173567    0.073155
0.036582    0.159776    0.092372
0.036582    0.25468    -0.00851
0.036582    0.167124    0.062531
-0.036732    0.230347    0.065691
-0.036732    0.309587    -0.038718
-0.036732    0.337043    -0.129636
0.036582    0.221492    0.061445
-0.036732    0.290552    -0.005297
-0.036732    0.306001    0.005846
-0.036732    0.314817    0.079092
-0.011085    0.338033    -0.072158
-0.02641    0.33802    -0.064619
-0.032511    0.338198    -0.166519
0.014196    0.33803    -0.071193
0.036582    0.238678    0.050827
0.036582    0.23793    -0.027739
0.031238    0.200884    0.119876
-0.036732    0.29827    0.176347
-0.036732    0.288384    0.16964
0.022236    0.306073    0.175441
-0.030527    0.32264    0.074143
-0.016589    0.31347    0.130211
-0.004652    0.313533    0.129826
-0.015674    0.318542    0.099199
0.013406    0.338095    -0.107715
0.013651    0.338218    -0.177688
0.029866    0.33819    -0.161984
0.012699    0.335075    -0.002826
-0.026173    0.337594    -0.017503
0.035659    0.334029    0.003122
0.017284    0.332824    0.010934
0.01476    0.321465    0.080922
0.017616    0.267521    -0.083975
-0.036732    0.244154    0.092961
-0.036732    0.268312    0.185175
0.033687    0.275532    0.207038
0.036582    0.314256    -0.141454
0.036582    0.322465    -0.150187
0.036582    0.314174    -0.122358
0.036582    0.310273    -0.005681
0.036582    0.325777    -0.002114
0.032552    0.281912    -0.119348
0.036582    0.236281    0.075495
0.036582    0.30042    0.11749
0.036582    0.290267    0.171773
-0.036732    0.227199    0.135973
-0.036732    0.268542    0.147807
0.036582    0.260595    -0.068204
0.035878    0.230095    -0.040992
0.036582    0.28181    0.074521
-0.022587    0.226927    0.141185
-0.007269    0.262518    0.196946
0.027628    0.286198    -0.148799
0.036582    0.250932    0.099441
-0.036732    0.265854    0.09947
-0.016549    0.252732    0.175754
-0.004078    0.286045    -0.162272
0.036582    0.240819    0.147274
-0.019266    0.240091    0.156306
0.0293    0.284773    -0.174554
0.008644    0.282709    -0.185719
0.017416    0.313796    -0.193229
-0.03491    0.249139    -0.070016
-0.03491    0.158464    -0.080969
0.009395    0.2042    -0.042807
0.033091    0.228695    -0.073541
0.023706    0.192088    -0.047662
0.011563    0.136538    -0.081378
0.005695    0.242717    -0.08004
-0.007409    0.190841    -0.048242
-0.028902    0.123493    -0.092561
-0.018504    0.218718    -0.083342
0.007965    0.204321    -0.086336
-0.03398    0.197727    -0.087955
-0.020569    0.181222    -0.092862
0.006341    0.174893    -0.094949
0.033091    0.12106    -0.108447
-0.006356    0.093962    -0.125007
0.033091    0.10145    -0.121104
0.029183    0.120802    -0.121417
0.013253    0.106114    -0.131358
0.012635    0.092369    -0.141994
-0.018595    0.075242    -0.157399
0.010444    0.322091    -0.208324
0.001626    0.305645    -0.213113
