-0.019482    0.093029    -0.071515
-0.012009    0.099039    -0.066756
-0.059917    0.085005    -0.058686
-0.029906    0.068726    -0.085252
0.005588    0.089061    -0.076413
-0.032218    0.065522    -0.086202
-0.080009    0.074565    -0.047273
-0.077849    0.088823    -0.030779
-0.074321    0.063544    -0.063145
0.034305    0.095764    -0.063975
-0.072056    0.098102    -0.02233
0.001801    0.068785    -0.089602
-0.107046    0.04186    -0.027481
-0.016792    0.203031    -0.044112
-0.030291    0.205464    -0.03772
-0.032602    0.114417    -0.036121
-0.043287    0.214502    -0.025611
-0.049378    0.144072    -0.014178
-0.089335    0.081491    -0.014547
-0.094211    0.041305    -0.053343
-0.101553    0.065202    -0.001008
0.003356    0.113251    -0.048388
-0.006581    0.131522    -0.046168
-0.019642    0.273413    -0.043048
-0.010914    0.16988    -0.045654
-0.009864    0.199333    -0.045778
-0.032126    0.216595    -0.036451
-0.040459    0.195612    -0.028933
-0.046558    0.225159    -0.020313
-0.051866    0.275195    -0.001495
-0.087071    0.086823    -0.003222
-0.051671    0.151366    -0.002826
-0.051123    0.033315    -0.09117
0.037214    0.07591    -0.078417
-0.110568    0.041975    -0.006216
0.005858    0.26428    -0.046254
0.004022    0.240316    -0.046472
-0.076812    0.096356    0.012931
-0.050776    0.266577    0.008954
-0.067116    0.034531    -0.081595
0.048521    0.071994    -0.076434
-0.108703    0.046653    0.007135
0.010351    0.225119    -0.04572
0.013275    0.250444    -0.045373
-0.073397    0.098945    0.016071
-0.051633    0.133141    0.003087
-0.008821    0.037124    -0.100741
0.032234    0.05919    -0.089091
-0.098863    0.06688    0.013022
0.049149    0.112126    -0.024664
0.024053    0.217769    -0.041401
0.02682    0.12404    -0.040121
0.038667    0.171692    -0.031039
0.013943    0.201386    -0.045176
0.018357    0.258074    -0.043528
-0.02117    -0.027411    -0.028006
-0.019188    0.161398    -0.029376
-0.02023    -0.148205    -0.028656
-0.020235    -0.441322    -0.028652
-0.024281    0.062381    -0.025854
-0.009951    -0.484063    -0.032907
-0.013378    0.174206    -0.031628
-0.012508    0.102573    -0.031953
-0.014442    -0.063271    -0.03123
-0.011445    -0.236081    -0.03235
-0.010355    -0.252529    -0.032757
-0.000313    -0.350302    -0.03409
-0.002502    0.232727    -0.03383
-0.004402    -0.086112    -0.033605
-0.005044    0.213989    -0.033528
-0.003388    -0.091757    -0.033725
-0.037724    0.010183    -0.000931
-0.036926    0.191105    -0.006395
-0.037214    -0.059639    -0.004422
-0.037476    -0.069496    -0.002628
-0.037426    0.193927    -0.002975
-0.034628    -0.030475    -0.013057
-0.035728    -0.382624    -0.010665
-0.036444    -0.26747    -0.009106
-0.034775    -0.18    -0.012739
-0.03527    0.262073    -0.01166
-0.049949    0.230749    0.012935
-0.048376    0.242281    0.016358
-0.050696    0.017053    -0.094853
0.017448    0.046226    -0.096996
-0.11475    0.030418    0.000267
0.081766    0.077475    -0.042517
0.047422    0.15141    -0.018434
0.032361    0.274449    -0.036289
0.028463    0.226346    -0.038984
0.044811    0.232542    -0.02382
0.005844    0.120404    -0.033433
0.003247    0.261341    -0.033742
0.003215    0.107974    -0.033745
0.004845    -0.147695    -0.033552
0.003616    -0.035311    -0.033698
0.006721    0.216846    -0.033329
-0.032186    0.185715    -0.017769
-0.032159    -0.513592    -0.017801
-0.030789    -0.136091    -0.019411
-0.031737    -0.381185    -0.018297
-0.031052    0.01234    -0.019101
-0.024912    -0.614487    -0.025417
-0.02635    -0.335404    -0.024422
-0.026348    -0.118984    -0.024423
-0.023598    -0.354824    -0.026326
-0.025294    0.089989    -0.025153
-0.016978    0.012515    -0.030284
-0.0127    -0.370659    -0.031881
-0.018302    -0.52582    -0.029789
-0.014972    -0.597491    -0.031033
-0.017835    0.009057    -0.029964
-0.015762    -0.234923    -0.030738
-0.006539    -0.461659    -0.033351
-0.009084    0.087097    -0.033049
-0.00638    -0.416855    -0.03337
-0.004879    -0.228645    -0.033548
-0.008423    -0.586244    -0.033127
0.009248    -0.654878    -0.033029
0.000348    -0.462725    -0.034086
0.00022    -0.449224    -0.034101
0.000315    0.015228    -0.03409
0.002444    -0.1094    -0.033837
0.005069    -0.631607    -0.033525
-0.037231    -0.283513    -0.004304
-0.036643    -0.52803    -0.008335
-0.03662    0.044095    -0.008491
-0.037591    -0.474599    -0.001842
-0.037038    -0.140521    -0.005627
-0.037334    -0.438532    0.0036
-0.037257    -0.271385    0.004131
-0.037226    -0.454409    0.004344
-0.037231    -0.6117    0.004306
-0.036865    -0.58718    0.006811
-0.033786    -0.015846    -0.014891
-0.035226    -0.648422    -0.011756
-0.033362    -0.008179    -0.015812
-0.034966    -0.328797    -0.012323
-0.03388    -0.576077    -0.014686
-0.047603    0.17813    0.01804
-0.040361    0.244931    0.029048
-0.070149    0.094029    0.036486
-0.005065    0.025713    -0.103911
0.029127    0.04449    -0.096058
-0.111316    0.033147    0.018575
0.086178    0.076456    -0.03457
0.047123    0.225502    -0.019085
0.041731    0.279935    -0.019666
0.01839    -0.076229    -0.029757
0.014102    0.010098    -0.031358
0.017561    -0.356298    -0.030066
0.0174    0.152026    -0.030126
0.015573    0.234183    -0.030808
0.011257    -0.62542    -0.03242
0.012019    -0.352926    -0.032135
0.016887    -0.479659    -0.030318
0.01265    -0.472539    -0.031899
0.010197    -0.513538    -0.032816
0.010451    -0.174987    -0.032721
-0.028512    -0.490994    -0.022086
-0.027885    0.058176    -0.022822
-0.027171    0.040243    -0.023662
-0.027035    -0.080485    -0.023821
-0.028077    -0.330316    -0.022597
-0.00831    -0.666009    -0.070213
-0.037312    -0.666009    -0.006988
-0.037335    -0.030305    0.003597
-0.036704    -0.380415    0.007916
-0.03694    0.043359    0.006298
-0.036926    -0.116475    0.006392
-0.037255    0.014894    0.004142
-0.04005    0.174079    0.029414
-0.076449    0.080059    0.045999
-0.001064    0.016415    -0.106013
0.049797    0.042884    -0.088915
-0.099741    0.040483    0.044468
0.099934    0.066872    -0.005726
0.050487    0.238308    -0.010934
0.050598    0.196872    -0.010173
0.021289    0.145718    -0.027923
0.024488    0.153559    -0.02571
0.026176    -0.059303    -0.024542
0.021786    -0.034413    -0.027579
0.024565    0.011095    -0.025657
0.021959    -0.108511    -0.027459
0.019982    -0.193532    -0.028827
0.018994    -0.403404    -0.029511
0.025516    -0.647358    -0.024999
0.026059    -0.62816    -0.024623
0.019982    -0.258145    -0.028827
-0.01465    -0.666009    -0.092642
-0.0255    -0.666009    -0.10395
0.006419    -0.666009    -0.074612
-0.036815    -0.666009    -0.06071
-0.034848    -0.375232    0.012579
-0.03635    0.039102    0.009312
-0.036126    -0.580152    0.0098
-0.036413    -0.577129    0.009174
-0.035749    -0.657425    0.01062
-0.041841    -0.666009    0.066183
-0.039815    -0.666009    0.061926
-0.029271    0.203874    0.038426
-0.029749    0.200895    0.038095
-0.029463    0.143414    0.038293
-0.071649    0.077405    0.05449
0.012248    0.026212    -0.102971
0.064528    0.052925    -0.076378
0.095561    0.058352    -0.037107
-0.085538    0.042637    0.062809
0.05535    0.112207    0.005814
0.051947    0.208031    -0.000939
0.028773    -0.199943    -0.021779
0.031969    0.204768    -0.018024
0.027387    -0.386446    -0.023407
0.027834    -0.364355    -0.022882
0.031401    0.166998    -0.018691
0.037409    -0.030693    -0.00308
0.036588    0.082019    -0.008705
0.036979    0.062808    -0.006028
0.03769    0.175477    -0.001155
0.036992    -0.27001    -0.005936
0.024521    -0.666009    -0.043814
-0.002773    -0.647116    -0.108247
-0.005659    -0.162246    -0.107904
-0.025814    -0.556421    -0.105512
-0.024615    -0.552781    -0.105655
-0.002991    -0.460865    -0.108221
-0.001869    -0.303858    -0.108354
-0.020157    -0.517651    -0.106184
-0.019251    -0.600772    -0.106291
-0.016344    -0.357294    -0.106636
-0.003117    -0.204683    -0.108206
-0.009595    -0.446207    -0.107437
-0.008713    -0.221068    -0.107542
0.026179    -0.53322    -0.105469
0.03093    -0.386335    -0.104905
0.028042    -0.254382    -0.105248
0.020027    -0.573945    -0.106199
0.007648    -0.645824    -0.107668
0.02295    -0.484311    -0.105852
0.021741    -0.587939    -0.105996
0.018017    -0.586968    -0.106438
0.015887    -0.562382    -0.106691
0.020135    -0.414606    -0.106186
0.008876    -0.612369    -0.107523
0.006739    -0.571316    -0.107776
-0.042783    -0.666009    -0.050978
-0.042398    -0.666009    -0.0326
-0.052773    -0.666009    -0.080315
-0.035305    -0.029479    0.011585
-0.034029    -0.197308    0.014363
-0.034691    -0.065114    0.012922
-0.033529    0.222693    0.015449
-0.035317    0.157219    0.01156
-0.041976    -0.524969    0.100844
-0.041635    -0.586204    0.100972
-0.045549    -0.464925    0.09951
-0.053912    -0.518228    0.096388
-0.053687    -0.367457    0.096472
-0.041462    -0.476388    0.101036
-0.053775    -0.474238    0.096439
-0.058991    -0.502341    0.094491
-0.036345    -0.625353    0.102947
-0.055114    -0.237016    0.095939
-0.036146    -0.612403    0.103021
-0.042854    -0.608431    0.100516
-0.027324    -0.666009    0.031543
-0.023968    0.162754    0.041433
-0.054531    0.078728    0.067588
-0.092389    -0.01359    -0.068226
-0.117716    -0.007864    -0.016908
-0.108724    0.022634    0.035557
-0.066309    0.058115    0.072472
0.095599    0.07098    0.018783
0.051491    0.142634    0.004056
0.045918    0.269663    0.021707
0.033743    -0.155177    -0.014984
0.03435    0.262516    -0.013662
0.035489    0.084542    -0.011182
0.035178    0.248267    -0.011859
0.03313    -0.335909    -0.016317
0.031581    -0.611776    -0.01848
0.028712    -0.543269    -0.021851
0.031707    -0.505221    -0.018332
0.031129    -0.154559    -0.01901
0.03016    -0.53925    -0.02015
0.029998    -0.400226    -0.02034
0.037409    -0.209916    -0.003084
0.037621    -0.178525    -0.001629
0.037645    -0.01919    -0.001465
0.037484    -0.190983    -0.002565
0.037824    -0.629814    -0.000241
0.033471    -0.542286    -0.015575
0.034508    -0.27895    -0.013317
0.034146    -0.327829    -0.014106
0.035978    -0.627791    -0.01012
0.035506    -0.610195    -0.011146
0.037627    0.203634    0.03226
-0.008891    -0.059159    -0.107521
-0.029783    -0.58592    -0.105041
-0.028054    -0.148979    -0.105246
-0.02568    -0.451995    -0.105528
-0.018082    -0.028852    -0.10643
-0.027284    -0.215773    -0.105338
-0.014765    -0.035199    -0.106824
-0.027209    -0.07172    -0.105347
-0.026452    -0.42418    -0.105437
-0.027949    -0.404613    -0.105259
-0.027117    -0.299806    -0.105358
-0.020468    -0.169417    -0.106147
0.007995    -0.208819    -0.107627
0.012434    -0.150373    -0.1071
0.014971    -0.018615    -0.106799
0.010853    -0.250297    -0.107288
0.011099    -0.409184    -0.107259
0.004028    -0.182516    -0.108098
0.009548    -0.204485    -0.107443
0.009628    -0.089539    -0.107433
0.015286    -0.188494    -0.106762
0.004209    -0.560468    -0.108076
0.005921    -0.249852    -0.107873
0.008114    -0.330864    -0.107613
0.010675    -0.148891    -0.107309
0.032023    -0.108143    -0.104559
0.047531    -0.161398    -0.09877
0.036297    -0.402911    -0.102964
0.035286    -0.398182    -0.103341
0.055785    -0.104419    -0.095688
0.055021    -0.067504    -0.095973
0.04092    -0.060129    -0.101238
0.036456    -0.186131    -0.102904
0.047693    -0.25841    -0.098709
0.048064    -0.268711    -0.098571
0.033512    -0.438664    -0.104003
0.032395    -0.1016    -0.10442
-0.062161    -0.666009    0.034361
-0.068536    -0.666009    0.033526
-0.036631    -0.445526    -0.102839
-0.034459    -0.335432    -0.10365
-0.036596    -0.2164    -0.102852
-0.052835    -0.631003    -0.09679
-0.038946    -0.651463    -0.101975
-0.036255    -0.392045    -0.102979
-0.036113    -0.380416    -0.103032
-0.05257    -0.600195    -0.096888
-0.031241    -0.542959    -0.104851
-0.039021    -0.393467    -0.101947
-0.040588    -0.66119    -0.101362
-0.037564    -0.222408    -0.102491
-0.032361    0.136663    0.017564
-0.032618    0.066203    0.017263
-0.030702    -0.092302    0.019513
-0.029035    -0.501113    0.021471
-0.030216    -0.229564    0.020084
-0.026921    -0.662881    0.023955
-0.03228    -0.427741    0.104465
-0.036662    -0.41497    0.102828
-0.032586    -0.573719    0.10435
-0.03564    -0.565008    0.10321
-0.032236    -0.156891    0.104481
-0.054217    -0.14658    0.096273
-0.03978    -0.093464    0.101664
-0.058119    -0.019849    0.094817
-0.048738    -0.121346    0.098319
-0.034088    -0.116966    0.103789
-0.048341    -0.197293    0.098467
-0.034118    -0.477677    0.103778
-0.066351    -0.061216    0.089793
-0.062884    -0.16717    0.092192
-0.062369    -0.585902    0.092548
-0.060251    -0.268861    0.094012
-0.07088    -0.276406    0.086661
-0.071283    -0.033035    0.086382
-0.067583    -0.145893    0.088941
-0.069109    -0.079758    0.087886
-0.061384    -0.259187    0.093229
-0.062844    -0.489302    0.092219
-0.066092    -0.450642    0.089973
-0.022292    -0.666009    0.072173
-0.013878    -0.666009    0.065053
-0.027363    -0.022679    0.023436
-0.030488    -0.072736    0.019765
-0.029643    -0.038384    0.020757
-0.029589    -0.014566    0.02082
-0.027757    -0.286497    0.022973
-0.014689    0.230117    0.044898
-0.021848    0.114091    0.04258
-0.056117    -0.13497    -0.095564
-0.057027    -0.300496    -0.095224
-0.04148    -0.062958    -0.101029
-0.057369    -0.270397    -0.095097
-0.050418    -0.242223    -0.097692
-0.045847    -0.204716    -0.099398
-0.052651    -0.430825    -0.096858
-0.042844    -0.086143    -0.100519
-0.058477    -0.37002    -0.094683
-0.055036    -0.408527    -0.095968
-0.058304    -0.235731    -0.094748
-0.059469    -0.490331    -0.094313
-0.017836    -0.007651    -0.106212
-0.078937    -0.343774    -0.081088
-0.083028    -0.292312    -0.078258
-0.077506    -0.388569    -0.082077
-0.079458    -0.134796    -0.080727
-0.07499    -0.059918    -0.083818
-0.08438    -0.58975    -0.077323
-0.078801    -0.335999    -0.081182
-0.067904    -0.170271    -0.088719
-0.066718    -0.066231    -0.089539
-0.072068    -0.119474    -0.085839
-0.067738    -0.156501    -0.088834
0.001028    0.000536    -0.107854
-0.085872    -0.199712    -0.075952
-0.093852    -0.345793    -0.066578
-0.091665    -0.145752    -0.069147
-0.085243    -0.504135    -0.076691
-0.102136    -0.03929    -0.056846
-0.090839    -0.404504    -0.070118
-0.085982    -0.070439    -0.075824
-0.085888    -0.517647    -0.075933
-0.096016    -0.229769    -0.064036
-0.091306    -0.06323    -0.069569
-0.092341    -0.191605    -0.068354
-0.104539    -0.122517    -0.053799
-0.110657    -0.315512    -0.040485
-0.106482    -0.47282    -0.049571
-0.109326    -0.307143    -0.043382
-0.106954    -0.359081    -0.048544
-0.111439    -0.107391    -0.038782
-0.114037    -0.085551    -0.03313
-0.107795    -0.360569    -0.046712
-0.104802    -0.494641    -0.053226
-0.109679    -0.371531    -0.042613
-0.106178    -0.205589    -0.050231
0.076797    0.039846    -0.073231
0.097419    0.043596    -0.04693
-0.056137    0.06067    0.078147
0.083607    0.083141    0.028824
0.050339    0.277388    0.011949
0.047863    0.130455    0.017473
0.049939    0.150307    0.012956
0.043982    0.128888    0.024794
0.03718    0.017237    0.004647
0.037359    0.273412    0.003424
0.037041    0.155873    0.005602
0.037793    -0.325528    0.000449
0.036903    0.185217    0.006548
0.033176    0.214573    0.035725
0.03437    0.154813    0.034899
0.048324    -0.666009    -0.066845
0.015805    -0.010652    -0.106556
0.052847    -0.337123    -0.096785
0.046237    -0.428331    -0.099253
0.047098    -0.482333    -0.098931
0.056587    -0.478828    -0.095389
0.038285    -0.509654    -0.102222
0.055966    -0.162263    -0.09562
0.048513    -0.448854    -0.098403
0.04981    -0.582366    -0.097919
0.050485    -0.634798    -0.097667
0.043008    -0.470226    -0.100458
0.058387    -0.401923    -0.094716
0.055497    -0.381496    -0.095796
-0.077037    -0.666009    -0.004392
-0.084409    -0.666009    -0.074983
-0.071578    -0.414152    0.086178
-0.074301    -0.35838    0.084294
-0.073524    -0.651295    0.084832
-0.063702    -0.63718    0.091626
-0.08485    -0.405469    0.076998
-0.074523    -0.596992    0.084141
-0.078282    -0.216609    0.081541
-0.068816    -0.618817    0.088089
-0.069002    -0.582466    0.08796
-0.071033    -0.580284    0.086555
-0.073073    -0.389814    0.085144
-0.082249    -0.206766    0.078797
-0.030843    -0.319118    0.104916
-0.022583    -0.488692    0.105896
-0.022411    -0.419551    0.105917
-0.009772    -0.501015    0.107417
-0.008262    -0.618233    0.107596
-0.022873    -0.481339    0.105862
-0.02776    -0.117814    0.105282
-0.006909    -0.637473    0.107756
-0.023239    -0.405802    0.105819
-0.021489    -0.52499    0.106026
-0.023688    -0.663264    0.105765
-0.028916    -0.239586    0.105145
-0.068135    -0.013081    0.088483
-0.0261    0.156201    0.024595
-0.022605    0.178213    0.027013
-0.025717    -0.101391    0.02486
-0.021864    0.211947    0.027525
-0.026015    -0.467721    0.024654
-0.00367    0.136019    0.046513
-0.012908    0.116358    0.045417
-0.043131    0.069736    0.079736
-0.075857    -0.654642    -0.083218
-0.073015    -0.61924    -0.085184
-0.076951    -0.50133    -0.082462
-0.065937    -0.395732    -0.09008
-0.069417    -0.534264    -0.087673
-0.062404    -0.113931    -0.092524
-0.075766    -0.449846    -0.083281
-0.063576    -0.199774    -0.091713
-0.066243    -0.628828    -0.089868
-0.073961    -0.429744    -0.08453
-0.061716    -0.131713    -0.092999
0.010376    0.000649    -0.106733
-0.102653    -0.209725    -0.056239
-0.092138    -0.604032    -0.068592
-0.103751    -0.289931    -0.054949
-0.103945    -0.433598    -0.054722
-0.097243    -0.657109    -0.062595
-0.10255    -0.292596    -0.056361
-0.090586    -0.5521    -0.070415
-0.089899    -0.522025    -0.071222
-0.094786    -0.582728    -0.065481
-0.102259    -0.343396    -0.056702
-0.101933    -0.118409    -0.057085
-0.115445    -0.248201    -0.030065
-0.108211    -0.512013    -0.045806
-0.115847    -0.421925    -0.029189
-0.111248    -0.530258    -0.039198
-0.114329    -0.543127    -0.032494
-0.114073    -0.644982    -0.033052
-0.114162    -0.245485    -0.032857
-0.114084    -0.168775    -0.033027
-0.113876    -0.290121    -0.033479
-0.109714    -0.63097    -0.042538
-0.111277    -0.393923    -0.039135
-0.112209    -0.312244    -0.037108
-0.118034    -0.353332    -0.016554
-0.118049    -0.036435    -0.016448
-0.117877    -0.130096    -0.017626
-0.116769    -0.226386    -0.025214
-0.11726    -0.511048    -0.02185
-0.118048    -0.194493    -0.016457
-0.117343    -0.033198    -0.021285
-0.117651    -0.371061    -0.019178
-0.118535    -0.166091    -0.01312
-0.117237    -0.300323    -0.022011
-0.11636    -0.335356    -0.028015
0.106985    0.038983    -0.029679
0.106864    0.046245    0.020761
0.073679    0.089921    0.037523
0.037234    -0.568586    0.004277
0.037366    -0.488729    0.003376
0.036984    -0.300702    0.005993
0.03681    -0.298061    0.00718
0.036607    0.132981    0.008575
0.057096    -0.666009    -0.036645
0.057582    -0.666009    0.079393
0.039606    -0.666009    -0.00449
0.035205    0.105977    0.011802
0.034889    0.033947    0.012489
0.036167    -0.336595    0.009708
0.033531    0.273368    0.015445
0.033343    0.25514    0.015854
0.029915    0.188347    0.03798
0.001018    -0.012604    -0.108378
0.070455    -0.163037    -0.086954
0.061743    -0.486489    -0.092981
0.076576    -0.052628    -0.082721
0.063229    -0.398062    -0.091953
0.073286    -0.130064    -0.084996
0.063662    -0.046041    -0.091653
0.064358    -0.068841    -0.091172
0.081351    -0.073557    -0.079418
0.06031    -0.233855    -0.093972
0.07943    -0.139275    -0.080747
0.06548    -0.312076    -0.090396
0.065171    -0.029492    -0.090609
-0.100611    -0.666009    0.051294
-0.095615    -0.666009    0.000931
-0.088343    -0.559479    0.073049
-0.097724    -0.59531    0.06203
-0.088483    -0.244144    0.072886
-0.086437    -0.425596    0.075289
-0.089327    -0.217181    0.071894
-0.097283    -0.609116    0.062547
-0.091013    -0.360814    0.069914
-0.091224    -0.518128    0.069666
-0.088714    -0.298347    0.072614
-0.094275    -0.588288    0.066081
-0.088901    -0.365796    0.072394
-0.072515    -0.002969    0.085021
-0.010528    -0.086877    0.107327
-0.001734    -0.043126    0.10837
-0.019955    -0.036166    0.106208
-0.023226    -0.15    0.10582
-0.000558    -0.144253    0.10851
-0.017121    -0.054407    0.106545
-0.004737    -0.369132    0.108014
-0.01237    -0.09908    0.107108
-0.005633    -0.10035    0.107908
-0.013837    -0.127452    0.106934
-0.0004    -0.412127    0.108529
-0.001884    -0.14261    0.108352
-0.022564    -0.197167    0.027041
-0.022642    -0.545896    0.026987
-0.019246    -0.311198    0.029336
-0.020846    -0.616769    0.02823
-0.022866    -0.482323    0.026833
-0.023482    -0.557743    0.026406
-0.000872    0.256266    0.046846
-0.021456    0.102174    0.061693
0.040961    0.007852    -0.099767
-0.102603    -0.666009    -0.004294
-0.107939    -0.666009    -0.044439
-0.117888    -0.55404    -0.01755
-0.1193    -0.401908    -0.007883
-0.118344    -0.570923    -0.014428
-0.118867    -0.299063    -0.010849
-0.119493    -0.269913    -0.006567
-0.119977    -0.220022    -0.003254
-0.118909    -0.320809    -0.010561
-0.119436    -0.533944    -0.006954
-0.117885    -0.555473    -0.017573
-0.12026    -0.387333    -0.001317
-0.119124    -0.375585    -0.009094
-0.105258    0.005713    0.049293
-0.059202    0.023312    0.090184
-0.051612    0.027318    0.092583
0.045769    0.112456    0.028008
0.063072    -0.666009    -0.090245
0.061276    -0.666009    -0.057989
0.066529    -0.666009    0.015921
0.028938    -0.004069    0.021585
0.032477    -0.165879    0.017428
0.032379    -0.094092    0.017543
0.030956    -0.237733    0.019215
0.02913    -0.038903    0.02136
0.033893    -0.499162    0.014657
0.033908    -0.036139    0.014625
0.033319    -0.352009    0.015906
0.03398    -0.620222    0.014468
0.034922    -0.555605    0.012416
0.019903    0.251391    0.042951
0.058256    0.008301    -0.09326
0.075234    -0.509183    -0.083649
0.066613    -0.570678    -0.089612
0.080995    -0.264837    -0.079664
0.073526    -0.433911    -0.084831
0.080831    -0.633204    -0.079778
0.071654    -0.65979    -0.086125
0.073152    -0.651439    -0.085089
0.073306    -0.563073    -0.084983
0.084815    -0.112303    -0.077022
0.060626    -0.655848    -0.093753
0.075654    -0.530396    -0.083359
0.084034    -0.009305    -0.077324
-0.096062    -0.196032    0.063982
-0.097568    -0.018489    0.062213
-0.10142    -0.191571    0.057688
-0.104249    -0.587086    0.054365
-0.099586    -0.184768    0.059843
-0.097061    -0.139365    0.062809
-0.092667    -0.125379    0.067971
-0.102001    -0.169417    0.057005
-0.098304    -0.254563    0.061348
-0.099679    -0.218919    0.059733
-0.100418    -0.067711    0.058865
-0.048967    0.007376    0.096831
0.018526    -0.622186    0.106378
0.017633    -0.419001    0.106484
0.001135    -0.455698    0.108441
0.00095    -0.060708    0.108463
0.021388    -0.510205    0.106038
0.004494    -0.471576    0.108043
0.011628    -0.600245    0.107196
0.018386    -0.650791    0.106394
0.003161    -0.167515    0.108201
0.012904    -0.609568    0.107045
0.000202    -0.577568    0.108552
0.002142    -0.285006    0.108322
-0.090336    -0.001682    0.069974
-0.015369    -0.366119    0.030884
-0.01182    -0.645331    0.032209
-0.013877    -0.243204    0.031442
-0.013205    -0.133149    0.031693
-0.011949    -0.535119    0.032161
-0.012559    0.207594    0.031934
-0.015239    0.19763    0.030933
-0.018386    -0.395251    0.029758
-0.017737    -0.30932    0.03
-0.013751    -0.128519    0.031489
-0.016164    -0.314562    0.030588
0.00164    0.252827    0.046754
0.008218    0.107356    0.057409
-0.023684    0.057348    0.092209
-0.11569    -0.009151    0.029024
-0.119531    -0.453729    0.006305
-0.118828    -0.255871    0.011118
-0.118039    -0.052868    0.016521
-0.119624    -0.330125    0.005667
-0.118659    -0.353985    0.012274
-0.117204    -0.024046    0.022232
-0.119989    -0.130597    0.003172
-0.118178    -0.091503    0.015566
-0.117154    -0.12844    0.022574
-0.120346    -0.178812    0.000724
-0.118502    -0.336422    0.013347
0.114712    0.021623    -0.013867
-0.021244    0.045991    0.096624
0.064353    0.092105    0.04587
0.039541    -0.666009    0.021642
0.069438    -0.666009    0.055431
0.068163    -0.666009    0.066358
0.028492    -0.458683    0.022109
0.028637    -0.608927    0.021939
0.02727    0.053841    0.023545
0.028353    -0.340334    0.022273
0.026778    -0.442186    0.024123
0.020618    0.183256    0.042684
0.024111    0.279935    0.038201
0.018963    0.017731    0.029532
0.021858    -0.269797    0.02753
0.020388    -0.017537    0.028546
0.026063    0.236972    0.02462
0.021883    -0.11531    0.027512
0.089494    -0.575889    -0.071698
0.097392    -0.488162    -0.06242
0.086993    -0.239862    -0.074636
0.089221    -0.586605    -0.072018
0.085619    -0.216149    -0.076249
0.088819    -0.56421    -0.072491
0.098582    -0.508864    -0.061021
0.092407    -0.478261    -0.068276
0.090292    -0.623937    -0.070761
0.093046    -0.653463    -0.067525
0.086923    -0.65055    -0.074718
0.091508    -0.396888    -0.069332
-0.108966    -0.405328    0.044165
-0.106138    -0.187411    0.050319
-0.112978    -0.655577    0.035434
-0.110547    -0.521306    0.040723
-0.106871    -0.560782    0.048722
-0.111551    -0.628545    0.038537
-0.111905    -0.491981    0.037768
-0.104719    -0.276217    0.053406
-0.105884    -0.461188    0.050871
-0.113576    -0.5505    0.034132
-0.114251    -0.622057    0.032663
-0.061744    0.007318    0.091353
0.021008    -0.316753    0.106083
0.004888    -0.017893    0.107996
0.010179    -0.168704    0.107368
0.02793    -0.156553    0.105262
0.030436    -0.189569    0.104965
0.016172    -0.314691    0.106657
0.014904    -0.280205    0.106808
0.016271    -0.087396    0.106645
0.007763    -0.112322    0.107655
0.019132    -0.026218    0.106306
0.016868    -0.112081    0.106575
0.022159    -0.284822    0.105947
0.012446    -0.666009    0.086436
0.012342    -0.666009    0.097347
-0.007129    -0.41755    0.033281
-0.001228    -0.246988    0.033981
-0.002545    -0.569072    0.033825
-0.000878    -0.406028    0.034023
-0.00058    -0.237037    0.034058
-0.000798    -0.573146    0.034032
-0.007213    -0.194245    0.033271
-0.00946    -0.318571    0.033004
-0.006974    -0.285666    0.033299
-0.009591    -0.548523    0.032989
-0.008531    0.09157    0.033114
-0.008962    -0.490425    0.033063
0.009089    0.278722    0.04587
-0.00238    0.082509    0.081488
0.10437    0.018438    -0.046936
-0.117486    -0.279226    0.020306
-0.117447    -0.346706    0.020571
-0.117892    -0.300783    0.017523
-0.116587    -0.494864    0.026456
-0.120249    -0.65307    0.001388
-0.116676    -0.548144    0.02585
-0.11711    -0.432994    0.022875
-0.117099    -0.398924    0.022952
-0.117247    -0.449118    0.021937
-0.116865    -0.366472    0.024556
-0.116605    -0.653402    0.026337
0.085152    0.048472    0.060092
0.085572    0.056888    0.054547
0.034213    -0.666009    0.095783
0.035563    -0.666009    0.093807
0.07308    -0.481733    0.085139
0.064015    -0.252995    0.091409
0.080805    -0.647149    0.079796
0.068207    -0.274523    0.088509
0.068318    -0.266151    0.088433
0.076062    -0.459141    0.083077
0.069792    -0.272195    0.087414
0.082066    -0.654    0.078923
0.082835    -0.644489    0.078391
0.066381    -0.279779    0.089773
0.083812    -0.650119    0.077716
0.06272    -0.626923    0.092305
0.096122    -0.666009    -0.035186
0.025321    -0.203273    0.025134
0.022379    -0.446391    0.027169
0.023633    -0.642175    0.026302
0.024715    -0.625299    0.025553
0.024386    -0.360748    0.025781
0.022994    -0.382423    0.026743
0.018753    0.251808    0.029621
0.014774    -0.511393    0.031106
0.011408    -0.550893    0.032363
0.016478    -0.215487    0.030471
0.017093    -0.456434    0.030241
0.01474    -0.595571    0.031119
0.103717    -0.233803    -0.05499
0.093094    -0.104975    -0.067469
0.095789    -0.03411    -0.064303
0.097499    -0.346024    -0.062293
0.100108    -0.480432    -0.059229
0.099908    -0.442128    -0.059464
0.096461    -0.379806    -0.063513
0.100893    -0.257183    -0.058307
0.099478    -0.288452    -0.05997
0.09676    -0.331389    -0.063162
0.094212    -0.234285    -0.066156
0.101561    0.00655    -0.055532
-0.110031    -0.254772    0.041846
-0.116193    -0.591572    0.028437
-0.111092    -0.156511    0.039537
-0.110097    -0.224399    0.041703
-0.115054    -0.547415    0.030914
-0.114769    -0.467581    0.031536
-0.109021    -0.183409    0.044044
-0.112201    -0.234429    0.037123
-0.110816    -0.215719    0.040139
-0.112817    -0.404759    0.035783
-0.111402    -0.076537    0.038863
0.031663    -0.628872    0.104695
0.049955    -0.462729    0.097865
0.032494    -0.481344    0.104385
0.051323    -0.530154    0.097354
0.036555    -0.554752    0.102868
0.048025    -0.580721    0.098586
0.032483    -0.441681    0.104388
0.032345    -0.250386    0.10444
0.04049    -0.464317    0.101399
0.03484    -0.163032    0.103509
0.035374    -0.139485    0.103309
0.032791    -0.266787    0.104273
0.018939    -0.666009    0.059919
0.006057    -0.401554    0.033408
0.007938    -0.57631    0.033185
0.008475    -0.489979    0.033121
0.008911    -0.132027    0.033069
0.009055    -0.312177    0.033052
0.004608    -0.211389    0.03358
0.001161    -0.451366    0.033989
0.001546    -0.404571    0.033944
0.00046    -0.510719    0.034072
0.004038    0.038953    0.033648
0.00575    -0.059129    0.033445
0.001845    0.084603    0.080169
0.118931    0.005675    -0.00182
0.009655    0.03213    0.101896
0.053477    0.079725    0.067495
0.082911    -0.062459    0.078339
0.071099    -0.175023    0.086509
0.075811    -0.324735    0.08325
0.065972    -0.116903    0.090056
0.070427    -0.046526    0.086974
0.07979    -0.205022    0.080498
0.06844    -0.136519    0.088349
0.071328    -0.0382    0.086351
0.076483    -0.307974    0.082785
0.070233    -0.215455    0.087108
0.066178    -0.100461    0.089913
0.079973    -0.155672    0.080371
0.047761    -0.056226    0.098684
0.03757    -0.155086    0.102489
0.051232    -0.416104    0.097388
0.051471    -0.131937    0.097299
0.052724    -0.280157    0.096831
0.045332    -0.191939    0.099591
0.059794    -0.504121    0.094191
0.056189    -0.546138    0.095537
0.040078    -0.10468    0.101553
0.046864    -0.240197    0.099019
0.060076    -0.138421    0.094086
0.045229    -0.279574    0.09963
0.094416    -0.666009    0.054471
0.01375    -0.161057    0.031489
0.012646    0.027299    0.031901
0.010764    -0.263741    0.032604
0.013675    -0.236639    0.031517
0.016244    0.118005    0.030558
0.011318    -0.10109    0.032397
0.105297    -0.609418    -0.05215
0.104707    -0.430153    -0.053433
0.110166    -0.423385    -0.041553
0.10656    -0.317047    -0.049401
0.109443    -0.571788    -0.043126
0.11021    -0.426858    -0.041457
0.113551    -0.598421    -0.034186
0.110685    -0.48654    -0.040424
0.110708    -0.49863    -0.040373
0.109764    -0.510974    -0.042428
0.115246    -0.659139    -0.030497
0.112741    0.001181    -0.034222
0.021267    0.046608    0.096416
0.107321    0.022778    0.038546
0.021321    0.013549    0.104101
0.071098    -0.014656    0.086501
0.089539    -0.388993    0.071645
0.092431    -0.120871    0.068247
0.088917    -0.040075    0.072375
0.093823    -0.295793    0.066613
0.086369    -0.428983    0.075369
0.08719    -0.269795    0.074405
0.094986    -0.329097    0.065246
0.087289    -0.152479    0.074288
0.086044    -0.520196    0.075751
0.099707    -0.148269    0.0597
0.099149    -0.08156    0.060355
0.094775    -0.411865    0.065494
0.09792    -0.607355    0.061799
0.094441    -0.414691    0.065887
0.097066    -0.332665    0.062803
0.093528    -0.55104    0.066959
0.101029    -0.491209    0.058147
0.091761    -0.463792    0.069035
0.101816    -0.663692    0.057222
0.102393    -0.615081    0.056544
0.103437    -0.464022    0.055318
0.089062    -0.539622    0.072205
0.097831    -0.613135    0.061904
0.106784    -0.666009    0.00872
0.110124    -0.058592    -0.041645
0.112787    -0.029996    -0.035849
0.112152    -0.428837    -0.037232
0.110447    -0.145031    -0.040942
0.1086    -0.061742    -0.044962
0.114779    -0.511089    -0.031515
0.113393    -0.312248    -0.03453
0.116331    -0.088689    -0.028137
0.107757    -0.107309    -0.046796
0.116311    -0.278322    -0.02818
0.113593    -0.503653    -0.034096
0.041661    0.055981    0.087039
0.117019    0.003638    0.016509
0.050008    0.014234    0.095639
0.047065    -0.003687    0.098533
0.106619    -0.159952    0.049272
0.111824    -0.121149    0.037944
0.109397    -0.124426    0.043225
0.111535    -0.104548    0.038573
0.10979    -0.083543    0.042371
0.109191    -0.308238    0.043675
0.105564    -0.224935    0.051568
0.107707    -0.109457    0.046903
0.107817    -0.325871    0.046665
0.105529    -0.463254    0.051644
0.105319    -0.170031    0.052101
0.119556    -0.645081    -0.006134
0.116948    -0.518955    -0.023989
0.117029    -0.447958    -0.02343
0.119662    -0.563832    -0.005405
0.117141    -0.449605    -0.022664
0.11791    -0.582756    -0.017399
0.117617    -0.52887    -0.019407
0.118329    -0.591882    -0.014533
0.11836    -0.452421    -0.014322
0.118887    -0.444119    -0.010714
0.118256    -0.353016    -0.015032
0.118449    -0.013621    -0.013384
0.117206    -0.001555    0.018759
0.046589    0.008757    0.097565
0.113913    -0.2763    0.033398
0.114754    -0.375453    0.031568
0.106474    -0.588001    0.049587
0.113043    -0.26155    0.035291
0.111644    -0.277523    0.038335
0.110557    -0.493654    0.040702
0.109949    -0.520662    0.042024
0.112307    -0.636791    0.036892
0.110139    -0.511227    0.041612
0.115249    -0.568457    0.030491
0.112445    -0.53199    0.036593
0.119405    -0.666009    -0.006888
0.118623    -0.056027    -0.01252
0.118606    -0.187183    -0.012637
0.11848    -0.137076    -0.013501
0.119946    -0.017885    -0.003466
0.117726    -0.158635    -0.01866
0.118774    -0.241207    -0.011488
0.117859    -0.215715    -0.017752
0.118194    -0.169027    -0.01546
0.119313    -0.14666    -0.007801
0.118111    -0.116022    -0.016028
0.117194    -0.064909    -0.022304
0.10522    0.009362    0.048399
0.118865    -0.226335    0.010861
0.117083    -0.452961    0.023064
0.116944    -0.3512    0.024013
0.117377    -0.035826    0.021049
0.118261    -0.186088    0.014998
0.11896    -0.020323    0.01021
0.118463    -0.221769    0.013615
0.117182    -0.49695    0.022387
0.117825    -0.200415    0.017981
0.116608    -0.590382    0.026317
0.120274    -0.035178    0.00122
0.115864    -0.008174    0.028558
0.119726    -0.229486    0.004971
0.119054    -0.508926    0.009573
0.120291    -0.335359    0.0011
0.120278    -0.535376    0.001189
0.120058    -0.343162    0.002694
0.119305    -0.544076    0.007852
0.118214    -0.570248    0.015323
0.117786    -0.497582    0.018249
0.117441    -0.55879    0.020609
0.119884    -0.507136    0.003885
0.117959    -0.602381    0.017068
