0.224953    -0.440883    0.102808
0.240813    -0.451949    0.002213
0.226256    -0.440883    0.00808
0.220796    -0.447281    -0.101345
0.194147    -0.473649    0.102748
0.20003    -0.440883    0.052176
0.198524    -0.465518    -0.108909
0.229922    0.166475    -0.050271
0.207479    0.168027    0.111552
0.194412    -0.451737    0.139534
0.1945    -0.440883    -0.125627
0.188206    -0.440883    0.070571
0.190264    -0.440883    -0.020023
0.241676    0.157994    -0.002994
0.208784    0.198466    -0.058911
0.202554    0.198627    0.075396
0.185182    0.179556    0.131479
0.168351    0.152377    0.176168
0.159538    -0.440883    0.168322
0.137774    -0.440883    0.157002
0.175687    -0.440883    0.08181
0.190992    0.19736    -0.102374
0.174523    -0.461312    -0.14774
0.15322    -0.456339    0.177521
0.119127    0.182219    0.192317
0.14312    -0.440883    0.084493
0.157751    -0.440883    -0.185066
0.137781    -0.440883    -0.192586
0.180222    0.188726    -0.126786
0.135291    -0.448507    -0.198228
0.195729    0.22131    0.08461
0.185615    -0.487266    0.115519
0.110556    -0.440883    0.209333
0.118973    -0.440883    -0.145238
0.105869    -0.440883    0.220606
0.121177    -0.440883    0.061727
0.176719    0.167761    -0.15135
0.136883    -0.474146    -0.166292
0.201257    0.224495    -0.054035
0.090362    -0.447501    0.224423
0.090765    0.201694    0.192333
0.072671    -0.440883    -0.196256
0.082363    -0.440883    0.131246
0.098639    -0.440883    -0.081158
0.082493    -0.440883    0.055553
0.133842    0.144376    -0.206151
0.1555    0.180681    -0.16303
0.130467    -0.488348    -0.171117
0.19351    0.224495    0.010192
0.092816    -0.462    0.208231
0.04789    0.188131    0.214898
0.031404    -0.440883    0.18304
0.058676    -0.440883    0.119607
0.058773    -0.440883    0.227483
0.067563    -0.440883    0.139025
0.06675    -0.440883    -0.011993
0.108876    0.192334    -0.188684
0.17941    0.224495    -0.090534
0.108296    -0.489016    -0.166774
0.193096    0.212121    0.007332
0.055828    -0.454647    0.228406
0.009238    -0.449816    0.239692
0.041857    -0.440883    -0.161202
0.038994    -0.440883    -0.11133
0.012787    -0.440883    0.045849
0.004664    -0.440883    -0.120515
0.054622    -0.440883    -0.192833
0.058302    0.190057    -0.21033
0.134962    0.224495    -0.153217
0.158759    -0.474067    -0.106569
0.074836    -0.482005    -0.200566
0.189335    0.201515    -0.037532
0.098837    0.218708    0.164597
0.143883    -0.48674    0.141743
-0.05003    0.141231    0.24176
0.005093    -0.440883    0.134657
-0.027002    -0.440883    0.161419
-0.047853    -0.440883    0.164662
0.001571    -0.440883    0.134378
-0.005873    -0.440883    0.013117
0.017719    0.216966    -0.207261
0.168369    -0.474067    0.087316
0.155109    -0.474067    0.110034
0.131927    -0.474067    -0.001409
0.1342    -0.474067    -0.129843
0.191842    0.19859    -0.022476
0.16725    0.19859    -0.010377
-0.006078    -0.477667    0.214986
-0.036431    -0.459937    0.224975
-0.057993    -0.440883    -0.207607
-0.047626    -0.440883    0.133371
-0.055726    -0.440883    -0.168599
-0.044983    -0.440883    -0.105687
-0.043434    -0.440883    -0.033746
-0.006678    0.180668    -0.221468
0.093513    0.208744    -0.165264
0.108112    -0.474067    0.116585
0.10621    -0.474067    -0.139038
0.02351    -0.489695    -0.210116
0.174558    0.19859    -0.052016
0.139589    0.19859    -0.004888
0.131443    0.19859    -0.030802
0.09798    0.19859    0.060295
0.076561    0.19859    0.131952
0.083708    0.19859    0.104061
0.001775    -0.489695    0.201045
0.073542    -0.474067    0.064081
0.086897    -0.474067    0.074716
0.070772    -0.474067    0.060117
-0.075474    0.146129    0.230418
-0.084696    -0.440883    0.045583
-0.079205    -0.440883    -0.088963
-0.081926    -0.440883    0.227645
-0.065756    -0.440883    0.041854
-0.049522    0.141786    -0.238601
-0.027076    0.224495    -0.201061
-0.018861    -0.480301    -0.211067
0.085394    -0.474067    -0.007425
0.098059    -0.474067    -0.133566
-0.018317    -0.463589    -0.221317
0.108745    0.19859    -0.139935
0.110373    0.19859    0.051281
0.05388    0.19859    -0.058275
0.034422    0.208976    0.188387
0.014813    -0.474067    0.194107
0.00844    -0.474067    0.166171
0.020392    -0.474067    0.067457
0.042309    -0.474067    -0.122099
0.043102    -0.474067    -0.080438
0.04408    -0.474067    0.024381
-0.078959    -0.45693    0.215515
-0.085532    0.194199    0.19575
-0.081461    -0.440883    -0.17788
-0.098705    -0.440883    -0.148861
-0.086384    -0.440883    -0.133602
-0.10178    -0.440883    -0.129759
-0.064493    0.219334    -0.196088
0.047018    0.19859    -0.116058
-0.058403    -0.46374    -0.214802
0.059554    0.19859    0.034609
-0.008167    0.220189    0.189807
-0.012568    -0.474067    -0.169992
-0.038841    -0.474067    -0.181508
0.002374    -0.474067    0.19402
-0.024108    -0.474067    -0.074347
-0.120325    0.153876    0.205022
-0.127607    -0.440883    -0.00828
-0.131229    -0.440883    0.059934
-0.122618    -0.440883    -0.051379
-0.080791    -0.442569    -0.227389
-0.111362    0.155329    -0.207074
0.013844    0.19859    -0.175541
-0.000281    -0.487219    -0.196025
-0.069574    -0.475424    0.183083
-0.045374    -0.474067    0.133376
-0.021144    -0.474067    0.120461
-0.033589    -0.474067    0.007222
-0.135442    -0.483739    0.141107
-0.144036    -0.440883    -0.124786
-0.163441    -0.440883    -0.091506
-0.167924    -0.440883    0.000845
-0.120127    0.146359    -0.208985
-0.072438    0.219652    -0.172068
-0.031063    0.19859    -0.171068
0.029126    0.19859    0.179324
-0.041304    0.222719    0.184304
-0.085369    -0.474067    0.014964
-0.089868    -0.474067    -0.108415
-0.091012    -0.474067    -0.109669
-0.085815    -0.474067    -0.165687
-0.048579    -0.474067    -0.129272
-0.060308    -0.482975    -0.184368
-0.17221    0.163911    0.15183
-0.174159    -0.440883    0.110408
-0.188656    -0.440883    0.012823
-0.134288    -0.452589    -0.187465
-0.137033    0.173486    -0.175394
-0.098552    0.19859    -0.121338
-0.020821    0.19859    -0.13667
-0.004458    0.19859    0.146588
-0.109336    -0.474067    0.086848
-0.107206    -0.474067    0.133787
-0.10501    -0.474067    -0.047869
-0.096286    -0.474067    -0.102904
-0.184004    -0.442508    0.155983
-0.176376    0.20126    0.110717
-0.196612    -0.440883    -0.11683
-0.156457    -0.464014    -0.156027
-0.155507    0.193757    -0.142638
-0.063552    0.19859    -0.022714
-0.012078    0.19859    -0.108834
-0.016215    0.19859    0.148088
-0.170838    0.221197    0.11563
-0.158079    -0.474067    -0.081368
-0.198572    -0.462494    0.097663
-0.140718    -0.474067    0.12399
-0.214059    0.158856    0.087713
-0.21402    -0.440883    0.087327
-0.151882    -0.474375    -0.146033
-0.153264    0.223687    -0.13603
-0.130485    0.19859    -0.058839
-0.119811    0.19859    -0.075072
-0.048071    0.19859    0.12453
-0.205789    -0.457596    0.092729
-0.175553    -0.474067    0.020739
-0.221737    0.157715    0.071396
-0.201149    -0.456149    -0.105732
-0.212163    0.164654    -0.080604
-0.109741    0.19859    0.081265
-0.139463    0.19859    0.080423
0.013316    0.19859    -0.035134
-0.12564    0.203271    0.137972
-0.208814    -0.47587    0.01755
-0.183747    0.204491    0.091556
-0.238375    -0.440883    -0.033757
-0.17171    -0.489695    -0.092988
-0.165894    0.204291    -0.081204
-0.161005    0.19859    -0.083226
-0.147563    0.210002    0.115532
-0.202479    -0.489695    -0.01267
-0.23456    0.154203    0.008514
-0.204796    -0.484825    -0.046223
-0.204265    0.204752    -0.009975
-0.160923    0.19859    0.030031
-0.220833    -0.463399    0.000657
-0.18566    0.224495    -0.01361
-0.177402    0.210251    -0.048921
-0.184083    0.210851    -0.015459
0.002956    0.19859    0.02479
0.24176    -0.440883    -0.050303
0.24865    -0.133133    -0.024446
0.24977    -0.105965    -0.016532
0.251793    0.045812    -0.002245
0.245227    -0.346131    -0.048624
0.246328    -0.262312    -0.040842
0.24994    -0.429455    -0.015335
0.244424    -0.415518    -0.054291
0.246834    -0.343313    -0.037274
0.244483    -0.394147    -0.053879
0.251506    -0.38067    -0.004271
0.250423    -0.436014    -0.01192
0.251216    0.026948    -0.00632
0.247533    -0.113179    0.035031
0.248555    -0.326761    0.026638
0.24505    -0.234038    0.055433
0.24568    -0.165422    0.050256
0.245371    -0.232645    0.052795
0.24763    -0.339638    0.034237
0.245197    -0.258934    0.054229
0.244435    -0.048383    0.060484
0.24825    -0.324923    0.029145
0.244375    -0.151498    0.060976
0.247308    -0.359442    0.036882
0.244751    -0.37189    0.057886
0.222254    -0.447047    0.101407
0.222536    -0.401577    0.116566
0.224402    -0.119189    0.111931
0.224721    -0.237496    0.111141
0.238761    -0.336989    0.076286
0.230655    -0.393662    0.096409
0.226698    -0.16001    0.106232
0.232154    -0.332156    0.092689
0.222367    -0.193063    0.116983
0.231432    -0.227321    0.094482
0.220894    -0.417538    0.120641
0.241394    -0.404201    0.069749
0.224332    -0.440883    -0.011526
0.230418    -0.458782    -0.030483
0.246997    0.096622    -0.036117
0.247527    -0.125329    -0.032375
0.246119    0.047376    -0.042319
0.24384    -0.334144    -0.058418
0.248111    0.005631    -0.028251
0.245871    -0.245122    -0.044075
0.246673    -0.03401    -0.038409
0.248507    -0.027855    -0.025457
0.248227    0.114015    -0.027432
0.243306    -0.358604    -0.06219
0.245662    0.006096    -0.045549
0.247784    -0.007073    -0.030563
0.250331    -0.181611    0.012049
0.25178    -0.112861    0.000143
0.24882    0.008363    0.024461
0.247539    0.010455    0.034984
0.248514    0.050014    0.02697
0.251229    0.129381    0.00467
0.251494    -0.174353    0.00249
0.251839    0.031594    -0.000347
0.250821    -0.045551    0.008023
0.250225    0.068213    0.012914
0.247408    -0.009468    0.036063
0.250972    0.037114    0.006777
0.242398    -0.139255    0.067256
0.230787    0.105006    0.09608
0.232434    0.135025    0.091993
0.225698    0.068549    0.108714
0.229417    0.072527    0.099483
0.238388    -0.292747    0.077211
0.239339    0.010145    0.074851
0.240737    -0.344266    0.07138
0.235064    0.036828    0.085465
0.23947    -0.277936    0.074527
0.23945    0.124704    0.074575
0.225753    0.066974    0.108579
0.192597    0.097818    0.159308
0.204895    -0.04675    0.142953
0.203449    -0.036159    0.144876
0.19863    0.046897    0.151284
0.19055    0.049651    0.162031
0.217706    -0.197559    0.125915
0.195863    -0.042053    0.154965
0.204075    -0.007174    0.144044
0.218391    -0.164552    0.125004
0.217884    -0.328245    0.125679
0.205756    0.054815    0.141807
0.197453    0.136198    0.15285
0.218799    -0.440883    0.119281
0.215934    -0.440883    0.062489
0.229278    -0.292862    -0.097123
0.230311    -0.308559    -0.094698
0.234324    -0.405578    -0.08527
0.226902    -0.24754    -0.102705
0.230783    -0.439717    -0.093589
0.239875    -0.325345    -0.07223
0.231307    -0.317976    -0.092356
0.242389    -0.325635    -0.066325
0.241939    0.106774    -0.067382
0.227705    -0.434722    -0.100819
0.233265    -0.231806    -0.087758
0.230469    -0.346381    -0.094326
0.238686    0.152682    -0.046496
0.240656    0.149221    0.052397
0.202671    -0.452942    0.126622
0.183608    -0.209858    0.171262
0.204424    -0.406659    0.143579
0.197598    -0.301091    0.152657
0.198663    -0.401049    0.15124
0.20579    -0.417542    0.141762
0.195746    -0.378087    0.15512
0.198487    -0.297375    0.151475
0.194844    -0.396079    0.156319
0.183445    -0.418918    0.171479
0.18673    -0.015356    0.167111
0.196939    -0.331884    0.153533
0.195174    -0.176913    0.15588
0.187052    0.170331    0.138061
0.198763    -0.440883    -0.026717
0.195719    -0.440883    -0.048851
0.219988    0.079619    -0.118946
0.226666    0.05904    -0.103259
0.227429    -0.127673    -0.101468
0.222674    -0.054917    -0.112637
0.218321    -0.163289    -0.12286
0.222928    -0.202729    -0.112041
0.228537    -0.040699    -0.098865
0.226517    0.135827    -0.10361
0.220958    -0.039634    -0.116668
0.219114    -0.026486    -0.120998
0.218582    -0.04696    -0.122248
0.226697    -0.100566    -0.103185
0.229416    0.175037    -0.01776
0.200835    0.199349    -0.076253
0.226809    0.166719    0.065633
0.17678    0.196754    0.125748
0.169129    -0.193571    0.183932
0.163242    -0.337187    0.188542
0.164151    -0.281278    0.18783
0.162493    -0.165366    0.189128
0.145252    -0.300943    0.202627
0.15622    -0.281234    0.19404
0.177354    0.007794    0.177493
0.145204    -0.396006    0.202665
0.175851    0.038722    0.178669
0.142916    -0.394942    0.204456
0.163525    -0.294748    0.18832
0.169086    -0.255519    0.183966
0.155701    0.162632    0.178377
0.150256    -0.440883    0.074772
0.162995    -0.440883    -0.053585
0.155937    -0.440883    0.150964
0.201336    -0.322647    -0.145349
0.215074    -0.110301    -0.127803
0.212559    -0.261912    -0.131014
0.199044    -0.367023    -0.148276
0.1861    -0.403363    -0.164807
0.20715    -0.391961    -0.137923
0.193814    -0.291222    -0.154955
0.186896    -0.420413    -0.163791
0.196378    -0.376347    -0.151681
0.197753    -0.250302    -0.149925
0.205429    -0.357635    -0.140122
0.217224    0.167456    -0.085861
0.177917    -0.48126    -0.123518
0.209533    0.216441    0.042616
0.173976    -0.477245    0.130997
0.138634    0.059198    0.207809
0.164027    0.071903    0.187927
0.149616    -0.047298    0.19921
0.151215    0.031174    0.197958
0.146613    -0.050631    0.201562
0.154216    -0.024454    0.195609
0.145487    -0.167295    0.202443
0.152106    -0.012847    0.197261
0.14999    0.131847    0.198918
0.142578    0.079245    0.204721
0.139966    -0.187656    0.206766
0.154919    0.118024    0.195058
0.134948    -0.440883    -0.17436
0.133974    -0.440883    -0.119099
0.162602    -0.440883    -0.120562
0.130661    -0.440883    0.193396
0.201475    -0.060811    -0.145171
0.182146    0.140186    -0.169858
0.208052    0.07744    -0.136771
0.182945    -0.344151    -0.168837
0.207241    0.063814    -0.137807
0.192599    -0.054775    -0.156508
0.187939    -0.238076    -0.162459
0.182051    -0.02259    -0.16998
0.183304    -0.086596    -0.168379
0.197007    0.046486    -0.150877
0.178626    -0.089857    -0.174353
0.198479    -0.09477    -0.148998
0.185957    -0.489695    -0.109795
0.186385    0.216148    -0.103917
0.16531    -0.485259    0.142522
0.085959    -0.35407    0.233211
0.110793    -0.266188    0.222639
0.105125    -0.313261    0.225052
0.109531    -0.182146    0.223176
0.126056    -0.273708    0.216141
0.124385    -0.395027    0.216852
0.125934    -0.203115    0.216193
0.119923    -0.033388    0.218752
0.103122    -0.269332    0.225904
0.124631    -0.015741    0.216748
0.12443    -0.12902    0.216833
0.106545    0.152492    0.217207
0.111683    -0.440883    0.116982
0.10275    -0.440883    0.201248
0.126639    -0.440883    -0.150305
0.116451    -0.440883    -0.116489
0.143365    -0.435629    -0.201327
0.1452    -0.234963    -0.199947
0.135876    -0.406405    -0.206958
0.128145    0.06292    -0.21277
0.134603    -0.177611    -0.207915
0.131653    -0.04515    -0.210133
0.171701    -0.40621    -0.18002
0.131288    -0.052101    -0.210408
0.149437    -0.377863    -0.196761
0.140933    -0.352192    -0.203155
0.130258    -0.358947    -0.211182
0.133854    -0.198387    -0.208478
0.176023    0.109958    -0.17677
0.160763    0.105346    -0.188244
0.132835    0.113853    -0.209244
0.1712    -0.166848    -0.180396
0.168631    -0.001438    -0.182329
0.15628    0.075425    -0.191616
0.170379    -0.337101    -0.181014
0.161829    -0.218315    -0.187443
0.168013    -0.194498    -0.182793
0.157225    -0.102948    -0.190905
0.17033    -0.226984    -0.181051
0.164932    -0.076247    -0.18511
0.17856    0.209816    -0.114737
0.135036    -0.460056    -0.184531
0.183235    0.224495    0.110259
0.171127    -0.489695    0.130003
0.073551    0.021975    0.238494
0.097872    -0.012205    0.22814
0.094985    0.032045    0.229369
0.077458    -0.345669    0.23683
0.071254    -0.235638    0.239471
0.078818    0.042865    0.236252
0.108585    0.083473    0.223579
0.073361    0.051185    0.238574
0.074657    -0.118395    0.238023
0.072152    -0.290003    0.239089
0.072582    0.135358    0.238906
0.074598    0.200405    0.200043
0.080061    -0.440883    -0.032045
0.086545    -0.440883    -0.218526
0.084559    -0.440883    0.012028
0.098658    -0.440883    -0.081176
0.103096    0.021356    -0.22357
0.09744    0.096207    -0.225849
0.082877    0.117373    -0.231715
0.104083    -0.161387    -0.223173
0.099452    0.061427    -0.225038
0.098608    -0.159297    -0.225378
0.076003    0.12218    -0.234484
0.109649    0.016339    -0.220931
0.091533    0.09423    -0.228228
0.120053    -0.357031    -0.216739
0.106353    -0.211096    -0.222258
0.076321    0.085615    -0.234356
0.126955    0.161528    -0.198652
0.15401    0.177047    -0.166837
0.133499    -0.485149    -0.168837
0.198362    0.224495    -0.0091
0.08101    -0.453042    0.222615
0.057455    -0.42027    0.241538
0.039324    -0.270773    0.244105
0.065818    -0.14564    0.240354
0.067716    -0.227157    0.240086
0.059672    -0.012314    0.241224
0.067088    -0.371046    0.240174
0.043011    -0.33752    0.243583
0.050152    -0.412198    0.242572
0.057377    -0.337046    0.241549
0.034142    -0.327876    0.244839
0.063281    -0.284011    0.240713
0.025923    -0.360865    0.246002
0.047877    0.16759    0.227157
0.047608    -0.440883    0.102534
0.040478    -0.440883    0.138861
0.033461    -0.440883    0.067762
0.06495    -0.440883    0.083018
0.085038    -0.435911    -0.230845
0.081655    -0.058587    -0.232207
0.080374    -0.269258    -0.232723
0.070659    -0.063563    -0.236637
0.088486    -0.361296    -0.229456
0.071289    0.062367    -0.236383
0.115785    -0.439183    -0.218459
0.112737    -0.321064    -0.219687
0.119676    -0.431666    -0.216891
0.075589    0.026528    -0.234651
0.072451    -0.38939    -0.235915
0.068747    -0.013323    -0.237407
0.086096    0.146145    -0.227279
0.072845    0.197767    -0.199737
0.184414    -0.474067    -0.058923
0.069691    -0.467511    -0.209433
0.171569    0.22123    0.089235
0.075964    -0.481938    0.202798
0.029044    0.039061    0.24556
0.043097    0.020918    0.243571
0.035727    0.068375    0.244614
0.027424    -0.141925    0.24579
0.00996    -0.189702    0.248262
0.032113    0.005539    0.245126
0.021565    0.042347    0.246619
0.037467    -0.097459    0.244368
0.035712    0.04161    0.244616
0.022016    0.060132    0.246555
0.04145    -0.105683    0.243804
0.025261    -0.176331    0.246096
0.029431    0.183025    0.220559
0.049338    -0.440883    -0.109735
0.004276    -0.440883    -0.155373
0.046863    -0.440883    -0.092928
0.055367    -0.440883    -0.224197
0.009795    -0.440883    -0.016327
0.04895    -0.053903    -0.240536
0.031473    0.073864    -0.242663
0.026857    0.012101    -0.243225
0.038881    0.046242    -0.241762
0.047158    -0.042016    -0.240754
0.031082    0.030937    -0.242711
0.043714    0.010607    -0.241173
0.039555    0.015052    -0.24168
0.037432    -0.083051    -0.241938
0.02489    0.069895    -0.243465
0.06521    0.077656    -0.238557
0.004492    0.119395    -0.245947
0.099115    0.209887    -0.185495
0.176615    -0.474067    0.006642
0.165794    -0.474067    0.021192
0.054303    -0.465959    -0.215603
0.150201    0.211939    0.122473
0.127236    -0.487414    0.154545
-0.022268    -0.285234    0.245148
-0.043188    -0.322495    0.242602
-0.017683    -0.418577    0.245706
-0.017473    -0.085657    0.245732
-0.00509    -0.266215    0.247239
-0.001236    -0.304715    0.247708
-0.020501    -0.216886    0.245363
-0.015626    -0.096668    0.245957
-0.016004    -0.258373    0.245911
-0.000182    -0.237241    0.247836
-0.029058    -0.274886    0.244322
-0.010274    -0.114198    0.246608
-0.003243    0.185112    0.22134
-0.005945    -0.440883    -0.112555
0.002831    -0.440883    0.068852
-0.023266    -0.440883    0.189957
-0.043359    -0.440883    0.212519
-0.001036    -0.440883    0.193766
0.052866    -0.394142    -0.240059
0.008328    -0.107972    -0.24548
0.005824    -0.081654    -0.245785
0.006236    -0.182744    -0.245735
0.031735    -0.129564    -0.242632
0.056165    -0.379783    -0.239658
0.002936    -0.177217    -0.246137
0.003922    -0.427309    -0.246017
0.011411    -0.038325    -0.245105
0.040958    -0.338237    -0.241509
0.007979    0.008067    -0.245523
0.014369    0.17115    -0.22693
0.017236    0.221242    -0.20732
0.147448    -0.474067    -0.070807
0.152568    -0.474067    0.033676
0.144242    -0.474067    -0.102627
0.127762    -0.474067    -0.046524
0.180821    0.19859    0.036238
0.164063    0.19859    0.019859
0.048757    -0.489695    0.207809
-0.040706    -0.157616    0.242904
-0.037921    -0.048562    0.243243
-0.054077    -0.241848    0.241276
-0.038551    -0.270992    0.243166
-0.036951    -0.204592    0.243361
-0.057019    -0.084153    0.240918
-0.034883    -0.053041    0.243613
-0.052727    -0.151269    0.241441
-0.031422    0.062357    0.244034
-0.026182    -0.110111    0.244672
-0.042165    -0.159412    0.242726
-0.053328    0.125598    0.241368
-0.04371    0.193905    0.211181
-0.058563    -0.440883    -0.210402
-0.028217    -0.440883    -0.164428
-0.025269    -0.440883    -0.078536
0.00115    -0.440883    -0.24356
-0.042109    -0.440883    -0.20434
-0.016574    0.046745    -0.243606
-0.029075    -0.117739    -0.241836
-0.005759    0.053144    -0.245138
-0.007265    -0.037666    -0.244924
-0.008887    -0.306123    -0.244695
-0.018406    0.119583    -0.243347
-0.005607    0.045569    -0.245159
-0.035213    -0.026733    -0.240967
-0.047179    0.087493    -0.239273
-0.001696    -0.209755    -0.245713
-0.034994    0.040772    -0.240998
-0.00293    0.033584    -0.245538
0.07478    0.224495    -0.178678
0.135557    -0.474067    0.089773
0.11718    -0.474067    0.037902
0.115729    -0.474067    0.108772
0.174801    0.19859    0.007024
0.154345    0.19859    -0.035997
0.141559    0.19859    0.018583
0.136691    0.19859    0.041995
0.107503    0.19859    0.103702
0.086864    0.19859    0.044777
0.039636    0.224495    0.195391
0.088586    -0.474067    0.178097
0.065981    -0.474067    0.169936
0.093712    -0.474067    0.173841
-0.074734    -0.328155    0.233845
-0.059409    -0.193528    0.240019
-0.087402    -0.403521    0.228742
-0.071112    -0.342944    0.235305
-0.059048    -0.343532    0.240164
-0.075655    -0.396417    0.233475
-0.073969    -0.107409    0.234154
-0.061247    -0.272863    0.239278
-0.093703    -0.399659    0.226204
-0.065366    -0.33682    0.237619
-0.06105    -0.186809    0.239358
-0.099993    -0.275738    0.223671
-0.090267    0.155939    0.218212
-0.108943    -0.440883    0.183686
-0.064188    -0.440883    0.072886
-0.083776    -0.440883    -0.050356
-0.087057    -0.440883    0.142429
-0.080172    -0.440883    -0.085285
-0.029587    -0.213109    -0.241764
-0.050832    -0.236499    -0.238756
-0.035773    -0.405455    -0.240888
-0.026497    -0.247017    -0.242201
-0.060706    -0.244926    -0.237358
-0.023356    -0.380461    -0.242646
-0.039979    -0.134858    -0.240293
-0.053705    -0.091398    -0.238349
-0.034068    -0.310565    -0.241129
-0.018044    -0.421695    -0.243398
-0.013203    -0.333625    -0.244084
-0.03482    0.181222    -0.217152
-0.01141    0.224495    -0.193218
-0.011125    -0.477568    -0.212162
0.087756    -0.474067    -0.063096
0.090148    -0.474067    -0.057008
-0.037099    -0.464565    -0.217709
0.11867    0.19859    -0.052733
0.112726    0.19859    -0.10115
0.074412    0.19859    0.099743
0.051078    0.208327    0.184043
0.029455    -0.474067    0.19097
0.011357    -0.474067    -0.017805
0.016225    -0.474067    -0.03505
0.047128    -0.474067    0.104784
0.051666    -0.474067    0.034887
0.041421    -0.474067    -0.122687
-0.108006    -0.348173    0.220443
-0.102177    -0.03782    0.222791
-0.080634    -0.022107    0.231469
-0.11638    0.0555    0.21707
-0.108073    -0.275235    0.220416
-0.110138    -0.179539    0.219584
-0.081286    0.002969    0.231206
-0.095654    -0.201322    0.225419
-0.105448    -0.172164    0.221473
-0.113705    -0.298859    0.218147
-0.094433    -0.029485    0.22591
-0.076601    0.076416    0.233093
-0.070186    -0.450325    0.225893
-0.089496    0.166148    0.21202
-0.078554    -0.440883    -0.148994
-0.081529    -0.440883    -0.103199
-0.092336    -0.440883    -0.075437
-0.083406    -0.440883    -0.131304
-0.06267    -0.012898    -0.236865
-0.094784    0.111795    -0.223193
-0.062406    -0.289613    -0.236977
-0.091043    -0.092138    -0.224786
-0.062758    -0.303957    -0.236827
-0.078332    0.009803    -0.230197
-0.09618    0.096951    -0.222599
-0.070544    -0.180329    -0.233513
-0.067165    -0.244519    -0.234951
-0.087381    -0.044375    -0.226345
-0.066661    -0.20933    -0.235166
-0.05997    0.184133    -0.210457
0.006549    0.214425    -0.187425
0.058539    0.19859    -0.166231
0.049922    0.19859    -0.06221
0.057141    0.19859    0.137593
-0.082126    0.205844    0.191189
5.4e-05    -0.474067    -0.125187
-0.016095    -0.474067    -0.07693
-0.022889    -0.474067    -0.088392
-0.139875    -0.400479    0.19968
-0.132751    -0.070818    0.205036
-0.128176    -0.369953    0.208476
-0.168135    -0.43438    0.178431
-0.13427    -0.096873    0.203895
-0.119594    -0.312189    0.214929
-0.132241    -0.150017    0.20542
-0.142152    -0.296942    0.197968
-0.154514    -0.36899    0.188672
-0.135207    -0.233167    0.20319
-0.138993    -0.416027    0.200343
-0.139804    -0.430923    0.199733
-0.122091    -0.489695    0.154393
-0.123903    -0.440883    -0.044813
-0.141905    -0.440883    0.073643
-0.149525    -0.440883    0.175819
-0.155855    -0.440883    0.101673
-0.094926    -0.256707    -0.223133
-0.107924    -0.317608    -0.217599
-0.073446    -0.436102    -0.232277
-0.077026    -0.324069    -0.230753
-0.098561    -0.277913    -0.221585
-0.100789    -0.115718    -0.220637
-0.10552    -0.194661    -0.218623
-0.080354    -0.397313    -0.229336
-0.11454    -0.44041    -0.214783
-0.086944    -0.418426    -0.226531
-0.07625    -0.33812    -0.231084
-0.117013    -0.110629    -0.21373
-0.102884    0.150943    -0.2135
0.025037    0.19859    -0.175921
-0.064247    -0.483487    -0.201526
-0.067298    -0.483826    0.184046
-0.035261    -0.474067    -0.046438
-0.007869    -0.474067    0.179291
-0.007453    -0.474067    0.180094
-0.1669    -0.135875    0.17936
-0.166604    0.132655    0.179582
-0.157566    0.082598    0.186378
-0.132936    0.129165    0.204898
-0.154155    -0.209344    0.188942
-0.155114    -0.198169    0.188222
-0.166528    -0.201547    0.179639
-0.161624    -0.224923    0.183327
-0.160357    -0.317548    0.18428
-0.160888    -0.341505    0.18388
-0.142684    0.018571    0.197568
-0.1567    -0.076024    0.187029
-0.136378    -0.480168    0.140378
-0.163975    -0.440883    -0.013752
-0.169568    -0.440883    -0.047286
-0.154219    -0.440883    -0.07708
-0.142936    -0.04232    -0.194985
-0.145176    -0.096283    -0.193232
-0.156099    0.019343    -0.18468
-0.158434    -0.00452    -0.182851
-0.139634    0.018962    -0.197571
-0.132489    0.039025    -0.203165
-0.128209    -0.177397    -0.206516
-0.133401    -0.122379    -0.202451
-0.127244    -0.283787    -0.207272
-0.140164    0.030116    -0.197156
-0.140082    -0.029711    -0.19722
-0.143116    0.126414    -0.194845
-0.125128    0.157453    -0.196746
-0.029678    0.19859    -0.171409
0.003612    0.19859    -0.114492
-0.016013    0.19859    0.182328
-0.114258    0.215548    0.172893
-0.068288    -0.474067    0.073308
-0.075543    -0.474067    0.037743
-0.066536    -0.474067    -0.117925
-0.055354    -0.474067    -0.122696
-0.053063    -0.474067    -0.045701
-0.185147    0.097352    0.157057
-0.169254    0.071014    0.177355
-0.174843    0.119821    0.170217
-0.171407    0.135041    0.174606
-0.182201    0.085184    0.160819
-0.199219    0.10636    0.139084
-0.169147    -0.124262    0.177492
-0.172135    -0.15277    0.173676
-0.176512    -0.205642    0.168086
-0.180522    0.140347    0.162964
-0.174853    -0.153202    0.170204
-0.192701    0.040169    0.147408
-0.157975    -0.479568    0.140019
-0.171521    0.145402    0.170448
-0.170882    -0.440883    0.045912
-0.186761    -0.440883    0.080983
-0.154744    -0.239534    -0.185741
-0.128814    -0.405508    -0.206043
-0.157358    -0.426842    -0.183694
-0.132143    -0.35816    -0.203436
-0.167204    -0.323733    -0.175985
-0.169417    -0.013931    -0.174252
-0.165415    -0.379598    -0.177386
-0.139887    -0.366837    -0.197373
-0.161812    -0.280303    -0.180206
-0.149194    -0.142917    -0.190086
-0.135676    -0.33546    -0.20067
-0.165879    -0.074784    -0.177023
-0.151916    0.169918    -0.166419
-0.071103    0.19859    -0.145493
-0.076608    0.19859    -0.051762
0.041383    0.19859    -0.073944
-0.113177    0.221579    0.173705
-0.123701    -0.474067    0.025103
-0.109759    -0.474067    -0.052541
-0.121183    -0.474067    -0.082966
-0.104484    -0.474067    -0.087408
-0.20432    -0.019892    0.132569
-0.190756    -0.436205    0.149893
-0.204614    0.053118    0.132194
-0.189635    -0.189378    0.151324
-0.190118    -0.18863    0.150707
-0.194137    -0.429477    0.145574
-0.191897    -0.122523    0.148435
-0.198779    -0.267866    0.139645
-0.194684    -0.430037    0.144876
-0.180579    -0.279501    0.162891
-0.200107    -0.17966    0.13795
-0.183935    -0.442999    0.155305
-0.173257    0.198621    0.117229
-0.19463    -0.440883    -0.126469
-0.171568    -0.463267    -0.137126
-0.20605    -0.400282    -0.12707
-0.183869    -0.336173    -0.156569
-0.191563    -0.430265    -0.146336
-0.174335    -0.033524    -0.169248
-0.181856    -0.081796    -0.159246
-0.19745    -0.252105    -0.138507
-0.176194    -0.318566    -0.166776
-0.184847    -0.258489    -0.155268
-0.20201    -0.38893    -0.132443
-0.185966    -0.190105    -0.153779
-0.187212    -0.290494    -0.152123
-0.189396    -0.131064    -0.149218
-0.183398    0.166761    -0.132084
-0.072987    0.19859    -0.024473
-0.021596    0.19859    -0.023713
-0.017931    0.19859    0.171292
-0.156828    0.223262    0.133523
-0.140728    -0.474067    0.087317
-0.214413    -0.239641    0.113486
-0.221862    -0.088289    0.095988
-0.211135    -0.096724    0.121188
-0.223589    0.059813    0.091932
-0.21314    -0.106511    0.116477
-0.219797    -0.114274    0.100839
-0.224348    0.000806    0.090149
-0.223255    0.073699    0.092717
-0.21736    -0.072629    0.106565
-0.210729    -0.249196    0.122141
-0.211019    0.079903    0.121459
-0.221599    -0.052308    0.096608
-0.181244    -0.483199    0.109965
-0.16744    -0.474067    0.08259
-0.198814    0.163828    0.116023
-0.217109    -0.440883    -0.009842
-0.198964    0.133133    -0.136493
-0.190947    0.061332    -0.147155
-0.206995    -0.360828    -0.125813
-0.210961    -0.423681    -0.120539
-0.208531    -0.361172    -0.12377
-0.208306    0.049308    -0.124069
-0.197203    -0.055014    -0.138835
-0.206946    -0.303841    -0.125878
-0.205432    -0.326584    -0.127892
-0.209334    0.086024    -0.122702
-0.207101    -0.183223    -0.125672
-0.203902    0.002088    -0.129927
-0.173441    0.203219    -0.109486
-0.12205    0.19859    -0.12469
-0.114843    0.19859    0.097612
-0.006955    0.19859    -0.076691
-0.130265    0.224495    0.146947
-0.232877    -0.289926    0.070115
-0.224026    -0.206285    0.090907
-0.233318    0.109534    0.06908
-0.22808    -0.26112    0.081383
-0.230221    -0.195902    0.076354
-0.231592    -0.282578    0.073134
-0.231046    -0.293593    0.074416
-0.230023    -0.134691    0.076819
-0.227621    -0.376583    0.082462
-0.233041    -0.248279    0.06973
-0.223187    -0.273472    0.092876
-0.231103    -0.316668    0.074283
-0.180217    -0.4753    0.068241
-0.206268    0.189322    0.060061
-0.19214    -0.464852    -0.105705
-0.211421    0.022292    -0.119502
-0.215482    0.013608    -0.109421
-0.219933    -0.138136    -0.098372
-0.224452    -0.291142    -0.087153
-0.212658    0.076548    -0.116431
-0.216325    -0.230197    -0.107327
-0.220836    -0.121872    -0.096131
-0.213214    -0.04648    -0.115051
-0.218961    -0.059258    -0.100785
-0.225663    -0.291645    -0.084148
-0.222687    -0.188535    -0.091534
-0.221493    -0.233208    -0.094499
-0.208315    0.148608    -0.115525
-0.108481    0.19859    -0.011182
-0.140201    0.19859    -0.011272
0.021826    0.19859    -0.034269
-0.126295    0.20913    0.137308
-0.238814    0.019252    0.033203
-0.234087    -0.283443    0.066594
-0.237794    -0.138577    0.040409
-0.240374    -0.004633    0.022188
-0.234643    0.137564    0.062668
-0.23634    0.012144    0.050682
-0.237776    -0.045204    0.040534
-0.241377    0.053629    0.015099
-0.237144    -0.212901    0.045001
-0.239246    -0.092418    0.030151
-0.234647    0.073487    0.06264
-0.235334    -0.127905    0.057784
-0.196787    -0.489695    0.037449
-0.180574    0.224495    0.097291
-0.218111    -0.449583    -0.080512
-0.232416    0.074251    -0.067382
-0.232979    -0.173309    -0.065984
-0.214206    0.128423    -0.112589
-0.22678    -0.188637    -0.081374
-0.217774    0.051797    -0.10373
-0.232484    -0.257995    -0.067214
-0.233898    0.026431    -0.063703
-0.221319    0.103149    -0.094931
-0.232131    -0.04583    -0.068091
-0.234092    -0.121583    -0.063221
-0.215075    0.093923    -0.110432
-0.213996    0.084017    -0.11311
-0.201784    0.191584    -0.063786
-0.15229    0.19859    0.032073
0.026945    0.19859    -0.004552
-0.23974    -0.092785    0.026662
-0.23838    -0.292695    0.036268
-0.241634    -0.003237    0.013285
-0.241043    -0.138829    0.017456
-0.237758    -0.356475    0.040664
-0.236223    -0.405064    0.051503
-0.242954    0.111653    0.003962
-0.2392    -0.123759    0.030478
-0.234196    -0.435661    0.065825
-0.241289    -0.110204    0.01572
-0.238422    -0.171081    0.035974
-0.241182    -0.088284    0.016477
-0.210582    -0.471781    0.020741
-0.199847    0.216585    0.045882
-0.230594    -0.449321    -0.031143
-0.237168    -0.253797    -0.044266
-0.237939    -0.115965    -0.03793
-0.236305    0.038027    -0.051353
-0.235432    -0.405765    -0.058523
-0.235618    -0.393405    -0.056995
-0.236363    -0.011323    -0.050875
-0.239839    -0.273347    -0.022315
-0.235326    0.107187    -0.059393
-0.235388    -0.25189    -0.058885
-0.237839    -0.342186    -0.038749
-0.235669    0.054447    -0.056576
-0.235446    -0.152102    -0.058412
-0.240921    0.143302    -0.003233
-0.167254    0.19859    0.043736
-0.242192    0.085092    -0.002986
-0.241236    -0.124854    -0.01084
-0.238833    0.088289    -0.030583
-0.242272    -0.246242    -0.002334
-0.242679    0.098732    0.001012
-0.24236    -0.027526    -0.001607
-0.239763    -0.145331    -0.022946
-0.240415    0.030057    -0.017586
-0.239369    -0.124099    -0.026184
-0.238361    0.118197    -0.03446
-0.242774    -0.277932    0.001795
-0.239054    -0.142875    -0.028771
-0.217731    -0.465    -0.012085
-0.191921    0.224495    -0.024667
-0.180004    0.198599    -0.039464
-0.184031    0.211756    -0.023262
-0.002653    0.19859    0.003537
