-0.061555    0.319713    0.022638
-0.064051    0.290673    0.00615
-0.063214    0.280577    0.011444
-0.036197    0.311097    0.062117
-0.026264    0.319713    0.056082
-0.065769    0.218898    -0.002757
-0.048375    0.259759    0.042758
-0.067146    0.170759    0.015407
-0.05981    0.273314    -0.023744
-0.045458    0.266993    0.045716
-0.06768    0.132545    0.026324
-0.071129    0.144076    -0.006883
-0.071911    0.124612    0.015675
-0.072539    0.120396    -0.015366
-0.073637    0.112677    0.014839
-0.07353    0.117479    -0.011903
-0.07493    0.079054    0.027609
-0.044884    0.174048    0.051993
-0.063571    0.149293    -0.031508
-0.074576    0.057957    0.036743
-0.033862    0.281383    0.054634
-0.072096    0.085689    -0.031837
-0.058338    0.103738    0.049188
-0.011033    0.316278    0.069207
-0.081465    0.049903    0.022813
-0.054393    0.114894    0.051431
-0.024775    0.214772    0.061284
-0.086024    0.010235    0.033272
-0.033904    0.095567    0.069569
-0.083015    0.008159    -0.041205
-0.070156    0.056327    -0.045131
-0.093583    -0.002275    -0.015926
-0.070283    0.027245    0.054297
-0.046903    0.297172    -0.044244
-0.10332    -0.048396    0.023112
-0.029161    0.126364    0.067364
-0.091808    -0.022498    -0.038237
-0.049641    0.16393    -0.048701
-0.105039    -0.047323    0.010631
-0.024756    0.097508    0.073044
-0.091327    -0.026423    -0.041827
-0.045096    0.195708    -0.049785
-0.112212    -0.082217    0.025575
-0.095732    -0.062381    0.053297
-0.032812    0.021015    0.083857
-0.016452    0.141222    0.069932
-0.07596    -0.0202    -0.063405
-0.11126    -0.070442    -0.010866
-0.071568    -0.009692    0.064821
-0.102483    -0.086431    -0.054992
-0.040884    0.262006    -0.049945
-0.085283    -0.066215    -0.070536
-0.116208    -0.09154    -0.018732
-0.062889    -0.015799    0.07502
-0.103041    -0.098755    -0.06142
-0.039692    0.255471    -0.051058
-0.083612    -0.074718    -0.076018
-0.118875    -0.099437    -0.01772
-0.021057    0.00537    0.090961
-0.088749    -0.078212    0.071524
-0.009236    0.160188    0.069335
-0.057103    -0.021573    -0.081196
-0.129643    -0.134367    0.018428
-0.121889    -0.15735    -0.064228
-0.055151    -0.038636    0.087554
-0.110086    -0.151417    -0.079917
-0.038079    0.305205    -0.059136
-0.072584    -0.089962    -0.092161
-0.133862    -0.144888    0.006199
-0.118145    -0.149394    -0.066065
-0.061399    -0.057778    0.089262
-0.112536    -0.159309    -0.080476
-0.005003    0.044887    0.085453
-0.069468    -0.077045    -0.090028
-0.143454    -0.187863    0.022574
-0.13202    -0.180623    -0.056243
-0.086939    -0.092536    0.079836
-0.025889    -0.060846    0.106133
0.016457    0.306978    0.069393
-0.035688    0.096953    -0.068418
-0.09004    -0.158044    -0.104517
-0.145089    -0.188146    -0.007444
-0.12767    -0.191048    -0.0708
-0.083433    -0.106217    0.089419
-0.109631    -0.15609    0.082766
0.005965    0.277023    0.06414
-0.033867    0.110952    -0.067355
-0.082024    -0.15092    -0.108302
-0.153506    -0.230088    0.000732
-0.134081    -0.202937    -0.063833
-0.097156    -0.125997    0.084006
-0.028149    -0.120802    0.123708
-0.105454    -0.201643    -0.104298
-0.027958    0.247556    -0.058451
-0.06926    -0.127551    -0.108712
-0.15049    -0.226687    0.026575
-0.14362    -0.207869    -0.041415
-0.139273    -0.232066    0.065312
-0.068703    -0.126818    0.108804
-0.110888    -0.174283    0.088683
0.005677    0.230595    0.065202
-0.031602    0.081911    -0.072867
-0.076657    -0.172385    -0.119017
-0.155354    -0.250031    0.016792
-0.143567    -0.242217    -0.059117
0.003104    -0.037342    0.103211
-0.067422    -0.148679    0.117249
-0.120506    -0.21716    0.091188
0.010116    0.251751    0.06398
-0.028139    0.069702    -0.076326
-0.071497    -0.19474    -0.128344
-0.156447    -0.261727    0.020805
-0.149332    -0.25941    -0.049992
-0.142013    -0.264608    0.069588
-0.084304    -0.164567    0.11141
-0.0159    -0.171748    0.140599
-0.09299    -0.257525    -0.12683
-0.021153    0.288765    -0.060816
-0.04269    -0.136106    -0.124355
-0.146862    -0.3618    0.055065
-0.149521    -0.313985    0.051349
-0.148798    -0.398184    0.046291
-0.151164    -0.395663    0.038079
-0.152265    -0.455034    0.025028
-0.156051    -0.367968    0.013654
-0.158545    -0.296526    0.00238
-0.153968    -0.459755    -0.008475
-0.153065    -0.45021    -0.021045
-0.155763    -0.370844    -0.015664
-0.156144    -0.302647    -0.026477
-0.154848    -0.286143    -0.035396
-0.149426    -0.299516    -0.052892
-0.143688    -0.367534    -0.062511
-0.142273    -0.280087    -0.070962
-0.132511    -0.431529    -0.080361
-0.1273    -0.37348    -0.091126
-0.133637    -0.276557    -0.086362
-0.119631    -0.42648    -0.098773
-0.117166    -0.355754    -0.104471
-0.143637    -0.290861    0.067507
-0.138914    -0.321402    0.075155
0.010667    -0.102602    0.120788
-0.061423    -0.182986    0.130382
-0.123415    -0.251867    0.096261
-0.130506    -0.390315    0.085568
-0.109373    -0.301252    -0.114633
-0.10417    -0.389019    -0.116363
-0.091584    -0.339287    -0.128057
-0.082708    -0.321283    -0.134533
0.012833    0.253549    0.063466
-0.021808    0.098947    -0.073776
-0.057138    -0.203547    -0.137286
-0.142744    -0.483005    0.056612
-0.149144    -0.305452    0.053246
-0.150996    -0.36407    0.04224
-0.150519    -0.514845    0.025731
-0.151215    -0.528044    0.018747
-0.150798    -0.541975    0.019158
-0.157644    -0.319003    0.010998
-0.155505    -0.409215    -0.003162
-0.155581    -0.385584    -0.013621
-0.153773    -0.418158    -0.022154
-0.1502    -0.471977    -0.033516
-0.149208    -0.401946    -0.044707
-0.145529    -0.411815    -0.054795
-0.140068    -0.411132    -0.067495
-0.133417    -0.533076    -0.073365
-0.127619    -0.532753    -0.083042
-0.128859    -0.420342    -0.086575
-0.117866    -0.53538    -0.096307
-0.120429    -0.334423    -0.101699
-0.138123    -0.388622    0.072855
-0.131636    -0.557474    0.075146
-0.103607    -0.220548    0.110876
-0.027961    -0.200077    0.145408
-0.127495    -0.440152    0.087651
-0.107039    -0.516783    -0.108882
-0.106434    -0.450495    -0.111928
-0.097095    -0.484186    -0.11898
-0.088338    -0.500008    -0.125108
-0.080511    -0.518785    -0.129683
0.053147    0.308022    0.048169
-0.031703    -0.098933    -0.115811
-0.072997    -0.282334    -0.141228
-0.075406    -0.500214    -0.133353
-0.098796    -0.217099    0.114353
-0.031939    -0.216815    0.147685
-0.122938    -0.460885    0.093047
0.018663    0.015891    0.089185
-0.017003    0.151866    -0.068732
-0.032001    -0.222071    -0.148652
-0.063684    -0.358591    -0.143433
-0.069064    -0.558902    -0.134949
0.019378    -0.04083    0.102301
-0.073001    -0.241368    0.136956
0.00482    -0.220757    0.151838
-0.120883    -0.544115    0.092066
0.021277    0.059453    0.080267
-0.019913    -0.024336    -0.097976
-0.03653    -0.263838    -0.153887
-0.052211    -0.295697    -0.149799
-0.062849    -0.485581    -0.140091
-0.11792    -0.318056    0.105139
-0.110108    -0.251467    0.111195
-0.053545    -0.263402    0.148703
0.019192    -0.175653    0.141105
-0.008259    0.294573    -0.06396
-0.022835    -0.145417    -0.132353
-0.045339    -0.457738    -0.147517
-0.033864    -0.300834    -0.154842
-0.050958    -0.485101    -0.144869
-0.131778    -0.562898    -0.074265
-0.110462    -0.533397    0.104823
-0.106971    -0.282156    0.117662
-0.103797    -0.401171    0.116251
-0.094819    -0.384635    0.12421
-0.0838    -0.487275    0.128621
-0.082214    -0.335633    0.13439
-0.07608    -0.482429    0.133533
-0.062333    -0.339733    0.144586
-0.057688    -0.39449    0.144996
-0.044408    -0.345452    0.150905
-0.036921    -0.394152    0.151643
-0.026611    -0.329346    0.155555
-0.016172    -0.295501    0.157912
-0.010998    -0.349095    0.156839
0.024907    0.20194    0.062026
-0.009685    0.083538    -0.07861
-0.021869    -0.252666    -0.155153
-0.024276    -0.276518    -0.157308
-0.038263    -0.52587    -0.147652
-0.028172    -0.33411    -0.155143
-0.107077    -0.532275    0.10827
-0.096518    -0.508173    0.118627
-0.096639    -0.5409    0.117384
-0.089089    -0.522559    0.123818
-0.080261    -0.501699    0.130378
-0.06986    -0.502079    0.136246
-0.059655    -0.518796    0.140541
-0.047584    -0.480581    0.146226
-0.040215    -0.40968    0.150322
-0.032789    -0.455512    0.150846
-0.023189    -0.545617    0.1502
-0.009311    -0.473982    0.153612
0.003986    -0.288748    0.158844
-0.000189    -0.358385    0.156983
0.028354    0.166196    0.063349
-0.004268    0.060532    -0.082721
-0.013194    -0.253742    -0.156293
-0.022129    -0.4801    -0.152117
-0.005073    -0.451158    0.154504
0.007565    -0.419497    0.155208
0.010773    -0.267821    0.158295
0.035492    0.06152    0.074736
-0.002921    0.042166    -0.086108
-0.00728    -0.305519    -0.158266
-0.014348    -0.39546    -0.155363
0.012605    -0.312143    0.157731
0.018404    -0.24697    0.154928
0.039244    0.025446    0.080249
-0.000313    0.007029    -0.093014
-0.007815    -0.558946    -0.15144
-0.018553    -0.561208    -0.150407
0.020553    -0.450995    0.153153
0.044582    -0.191405    0.139276
0.06787    0.31359    0.022695
0.002903    -0.045271    -0.105171
0.003939    -0.554494    -0.151743
-0.148191    -0.567417    0.022536
0.019108    -0.296156    0.157534
0.045257    -0.183311    0.137034
0.046291    0.211846    0.047467
0.006648    0.009294    -0.092292
0.000953    -0.432028    -0.155015
0.004894    -0.539047    -0.152156
0.028045    -0.301823    0.156096
0.040312    -0.226286    0.147477
0.051164    0.28255    0.039136
0.004565    0.060806    -0.082672
0.015295    -0.25176    -0.155904
0.005989    -0.519975    -0.152626
0.030239    -0.335913    0.154699
0.036193    -0.563585    0.14693
0.040738    0.173498    0.055501
-0.014557    0.3019    0.053876
0.01106    -0.020872    -0.098576
0.011734    -0.350662    -0.15676
-0.063693    -0.567568    -0.135667
0.042245    -0.544714    0.146046
0.057455    -0.190385    0.134171
0.054243    0.274404    0.034956
-0.000887    0.297539    0.055769
0.018011    -0.070926    -0.110608
0.016173    -0.494235    -0.152602
0.056909    -0.033421    0.085066
0.04789    -0.404232    0.148332
0.069999    -0.152341    0.117063
-0.047855    0.256474    0.028753
-0.008408    0.277865    0.054957
0.018766    0.055413    -0.081537
0.019456    -0.315075    -0.156974
0.020309    -0.297577    -0.157327
0.054484    -0.515078    0.14281
0.064448    -0.214291    0.136269
0.053059    0.178535    0.043367
-0.027299    0.265079    0.048613
0.015353    0.228388    -0.063749
0.033579    -0.197359    -0.143741
0.028943    -0.37615    -0.153875
0.077582    -0.125581    0.102373
0.051398    -0.28963    0.150343
0.05405    0.091601    0.056253
-0.036282    0.225914    0.04368
-0.055432    0.259941    -0.006016
0.0262    -0.01875    -0.095108
0.036537    -0.379375    -0.152173
-0.137983    -0.570908    0.05188
0.060217    -0.445326    0.142532
0.076313    -0.191991    0.12487
0.01584    0.27991    0.053305
-0.020718    0.232484    0.052622
0.019567    0.174594    -0.065896
0.039446    -0.189769    -0.140344
0.041238    -0.422429    -0.149734
-0.050674    -0.568584    0.140423
0.064404    -0.447515    0.140604
0.062302    0.052653    0.056684
-0.040693    0.202162    0.041173
-0.059018    0.185073    0.002381
0.030977    0.0143    -0.086071
0.040521    -0.293176    -0.153532
0.048062    -0.370363    -0.149224
0.068359    -0.411922    0.139882
0.078174    -0.234611    0.133242
0.059081    0.239994    0.027428
-0.055207    0.183353    0.021378
0.004042    0.178012    0.05954
0.041506    -0.076987    -0.105939
0.054365    -0.557543    -0.141646
0.076292    -0.049488    0.074079
0.072586    -0.295441    0.141159
0.087542    -0.167426    0.109946
0.020148    0.246002    0.05236
-0.060462    0.157968    0.009889
0.009386    0.170819    0.059467
0.051878    -0.131487    -0.119383
0.055858    -0.317647    -0.147923
0.083739    -0.082899    0.079512
0.081605    -0.483181    0.130252
-0.068741    -0.572351    -0.128038
0.013998    0.167951    0.058779
-0.063504    0.131638    0.006913
0.007689    0.14861    0.06184
0.057028    -0.148322    -0.122564
0.061126    -0.382815    -0.143956
0.085507    -0.082407    0.077344
0.085633    -0.428898    0.129445
0.095321    -0.128985    0.087601
0.019821    0.211587    0.05397
-0.064189    0.112435    0.016533
-0.001139    0.119194    0.065516
0.050633    -0.076325    -0.10171
0.065184    -0.353272    -0.143013
-0.10994    -0.572647    -0.093947
0.088905    -0.420055    0.127488
0.101714    -0.194758    0.106147
0.031288    0.250377    0.046544
-0.024737    0.111227    0.061767
-0.064898    0.122768    -0.002746
0.042282    0.046605    -0.074159
0.076808    -0.243615    -0.13537
0.073645    -0.487786    -0.134776
0.094663    -0.442447    0.122565
0.099439    -0.250942    0.120917
0.06503    0.143083    0.030353
-0.048022    0.07494    0.053168
-0.006635    0.088545    0.069236
0.033386    0.285653    -0.055113
0.075072    -0.184908    -0.123656
0.072003    -0.368229    -0.139267
0.098741    -0.093467    0.065491
0.09606    -0.428571    0.121962
0.080531    -0.008712    0.053197
0.020037    0.136022    0.060369
-0.02607    0.069997    0.067578
-0.073741    0.060548    0.003995
0.042795    0.056388    -0.071756
0.083201    -0.202962    -0.123293
0.080676    -0.370273    -0.134389
-0.080591    -0.572997    0.050098
-0.072076    -0.572997    0.058391
-0.092405    -0.572997    0.078342
-0.084606    -0.572997    0.087409
-0.003019    -0.572997    0.043204
-0.064682    -0.572997    0.03003
0.043777    -0.572997    0.022807
-0.011722    -0.572997    0.011338
-0.020391    -0.572997    0.001195
-0.138074    -0.572997    -0.00659
-0.092532    -0.572997    -0.019335
-0.136998    -0.572997    -0.021688
-0.065175    -0.572997    -0.038139
0.054759    -0.572997    -0.047141
-0.085468    -0.572997    -0.057829
-0.025247    -0.572997    -0.065544
-0.109168    -0.572997    -0.073516
0.085035    -0.572997    -0.084413
-0.106389    -0.572997    -0.092675
-0.057208    -0.572997    -0.113843
-0.067482    -0.572997    0.103531
0.095236    -0.081496    0.064554
0.099675    -0.285768    0.123909
-0.056172    -0.572997    0.115267
0.069626    0.095706    0.03396
-0.064468    0.04931    0.039857
-0.073223    0.03986    0.025486
-0.045114    0.268794    -0.032632
0.051637    0.017017    -0.074857
0.085853    -0.276316    -0.134114
0.083873    -0.352521    -0.13295
-0.035944    -0.572997    0.048241
0.015035    -0.572997    0.063866
0.063515    -0.572997    0.073689
-0.005539    -0.572997    0.083125
0.089151    -0.572997    0.094024
0.110171    -0.572997    0.033687
-0.006435    -0.572997    0.028508
0.109177    -0.572997    0.015501
-0.098667    -0.572997    0.009035
0.075798    -0.572997    -0.009313
0.111634    -0.572997    -0.0171
0.001194    -0.572997    -0.021066
0.015149    -0.572997    -0.029707
0.070275    -0.572997    -0.042493
0.03197    -0.572997    -0.051472
-0.002398    -0.572997    -0.06711
0.101538    -0.572997    -0.081215
0.030107    -0.572997    -0.087393
0.067475    -0.572997    -0.102319
0.042329    -0.572997    -0.11858
0.099935    -0.572997    0.100453
0.107575    -0.117895    0.065808
0.104966    -0.479385    0.112473
0.023897    -0.572997    0.117168
0.06402    0.27481    0.008211
-0.062291    0.028913    0.049523
-0.073093    0.033212    0.02933
-0.074278    0.04966    -0.01458
0.052294    0.031928    -0.070881
0.088979    -0.421738    -0.127378
0.08898    -0.474183    -0.125645
0.107413    -0.344031    0.115139
0.114592    -0.247045    0.105951
0.081288    0.03035    0.034815
0.033901    0.168632    0.050023
-0.048226    0.001552    0.070228
-0.003865    0.002499    0.084948
0.003282    -0.00728    0.087127
0.077191    -0.100762    -0.092826
0.095422    -0.31135    -0.126342
0.046189    -0.572895    -0.136171
0.114043    -0.41004    0.106003
0.118874    -0.172876    0.077364
0.0694    0.308155    -0.018331
0.029218    0.145931    0.055374
-0.051489    -0.011137    0.071255
-0.08751    -0.017129    0.017203
-0.044056    0.218954    -0.036298
0.066683    -0.047246    -0.082062
0.096552    -0.546638    -0.117432
0.099447    -0.564626    -0.113734
0.112173    -0.504043    0.104326
0.11924    -0.239415    0.099264
0.068737    0.304851    -0.014697
0.046947    0.227639    0.032086
-0.061869    -0.020597    0.065318
-0.089402    -0.051803    0.039398
-0.086883    -0.013494    -0.016225
0.052281    0.126439    -0.051698
0.107154    -0.257571    -0.115342
0.105621    -0.334098    -0.117235
-0.048192    -0.572997    0.132926
0.124331    -0.305401    0.098278
0.119466    -0.133563    0.053504
0.052886    0.264258    0.018125
-0.085628    -0.038974    0.03997
-0.034022    -0.055951    0.09269
-0.058467    0.117683    -0.029808
-0.046422    0.168378    -0.038479
0.067774    -0.008248    -0.068557
0.1052    -0.409248    -0.114853
0.101672    -0.560238    -0.112643
0.122805    -0.521912    0.090835
0.129092    -0.260756    0.090858
0.068949    0.16446    0.009998
0.039361    0.12691    0.051238
-0.069204    -0.072962    0.076928
-0.094523    -0.068708    0.038874
-0.091521    -0.030196    -0.012287
0.016211    -0.055402    0.097342
0.09566    -0.139224    -0.091769
0.1077    -0.306089    -0.11627
0.103312    -0.059837    0.034887
0.126864    -0.408488    0.090407
0.09165    -0.009825    0.031066
0.056872    0.207527    0.00994
0.019355    -0.043807    0.093818
-0.048183    -0.087001    0.095954
-0.106057    -0.089031    0.019622
-0.053179    0.122353    -0.037444
0.011468    -0.06795    0.101494
0.099216    -0.129662    -0.083575
0.119573    -0.277412    -0.105156
0.112377    -0.426411    -0.107199
0.106551    -0.068401    0.03263
0.125817    -0.536931    0.085823
0.078483    0.081295    0.013656
0.059695    0.171065    0.0085
0.028107    -0.04366    0.091563
-0.059827    -0.125036    0.10288
-0.110957    -0.112381    0.030244
-0.105484    -0.086168    -0.018284
0.004871    -0.102422    0.111928
0.093526    -0.087522    -0.069886
0.121859    -0.352382    -0.099404
0.095071    -0.018446    0.026434
0.137072    -0.304762    0.079595
0.130078    -0.154118    0.042809
0.059146    0.142367    0.021815
0.034677    -0.004048    0.079224
-0.082903    -0.118179    0.08232
-0.015822    -0.111106    0.113572
-0.093445    -0.052781    -0.029185
-0.009832    0.260235    -0.054992
0.051208    0.24046    -0.040188
0.111356    -0.165894    -0.085104
0.127562    -0.294189    -0.094629
0.136637    -0.394529    0.075553
0.13308    -0.457475    0.078349
0.063322    0.233018    -0.016488
0.04679    0.124417    0.045062
0.019147    -0.094546    0.107943
-0.06688    -0.131448    0.100771
-0.117196    -0.14168    0.040245
-0.115048    -0.112953    -0.005008
-0.048427    0.120225    -0.043817
0.061198    0.118844    -0.042486
0.122389    -0.215986    -0.088681
0.127005    -0.445941    -0.088409
0.141845    -0.276936    0.072456
0.141801    -0.261021    0.069394
0.068382    0.173697    -0.008301
0.0572    0.074081    0.043562
0.024595    -0.124476    0.116281
-0.067963    -0.137762    0.102306
-0.120833    -0.161419    0.047321
-0.108732    -0.10502    -0.029726
-0.008411    0.236252    -0.055768
0.053459    0.280524    -0.035962
0.121912    -0.182111    -0.076794
0.1334    -0.352431    -0.083397
0.125178    -0.122393    0.024181
0.139745    -0.43854    0.066913
0.059828    0.278451    -0.024018
0.06783    0.102137    0.000513
0.049141    -0.042017    0.081768
-0.098006    -0.180151    0.091956
-0.034141    -0.167701    0.126953
-0.074361    0.003483    -0.040633
-0.064465    0.030223    -0.046286
-0.035886    0.111437    -0.05594
0.076844    0.022249    -0.046736
0.13532    -0.271941    -0.084166
0.13401    -0.508844    -0.073995
0.14389    -0.393911    0.060643
0.145421    -0.227481    0.048093
0.074739    0.116737    -0.002487
0.061299    0.03845    0.048167
0.031364    -0.149459    0.122432
-0.086339    -0.193506    0.107119
-0.022384    -0.179162    0.132363
-0.084674    -0.042234    -0.043762
0.003608    0.299127    -0.055682
-0.032098    0.087649    -0.061794
0.073908    0.052934    -0.040365
0.139827    -0.306597    -0.074725
0.137081    -0.379517    -0.075585
0.142961    -0.513882    0.054385
0.13696    -0.162138    0.025287
0.054328    0.306467    -0.013564
0.060285    0.023127    0.053822
0.046233    -0.083959    0.096089
-0.102915    -0.208346    0.095793
-0.037318    -0.220736    0.137945
-0.138818    -0.213249    0.027296
-0.137568    -0.198775    -0.018751
-0.057596    0.038312    -0.052342
0.058869    0.217082    -0.030087
0.123277    -0.162477    -0.06511
0.138672    -0.504517    -0.065092
0.148447    -0.365959    0.050797
0.149714    -0.302173    0.052412
0.061512    0.213189    -0.024654
0.074143    0.059067    0.005102
0.081493    0.00789    0.020167
-0.12891    -0.220984    0.061601
-0.078276    -0.22398    0.120245
-0.009536    -0.234942    0.145189
-0.11146    -0.127002    -0.043179
0.006378    0.252553    -0.055633
-0.034938    0.050021    -0.067122
0.075634    0.049148    -0.038596
0.139402    -0.51369    -0.063036
0.141934    -0.38212    -0.065862
0.145511    -0.516649    0.046804
0.141549    -0.174929    0.014786
0.050014    0.270501    -0.024755
0.086668    -0.009283    0.013367
0.053964    -0.104332    0.098868
-0.120537    -0.25399    0.085855
-0.068877    -0.246724    0.129911
-0.140058    -0.254391    0.047812
-0.138594    -0.215177    -0.030275
-0.01377    0.150185    -0.060577
-0.03394    0.033781    -0.071043
0.090073    -0.011595    -0.036385
0.13969    -0.525869    -0.061627
0.14201    -0.519642    -0.056328
0.147288    -0.511721    0.041642
0.142884    -0.179551    0.012611
0.048791    0.262082    -0.027333
0.08305    0.008568    0.011586
0.056713    -0.108512    0.098875
-0.124873    -0.257672    0.080275
-0.072954    -0.259904    0.129666
-0.138743    -0.251674    0.050696
-0.117201    -0.155623    -0.051715
0.015546    0.283977    -0.053388
-0.044588    -0.012813    -0.076237
0.077878    0.060892    -0.028447
0.142543    -0.240068    -0.061425
0.146088    -0.341093    -0.058968
0.147735    -0.534025    0.037382
0.145529    -0.189499    0.010025
0.055583    0.20851    -0.015534
0.066354    -0.027852    0.063657
0.063735    -0.105045    0.0932
-0.131146    -0.350758    0.069444
-0.127519    -0.290248    0.079003
-0.12042    -0.396137    0.084548
-0.118655    -0.426635    0.085707
-0.119137    -0.320198    0.089762
-0.110501    -0.364507    0.098407
-0.106682    -0.350265    0.10321
-0.095881    -0.351603    0.113165
-0.087277    -0.423035    0.117571
-0.076634    -0.31885    0.128055
-0.07329    -0.338698    0.129424
-0.062169    -0.436161    0.132231
-0.048975    -0.321068    0.140915
-0.04392    -0.471139    0.138421
-0.033013    -0.358145    0.144484
-0.03484    -0.494545    0.14037
-0.025608    -0.328518    0.146855
-0.009701    -0.315606    0.149028
-0.136568    -0.319603    0.060123
-0.136832    -0.458904    0.049468
-0.14278    -0.387239    0.03636
-0.147549    -0.291251    0.026432
-0.148985    -0.308967    0.011993
-0.133667    -0.205649    -0.041875
-0.150222    -0.279529    0.002239
-0.018289    0.081791    -0.068171
-0.045769    0.001553    -0.071829
-0.001074    -0.358104    0.148213
0.006143    -0.293251    0.14989
0.082984    0.033489    -0.028818
0.150731    -0.265325    -0.048791
0.14449    -0.52104    -0.049568
0.151671    -0.448033    0.030655
0.14464    -0.184473    0.001185
0.056444    0.195338    -0.015605
0.076169    -0.058483    0.06415
0.066728    -0.06502    0.076297
-0.13    -0.550377    0.059628
-0.128389    -0.390065    0.072163
-0.119078    -0.516162    0.080802
-0.122118    -0.485995    0.077737
-0.110782    -0.55585    0.090229
-0.111637    -0.369095    0.096962
-0.09768    -0.463694    0.10769
-0.090556    -0.464816    0.113684
-0.085202    -0.55334    0.114776
-0.072214    -0.544036    0.123722
-0.068966    -0.517336    0.126318
-0.054601    -0.460025    0.134903
-0.04532    -0.440431    0.138852
-0.038957    -0.430109    0.140985
-0.028339    -0.521386    0.141019
-0.016691    -0.387189    0.146525
-0.01056    -0.549045    0.142716
-0.135593    -0.495288    0.050006
-0.137941    -0.528316    0.040054
-0.140995    -0.47161    0.0342
-0.142145    -0.488078    0.026797
-0.142617    -0.543881    0.012544
-0.134945    -0.221691    -0.047414
-0.142825    -0.552485    0.005103
-0.148076    -0.358349    -0.003368
-0.148284    -0.323215    -0.015028
-0.146256    -0.344919    -0.025508
0.000539    0.113204    -0.066284
-0.030842    -0.051373    -0.092644
-0.004015    -0.331751    0.148918
0.009691    -0.545579    0.142884
0.019632    -0.406312    0.145625
0.024927    -0.531005    0.141517
0.12537    -0.134443    -0.038388
0.151631    -0.285945    -0.047918
0.125454    -0.118681    -0.014891
0.153244    -0.415985    0.026664
0.043165    0.237022    -0.03643
0.091886    -0.035204    -0.018756
0.097478    -0.078348    0.039236
0.055153    -0.183399    0.123501
0.033719    -0.354246    0.144485
-0.14154    -0.256816    -0.044265
-0.144752    -0.301252    -0.037945
-0.145798    -0.441323    -0.005084
-0.14622    -0.382456    -0.019516
-0.145107    -0.360615    -0.02961
-0.017566    -0.00031    -0.083783
-0.022671    -0.037553    -0.091489
0.026644    -0.346563    0.146199
0.140963    -0.188097    -0.035869
0.152628    -0.305113    -0.04304
0.157385    -0.296619    0.021181
0.156202    -0.254744    0.016507
0.051634    0.16852    -0.031434
0.101628    -0.069202    -0.014047
0.104336    -0.09747    0.036634
0.053181    -0.20716    0.130098
0.041122    -0.392342    0.141473
0.036134    -0.430978    0.14183
-0.139115    -0.517804    -0.036638
-0.10061    -0.134376    -0.068545
-0.068827    -0.05783    -0.071437
0.029472    0.289781    -0.04728
0.153212    -0.373616    -0.033134
0.153367    -0.36964    -0.032949
0.157142    -0.338364    0.012823
0.145651    -0.190572    -0.011406
0.08028    -0.002583    -0.03145
0.08921    -0.112518    0.072937
0.11892    -0.124755    0.00498
0.04684    -0.342941    0.141146
-0.127076    -0.561287    0.064788
-0.142631    -0.334757    -0.042357
-0.000599    0.048072    -0.07608
-0.054272    -0.091812    -0.094233
0.137778    -0.168111    -0.028845
0.151995    -0.430452    -0.031522
0.155802    -0.396507    0.010339
0.154037    -0.232661    -0.004895
0.080177    -0.006204    -0.033797
0.091658    -0.134922    0.080625
0.129957    -0.162255    0.009226
0.053455    -0.282029    0.14047
0.051941    -0.330396    0.139646
-0.139458    -0.386635    -0.047636
-0.006184    0.008894    -0.083397
-0.058552    -0.098464    -0.093953
0.138466    -0.16637    -0.022553
0.156051    -0.321793    -0.025241
0.156206    -0.394137    0.000594
0.036858    0.258114    -0.042114
0.093721    -0.069878    -0.04216
0.099386    -0.150687    0.078671
0.129465    -0.161868    0.012814
0.06379    -0.244362    0.132321
0.057216    -0.351757    0.136997
-0.134811    -0.52584    -0.049762
0.004468    0.028535    -0.079617
-0.056089    -0.11691    -0.102048
0.029567    0.224649    -0.048689
0.151328    -0.546327    -0.014976
0.154321    -0.461523    -0.002978
0.03762    0.163092    -0.04796
0.120064    -0.133063    -0.018985
0.108658    -0.187382    0.082222
0.131508    -0.167594    0.003582
0.062535    -0.291486    0.136391
-0.111376    -0.562321    0.088786
-0.13599    -0.396836    -0.056045
0.009144    0.05602    -0.074115
-0.045056    -0.129163    -0.111553
0.157059    -0.259205    -0.013854
0.151936    -0.538608    -0.011165
0.155095    -0.424824    -0.008926
0.061867    0.081589    -0.034286
0.122442    -0.153632    -0.036226
0.123255    -0.180827    0.054503
0.135945    -0.197363    -0.027431
0.067534    -0.274513    0.134538
0.081471    -0.379248    0.12326
0.064093    -0.516839    0.129035
-0.133971    -0.378633    -0.061956
-0.113669    -0.203651    -0.081326
-0.08082    -0.142893    -0.094431
-0.018175    -0.142173    -0.122792
0.055138    0.070254    -0.047099
0.118238    -0.14962    -0.044903
0.117919    -0.200664    0.07436
0.139538    -0.202846    0.008685
0.076369    -0.364485    0.126913
0.083811    -0.345096    0.122814
-0.127898    -0.270497    -0.078598
-0.129096    -0.49917    -0.064603
-0.102417    -0.189477    -0.090377
-0.035041    -0.170557    -0.127403
0.065342    0.02677    -0.046447
0.104431    -0.139323    -0.065814
0.101148    -0.203629    0.096701
0.140208    -0.235581    0.040018
0.091872    -0.241463    0.114124
0.090904    -0.280085    0.119808
-0.12795    -0.442814    -0.070103
0.010399    -0.059436    -0.099241
-0.054568    -0.19051    -0.125523
-0.11484    -0.236917    -0.089739
0.074592    -0.020322    -0.050454
0.130804    -0.205637    -0.050663
0.13733    -0.271331    0.061413
0.148753    -0.260884    -0.010163
0.090848    -0.53674    0.111105
-0.12638    -0.423722    -0.073844
-0.123256    -0.287531    -0.085532
0.021606    0.065728    -0.069906
-0.072014    -0.207379    -0.120586
-0.005726    -0.217217    -0.142214
0.054455    0.011016    -0.062969
0.125753    -0.214532    -0.065817
0.119341    -0.271338    0.091447
0.144386    -0.249064    0.03052
0.143114    -0.269919    -0.045519
0.097867    -0.425316    0.109101
-0.120345    -0.556325    -0.077006
-0.099134    -0.21815    -0.102188
-0.040832    -0.220456    -0.136884
-0.117189    -0.326799    -0.09197
0.033205    0.063935    -0.065538
0.096501    -0.141511    -0.077937
0.132989    -0.260586    -0.067154
0.1029    -0.526797    0.100506
0.113125    -0.370085    0.0955
0.116165    -0.30755    0.094381
0.124327    -0.297256    0.083787
0.132396    -0.296455    0.070584
0.133436    -0.434031    0.060101
0.139317    -0.351727    0.051543
0.140216    -0.379941    0.04652
0.144421    -0.298513    0.040404
0.148106    -0.273425    0.027191
0.146778    -0.339628    0.024539
0.148688    -0.311793    0.016074
0.147062    -0.401844    0.005058
0.148389    -0.346259    -0.009611
0.148375    -0.334282    -0.013313
0.146506    -0.307053    -0.031096
0.139753    -0.486603    -0.038353
0.141818    -0.319482    -0.046818
0.101111    -0.391183    0.107271
0.018607    -0.026823    -0.089686
-0.064886    -0.242111    -0.13136
0.000172    -0.224761    -0.14365
-0.114001    -0.526347    -0.08739
0.047909    -0.041166    -0.08229
0.127599    -0.257076    -0.076017
0.103799    -0.531979    0.099393
0.137664    -0.318716    -0.057986
0.114157    -0.460377    0.090319
0.120449    -0.405397    0.08437
0.124261    -0.523499    0.072542
0.130512    -0.498084    0.062192
0.132808    -0.475244    0.058842
0.13796    -0.510123    0.042207
0.141812    -0.416523    0.037838
0.141678    -0.550964    0.020945
0.144543    -0.472315    0.01449
0.143252    -0.539462    0.008809
0.144956    -0.480573    -0.005095
0.146786    -0.389689    -0.014261
0.140085    -0.555869    -0.029228
0.143055    -0.477574    -0.024427
0.144038    -0.383482    -0.032557
0.13816    -0.48791    -0.043512
0.135028    -0.484487    -0.05269
-0.112279    -0.28348    -0.099668
-0.096582    -0.257853    -0.112754
-0.03001    -0.263179    -0.146142
0.035386    -0.029425    -0.085236
0.094095    -0.163718    -0.090679
0.133723    -0.356213    -0.064255
0.128851    -0.292821    -0.076918
0.135235    -0.347499    -0.061688
0.141067    -0.559833    -0.023021
-0.108237    -0.536816    -0.094041
-0.102877    -0.517248    -0.100683
-0.099292    -0.332701    -0.110962
-0.090966    -0.283339    -0.119504
-0.07646    -0.317667    -0.128201
-0.071368    -0.364409    -0.129668
-0.061216    -0.385366    -0.134141
-0.059713    -0.428869    -0.133538
-0.052363    -0.399877    -0.137441
-0.043024    -0.40184    -0.140604
-0.031121    -0.319161    -0.145951
-0.021453    -0.364052    -0.14648
-0.01067    -0.281068    -0.149885
0.030876    -0.011274    -0.082449
0.089922    -0.158303    -0.092501
0.125903    -0.535185    -0.069073
0.121953    -0.351174    -0.084732
0.118635    -0.331283    -0.09019
0.110548    -0.28785    -0.101646
0.120423    -0.494526    -0.08015
-0.104205    -0.564218    0.060303
-0.117617    -0.564218    0.073784
0.030332    -0.564218    0.07633
-0.050359    -0.564218    0.092891
0.003624    -0.564218    0.108012
0.02014    -0.564218    0.119202
-0.074324    -0.564218    0.050804
-0.055157    -0.564218    0.043651
-0.129776    -0.564218    0.032022
0.016918    -0.564218    0.019863
-0.017366    -0.564218    0.012965
-0.022653    -0.564218    0.00096
-0.098237    -0.557297    -0.103676
-0.090684    -0.435099    -0.114614
-0.082326    -0.432184    -0.120867
-0.081486    -0.529975    -0.118247
-0.073601    -0.460008    -0.125503
-0.066346    -0.504479    -0.1281
-0.057605    -0.391589    -0.135567
-0.047379    -0.336969    -0.141044
-0.03665    -0.409094    -0.14223
-0.026604    -0.43694    -0.143695
-0.016757    -0.436497    -0.145185
-0.012959    -0.510723    -0.143574
-0.003131    -0.297821    -0.149824
0.043903    -0.564218    0.133419
0.00418    -0.564218    0.116577
0.086513    -0.156094    -0.094881
0.106158    -0.324895    -0.10486
0.11759    -0.436246    -0.086972
0.109411    -0.448472    -0.096495
-0.005617    -0.564218    0.066425
0.129348    -0.564218    0.056244
0.122712    -0.564218    0.068121
0.048577    -0.564218    0.087393
0.053131    -0.564218    0.102565
0.079018    -0.564218    0.047574
0.029118    -0.564218    0.033585
-0.060891    -0.564218    0.028859
0.113162    -0.564218    0.014306
0.118831    -0.564218    0.009302
0.017171    -0.564218    -0.001789
0.121111    -0.564218    -0.009536
0.012414    -0.564218    -0.016724
-0.138972    -0.564218    -0.020556
-0.000956    -0.53319    -0.143536
0.006185    -0.475821    -0.144997
0.020182    -0.232821    -0.143725
0.082756    -0.15264    -0.09676
0.09777    -0.497567    -0.106545
-0.016319    -0.564218    -0.036604
0.085409    -0.564218    -0.011219
0.10839    -0.564218    -0.027375
0.133824    -0.564218    -0.031688
0.010423    -0.322321    -0.148812
0.030364    -0.205728    -0.136878
0.088265    -0.218498    -0.112055
0.100092    -0.299081    -0.111637
0.113239    -0.564218    -0.045339
0.021351    -0.47798    -0.14345
0.0721    -0.137051    -0.099258
0.088911    -0.535244    -0.112783
-0.100714    -0.564218    -0.044123
0.018133    -0.310573    -0.148419
0.022172    -0.348788    -0.14682
0.082289    -0.229642    -0.118952
0.087406    -0.420852    -0.117701
0.006336    -0.564218    -0.0502
0.027451    -0.331352    -0.146442
0.052492    -0.165372    -0.119984
0.083922    -0.522287    -0.116883
-0.061473    -0.564218    -0.053996
0.033319    -0.431683    -0.142455
0.063533    -0.180853    -0.118727
0.07934    -0.346739    -0.125616
-0.043695    -0.564218    -0.058703
0.0361    -0.53764    -0.138875
0.053718    -0.220726    -0.132568
0.076045    -0.499992    -0.122846
-0.09304    -0.564218    -0.062792
0.04545    -0.407823    -0.139802
0.072045    -0.461722    -0.126475
-0.012206    -0.564218    -0.067225
0.048992    -0.43586    -0.137721
0.060666    -0.262581    -0.136281
0.065229    -0.492404    -0.129171
0.055456    -0.296021    -0.139344
0.052152    -0.429677    -0.136746
0.058249    -0.352476    -0.136516
-0.077288    -0.564218    -0.076862
0.056904    -0.391591    -0.135971
-0.010717    -0.564218    -0.085267
0.069568    -0.564218    -0.096028
-0.075352    -0.564218    -0.099303
-0.060285    -0.564218    -0.101019
0.020687    -0.564218    -0.117496
-0.023531    -0.564218    -0.137072
0.058602    -0.564218    -0.124406
