-0.087554    -0.489863    -0.073675
-0.090603    -0.499112    -0.064482
-0.119091    -0.472048    -0.001064
-0.110189    -0.486545    -0.019684
-0.101527    -0.494686    -0.038985
-0.095115    -0.465675    -0.060209
-0.100467    -0.469883    -0.046455
-0.034832    -0.484687    -0.104067
-0.044373    -0.480918    -0.100425
-0.044876    -0.489151    -0.099541
-0.07258    -0.49394    -0.087673
-0.101893    -0.504098    -0.035666
-0.094337    -0.501652    -0.054955
-0.114681    -0.469889    0.012137
-0.112947    -0.477764    0.014765
-0.11474    -0.484281    0.009147
-0.084697    -0.418601    -0.080502
-0.089205    -0.425769    -0.070675
-0.101332    -0.440022    -0.043501
-0.084457    -0.431788    -0.083027
-0.095439    -0.449159    -0.059074
-0.002552    -0.469752    -0.118662
-0.029399    -0.47539    -0.10708
-0.041172    -0.479641    -0.101855
-0.035705    -0.505867    -0.101563
-0.012651    -0.50288    -0.111642
-0.083937    -0.519007    -0.064595
-0.113886    -0.506009    -0.00429
-0.0863    -0.500638    0.074569
-0.087249    -0.46318    0.079693
-0.090956    -0.492321    0.064976
-0.084171    -0.486759    0.082456
-0.099167    -0.451737    0.050456
-0.112311    -0.45332    0.018956
-0.088764    -0.416496    0.070374
-0.103946    -0.458855    0.039967
-0.091762    -0.408858    -0.062009
-0.114151    -0.444636    -0.013233
-0.116498    -0.451261    -0.008545
-0.117788    -0.445538    -0.004585
-0.104005    -0.43529    -0.036349
-0.082322    -0.436043    -0.085008
-0.079833    -0.438    -0.086159
-0.067992    -0.443726    -0.091413
-0.063691    -0.414526    -0.091411
-0.021947    -0.431379    -0.109731
-0.009154    -0.444239    -0.115816
-0.005994    -0.456769    -0.11789
-0.050525    -0.450212    -0.099045
0.04131    -0.491987    -0.100785
0.005613    -0.464864    -0.117795
0.014645    -0.474449    -0.113268
0.073134    -0.500784    -0.086883
-0.002381    -0.516924    -0.108395
-0.071567    -0.516818    -0.080666
-0.104005    -0.523306    0.007192
-0.107361    -0.503448    0.022743
-0.099269    -0.514083    0.037726
-0.032961    -0.470837    0.105977
-0.075965    -0.485718    0.086945
-0.074867    -0.463459    0.089225
-0.060391    -0.466893    0.094939
-0.115206    -0.429259    0.008417
-0.098539    -0.419109    0.047158
-0.11351    -0.429227    0.012509
-0.117572    -0.412327    0.000209
-0.048135    -0.410694    0.097621
-0.064404    -0.414963    0.091143
-0.056513    -0.43803    0.09582
-0.046674    -0.409156    0.098132
-0.086487    -0.331742    -0.074685
-0.083207    -0.327595    -0.082604
-0.093796    -0.301252    -0.057037
-0.093532    -0.373869    -0.057675
-0.092477    -0.168552    -0.060224
-0.08938    -0.147845    -0.067701
-0.088343    -0.19534    -0.070203
-0.084198    -0.32391    -0.080211
-0.083308    -0.194903    -0.082359
-0.087927    -0.342095    -0.071206
-0.087717    -0.347784    -0.071714
-0.087691    -0.136856    -0.071776
-0.093959    -0.313554    -0.056645
-0.085769    -0.307913    -0.076417
-0.106806    -0.30993    -0.025629
-0.084369    -0.213738    -0.079796
-0.097791    -0.320284    -0.047394
-0.083578    -0.257051    -0.081707
-0.095135    -0.393657    -0.053805
-0.083513    -0.189652    -0.081865
-0.087693    -0.209097    -0.071771
-0.083634    -0.35783    -0.081572
-0.084972    -0.26748    -0.078343
-0.101648    -0.408153    -0.038082
-0.090471    -0.385493    -0.065066
-0.085752    -0.172739    -0.076458
-0.096281    -0.370255    -0.051038
-0.101049    -0.289187    -0.039529
-0.022973    -0.211845    -0.107906
-0.016413    -0.285591    -0.110623
-0.000367    -0.406686    -0.11727
-0.039863    -0.261749    -0.10091
-0.02092    -0.297967    -0.108757
-0.030536    -0.261714    -0.104774
-0.020687    -0.238872    -0.108853
-0.019379    -0.357935    -0.109395
-0.009818    -0.403995    -0.113355
-0.005251    -0.255965    -0.115247
-0.039292    -0.252472    -0.101147
-0.040121    -0.294201    -0.100803
-0.015133    -0.168274    -0.111154
-0.012261    -0.139249    -0.112343
-0.046571    -0.405928    -0.098132
-0.027649    -0.396533    -0.10597
-0.008571    -0.277749    -0.113872
-0.019899    -0.190231    -0.10918
-0.03548    -0.317928    -0.102726
-0.006584    -0.148485    -0.114695
-0.042498    -0.377542    -0.099819
-0.013287    -0.156213    -0.111918
-0.032303    -0.336983    -0.104042
-0.046458    -0.287795    -0.098179
-0.01224    -0.148501    -0.112352
-0.033973    -0.288144    -0.10335
-0.051382    -0.301945    -0.096139
-0.007802    -0.259066    -0.11419
0.063332    -0.448478    -0.093634
0.02067    -0.423857    -0.109801
0.012592    -0.423585    -0.11313
0.002799    -0.440419    -0.118215
0.027274    -0.461431    -0.109104
0.082279    -0.474405    -0.085257
0.034447    -0.462433    -0.106051
0.057169    -0.480508    -0.095158
0.023596    -0.513917    -0.105151
0.017743    -0.510859    -0.108118
0.020885    -0.518741    -0.103736
-0.086575    -0.523553    0.056328
-0.009823    -0.468685    0.115738
-0.018039    -0.497126    0.110003
-0.021107    -0.486472    0.109606
-0.012297    -0.418453    0.112939
-0.059018    -0.458889    0.096057
-0.033588    -0.440577    0.105471
-0.020315    -0.457786    0.11202
-0.037925    -0.447587    0.104103
-0.086676    -0.403822    0.074228
-0.099621    -0.320506    0.042975
-0.083558    -0.117142    0.081756
-0.109022    -0.374644    0.020278
-0.084907    -0.169417    0.078498
-0.088961    -0.29297    0.068712
-0.104196    -0.304702    0.031931
-0.087868    -0.199747    0.07135
-0.090986    -0.378371    0.063823
-0.09221    -0.187128    0.060868
-0.09258    -0.315756    0.059973
-0.083088    -0.167294    0.08289
-0.083596    -0.340521    0.081664
-0.106079    -0.310548    0.027384
-0.096574    -0.279951    0.050331
-0.093723    -0.215568    0.057215
-0.088413    -0.335692    0.070034
-0.098752    -0.346126    0.045074
-0.089907    -0.364086    0.066427
-0.088089    -0.260053    0.070815
-0.102289    -0.407242    0.036535
-0.091558    -0.391565    0.062441
-0.096824    -0.383409    0.049729
-0.107782    -0.342814    0.023274
-0.084799    -0.215387    0.07876
-0.085627    -0.33877    0.076761
-0.083962    -0.175228    0.08078
-0.10821    -0.321016    0.022239
-0.00647    -0.243883    0.114742
-0.005806    -0.210782    0.115017
-0.009892    -0.389066    0.113324
-0.073029    -0.396607    0.087173
-0.030323    -0.401854    0.104862
-0.009062    -0.243267    0.113669
-0.033407    -0.258158    0.103584
-0.011863    -0.402232    0.112508
-0.037588    -0.404023    0.101853
-0.062299    -0.383017    0.091617
-0.045708    -0.321621    0.098489
-0.036975    -0.405432    0.102107
-0.011626    -0.296372    0.112607
-0.07193    -0.366964    0.087628
-0.030083    -0.290585    0.104961
-0.056739    -0.339617    0.09392
-0.000508    -0.274667    0.117212
-0.027411    -0.345076    0.106068
-0.041126    -0.357522    0.100387
-0.026071    -0.353211    0.106623
-0.022714    -0.207009    0.108014
-0.029873    -0.287526    0.105048
-0.026845    -0.19334    0.106302
-0.033963    -0.389307    0.103354
-0.045343    -0.366555    0.09864
-0.001469    -0.371396    0.116814
-0.019658    -0.325946    0.109279
-0.116118    -0.077034    -0.003148
-0.114135    -0.318655    -0.007936
-0.113959    -0.192063    -0.008361
-0.115237    -0.334736    -0.005276
-0.114532    -0.103353    -0.006978
-0.108378    -0.266909    -0.021835
-0.110123    -0.287128    -0.017622
-0.102122    -0.205461    -0.036939
-0.11072    -0.271887    -0.016181
-0.116573    -0.101243    -0.00205
-0.11301    -0.182452    -0.010651
-0.100465    -0.099059    -0.040937
-0.09276    -0.104918    -0.05954
-0.098942    -0.221429    -0.044614
-0.109643    -0.288501    -0.01878
-0.100195    -0.176515    -0.04159
-0.112542    -0.214286    -0.011782
-0.10903    -0.233414    -0.020261
-0.113265    -0.146326    -0.010036
-0.099303    -0.162359    -0.043742
-0.098745    -0.171585    -0.04509
-0.116273    -0.387761    -0.002775
-0.09664    -0.111306    -0.050172
-0.105252    -0.210448    -0.029382
-0.10239    -0.262251    -0.03629
-0.11047    -0.158612    -0.016784
-0.113634    -0.280782    -0.009144
-0.112883    -0.086913    -0.010959
-0.023256    -0.142756    -0.107789
-0.029058    -0.12269    -0.105386
-0.042467    -0.228636    -0.099832
-0.071687    -0.162648    -0.087728
-0.016716    -0.081731    -0.110498
-0.01869    -0.147154    -0.10968
-0.046871    -0.233015    -0.098007
-0.039993    -0.143719    -0.100856
-0.041936    -0.121442    -0.100052
-0.04426    -0.08723    -0.099089
-0.064887    -0.271147    -0.090545
-0.078015    -0.320246    -0.085107
-0.049689    -0.240636    -0.09684
-0.074601    -0.178814    -0.086521
-0.078784    -0.371032    -0.084789
-0.067268    -0.257969    -0.089559
-0.075052    -0.252645    -0.086334
-0.060758    -0.228163    -0.092255
-0.038979    -0.133659    -0.101277
-0.00741    -0.105888    -0.114353
-0.06485    -0.132418    -0.090561
-0.032371    -0.156641    -0.104014
-0.068535    -0.249316    -0.089034
-0.045649    -0.189318    -0.098514
-0.073072    -0.142299    -0.087155
-0.032724    -0.154563    -0.103868
-0.04876    -0.232365    -0.097225
-0.045176    -0.079679    -0.09871
0.022036    -0.206724    -0.108295
0.004542    -0.393672    -0.11554
0.029845    -0.337718    -0.10506
0.030976    -0.230557    -0.104592
0.004134    -0.149492    -0.11571
0.051254    -0.40664    -0.096192
0.033977    -0.372047    -0.103348
0.000904    -0.323117    -0.117048
0.015853    -0.255212    -0.110856
0.037409    -0.278677    -0.101927
0.066922    -0.376716    -0.089702
0.017442    -0.384753    -0.110197
0.044551    -0.331586    -0.098969
0.013867    -0.188532    -0.111678
0.001551    -0.38635    -0.116779
0.006852    -0.204849    -0.114584
0.046732    -0.395098    -0.098065
0.037893    -0.256018    -0.101726
0.009319    -0.167531    -0.113562
0.004993    -0.163849    -0.115354
0.00819    -0.161308    -0.11403
0.041648    -0.300904    -0.100171
0.011724    -0.405197    -0.112566
0.028076    -0.404479    -0.105792
0.067552    -0.395473    -0.089441
0.036714    -0.346525    -0.102215
0.041339    -0.386076    -0.100299
0.025251    -0.270488    -0.106963
0.005079    -0.409086    -0.115357
0.064597    -0.43588    -0.092341
0.034684    -0.409294    -0.103107
0.048554    -0.435821    -0.098982
0.09379    -0.476428    -0.061279
0.099134    -0.481544    -0.047365
0.092932    -0.480122    -0.062619
0.095418    -0.478411    -0.056956
0.079828    -0.504845    -0.082744
-0.073229    -0.508322    0.084946
-0.05938    -0.507731    0.091426
-0.022809    -0.511417    0.10592
0.011642    -0.490496    0.113196
0.06767    -0.49454    0.089657
0.006912    -0.501235    0.114275
0.047752    -0.439936    0.099566
0.015542    -0.443774    0.113142
0.031891    -0.428073    0.105411
0.053446    -0.443628    0.097432
0.005796    -0.415524    0.115453
-0.102457    -0.247575    0.03613
-0.095236    -0.189594    0.053562
-0.101437    -0.149605    0.038592
-0.088451    -0.10247    0.069942
-0.115233    -0.098239    0.005285
-0.110407    -0.177897    0.016937
-0.109983    -0.124903    0.01796
-0.112765    -0.258573    0.011244
-0.100246    -0.123822    0.041466
-0.104493    -0.140941    0.031213
-0.108168    -0.192266    0.022341
-0.114278    -0.133565    0.007591
-0.110389    -0.267534    0.01698
-0.105304    -0.252352    0.029257
-0.110206    -0.267379    0.01742
-0.096119    -0.148208    0.05143
-0.095178    -0.088683    0.053702
-0.101901    -0.257351    0.037471
-0.114117    -0.128989    0.00798
-0.11495    -0.242075    0.005967
-0.095836    -0.185427    0.052112
-0.109926    -0.185044    0.018097
-0.105254    -0.1475    0.029377
-0.089255    -0.114925    0.068
-0.105275    -0.146286    0.029327
-0.095417    -0.195831    0.053126
-0.104629    -0.121721    0.030886
-0.101192    -0.160922    0.039183
-0.046515    -0.253642    0.098155
-0.061975    -0.198136    0.091751
-0.070525    -0.316872    0.08821
-0.016834    -0.121515    0.110449
-0.060179    -0.284011    0.092495
-0.053961    -0.183921    0.095071
-0.020997    -0.089325    0.108725
-0.075925    -0.189745    0.085973
-0.050964    -0.262338    0.096312
-0.078116    -0.259827    0.085065
-0.07599    -0.295384    0.085946
-0.064897    -0.170092    0.090541
-0.044861    -0.101473    0.09884
-0.039075    -0.208423    0.101237
-0.006451    -0.099975    0.11475
-0.064475    -0.18983    0.090716
-0.02865    -0.09339    0.105555
-0.041946    -0.161504    0.100048
-0.039008    -0.114254    0.101264
-0.077963    -0.326325    0.085129
-0.046531    -0.157137    0.098148
-0.07372    -0.321827    0.086886
-0.072152    -0.126267    0.087536
-0.041624    -0.164785    0.100181
-0.07518    -0.17955    0.086282
-0.075511    -0.362623    0.086145
-0.064594    -0.207903    0.090666
0.018754    -0.340591    0.109654
0.041257    -0.369081    0.100333
0.060399    -0.339831    0.092404
0.006568    -0.229735    0.114702
0.009825    -0.400278    0.113352
0.039721    -0.252044    0.100969
0.001329    -0.086042    0.116871
0.002785    -0.282713    0.116268
0.067398    -0.396368    0.089505
0.027387    -0.350877    0.106078
0.021613    -0.403592    0.10847
0.032665    -0.288392    0.103892
0.03309    -0.353618    0.103716
0.001608    -0.1623    0.116756
0.074301    -0.382238    0.086646
0.030486    -0.269759    0.104794
0.032217    -0.351571    0.104077
0.018445    -0.322248    0.109782
0.057858    -0.383628    0.093456
0.05598    -0.398447    0.094234
0.037602    -0.377847    0.101847
0.014538    -0.155078    0.1114
0.021254    -0.400324    0.108618
0.016474    -0.39202    0.110598
0.003866    -0.385195    0.115821
0.007337    -0.298319    0.114383
0.03313    -0.405086    0.103699
0.056434    -0.333071    0.094046
-0.101246    -0.071585    -0.040118
-0.095724    -0.075165    -0.052723
-0.10001    -0.067476    -0.043936
-0.083409    -0.069934    -0.083453
-0.023963    -0.074471    -0.107695
0.049507    -0.237004    -0.096916
0.044737    -0.223738    -0.098891
0.016857    -0.130844    -0.11044
0.061598    -0.301291    -0.091907
0.066662    -0.107583    -0.08981
0.065817    -0.087709    -0.09016
0.076981    -0.266757    -0.085536
0.053077    -0.138004    -0.095437
0.04708    -0.218407    -0.097921
0.061373    -0.204089    -0.092001
0.044672    -0.195082    -0.098918
0.05235    -0.247088    -0.095738
0.074223    -0.255394    -0.086678
0.054193    -0.172599    -0.094975
0.047137    -0.101601    -0.097897
0.04959    -0.130624    -0.096881
0.079634    -0.186167    -0.084437
0.054733    -0.116796    -0.094751
0.05779    -0.216196    -0.093485
0.034436    -0.087319    -0.103158
0.02673    -0.15704    -0.10635
0.064752    -0.197652    -0.090601
0.081267    -0.199044    -0.08376
0.05794    -0.077486    -0.093423
0.044684    -0.202424    -0.098913
0.076255    -0.285782    -0.085836
0.045435    -0.158997    -0.098602
0.034578    -0.155116    -0.103099
0.08703    -0.440675    -0.078124
0.095508    -0.457349    -0.060116
0.106746    -0.458589    -0.033167
0.08664    -0.45128    -0.08063
0.116956    -0.489492    -0.002765
0.103078    -0.48135    -0.037882
0.119085    -0.466392    -0.002199
0.11498    -0.496747    -0.0061
0.097496    -0.515401    -0.041444
0.110271    -0.504892    -0.015098
0.09229    -0.519799    -0.051341
-0.018383    -0.521352    0.10283
0.082608    -0.473025    0.085234
0.020797    -0.466117    0.111403
0.066179    -0.486213    0.090958
0.078749    -0.483343    0.085987
0.011602    -0.507979    0.111172
0.043808    -0.52309    0.095152
0.034996    -0.410263    0.103037
0.054998    -0.415515    0.095072
0.055102    -0.417265    0.095136
0.058333    -0.420834    0.094016
-0.091834    -0.072503    0.062655
-0.092242    -0.071316    0.061912
-0.022117    -0.072375    0.108636
-0.001539    -0.074711    0.116963
-0.014307    -0.06729    0.112299
0.061135    -0.140962    0.092099
0.06821    -0.177699    0.089169
0.025544    -0.157813    0.106841
0.029713    -0.087933    0.105115
0.026721    -0.113181    0.106354
0.077127    -0.176657    0.085475
0.009338    -0.105417    0.113554
0.082664    -0.105106    0.083182
0.062829    -0.321588    0.091397
0.066202    -0.132967    0.090001
0.069793    -0.242043    0.088513
0.056212    -0.2967    0.094138
0.064227    -0.321602    0.090819
0.075949    -0.331826    0.085963
0.079708    -0.3217    0.084406
0.059111    -0.194474    0.092937
0.060138    -0.078969    0.092512
0.07362    -0.265069    0.086928
0.057684    -0.299138    0.093529
0.071837    -0.123779    0.087666
0.049684    -0.087343    0.096842
0.008918    -0.079579    0.113728
0.042942    -0.119954    0.099635
0.076371    -0.107649    0.085788
0.082874    -0.380806    0.083095
0.01144    -0.094715    0.112683
0.057669    -0.178437    0.093535
0.040926    -0.194397    0.10047
-0.109819    -0.051088    -0.023585
-0.108006    -0.048377    -0.028512
-0.040013    -0.056117    -0.102591
-0.014412    -0.059436    -0.112916
-0.009058    -0.049575    -0.115963
0.061194    -0.07362    -0.092345
0.02674    -0.072804    -0.106685
0.103494    -0.276702    -0.033626
0.102824    -0.332085    -0.035242
0.094059    -0.287654    -0.056402
0.086219    -0.287083    -0.075331
0.085162    -0.348046    -0.077883
0.088315    -0.223068    -0.070271
0.083216    -0.271018    -0.08258
0.091713    -0.398651    -0.062067
0.088076    -0.350662    -0.070847
0.096762    -0.25196    -0.049878
0.089521    -0.23205    -0.067358
0.092869    -0.18547    -0.059275
0.106626    -0.355452    -0.026064
0.112183    -0.385271    -0.012649
0.092693    -0.198689    -0.059701
0.092214    -0.350445    -0.060858
0.096474    -0.353764    -0.050573
0.083917    -0.246982    -0.080888
0.100661    -0.260055    -0.040464
0.096111    -0.303209    -0.051449
0.106138    -0.350519    -0.027242
0.095605    -0.362779    -0.052671
0.105693    -0.389383    -0.028316
0.101525    -0.342426    -0.038378
0.100805    -0.268855    -0.040116
0.091966    -0.401312    -0.061457
0.091829    -0.317492    -0.061788
0.095899    -0.207408    -0.051962
0.11112    -0.413514    -0.015961
0.100738    -0.413709    -0.041053
0.116144    -0.411711    -0.003566
0.117537    -0.415828    -0.00081
0.101635    -0.479032    0.041823
0.089553    -0.463181    0.074129
0.107828    -0.459761    0.030688
0.098516    -0.475482    0.050057
0.105678    -0.522731    -0.000337
0.013444    -0.516401    0.106475
0.098848    -0.492774    0.045831
0.084983    -0.501449    0.077588
0.102976    -0.491873    0.036044
0.086755    -0.483422    0.076877
0.072882    -0.52062    0.077375
0.086709    -0.45471    0.080969
0.087274    -0.426615    0.075462
0.110132    -0.413389    0.018326
0.085669    -0.445942    0.082186
-0.101005    -0.048842    0.045319
-0.112686    -0.061555    0.014537
-0.046962    -0.058969    0.099473
-0.022223    -0.05123    0.110371
-0.002556    -0.048024    0.118787
0.010644    -0.062003    0.114261
0.01717    -0.063669    0.111418
0.083616    -0.23587    0.081616
0.101941    -0.260265    0.037375
0.10509    -0.330003    0.029772
0.095463    -0.272922    0.053014
0.093535    -0.267228    0.057668
0.089827    -0.182599    0.06662
0.100478    -0.402303    0.040907
0.091596    -0.226741    0.06235
0.088007    -0.171089    0.071015
0.087224    -0.17753    0.072905
0.095177    -0.201083    0.053705
0.096844    -0.317806    0.04968
0.097452    -0.357702    0.048213
0.096606    -0.374555    0.050255
0.111327    -0.375102    0.014715
0.084306    -0.135924    0.079949
0.109715    -0.360301    0.018607
0.090752    -0.197247    0.064388
0.092503    -0.303123    0.060161
0.095071    -0.316427    0.05396
0.098477    -0.382582    0.045738
0.100599    -0.285214    0.040614
0.094999    -0.40478    0.054133
0.091492    -0.337745    0.0626
0.090572    -0.301142    0.064823
0.107532    -0.329923    0.023876
0.106223    -0.336112    0.027037
0.089883    -0.345285    0.066485
-0.080458    -0.01861    -0.077451
-0.083954    -0.033797    -0.078445
-0.088158    -0.027078    -0.06412
-0.082189    -0.023578    -0.076358
-0.084153    -0.007018    -0.061329
-0.009278    -0.034947    -0.112899
-0.039726    -0.019483    -0.096308
-0.031699    -0.03746    -0.104259
-0.046647    -0.032346    -0.096751
-0.023723    -0.018074    -0.102574
0.050842    -0.057433    -0.097995
0.040528    -0.058494    -0.102178
0.114807    -0.369549    -0.006313
0.116731    -0.327424    -0.001669
0.090338    -0.140212    -0.065387
0.094854    -0.190314    -0.054484
0.108984    -0.262059    -0.02037
0.108966    -0.141454    -0.020416
0.090655    -0.1266    -0.064621
0.104917    -0.124853    -0.030191
0.102733    -0.154543    -0.035464
0.09325    -0.081765    -0.058356
0.113635    -0.333028    -0.009142
0.114233    -0.262373    -0.0077
0.109358    -0.286603    -0.019469
0.094431    -0.132356    -0.055506
0.113624    -0.207292    -0.00917
0.11075    -0.230982    -0.016107
0.113996    -0.307818    -0.008272
0.109361    -0.316482    -0.019462
0.113378    -0.109429    -0.009764
0.094118    -0.104031    -0.05626
0.105044    -0.171087    -0.029884
0.091248    -0.090504    -0.063189
0.112385    -0.167299    -0.012161
0.094652    -0.178621    -0.054971
0.102501    -0.235287    -0.036023
0.115609    -0.144151    -0.004376
0.116128    -0.184864    -0.003124
0.105046    -0.214983    -0.029879
0.111519    -0.427671    0.017085
0.113291    -0.435847    0.014012
0.095239    -0.457072    0.060724
0.100649    -0.456194    0.047534
0.098362    -0.525352    0.030032
0.09357    -0.517846    0.049874
0.106403    -0.503008    0.025245
0.082275    -0.50525    0.080144
0.093199    -0.522485    0.04743
-0.088539    -0.016811    0.056824
-0.091892    -0.018041    0.049494
-0.11028    -0.037994    0.017495
-0.101813    -0.047087    0.043585
-0.033452    -0.03326    0.102452
-0.006292    -0.02161    0.110705
-0.004586    -0.039113    0.115915
-0.015613    -0.034043    0.110043
-0.017456    -0.047002    0.112614
0.064433    -0.062828    0.091912
0.056067    -0.062215    0.095428
0.099011    -0.110104    0.044448
0.112593    -0.132913    0.011659
0.10793    -0.245182    0.022916
0.10275    -0.247186    0.035422
0.116006    -0.296762    0.003417
0.108801    -0.27477    0.020812
0.115228    -0.121469    0.005298
0.110243    -0.121106    0.017331
0.109416    -0.262013    0.019327
0.106918    -0.15975    0.025358
0.104448    -0.17233    0.031323
0.107445    -0.101685    0.024086
0.095902    -0.094693    0.051953
0.110972    -0.110128    0.015571
0.098683    -0.17626    0.045241
0.114473    -0.132301    0.007119
0.108689    -0.128848    0.021083
0.116501    -0.278091    0.002223
0.10108    -0.168752    0.039453
0.092689    -0.114975    0.05971
0.109391    -0.205013    0.019389
0.097712    -0.203055    0.047585
0.104393    -0.180253    0.031455
0.092825    -0.127234    0.059382
0.102183    -0.19008    0.03679
0.099972    -0.197171    0.042129
0.112695    -0.333018    0.011413
0.109286    -0.205748    0.019641
-0.091329    0.001711    -0.038583
-0.095801    0.000685    -0.028424
-0.10323    -0.023921    -0.025773
-0.10206    -0.002115    -0.015054
-0.050471    -0.006235    -0.088449
-0.056455    -0.014734    -0.088157
-0.064278    -0.004126    -0.082188
-0.052922    -0.00514    -0.087152
-0.068635    -0.023171    -0.085283
0.055431    -0.035345    -0.093885
0.022136    -0.030853    -0.10652
0.014161    -0.02278    -0.107746
0.005781    -0.027017    -0.112308
0.089292    -0.066397    -0.070032
0.088408    -0.06144    -0.073172
0.108135    -0.069255    -0.023961
-0.10593    -0.014102    0.013156
-0.106285    0.004742    0.000595
-0.100846    -0.013681    0.025169
-0.101161    -0.023998    0.030815
-0.036868    0.00436    0.091357
-0.059516    -0.005878    0.084611
-0.033182    -0.002516    0.094653
-0.068746    0.004871    0.078022
0.01534    -0.03147    0.109494
0.046888    -0.04231    0.099216
0.033205    -0.019272    0.098955
0.003226    -0.011262    0.109312
0.021985    -0.046281    0.110553
0.086537    -0.07146    0.075656
0.090781    -0.065588    0.066603
-0.086158    0.018033    -0.028633
-0.079358    0.009856    -0.058523
-0.069762    0.024838    -0.057002
-0.03336    0.007129    -0.091642
-0.034889    0.012148    -0.087583
-0.046903    0.010567    -0.083686
0.076967    -0.040174    -0.086207
0.062986    -0.016722    -0.085964
0.039466    -0.005157    -0.09273
0.046264    -0.020299    -0.09381
0.118532    -0.058766    -0.00099
0.106144    -0.051366    -0.032399
0.103179    -0.055568    -0.038706
-0.077783    0.009454    0.062987
-0.094364    0.007793    0.025695
-0.096983    0.010467    0.014967
-0.034203    0.021633    0.081393
-0.047727    0.009807    0.083863
-0.00657    0.020965    0.093295
0.077617    -0.030838    0.083536
0.081985    -0.032849    0.082244
0.077997    -0.041144    0.08603
0.075697    -0.039915    0.086667
0.115453    -0.073513    0.00543
0.093899    -0.053654    0.061499
-0.09556    0.018114    -0.0058
-0.084199    0.022892    -0.025356
-0.067655    0.033354    -0.048059
-0.067205    0.010887    -0.075058
-0.054149    0.020693    -0.073774
0.022361    0.006543    -0.096598
0.018228    0.024584    -0.085996
0.039154    0.017488    -0.082172
0.088918    -0.03526    -0.067371
0.083188    -0.00918    -0.065002
0.096768    -0.037841    -0.050022
0.0975    -0.039626    -0.049364
0.082175    -0.005688    -0.065278
-0.0803    0.035535    0.013937
-0.095464    0.016413    0.008836
-0.045405    0.019136    0.078458
-0.059267    0.023453    0.069769
0.018169    0.020433    0.088854
0.020234    0.012396    0.093484
0.065366    0.007923    0.077843
0.101649    0.005553    0.011283
0.10323    -0.000318    0.011113
0.086658    -0.024922    0.066405
0.083312    0.005697    0.055461
0.107601    -0.041271    0.026
0.106572    -0.041372    0.028547
0.101719    -0.009191    0.020273
0.105779    -0.022036    0.01845
0.093289    -0.043527    0.061954
-0.065656    0.04564    -0.035885
-0.054472    0.062559    -0.042921
-0.004505    0.042265    -0.080304
-0.033645    0.043683    -0.06754
0.046431    0.022832    -0.07551
0.058392    0.014032    -0.076562
0.107133    -0.024668    -0.016814
0.092385    -0.012448    -0.044829
0.107892    -0.019548    -0.011802
0.101539    -0.000726    -0.015448
-0.055607    0.051112    0.05369
-0.072296    0.045528    0.019987
-0.032237    0.045723    0.067127
-0.037487    0.042516    0.066519
0.040435    0.038278    0.067452
0.031546    0.026706    0.079032
0.08621    0.018691    0.027423
0.080518    0.017661    0.042861
0.084378    0.035647    0.003907
-0.066414    0.056965    -0.020691
-0.067868    0.053618    -0.021132
-0.028308    0.063398    -0.060115
0.019028    0.046715    -0.072113
0.014982    0.040627    -0.076765
0.080077    0.023138    -0.034902
0.092609    0.009221    -0.027579
0.075139    0.025763    -0.042498
-0.063976    0.057075    0.026449
-0.070908    0.050586    0.017369
-0.04421    0.063798    0.053333
0.009508    0.040268    0.079207
0.001889    0.052452    0.076408
0.078478    0.019191    0.045264
0.071432    0.03141    0.042143
0.069317    0.032907    -0.044781
0.06542    0.035468    -0.049969
0.095716    0.020677    -0.001201
-0.051537    0.092803    -0.033621
-0.034905    0.073127    -0.054552
-0.006534    0.088441    -0.063544
0.041995    0.066588    -0.052887
0.043117    0.064342    -0.05352
-0.055192    0.08165    0.029652
-0.065717    0.068222    0.010086
-0.000609    0.078617    0.067769
0.036383    0.058713    0.059061
0.026618    0.05653    0.064172
0.074697    0.040975    0.019563
0.07917    0.045177    0.003805
0.065424    0.03897    -0.044317
0.060134    0.049505    -0.044656
-0.054825    0.094939    -0.024754
-0.035417    0.098526    -0.049762
-0.033388    0.086045    -0.052852
0.002803    0.100948    -0.062835
0.039055    0.069137    -0.053553
-0.061081    0.10076    0.007119
-0.058925    0.096871    0.014015
-0.022061    0.091006    0.05665
0.009923    0.080775    0.063522
0.025215    0.071337    0.058889
0.053535    0.062611    0.045124
0.05672    0.06617    0.033234
0.068307    0.064089    -0.007716
-0.035856    0.27924    -0.034833
-0.041762    0.209407    -0.033318
-0.042215    0.17434    -0.038624
-0.04673    0.233881    -0.016859
-0.041107    0.259093    -0.025834
-0.058376    0.111636    -0.011051
-0.053945    0.144165    -0.015812
-0.059689    0.105351    -0.009028
-0.038427    0.273919    -0.029598
-0.042266    0.157741    -0.041529
-0.035649    0.281158    -0.034984
-0.045686    0.112654    -0.041501
-0.015429    0.169608    -0.052181
-0.006488    0.12024    -0.059616
-0.003359    0.325804    -0.045374
-0.010278    0.148108    -0.055939
-0.022901    0.118267    -0.052966
-0.003212    0.169115    -0.057279
-0.00275    0.309469    -0.046861
-0.019484    0.11721    -0.054462
-0.005893    0.171597    -0.055981
-0.017745    0.11672    -0.055219
-0.017249    0.235793    -0.046424
0.026192    0.095809    -0.054073
0.037081    0.101608    -0.048517
-0.04285    0.252722    0.022787
-0.042945    0.208312    0.030662
-0.041911    0.235441    0.028208
-0.050758    0.13355    0.025444
-0.041399    0.171756    0.041064
-0.044874    0.229027    0.022225
-0.054892    0.169855    0.008837
-0.039278    0.226822    0.036138
-0.038342    0.262453    0.031895
-0.049043    0.203767    0.016771
-0.045143    0.19146    0.028431
-0.022884    0.12033    0.052817
-0.010876    0.243696    0.048467
-0.024199    0.20935    0.045544
-0.03199    0.116764    0.049315
-0.022707    0.120739    0.05286
-0.0025    0.248058    0.051607
-0.023876    0.215928    0.045181
-0.010865    0.250559    0.047953
-0.009601    0.238049    0.049422
-0.03718    0.121391    0.046815
-0.026088    0.121427    0.051407
0.01126    0.099683    0.05956
0.03072    0.098885    0.051643
0.05783    0.085791    0.021482
0.058123    0.082472    0.022219
0.047795    0.085053    -0.046029
0.054373    0.088112    -0.028818
-0.037793    0.347048    -0.017784
-0.055372    0.168247    -0.007973
-0.047695    0.283234    -0.005524
-0.051701    0.253206    -0.001332
-0.054472    0.179493    -0.008092
-0.034494    0.340658    -0.026915
-0.047484    0.266208    -0.00914
-0.052266    0.250587    -0.000446
-0.017861    0.343929    -0.037997
-0.01438    0.352016    -0.038828
-0.009541    0.319247    -0.04331
-0.025406    0.292665    -0.038747
-0.021867    0.325949    -0.037697
-0.030533    0.300731    -0.036013
-0.013317    0.283723    -0.04443
-0.021752    0.246375    -0.043759
0.007942    0.192113    -0.053581
0.013577    0.149359    -0.054479
0.020559    0.142248    -0.052124
0.006107    0.210867    -0.052924
0.027992    0.136578    -0.049473
0.028761    0.103633    -0.051645
0.013224    0.151101    -0.054493
0.025314    0.205404    -0.045381
0.02112    0.20252    -0.047336
0.012902    0.273336    -0.045387
0.024794    0.120259    -0.052032
-0.057456    0.164921    0.003549
-0.047174    0.266568    0.009824
-0.045504    0.26933    0.01335
-0.046613    0.319169    0.001578
-0.041985    0.309085    0.01459
-0.056726    0.168528    0.004653
-0.042313    0.270957    0.020756
-0.04218    0.352834    0.006136
-0.02115    0.346469    0.036443
-0.010498    0.302028    0.044215
-0.036086    0.258776    0.036884
-0.026498    0.290091    0.038489
-0.015206    0.338127    0.039536
-0.032586    0.226745    0.040755
-0.016949    0.269199    0.044024
-0.031859    0.242694    0.039851
0.005852    0.30659    0.045794
0.026441    0.121942    0.051222
0.019538    0.201385    0.048077
0.004105    0.157896    0.057757
0.008555    0.141207    0.057175
0.022262    0.171875    0.049179
0.033751    0.130443    0.047552
0.037428    0.125169    0.046427
0.0124    0.225599    0.049204
0.004814    0.16666    0.056801
0.021265    0.171587    0.049614
0.025218    0.121039    0.051797
0.061354    0.101899    0.005965
0.050254    0.101038    -0.033138
0.061013    0.085616    -0.013873
0.027212    0.300867    -0.037379
0.016778    0.274211    -0.043716
0.012599    0.323841    -0.041695
0.028028    0.272113    -0.039214
0.00844    0.340708    -0.042143
0.037616    0.170784    -0.042902
0.022501    0.294466    -0.039814
0.023808    0.263869    -0.041586
-0.047915    0.356441    0.006646
0.032113    0.196609    0.043229
0.034262    0.203799    0.041796
0.011076    0.30414    0.043816
0.025796    0.332237    0.035594
0.035661    0.171323    0.043671
0.030679    0.283118    0.037284
0.0309    0.323372    0.03415
0.031451    0.312955    0.034709
0.046695    0.273248    0.009761
0.048312    0.194317    0.020261
0.053596    0.167297    0.012436
0.05034    0.165948    0.020542
0.05035    0.111282    0.030492
0.045058    0.346655    0.000318
0.048978    0.105862    0.034794
0.05475    0.214359    0.001062
0.057963    0.16247    0.002773
0.058128    0.121517    0.009846
0.047184    0.253588    0.012168
0.04498    0.155964    -0.035304
0.048236    0.176589    -0.02368
0.039645    0.237805    -0.03325
0.047332    0.208824    -0.019979
0.046812    0.230208    -0.017333
0.044964    0.220971    -0.023481
0.050888    0.161651    -0.020003
0.042693    0.171159    -0.038053
0.054079    0.107147    -0.022245
0.037823    0.282645    -0.029466
0.058714    0.111072    -0.010338
0.048545    0.171418    -0.023876
0.021107    0.356123    -0.04135
0.042961    0.268907    0.019569
0.040999    0.260583    0.025824
0.042713    0.239637    0.025509
0.041803    0.312731    0.014368
0.041496    0.291262    0.019026
0.044531    0.127598    0.041563
0.038795    0.340934    0.016484
0.033311    0.33035    0.031654
0.008079    0.356112    0.046728
0.038995    0.298063    -0.023823
0.040371    0.352176    -0.010628
0.054779    0.18792    -0.005815
0.046933    0.316908    -0.00122
0.044893    0.250878    -0.018193
0.040391    0.308098    -0.018622
0.038848    0.312361    -0.021568
0.040212    0.317281    -0.017377
-0.043429    0.359142    -0.020188
-0.014569    0.357948    -0.046068
-0.016468    0.36477    -0.043501
0.021727    0.369415    -0.040111
-0.03476    0.384715    0.025008
-0.048844    0.35975    0.006733
-0.005929    0.361525    0.048713
0.025087    0.356152    0.039755
-0.036739    0.388551    -0.017816
-0.014308    0.393195    -0.03698
0.025474    0.394989    -0.031887
0.048143    0.357048    -0.008745
-0.041455    0.384962    0.008691
-0.024031    0.37453    0.037822
0.012364    0.364719    0.045215
0.047459    0.356786    0.00925
0.030873    0.395045    -0.033579
0.044385    0.357921    -0.01865
-0.017648    0.395045    0.035791
0.028257    0.379761    0.034707
0.04322    0.370302    0.013663
-0.042221    0.395045    -0.020345
-0.036919    0.395045    -0.038083
0.042874    0.37968    -0.008593
-0.038527    0.395045    0.033447
0.03894    0.393203    0.009571
-0.040764    0.402416    -0.030177
0.014903    0.409204    -0.04633
-0.032577    0.396929    -0.040386
-0.047024    0.401364    0.01535
-0.035113    0.397737    0.039245
-0.047037    0.414162    -0.005309
0.023024    0.412635    -0.04191
-0.010628    0.413884    -0.046066
-0.050161    0.402963    0.007267
-5.1e-05    0.401332    0.052108
0.029653    0.402922    0.040924
0.040757    0.41032    -0.026032
0.005185    0.414641    -0.008163
-0.021235    0.414641    -0.019769
-0.016045    0.414641    -0.035546
-0.011118    0.414641    -0.024117
-0.039526    0.414641    0.005258
-0.016412    0.414641    -0.005671
-0.01245    0.414641    0.02321
-0.01565    0.414641    0.040038
0.038681    0.414641    -0.012404
0.019436    0.414641    0.008842
0.029257    0.410277    0.038618
0.028195    0.414641    -0.021376
0.046962    0.410244    0.011865
0.035059    0.414641    0.000187
0.039864    0.402928    0.031463
