-0.087581    -0.73344    0.00134
-0.100433    -0.733022    -0.001422
-0.068651    -0.731421    0.077833
-0.062075    -0.73344    0.052621
-0.055776    -0.73344    0.032486
-0.058752    -0.73344    -0.009574
-0.047882    -0.73344    0.042032
-0.03621    -0.73344    -0.04465
-0.040256    -0.73344    0.019058
-0.033106    -0.73344    0.037131
-0.019756    -0.73344    0.028389
-0.02432    -0.73344    0.014259
-0.098473    -0.726202    -0.053308
-0.018461    -0.73344    0.082511
-0.003909    -0.73344    0.013595
-0.008564    -0.721576    0.115542
0.001697    -0.73344    0.061802
0.027281    -0.727936    0.106559
0.021488    -0.73344    0.047022
0.020906    -0.73344    -0.01083
-0.060698    -0.723061    -0.097698
0.040846    -0.73344    0.081778
0.040482    -0.73344    -0.021643
0.034462    -0.73344    -0.071562
-0.093793    -0.722107    -0.067067
0.060874    -0.73344    0.01311
0.057978    -0.725984    0.096184
0.068918    -0.73344    0.01547
0.070641    -0.727178    0.084644
0.073273    -0.73344    -0.006788
0.03725    -0.722707    -0.108774
0.081012    -0.73344    -0.009148
-0.007382    -0.714571    -0.120053
0.095816    -0.731811    0.037196
-0.016755    -0.708505    0.12098
-0.0858    -0.711635    -0.0869
0.093531    -0.730645    -0.048835
-0.033308    -0.70451    0.119264
-0.076591    -0.707495    -0.095516
0.104179    -0.731305    -0.003724
-0.10067    -0.700723    0.071282
-0.022022    -0.70525    -0.120975
-0.107863    -0.378522    0.061862
-0.109671    -0.572408    0.057498
-0.111703    -0.473715    0.05259
-0.116643    -0.618967    0.040664
-0.120677    -0.501997    0.0282
-0.122672    -0.58218    0.013045
-0.120703    -0.578745    0.027998
-0.122564    -0.597266    0.013867
-0.10082    -0.643874    0.071193
-0.095803    -0.617479    0.077732
-0.101606    -0.603135    0.070169
-0.092005    -0.514014    0.082681
-0.070368    -0.62951    0.101454
-0.077412    -0.530072    0.096049
-0.082384    -0.46192    0.092234
-0.072265    -0.572292    0.099998
-0.045643    -0.673044    0.114581
-0.061189    -0.414324    0.108142
-0.045852    -0.61225    0.114494
-0.061181    -0.551033    0.108145
-0.028165    -0.468613    0.120681
-0.011858    -0.624934    0.122829
-0.028715    -0.442681    0.120609
-0.030954    -0.644167    0.120314
-0.113045    -0.702519    -0.048933
-0.120054    -0.603472    0.032428
-0.118766    -0.415459    0.035538
-0.110913    -0.430361    0.054497
-0.116648    -0.448464    0.040652
-0.101825    -0.400291    0.069884
-0.105114    -0.527496    0.065598
-0.105635    -0.551929    0.064919
-0.101809    -0.583114    0.069905
-0.122716    -0.430053    0.012711
-0.122601    -0.396068    0.013587
-0.124154    -0.394907    0.001792
-0.124293    -0.611141    0.00074
-0.12262    -0.676839    -0.013442
-0.123379    -0.621504    -0.007682
-0.124239    -0.591665    -0.001147
-0.124122    -0.698436    -0.002035
-0.062368    -0.619589    0.107593
-0.068687    -0.444326    0.102744
-0.06627    -0.417083    0.104598
-0.069254    -0.509759    0.102309
-0.037975    -0.409437    0.117757
-0.049101    -0.494544    0.113148
-0.03418    -0.592643    0.119328
-0.034701    -0.396218    0.119113
-0.008433    -0.587846    0.12328
-0.010079    -0.573908    0.123063
-0.025293    -0.417067    0.12106
-0.022371    -0.358062    0.121444
0.122952    -0.70906    -0.000638
-0.12017    -0.512359    -0.032052
-0.12224    -0.453155    -0.01633
-0.121679    -0.425657    -0.020588
-0.121732    -0.548241    -0.020186
0.007105    -0.457842    0.123454
0.012425    -0.549316    0.122754
0.009047    -0.583022    0.123199
0.004565    -0.480799    0.123789
0.063519    -0.705248    0.106064
-0.11556    -0.595438    -0.043277
-0.112112    -0.647163    -0.051604
-0.11984    -0.375202    -0.032944
-0.119487    -0.632691    -0.033796
-0.10337    -0.598247    -0.06787
-0.095813    -0.577461    -0.077718
-0.104186    -0.463143    -0.066807
-0.091794    -0.672011    -0.082956
-0.065619    -0.495027    -0.105098
-0.068889    -0.66212    -0.102588
-0.062388    -0.50141    -0.107577
-0.066171    -0.59159    -0.104674
-0.049836    -0.616234    -0.112844
-0.033965    -0.635272    -0.119418
-0.037241    -0.499773    -0.118061
-0.039521    -0.577665    -0.117116
-0.004958    -0.60955    -0.123737
-0.013136    -0.565203    -0.12266
-0.017643    -0.692284    -0.122067
-0.00152    -0.595808    -0.12419
0.02844    -0.669293    -0.120645
0.026834    -0.674642    -0.120857
0.015693    -0.661603    -0.122324
0.027918    -0.617165    -0.120714
0.049997    -0.55471    -0.112777
0.052584    -0.683101    -0.111706
0.059051    -0.68956    -0.109027
0.061983    -0.370378    -0.107813
0.074757    -0.628377    -0.098086
0.083028    -0.577178    -0.091739
0.070686    -0.695568    -0.10121
0.079301    -0.51225    -0.094599
0.088372    -0.593561    -0.087416
0.097428    -0.534333    -0.075614
0.092081    -0.555323    -0.082583
0.100024    -0.697152    -0.072231
0.112929    -0.648919    -0.04963
0.109783    -0.480064    -0.057225
0.108639    -0.426993    -0.059988
0.107991    -0.681722    -0.061552
0.02996    -0.491339    0.120445
0.027303    -0.460458    0.120795
0.019331    -0.36878    0.121845
0.022238    -0.351465    0.121462
0.116277    -0.706365    0.03975
-0.108979    -0.41709    -0.059168
-0.113612    -0.385946    -0.047981
-0.112582    -0.386748    -0.050469
-0.110629    -0.443512    -0.055183
-0.091822    -0.514367    -0.08292
-0.104068    -0.375836    -0.066961
-0.098516    -0.419632    -0.074196
-0.102154    -0.39389    -0.069455
-0.078133    -0.487686    -0.095496
-0.074877    -0.376786    -0.097993
-0.072514    -0.380199    -0.099807
-0.07707    -0.361719    -0.096311
-0.057144    -0.478518    -0.109817
-0.033749    -0.353739    -0.119507
-0.055699    -0.395394    -0.110415
-0.039587    -0.41789    -0.117089
-0.029688    -0.604992    -0.120481
-0.012304    -0.459998    -0.12277
-0.02017    -0.366339    -0.121734
-0.023063    -0.411043    -0.121353
0.000349    -0.615396    -0.124344
0.030282    -0.355245    -0.120403
0.015526    -0.412974    -0.122346
0.007009    -0.489565    -0.123467
0.040888    -0.487287    -0.11655
0.036154    -0.652732    -0.118511
0.038539    -0.462033    -0.117523
0.036832    -0.548375    -0.11823
0.07283    -0.447778    -0.099564
0.072336    -0.349244    -0.099944
0.076611    -0.366759    -0.096663
0.066011    -0.370735    -0.104797
0.102501    -0.353339    -0.069003
0.105028    -0.51349    -0.065709
0.099769    -0.349156    -0.072563
0.097465    -0.485489    -0.075566
0.114924    -0.454372    -0.044814
0.113418    -0.373418    -0.04845
0.11951    -0.583775    -0.033743
0.118536    -0.486086    -0.036092
0.12079    -0.619008    -0.027339
0.124126    -0.683164    -0.002007
0.120709    -0.693542    -0.027957
0.121381    -0.534205    -0.022853
0.04538    -0.692974    0.11469
0.03713    -0.510582    0.118107
0.050066    -0.647036    0.112749
0.042379    -0.572851    0.115933
-0.012541    -0.347639    -0.121482
0.122424    -0.530332    -0.014929
0.1232    -0.35407    -0.009036
0.123802    -0.630016    -0.004464
0.121178    -0.400543    -0.024395
0.061669    -0.510765    0.107943
0.058862    -0.492965    0.109106
0.056834    -0.399148    0.109945
0.045084    -0.475662    0.114812
0.107034    -0.347639    -0.055753
0.121551    -0.684269    0.02156
0.12376    -0.53724    0.004787
0.121448    -0.639663    0.022345
0.123362    -0.46643    0.007808
0.065711    -0.460103    0.105027
0.064394    -0.531366    0.106038
0.064073    -0.419961    0.106284
0.073013    -0.53122    0.099424
0.120967    -0.398113    0.026
0.12301    -0.449796    0.010484
0.12086    -0.448954    0.026808
0.121436    -0.511999    0.022435
-0.029771    -0.156102    0.116689
0.065458    -0.384705    0.105221
0.082158    -0.59436    0.092407
0.083573    -0.631369    0.091321
0.075562    -0.443392    0.097468
0.100184    -0.556811    0.072023
0.093873    -0.669483    0.080247
0.106207    -0.408342    0.064173
0.105577    -0.684974    0.064994
0.112159    -0.698493    0.051489
0.118952    -0.671572    0.03509
0.119741    -0.507799    0.033185
0.116805    -0.624937    0.040273
-0.110917    -0.151955    0.054489
-0.091428    -0.074392    0.083434
-0.089704    -0.13471    0.08568
-0.084832    -0.127673    0.090355
-0.070485    -0.12361    0.101364
-0.059825    -0.115411    0.108707
-0.029318    -0.040702    0.12053
-0.031327    -0.129964    0.120265
0.017542    -0.123985    0.12208
0.009889    -0.148511    0.123088
0.088308    -0.663308    0.0875
0.100387    -0.460158    0.071758
0.089273    -0.536345    0.086242
0.089755    -0.388746    0.085614
0.118232    -0.382004    0.036827
0.116191    -0.438273    0.041755
0.112324    -0.395316    0.051092
0.108897    -0.351255    0.059365
-0.120089    -0.100674    0.032344
-0.116358    -0.074491    0.041352
-0.102175    -0.081586    0.069427
-0.122154    -0.111735    -0.016985
-0.123946    -0.103193    -0.003372
-0.122944    -0.115211    0.010982
-0.122041    -0.138681    0.017842
-0.069704    -0.096388    0.101963
-0.120011    -0.143411    -0.032532
-0.117169    -0.146475    -0.039394
-0.044793    -0.040275    0.114933
-0.027206    -0.036666    0.120808
-0.01114    -0.06405    0.122923
0.017013    -0.070211    0.12215
0.031769    -0.115587    0.120207
-0.120685    -0.106143    -0.028137
-0.123644    -0.022963    -0.005668
-0.124316    -0.069998    0.000558
-0.122617    -0.07025    0.013465
-0.117433    -0.033211    -0.038755
0.04973    -0.099862    0.112888
0.039847    -0.129047    0.116981
-0.104227    -0.055822    -0.066754
-0.106772    -0.094516    -0.063437
-0.066618    -0.086816    -0.104331
-0.036    -0.051965    -0.118575
-0.035122    -0.101099    -0.118938
-0.001614    -0.037435    -0.124178
0.022139    -0.133147    -0.121475
0.025587    -0.095654    -0.121021
0.044461    -0.112197    -0.11507
0.054297    -0.144998    -0.110996
0.074385    -0.107201    -0.098371
0.096001    -0.130512    -0.077473
0.088831    -0.145428    -0.086818
0.108413    -0.14574    -0.060535
-0.099973    -0.014651    0.071854
0.04853    -0.07829    0.113385
-0.097044    -0.07008    -0.076114
-0.097534    -0.085959    -0.075476
-0.085648    -0.070549    -0.089729
-0.085348    -0.066855    -0.089959
-0.047861    -0.029294    -0.113662
-0.020331    -0.033439    -0.121713
-0.027528    -0.068512    -0.120765
0.021527    -0.023351    -0.121556
0.036697    -0.091954    -0.118286
0.047361    -0.081    -0.113869
0.067805    -0.064132    -0.10342
0.064437    -0.060204    -0.106005
0.098928    -0.070762    -0.073659
0.117883    -0.127143    -0.03767
0.110128    -0.036612    -0.056394
0.122947    -0.116164    0.010957
0.121307    -0.118187    -0.023411
0.121956    -0.138412    -0.018486
0.076508    -0.126385    0.096742
0.071783    -0.088077    0.100368
0.114416    -0.12601    0.04604
0.112979    -0.107658    0.04951
0.123457    -0.037026    0.007089
0.120318    -0.133147    0.030923
0.122776    -0.035348    -0.012261
-0.04771    -0.011989    0.112974
0.073786    -0.052991    0.098831
0.096179    -0.138331    0.077241
0.104809    -0.092141    0.065995
0.110594    -0.057651    0.055269
0.110904    -0.073558    0.054519
0.091755    -0.029895    0.083008
0.096186    -0.02523    0.077233
-0.003704    -0.009784    0.122779
0.069819    -0.012208    0.101048
0.033069    -0.008787    -0.118355
0.123017    -0.009548    0.001519
-0.085852    -0.001884    0.085517
-0.105258    -0.000278    -0.058495
0.035408    -0.000207    -0.114795
0.068653    -0.000896    -0.098374
0.101607    -0.001317    0.064672
-0.11135    0.006088    -0.037336
0.024369    0.00664    -0.114721
0.005568    0.010089    0.11552
0.115819    0.006837    -0.01532
-0.061067    0.012688    -0.096677
0.087616    0.012221    -0.073311
0.087867    0.013439    0.071847
-0.101347    0.017455    -0.045426
0.013444    0.019884    -0.108689
-0.028518    0.022086    0.105366
0.109949    0.019202    0.007108
-0.095532    0.027337    0.045205
-0.08799    0.026508    -0.059366
0.054432    0.02695    -0.091515
0.007832    0.03207    0.103335
0.074481    0.026704    0.076277
-0.098136    0.034896    -0.030642
0.063516    0.036861    -0.079458
0.102049    0.035088    -0.008762
-0.074722    0.043163    0.06659
-0.00433    0.042874    -0.100184
-0.014301    0.046181    0.098061
0.072506    0.042848    0.069609
-0.054358    0.051435    -0.081925
-0.039899    0.054049    0.089234
0.072837    0.049651    0.0667
0.032568    0.052863    0.092438
-0.007038    0.05996    -0.096779
-0.083325    0.071788    0.046378
0.045152    0.06621    -0.085156
-0.084592    0.076504    0.040614
0.062482    0.070113    -0.071924
0.075536    0.060244    0.060618
-0.010784    0.075495    -0.093307
0.096314    0.065308    0.004562
-0.059113    0.078851    -0.071877
0.040666    0.075486    0.084812
-0.090251    0.07762    -0.02611
-0.020945    0.087945    0.088256
-0.089215    0.089229    -0.009987
-0.048394    0.095611    0.072998
-0.079268    0.100527    0.031316
0.076058    0.087351    -0.04947
0.083225    0.08701    -0.035784
0.049607    0.09797    -0.07082
0.083855    0.09649    -0.025015
0.04305    0.103588    -0.072623
0.078716    0.101111    -0.031954
0.062629    0.105761    -0.054447
-0.064372    0.121743    0.036883
-0.044838    0.117595    0.061695
-0.074911    0.119758    -0.004499
-0.007135    0.121245    0.073604
-0.065982    0.123731    -0.029671
0.078825    0.11246    -0.008272
-0.001199    0.125518    -0.071518
0.038132    0.120992    0.064101
-0.023293    0.135234    0.05915
-0.052152    0.138789    -0.031414
0.054373    0.127242    0.043765
0.055104    0.134503    -0.033633
-0.052093    0.142496    -0.023451
0.05111    0.140167    0.030821
-0.00807    0.152558    0.045818
0.016483    0.150053    -0.046588
-0.035815    0.156894    0.021068
0.049517    0.1433    0.027581
0.002176    0.15812    0.039669
0.028953    0.162547    0.017705
0.01041    0.165132    -0.036115
0.002181    0.170937    0.038344
-0.033259    0.173623    -0.001142
-0.035076    0.178686    0.009598
0.016622    0.182834    0.029628
-0.117081    -0.328171    0.02139
-0.117669    -0.289445    0.016923
-0.10435    -0.25608    0.058702
-0.108545    -0.300248    0.048574
-0.089155    -0.236174    0.079079
-0.103179    -0.346701    0.060801
-0.084406    -0.194901    0.085067
-0.08422    -0.329338    0.085209
-0.039726    -0.310701    0.112209
-0.048535    -0.278345    0.108561
-0.015731    -0.346521    0.117826
-0.02975    -0.315987    0.11598
-0.118136    -0.197746    0.013374
-0.119743    -0.29417    0.001172
-0.110458    -0.160008    0.043954
-0.115223    -0.330834    0.03245
-0.100398    -0.292387    0.064425
-0.087788    -0.158552    0.08086
-0.096078    -0.185826    0.070056
-0.117241    -0.331782    -0.020173
-0.119421    -0.226816    -0.003617
-0.080184    -0.19094    0.088307
-0.063163    -0.318364    0.101367
-0.031527    -0.173236    0.115605
-0.033305    -0.224467    0.114869
-0.009489    -0.274003    0.118648
-0.006058    -0.271428    0.119099
0.020224    -0.328859    0.117234
0.002935    -0.187092    0.119511
-0.116814    -0.25306    -0.023413
-0.116957    -0.226916    -0.022325
0.009614    -0.181327    0.118631
0.018969    -0.17034    0.117399
0.041092    -0.331397    0.111644
0.036927    -0.249454    0.113369
0.03995    -0.27966    0.112117
-0.114742    -0.195524    -0.033613
-0.115689    -0.313944    -0.031327
-0.09772    -0.308171    -0.067916
-0.095732    -0.277818    -0.070507
-0.072924    -0.327415    -0.093877
-0.070795    -0.317523    -0.095511
-0.000204    -0.201877    -0.11987
-0.001882    -0.293451    -0.119649
0.01689    -0.290652    -0.117673
0.023117    -0.300279    -0.116853
0.055074    -0.269178    -0.105853
0.047972    -0.320531    -0.108794
0.068343    -0.328477    -0.097393
0.082473    -0.2057    -0.08655
0.086847    -0.332641    -0.082086
0.09091    -0.277712    -0.076792
0.106801    -0.204529    -0.052785
0.108584    -0.332034    -0.04848
0.109943    -0.331214    -0.0452
0.118815    -0.305214    -0.008218
0.117443    -0.334456    -0.018639
0.054642    -0.310492    0.106032
0.054953    -0.241401    0.105903
-0.107612    -0.242827    -0.050826
-0.113161    -0.159178    -0.037429
-0.09746    -0.208423    -0.068255
-0.093805    -0.169193    -0.073018
-0.083414    -0.307789    -0.085828
-0.061844    -0.15654    -0.102379
-0.056991    -0.185148    -0.105059
-0.053795    -0.174813    -0.106383
-0.026687    -0.219839    -0.116383
-0.027813    -0.327437    -0.116235
0.019335    -0.207634    -0.117351
0.010159    -0.258693    -0.118559
0.047524    -0.213943    -0.10898
0.035969    -0.26804    -0.113766
0.047817    -0.223504    -0.108859
0.082096    -0.176234    -0.086839
0.073389    -0.192639    -0.093521
0.101203    -0.286898    -0.063376
0.098423    -0.193363    -0.067
0.11415    -0.171966    -0.035041
0.108433    -0.194511    -0.048845
0.118563    -0.160415    -0.01013
0.117849    -0.191537    -0.015557
0.0602    -0.311653    0.103641
0.069344    -0.322613    0.096625
-0.034045    -0.176396    -0.114563
-0.048487    -0.327354    -0.108581
0.116654    -0.324253    0.02463
0.116573    -0.314524    0.025247
0.083701    -0.157466    0.085608
0.080055    -0.291991    0.088406
0.116911    -0.217231    0.022677
0.116411    -0.233639    0.026477
0.116196    -0.178898    0.028107
0.091754    -0.161854    0.075691
0.097066    -0.210067    0.068769
0.096681    -0.263734    0.06927
0.095496    -0.336031    0.070815
0.110812    -0.29834    0.0431
0.10787    -0.331566    0.050203
0.105522    -0.275174    0.055872
0.108731    -0.268019    0.048125
-0.094335    -0.734855    0.008304
-0.088496    -0.730558    0.061929
-0.079303    -0.732206    -0.069354
-0.0736    -0.729728    0.081179
-0.056877    -0.734855    0.07448
-0.060774    -0.734842    -0.078048
-0.059027    -0.734855    -0.053939
-0.049948    -0.730984    -0.095388
-0.049727    -0.734855    -0.032841
-0.060883    -0.724653    -0.098172
-0.032909    -0.734855    -0.012604
-0.023669    -0.730896    0.10519
-0.018712    -0.734855    -0.084063
-0.009455    -0.734855    -0.030465
-0.103163    -0.719372    0.060945
-0.015534    -0.734855    0.092427
-0.017146    -0.734855    0.070162
0.019512    -0.718527    0.11796
0.01164    -0.734855    0.005609
0.009598    -0.734855    -0.014584
0.012825    -0.734492    -0.099033
0.018186    -0.734855    -0.070508
0.034671    -0.733494    0.096632
0.036326    -0.728876    -0.104331
0.030614    -0.734855    -0.023858
0.036367    -0.734855    0.026693
0.032766    -0.734855    0.079287
0.048426    -0.713018    0.112152
0.063091    -0.734855    0.019037
-0.122154    -0.711433    0.012633
0.057358    -0.734855    -0.056281
0.072483    -0.733142    0.07453
0.068961    -0.733558    -0.07613
0.07064    -0.734855    0.002778
-0.070812    -0.710563    -0.100743
0.081775    -0.734855    -0.004203
-0.066698    -0.708704    -0.10453
0.0997    -0.731683    0.036676
0.110149    -0.704358    0.059091
0.113235    -0.713194    0.045634
0.10645    -0.728188    -0.033459
-0.111515    -0.701446    0.056447
0.085615    -0.71552    -0.086925
-0.121731    -0.695192    0.030946
-0.122383    -0.669543    0.025992
-0.122795    -0.595044    0.022861
-0.124063    -0.504943    0.013234
-0.121836    -0.505637    -0.030149
-0.122828    -0.590144    -0.02261
-0.12204    -0.561093    -0.028598
-0.12528    -0.688985    -0.003989
-0.111676    -0.684488    0.056321
-0.11422    -0.583872    0.05018
-0.11811    -0.481167    0.040789
-0.120794    -0.669894    0.034308
-0.104658    -0.635605    0.068496
-0.100688    -0.605538    0.07367
-0.107852    -0.686587    0.064333
-0.095252    -0.642537    0.080755
-0.107363    -0.68404    0.06497
-0.082515    -0.645197    0.093901
-0.064372    -0.422601    0.107822
-0.071867    -0.563239    0.102071
-0.078376    -0.624654    0.097077
-0.054047    -0.685737    0.112618
-0.04379    -0.485514    0.116867
-0.039466    -0.430409    0.118658
-0.044326    -0.64077    0.116645
-0.004514    -0.546757    0.125211
-0.004722    -0.635448    0.125183
-0.020334    -0.619226    0.123128
-0.028103    -0.670693    0.122105
0.018951    -0.554959    0.12331
0.023563    -0.586081    0.122703
0.010211    -0.697789    0.124461
0.025786    -0.571958    0.12241
0.047095    -0.684707    0.115498
0.05193    -0.635692    0.113495
0.046637    -0.679861    0.115687
0.05241    -0.678308    0.113296
0.087793    -0.595971    0.089852
0.079314    -0.527637    0.096358
0.069699    -0.652548    0.103735
0.083323    -0.453035    0.093282
0.09062    -0.496143    0.086793
0.095481    -0.674779    0.080456
0.090427    -0.611324    0.087044
0.098306    -0.621016    0.076774
0.115664    -0.674778    0.046693
0.112554    -0.503791    0.054202
0.11073    -0.421001    0.058604
0.111353    -0.625791    0.0571
0.123272    -0.539418    0.01924
0.121593    -0.626439    0.031989
0.121687    -0.425356    0.031281
0.121732    -0.581582    0.030938
-0.011856    -0.705704    -0.123674
-0.123192    -0.460402    0.01985
-0.123165    -0.483268    0.020053
-0.122108    -0.46132    0.028078
-0.124291    -0.374012    0.011496
-0.122208    -0.405721    0.027319
-0.123525    -0.496593    -0.01732
-0.125284    -0.381322    -0.00396
-0.124563    -0.373039    -0.009436
-0.124776    -0.506211    -0.007814
-0.11996    -0.529405    -0.036323
-0.117859    -0.349183    -0.041395
-0.115369    -0.458881    -0.047405
-0.120657    -0.361538    -0.03464
-0.115406    -0.581056    -0.047316
-0.110681    -0.663198    -0.058724
-0.109653    -0.469102    -0.061205
-0.120182    -0.698966    -0.035787
-0.11285    -0.564752    0.053486
-0.109222    -0.550332    0.062246
-0.109263    -0.406862    0.062147
-0.110149    -0.416453    0.060007
-0.090827    -0.617425    0.086522
-0.104409    -0.388528    0.068821
-0.093972    -0.552061    0.082424
-0.103478    -0.382523    0.070034
-0.083839    -0.526368    0.092886
-0.072843    -0.360095    0.101323
-0.074144    -0.37143    0.100324
-0.077532    -0.47084    0.097725
-0.05356    -0.580569    0.11282
-0.051856    -0.498799    0.113525
-0.052992    -0.422761    0.113055
-0.038694    -0.403296    0.118977
-0.015934    -0.466672    0.123707
-0.014356    -0.352527    0.123915
-0.024334    -0.422524    0.122601
-0.023734    -0.562811    0.12268
0.026222    -0.39705    0.122353
0.002651    -0.571739    0.125456
0.005217    -0.490779    0.125118
0.014561    -0.465312    0.123888
0.03393    -0.591124    0.120951
0.039903    -0.502153    0.118477
0.049651    -0.354365    0.114439
0.044835    -0.504263    0.116434
0.076492    -0.458937    0.098523
0.06921    -0.606016    0.10411
0.067456    -0.356721    0.105455
0.069699    -0.450322    0.103735
0.084265    -0.406509    0.092559
0.10882    -0.607504    0.063071
0.098675    -0.380994    0.076294
0.104639    -0.411158    0.06852
0.094157    -0.389511    0.082182
-0.089903    -0.698388    -0.087726
-0.104721    -0.675419    -0.068414
-0.102935    -0.645778    -0.070742
-0.091128    -0.60395    -0.08613
-0.075107    -0.654828    -0.099586
-0.085422    -0.512555    -0.091671
-0.080308    -0.693965    -0.095595
-0.084523    -0.560396    -0.092361
0.117467    -0.384455    0.04234
0.115599    -0.354113    0.04685
0.118686    -0.586164    0.039397
0.114057    -0.417213    0.050574
0.122795    -0.3594    0.02286
0.124885    -0.433499    0.006987
0.125148    -0.495512    0.004993
0.123601    -0.373672    0.016736
-0.055784    -0.653475    -0.111898
-0.037256    -0.689326    -0.119573
-0.061353    -0.674745    -0.109592
-0.054499    -0.50328    -0.112431
0.123991    -0.703968    -0.011553
-0.102963    -0.4199    -0.070705
-0.102717    -0.539764    -0.071025
-0.103168    -0.396937    -0.070438
-0.105215    -0.567899    -0.06777
-0.074778    -0.37476    -0.099838
-0.07066    -0.41266    -0.102998
-0.068403    -0.453674    -0.104729
-0.075301    -0.365926    -0.099436
0.12546    -0.4019    -0.00262
0.125295    -0.406959    -0.003874
0.125725    -0.645023    -0.000606
0.125499    -0.49517    -0.002326
0.125681    -0.402739    -0.000941
-0.050572    -0.465907    -0.114057
-0.041714    -0.38756    -0.117727
-0.03516    -0.428634    -0.120441
-0.05423    -0.430554    -0.112542
-0.038942    -0.346224    0.114994
0.122397    -0.612152    -0.025885
0.122265    -0.525312    -0.026885
0.12163    -0.392622    -0.031711
0.121646    -0.468357    -0.031591
-0.016423    -0.553117    -0.123643
-0.025136    -0.627002    -0.122496
-0.020248    -0.497793    -0.123139
-0.012877    -0.698961    -0.12411
-0.118843    -0.301107    -0.018753
-0.120284    -0.305408    -0.007806
-0.117591    -0.293226    -0.028262
-0.111286    -0.341547    -0.045623
-0.10761    -0.244179    -0.054497
-0.119213    -0.285638    0.015941
-0.121201    -0.282158    0.00084
-0.107076    -0.328483    0.055786
-0.115349    -0.255993    0.035813
-0.092752    -0.288244    0.076696
-0.097501    -0.291628    0.070506
-0.077215    -0.298525    0.092354
-0.062736    -0.31065    0.103463
-0.043293    -0.325989    0.112251
-0.0428    -0.283828    0.112455
-0.008881    -0.274091    0.120143
-0.016949    -0.295845    0.11908
0.023088    -0.316093    0.118272
0.021897    -0.2212    0.118429
0.044154    -0.293774    0.111894
0.049514    -0.284363    0.109674
0.050314    -0.288675    0.109343
0.07545    -0.265576    0.093708
0.083536    -0.30044    0.087503
0.095896    -0.258924    0.072599
0.089438    -0.266582    0.081014
0.105856    -0.340555    0.058733
0.112358    -0.276102    0.043036
0.118372    -0.306076    0.022327
0.117798    -0.206118    0.026692
0.119221    -0.482494    -0.038107
0.117086    -0.670162    -0.043261
0.118791    -0.469616    -0.039144
0.114513    -0.607891    -0.049471
-0.011404    -0.525942    -0.124304
-0.002913    -0.417622    -0.125422
-0.008745    -0.363055    -0.124654
-0.011617    -0.388451    -0.124275
0.019464    -0.684155    -0.123242
0.012421    -0.688596    -0.12417
0.013071    -0.630223    -0.124084
0.000826    -0.627051    -0.125696
0.072281    -0.706998    -0.100782
-0.120146    -0.216687    -0.008856
-0.119865    -0.162855    -0.010988
-0.110655    -0.230786    -0.047147
-0.107014    -0.179727    -0.055935
-0.095255    -0.249445    -0.073434
-0.08788    -0.177924    -0.083046
-0.094241    -0.332941    -0.074755
-0.092928    -0.279898    -0.076466
-0.120254    -0.170217    0.008034
-0.117372    -0.218516    0.029926
-0.110852    -0.208844    0.046671
-0.110665    -0.211196    0.047122
-0.10181    -0.180987    0.06489
-0.089648    -0.305392    0.080742
-0.085241    -0.172002    0.086195
-0.079352    -0.25993    0.090714
-0.084127    -0.267011    0.08705
-0.056136    -0.170081    0.106931
-0.050553    -0.188374    0.109244
-0.025892    -0.21514    0.117903
-0.028228    -0.177753    0.117595
0.017977    -0.235072    0.118945
0.014201    -0.163318    0.119442
0.054082    -0.183043    0.107782
0.034435    -0.254297    0.11592
0.064094    -0.211085    0.102421
0.066121    -0.178103    0.100866
0.100863    -0.26863    0.066125
0.100895    -0.2416    0.066083
0.117051    -0.306786    0.031705
0.113304    -0.166443    0.040751
-0.080896    -0.26126    -0.089529
-0.071412    -0.299907    -0.096806
0.120357    -0.15945    0.00725
0.12001    -0.23102    0.009889
0.109624    -0.549662    -0.061274
0.118371    -0.412518    -0.040157
0.109232    -0.437615    -0.062222
0.114825    -0.421438    -0.048719
0.109344    -0.428974    -0.061951
0.120671    -0.247639    -0.004868
0.120771    -0.331281    -0.00411
-0.05707    -0.328238    -0.106544
-0.051673    -0.234109    -0.10878
0.027783    -0.600382    -0.122147
0.018401    -0.470991    -0.123382
0.013325    -0.400829    -0.124051
0.018007    -0.459004    -0.123434
-0.063963    -0.157517    0.104625
-0.067945    -0.216457    -0.099467
-0.063799    -0.23685    -0.102647
0.096382    -0.645653    -0.079282
0.10861    -0.473229    -0.063345
0.106129    -0.658084    -0.066579
0.104779    -0.517663    -0.068339
0.119907    -0.21791    -0.010672
0.117358    -0.19991    -0.030028
-0.041471    -0.201971    -0.113006
-0.051873    -0.189853    -0.108697
0.034431    -0.681742    -0.120743
0.040882    -0.453376    -0.118071
0.042864    -0.651564    -0.11725
0.039142    -0.435332    -0.118792
0.036385    -0.548354    -0.119934
0.089909    -0.425414    -0.087719
0.089482    -0.682354    -0.088276
0.092526    -0.548614    -0.084308
0.101464    -0.471423    -0.072659
0.105121    -0.346224    -0.061531
0.114736    -0.32131    -0.037294
0.115037    -0.257483    -0.036568
-0.020733    -0.312935    -0.118582
-0.027153    -0.19388    -0.117737
0.05223    -0.535022    -0.113371
0.041436    -0.401865    -0.117842
0.056332    -0.567259    -0.111672
0.038704    -0.402398    -0.118973
0.068218    -0.431973    -0.104872
0.068566    -0.569719    -0.104604
0.06671    -0.496805    -0.106028
0.066443    -0.530324    -0.106233
-0.110907    -0.15568    -0.058176
-0.11019    -0.062198    -0.059909
-0.106117    -0.145736    -0.066595
-0.097098    -0.144995    -0.078349
-0.087651    -0.027725    -0.089961
-0.120197    -0.064153    0.035751
-0.114586    -0.118422    0.049296
-0.106916    -0.084009    0.065553
-0.077479    -0.098505    0.097765
-0.074061    -0.122506    0.100388
-0.042533    -0.06832    0.117387
-0.040747    -0.137804    0.118127
-0.006678    -0.064701    0.124926
0.030061    -0.113602    0.121847
0.018936    -0.128132    0.123312
0.050139    -0.138194    0.114237
0.055594    -0.132759    0.111977
0.085787    -0.127011    0.091391
0.10024    -0.097246    0.074254
0.099863    -0.14264    0.074745
0.120742    -0.148928    0.034435
-0.041282    -0.157517    -0.116443
0.065546    -0.368204    -0.106921
0.068176    -0.397488    -0.104903
0.082622    -0.461397    -0.093819
0.087746    -0.45099    -0.089888
0.11345    -0.185965    -0.040398
0.108231    -0.164118    -0.052999
-0.008239    -0.233293    -0.120227
-0.000617    -0.318424    -0.121231
0.01416    -0.275602    -0.119448
0.017912    -0.284298    -0.118954
0.032051    -0.254432    -0.116907
0.033776    -0.177298    -0.116193
-0.125202    -0.117637    0.004576
-0.123508    -0.13548    0.017445
-0.122805    -0.062114    -0.022784
-0.125606    -0.156581    -0.001508
-0.115729    -0.049184    -0.046537
-0.105248    -0.083608    -0.067727
-0.10679    -0.042516    -0.065717
-0.064996    -0.021876    -0.107343
-0.117257    -0.044457    0.042849
-0.119172    -0.02191    0.038224
-0.122351    -0.12235    0.026234
-0.122421    -0.077887    0.025706
-0.101605    -0.059766    0.072474
-0.087857    -0.143451    0.089803
-0.080116    -0.061596    0.095743
-0.043769    -0.03236    0.116875
-0.055917    -0.034284    0.111843
-0.030366    -0.06725    0.121807
0.009624    -0.114933    0.124538
0.027191    -0.024257    0.122225
0.034235    -0.07871    0.120825
0.057243    -0.027512    0.111294
0.06518    -0.035343    0.107203
0.108034    -0.070824    0.064096
0.102777    -0.035549    0.070947
0.112893    -0.031598    0.053382
-0.052916    -0.14353    -0.113087
-0.062887    -0.100805    -0.108956
0.124372    -0.122806    -0.010883
0.122289    -0.138323    -0.026707
0.124343    -0.122465    0.011101
0.104828    -0.286783    -0.060957
0.090878    -0.297098    -0.079138
0.102996    -0.183984    -0.063345
0.119804    -0.068765    -0.036698
0.009755    -0.175841    -0.120028
0.011705    -0.194045    -0.119771
-0.012348    -0.151802    -0.124179
-0.018289    -0.131501    -0.123397
0.055638    -0.171427    -0.107137
0.059744    -0.206094    -0.105437
-0.123846    -0.087834    -0.014877
-0.125106    -0.059151    -0.005311
-0.047955    -0.025988    -0.115142
-0.034091    -0.024184    -0.120884
0.125258    -0.022473    -0.004155
0.122761    -0.0491    -0.02312
0.125552    -0.129152    0.001921
0.09438    -0.229642    -0.074574
0.09151    -0.208277    -0.078315
0.115701    -0.034205    -0.046605
0.110918    -0.126413    -0.05815
-0.005104    -0.088017    -0.125133
-0.007231    -0.028596    -0.124853
0.065978    -0.240916    -0.100976
0.064976    -0.310589    -0.101744
0.083571    -0.328211    -0.087476
0.069507    -0.187707    -0.098268
0.0816    -0.192714    -0.088989
0.098598    -0.153159    -0.076394
0.003102    -0.040238    -0.125397
0.012148    -0.130346    -0.124206
0.098275    -0.013062    0.076014
0.095112    -0.100999    -0.080937
0.028312    -0.057812    -0.122077
0.025862    -0.042721    -0.1224
0.043091    -0.098627    -0.117156
0.041178    -0.074086    -0.117949
0.080529    -0.139035    -0.095425
0.064769    -0.150948    -0.107518
0.08702    -0.061419    -0.090445
0.085192    -0.113736    -0.091848
0.060927    -0.039307    -0.109768
-0.124467    -0.011979    -0.00499
-0.094313    -0.007534    -0.079419
-0.068148    -0.00638    0.102596
-0.030985    -0.00465    0.119421
0.086174    -0.001694    0.087128
-0.05225    -0.00331    -0.11047
0.102845    -0.003386    -0.066506
-0.122403    -0.001127    -0.000318
-0.101874    0.003363    0.064031
0.058989    0.006294    0.103937
0.11766    0.005351    -0.017969
0.043594    0.006619    -0.110165
-0.073661    0.01094    -0.090197
0.005084    0.011956    0.116204
0.113542    0.011326    -0.027802
0.013028    0.014032    -0.114002
-0.091347    0.017699    0.065788
0.065887    0.018575    0.090587
0.112201    0.018093    -0.007929
0.045417    0.020626    -0.101016
-0.081315    0.025427    -0.071548
-0.038984    0.026042    0.100479
-0.104995    0.02867    0.018302
0.094149    0.029253    -0.050251
-0.103468    0.03172    -0.019635
-0.062975    0.034468    0.082835
0.085167    0.035513    0.059288
0.089193    0.033516    -0.05528
-0.081123    0.040498    -0.061863
0.008502    0.042299    0.101251
0.101213    0.042466    -0.008415
-0.099809    0.045122    -0.013941
-0.045099    0.048528    0.089592
-0.027459    0.048593    -0.096884
-0.015362    0.049459    -0.098685
-0.067965    0.053047    0.072959
-0.071696    0.06445    0.066939
0.096985    0.053028    -0.023777
-0.015187    0.063752    0.096576
0.08775    0.057689    -0.045864
-0.08863    0.071102    0.037718
0.083935    0.075093    0.046764
-0.092846    0.072698    -0.026626
0.049195    0.076428    0.082184
0.015425    0.066634    -0.096108
-0.005486    0.081406    0.093806
0.076692    0.075445    -0.056707
-0.057    0.086094    0.072652
0.094226    0.078892    0.007975
-0.057167    0.090834    -0.070403
0.081666    0.092268    0.038337
-0.084509    0.094044    -0.029741
0.068414    0.095369    0.056978
-0.089602    0.093313    -0.006856
0.055041    0.097398    0.068926
-0.014677    0.095901    -0.087598
0.04358    0.105556    0.073031
0.005461    0.100113    -0.086983
0.035418    0.106945    0.076071
0.012098    0.10336    -0.084616
0.042699    0.110991    0.070131
-0.011268    0.11174    -0.080441
-0.074941    0.120475    0.013555
-0.07477    0.118852    -0.020982
0.068287    0.122196    0.031041
-0.06541    0.12869    0.026194
0.071905    0.124544    0.016659
-0.017952    0.130453    0.067375
0.008623    0.125305    -0.072471
0.056149    0.134536    0.035275
-0.050016    0.139485    0.036265
0.022386    0.135847    -0.060965
0.054446    0.142403    0.023201
-0.029341    0.146439    0.047026
-0.04623    0.152262    -0.016332
0.041496    0.14687    -0.035844
-0.024635    0.151062    -0.044278
0.039885    0.159414    0.005339
-0.014052    0.156978    -0.041231
-0.037585    0.164335    -0.009978
-0.022182    0.168624    0.033967
0.037378    0.173692    0.001323
0.037314    0.177612    -0.003351
-0.035883    0.182955    0.002366
-0.037331    0.188398    0.001518
0.024529    0.193972    0.028277
-0.030019    0.199646    -0.019491
-0.007975    0.194265    0.035254
-0.033486    0.187404    0.013286
