0.01037    0.130555    -0.119092
-0.01434    0.13137    -0.15514
-0.01608    0.135638    -0.161302
0.021666    0.116588    -0.123556
-0.015734    0.106728    -0.159169
-0.016318    0.10021    -0.158259
0.013828    0.092702    -0.131394
-0.029694    0.079682    -0.158682
-0.009863    0.077224    -0.148442
-0.006336    0.085083    -0.151558
0.020279    0.06359    -0.114149
-0.00408    0.05913    -0.135671
-0.024663    0.049985    -0.160631
0.006383    0.045566    -0.135694
0.007613    0.021347    -0.121375
-0.024881    0.027343    -0.168716
0.008214    -0.001898    -0.122637
0.030395    -0.003421    -0.114827
0.003593    0.011662    -0.138686
0.011633    -0.021376    -0.119367
-0.022056    -0.027558    -0.1541
0.010508    -0.026935    -0.134714
-0.009142    -0.058109    -0.13813
0.018157    -0.055476    -0.112404
-0.015903    -0.04618    -0.161125
0.02595    -0.062008    -0.112411
-0.021198    -0.078878    -0.15605
0.019503    -0.076607    -0.121873
-0.014939    -0.071422    -0.15846
0.005138    -0.102312    -0.130348
0.014511    -0.101534    -0.128948
-0.000782    -0.090015    -0.142868
0.016205    -0.126022    -0.112783
-0.000656    -0.121717    -0.140574
0.011218    -0.120789    -0.134004
0.004665    -0.128314    -0.130547
-0.000271    -0.144536    -0.136448
-0.030842    -0.145964    -0.163374
0.002241    -0.132646    -0.138415
0.023333    -0.153392    -0.113774
0.012284    -0.16147    -0.13303
-0.024401    -0.152601    -0.169747
-0.000996    -0.170615    -0.133296
0.014446    -0.179662    -0.123265
0.006799    -0.168903    -0.138356
-0.027794    -0.191705    -0.156782
-0.028984    -0.204798    -0.161037
-0.01718    -0.190137    -0.161058
-0.000326    -0.204963    -0.134667
-0.030885    -0.150437    0.106124
-0.0259    -0.040546    0.111022
-0.031058    0.049725    0.106715
-0.026592    0.137513    0.111182
0.253289    -0.332918    0.121163
0.270008    -0.31318    -0.041066
0.270008    -0.310647    0.034792
0.270008    -0.336095    0.060891
0.270008    -0.329192    -0.009887
0.20727    -0.297723    0.129072
0.209867    -0.308803    0.129072
0.208949    -0.277384    0.129072
0.230202    -0.305787    0.129072
0.270008    -0.270197    -0.02716
0.270008    -0.285316    -0.029754
0.270008    -0.286524    -0.042056
0.270008    -0.292184    -0.110673
0.261644    -0.35087    -0.102484
0.264624    -0.346202    -0.114405
0.179625    -0.266542    0.128729
0.062242    -0.278454    0.129072
0.021396    -0.287429    0.129072
0.186395    -0.281114    0.129072
0.155506    -0.28357    0.129072
0.036505    -0.33841    0.128663
0.011178    -0.338962    0.128311
0.141782    -0.346108    0.123748
0.255323    -0.315879    -0.174963
0.26357    -0.252475    -0.155746
0.259014    -0.354989    0.073318
0.262626    -0.250297    0.001008
0.255476    -0.219714    0.107485
0.252251    -0.187885    0.11071
0.251733    -0.215585    0.111228
0.041049    -0.253321    0.123
-0.022669    -0.301212    0.125745
0.255409    -0.072741    0.100872
0.249419    -0.180299    0.106862
0.02883    -0.116349    0.116223
0.099629    -0.348106    0.116223
0.142048    -0.172084    0.116223
0.107014    -0.298674    0.116223
0.001907    -0.193947    0.116223
0.142224    -0.307608    0.116223
0.016124    0.025675    0.116223
0.154835    -0.245732    0.116223
0.020664    -0.071918    0.116223
0.046798    -0.254655    0.116223
0.009356    -0.287786    0.116223
0.220836    -0.342221    0.116223
0.081932    -0.143816    0.116223
-0.006607    -0.26027    0.116223
0.091268    -0.210723    0.116223
0.013573    -0.295177    0.116223
0.004753    -0.169207    0.116223
0.005114    -0.318696    0.116223
0.025204    -0.024988    0.116223
0.108335    -0.26718    0.116223
0.059768    -0.238718    0.116223
0.115515    -0.203619    0.116223
0.029242    -0.051485    0.116223
0.039827    -0.003172    0.116223
0.013659    0.033142    0.116223
0.183454    -0.250518    0.116223
0.002084    0.014532    0.116223
0.197976    -0.320962    0.116223
0.252984    -0.293729    -0.177302
0.257159    -0.066029    -0.093907
0.257159    -0.256414    -0.105096
0.257159    -0.355107    -0.118132
0.257159    -0.280075    -0.094207
0.257159    -0.133556    -0.13913
0.257159    -0.317265    0.05469
0.257159    -0.061112    -0.120737
0.257159    -0.240118    -0.083002
0.257159    -0.165825    -0.024092
0.257159    -0.139971    -0.084388
0.257159    -0.131889    -0.061235
0.257159    -0.027366    -0.087758
0.257159    -0.100373    -0.090192
0.257159    -0.061282    -0.131598
0.257159    0.012412    -0.127053
0.257159    -0.183283    -0.053782
0.257159    -0.209128    -0.029252
0.257159    0.015597    -0.146276
0.257159    -0.294796    -0.120724
0.257159    -0.126808    -0.050401
0.257159    -0.330018    -0.142881
0.257159    -0.341805    0.030096
0.257159    -0.061985    -0.086805
0.257159    -0.29171    -0.088487
0.257159    -0.355967    -0.005051
0.257159    -0.145119    -0.142107
0.257159    -0.330478    -0.086128
0.257159    -0.221314    -0.152284
0.248334    -0.285036    -0.163781
0.247763    -0.203202    -0.164352
0.261882    -0.0505    0.03924
0.261882    -0.202067    -0.067157
0.261882    -0.003595    0.019538
0.261882    -0.107782    0.070878
0.261882    -0.087073    0.04834
0.261882    0.006502    0.043119
0.261882    0.002229    0.01217
0.261882    -0.24045    -0.099165
0.261882    -0.032231    -0.008929
0.261882    0.002636    0.029625
0.261882    -0.133799    0.025748
0.261882    0.081347    0.07493
0.261882    0.089209    0.097846
0.261882    -0.246113    -0.119062
0.261882    -0.137203    -0.026424
0.261882    -0.054416    0.078826
0.261882    -0.181965    -0.084526
0.261882    -0.025468    0.016128
0.261882    -0.056228    -0.010252
0.261882    -0.133062    0.080957
0.261882    -0.169846    0.079217
0.261882    -0.116318    0.04478
0.261882    -0.109976    0.074912
0.261882    -0.055728    0.036618
0.259135    -0.154245    0.103826
0.250491    0.01049    0.112469
0.257854    -0.065429    0.105107
0.207096    -0.201714    0.120945
0.210647    -0.165943    0.120945
0.233252    -0.235226    0.120945
0.211305    -0.246412    0.120945
0.208242    -0.233738    0.120945
0.251817    0.090225    0.104464
0.247645    0.021837    0.108636
0.244071    -0.062969    0.11221
0.257159    0.024067    -0.033026
0.257159    0.112982    -0.076087
0.257159    0.131365    -0.133618
0.257159    0.064305    0.097486
0.257159    -0.131616    0.0324
0.257159    0.086192    -0.122224
0.257159    0.066628    -0.0666
0.257159    -0.015261    0.06366
0.257159    0.03248    -0.095394
0.257159    0.124184    0.085213
0.257159    -0.125453    0.005335
0.257159    0.012617    -0.0201
0.257159    -0.163221    0.035527
0.257159    -0.257164    0.07361
0.257159    -0.271955    0.067167
0.257159    -0.045479    -0.017975
0.257159    0.106284    0.052298
0.257159    0.064143    0.042899
0.257159    -0.114518    0.029779
0.257159    -0.050675    -0.037249
0.257159    -0.030212    -0.060609
0.257159    0.022987    0.021733
0.257159    -0.248395    0.044979
0.257159    0.098883    -0.014177
0.257159    -0.267446    0.065889
0.257159    -0.117151    -0.017434
0.257159    0.07802    -0.072095
0.223422    -0.119763    0.116223
0.21996    -0.192324    0.116223
0.070722    0.058353    0.116223
0.042784    0.05183    0.116223
0.188142    -0.03543    0.116223
0.184429    -0.109355    0.116223
0.007537    0.101714    0.116223
0.162585    -0.078996    0.116223
0.132399    -0.052413    0.116223
0.203307    0.002331    0.116223
0.22578    -0.003357    0.116223
0.148425    -0.011317    0.116223
0.088148    0.087105    0.116223
0.15324    0.041794    0.116223
0.140982    0.036754    0.116223
0.203918    0.024406    0.116223
0.170773    -0.125902    0.116223
0.157367    0.08113    0.116223
0.23576    -0.048057    0.116223
0.193638    -0.005885    0.116223
0.027937    0.085397    0.116223
0.121839    0.059733    0.116223
0.190511    -0.068693    0.116223
0.171675    -0.075742    0.116223
0.159973    -0.004671    0.116223
0.101182    0.079342    0.116223
0.203175    -0.161757    0.116223
0.236167    0.003129    0.116223
-0.01505    0.117742    0.115193
-0.022003    0.064946    0.10824
-0.022199    -0.067921    0.108043
0.216398    -0.269929    -0.184906
0.232828    -0.269787    -0.184906
0.209132    -0.268791    -0.184906
0.223981    -0.297394    -0.184906
0.171066    -0.34717    -0.178904
0.193617    -0.337797    -0.184889
0.253191    -0.137253    -0.165605
0.252313    -0.051446    -0.166482
0.247351    0.056562    -0.164764
0.250588    -0.150309    -0.161527
0.254227    0.097234    -0.157888
0.189862    -0.04864    -0.172057
0.121391    -0.111343    -0.172057
0.085694    -0.312893    -0.172057
0.054928    -0.331288    -0.172057
0.132868    -0.246199    -0.172057
0.077807    -0.282351    -0.172057
0.133323    -0.266881    -0.172057
0.088845    -0.17506    -0.172057
0.218073    -0.207247    -0.172057
0.210259    0.025892    -0.172057
0.209975    -0.156055    -0.172057
0.035984    -0.32521    -0.172057
0.221473    -0.085039    -0.172057
0.234088    -0.22795    -0.172057
0.223971    0.007738    -0.172057
0.216164    0.022531    -0.172057
0.214137    -0.305253    -0.172057
0.123496    -0.199346    -0.172057
0.203785    0.03375    -0.172057
0.199716    -0.342244    -0.172057
0.235924    -0.206336    -0.172057
0.183116    -0.179475    -0.172057
0.036791    -0.332082    -0.172057
0.176699    -0.041073    -0.172057
0.185131    -0.148818    -0.172057
0.155179    -0.043403    -0.172057
0.218312    -0.256989    -0.172057
0.261882    -0.092131    -0.100316
0.261882    0.151405    0.060515
0.261882    0.043875    -0.083676
0.261882    -0.064228    -0.124779
0.261882    0.033569    -0.127396
0.261882    -0.025793    -0.039851
0.261882    -0.138866    -0.126693
0.261882    0.124834    0.052485
0.261882    0.049217    0.024549
0.261882    0.13135    0.005325
0.261882    0.149511    -8e-05
0.261882    0.167906    -0.043429
0.261882    0.036994    -0.039475
0.261882    -0.0954    -0.126372
0.261882    0.120281    -0.048415
0.261882    0.120447    0.012681
0.261882    0.029312    -0.058159
0.261882    0.153525    -0.017847
0.261882    -0.168635    -0.143604
0.261882    0.035056    -0.065493
0.261882    -0.038973    -0.145846
0.261882    0.0441    0.014529
0.261882    -0.011408    -0.060509
0.261882    0.163964    -0.113754
0.228734    0.15894    0.120945
0.219917    -0.016599    0.120945
0.21405    0.123683    0.120945
0.218349    0.020376    0.120945
0.014553    -0.245237    0.120945
-0.043969    -0.285196    0.082205
-0.043969    -0.278227    -0.02622
-0.043969    -0.268511    0.090928
-0.043969    -0.271548    -0.122258
-0.032996    -0.354956    0.049606
-0.026454    -0.017447    0.103788
-0.016804    -0.280769    0.113439
-0.025058    -0.353763    0.105185
0.247219    -0.357894    0.054652
0.236992    0.010236    0.105372
0.066784    -0.357894    0.072644
0.107428    -0.357894    0.025272
0.077263    -0.357894    0.083179
0.021229    -0.357894    -0.007673
0.089671    -0.357894    0.082195
0.11373    -0.357894    0.037862
0.114608    -0.357894    -0.018844
0.190992    -0.027221    0.106382
0.201679    -0.291474    0.106382
0.19419    -0.009707    0.106382
0.134682    -0.291076    0.106382
0.116498    -0.235714    0.106382
0.226898    -0.238071    0.106382
0.214877    0.064872    0.106382
0.04512    -0.342675    0.106382
0.222151    -0.142369    0.106382
0.156899    -0.337391    0.106382
0.210804    0.063774    0.106382
0.01093    -0.355122    0.106382
0.22876    -0.169726    0.106382
0.233847    -0.357894    0.048285
0.021493    -0.333788    -0.184906
-0.016893    -0.306377    -0.184906
-0.011186    -0.280771    -0.184906
0.11272    -0.314346    -0.184906
-0.01042    -0.251654    -0.178113
0.243902    -0.262015    -0.182602
0.058976    -0.354127    -0.174462
0.027244    -0.347963    -0.178398
0.248539    0.031941    -0.170257
0.253485    0.138566    -0.16531
0.247319    -0.292521    0.057673
0.247319    -0.131847    -0.003197
0.247319    -0.315638    -0.054998
0.247319    -0.246443    0.041699
0.247319    -0.343311    0.007903
0.247319    -0.172059    0.048686
0.247319    0.055345    0.080236
0.247319    0.016933    0.048786
0.247319    -0.252108    -0.007424
0.247319    -0.339131    -0.119618
0.247319    -0.221046    0.046753
0.247319    0.050274    0.091229
0.247319    -0.005703    0.083352
0.247319    -0.131271    0.019158
0.123293    -0.090339    -0.172057
-0.001706    -0.213731    -0.172057
0.137282    -0.017601    -0.172057
0.170633    0.057171    -0.172057
0.028318    -0.006146    -0.172057
0.018456    -0.270128    -0.172057
0.018176    -0.229732    -0.172057
0.142752    0.072422    -0.172057
0.006401    -0.111102    -0.172057
0.192632    0.051726    -0.172057
0.013604    -0.200772    -0.172057
0.168153    0.045319    -0.172057
0.110076    0.071848    -0.172057
0.102772    0.091782    -0.172057
0.014172    0.053499    -0.172057
0.110081    0.091012    -0.172057
0.146852    0.089513    -0.172057
0.021534    -0.203619    -0.172057
0.156289    0.016768    -0.172057
0.048413    -0.121347    -0.172057
0.060949    0.032061    -0.172057
0.132372    0.108156    -0.172057
0.053264    0.067154    -0.172057
0.127462    -0.023666    -0.172057
0.036684    -0.123095    -0.172057
0.121461    0.050097    -0.172057
0.180678    0.042196    -0.172057
0.240321    -0.357894    -0.005375
0.242691    -0.35028    -0.155508
0.262949    0.174282    0.07032
0.1429    0.1538    0.120945
-0.023739    -0.240622    0.113183
-0.041508    -0.261652    0.101392
-0.043969    -0.288724    -0.143199
-0.043969    -0.313008    -0.06247
-0.043969    -0.316874    -0.125559
-0.043969    -0.336573    -0.152642
-0.037397    -0.252164    -0.151821
-0.040352    -0.343435    -0.021862
-0.03112    0.047043    0.066792
-0.03112    -0.317733    0.034697
-0.03112    -0.117773    -0.002209
-0.03112    -0.213147    0.060314
-0.03112    -0.352762    0.095986
-0.03112    -0.134772    -0.015689
-0.03112    -0.302372    0.047792
-0.03112    -0.033575    0.092404
-0.03112    -0.350971    0.07974
-0.03112    -0.167305    -0.005226
-0.03112    -0.354929    0.057569
-0.03112    -0.108747    0.069783
-0.03112    -0.258523    0.091295
-0.03112    -0.17338    -0.003077
-0.03112    -0.240753    0.072359
-0.03112    -0.319258    -0.011257
-0.03112    -0.106211    0.032767
-0.03112    -0.297424    -0.051936
-0.03112    -0.348465    -0.096231
-0.03112    -0.1604    -0.018484
-0.03112    -0.130829    -0.005552
-0.03112    -0.348294    -0.095285
-0.03112    -0.282018    -0.029167
-0.03112    -0.204903    0.043424
-0.03112    -0.234826    0.040779
-0.03112    -0.335136    0.06909
-0.03112    -0.166401    0.055119
-0.03112    -0.184761    -0.030601
0.25038    0.133334    -0.01777
0.246641    -0.105238    0.095722
-0.010155    -0.357894    -0.145415
-0.012239    -0.109982    0.104086
0.177554    -0.357894    -0.011459
0.177979    -0.357894    -0.031938
0.046937    -0.357894    -0.144309
0.182219    -0.357894    0.040862
0.193346    -0.357894    0.001851
0.159621    -0.357894    0.016247
0.04128    -0.357894    -0.146199
0.05338    0.01649    0.106382
0.034765    -0.161062    0.106382
0.055123    -0.064472    0.106382
0.02445    0.016862    0.106382
0.17893    0.024782    0.106382
0.082189    0.126076    0.106382
0.114567    0.091273    0.106382
0.194916    0.070063    0.106382
0.154062    0.060396    0.106382
0.125215    0.092619    0.106382
0.131978    -0.021849    0.106382
-0.006897    0.078641    0.106382
0.20013    0.078623    0.106382
-0.025934    -0.287049    -0.178314
0.07147    -0.245802    -0.176781
0.222162    -0.146926    -0.176781
0.231526    -0.111284    -0.176781
0.241336    -0.073852    -0.176781
0.22831    -0.146534    -0.176781
0.247319    -0.223626    -0.147876
0.247319    -0.187141    -0.102066
0.247319    0.101537    -0.023743
0.247319    0.06989    -0.001201
0.247319    0.053112    -0.147206
0.247319    -0.032345    -0.142191
0.247319    -0.113218    -0.122491
0.247319    -0.026162    -0.110175
0.247319    -0.285878    -0.148973
0.247319    -0.131385    -0.072477
0.247319    -0.201439    -0.101416
0.247319    -0.151754    -0.128084
0.247319    -0.079909    -0.016313
0.07036    0.133334    -0.168758
-0.01591    -0.009449    -0.170167
-0.020003    -0.238774    -0.166073
0.017278    -0.357894    -0.165728
0.240444    -0.056248    -0.157755
0.197005    -0.226988    -0.162217
0.155914    0.115643    -0.162217
0.164435    -0.165704    -0.162217
0.04186    0.068032    -0.162217
0.062821    0.096178    -0.162217
0.145255    -0.032206    -0.162217
0.211949    0.094313    -0.162217
0.089118    0.044527    -0.162217
0.204309    -0.097202    -0.162217
0.206176    0.120644    -0.162217
0.168403    -0.066947    -0.162217
0.169119    -0.171713    -0.162217
0.140281    0.038146    -0.162217
0.269418    0.194599    -0.159007
0.214343    0.19102    0.127342
0.242111    0.195045    0.128623
0.177638    0.167403    0.120945
-0.035844    -0.24099    -0.055763
-0.035844    -0.236514    -0.152053
-0.03112    -0.056693    -0.079264
-0.03112    -0.022332    -0.101401
-0.03112    0.100724    -0.079959
-0.03112    0.059291    -0.035933
-0.03112    0.108268    0.013246
-0.03112    0.102319    0.055305
-0.03112    0.000202    -0.001221
-0.03112    0.049013    0.013245
-0.03112    -0.20263    -0.11763
-0.03112    0.066532    -0.152093
-0.03112    0.010036    -0.115924
-0.03112    -0.153465    -0.073264
-0.03112    0.019894    -0.044713
-0.03112    0.10411    0.07113
-0.03112    -0.013071    -0.140917
-0.03112    0.079927    -0.111529
-0.03112    0.002091    -0.035844
-0.03112    -0.048652    -0.002213
-0.03112    0.129079    0.010143
-0.03112    -0.078766    -0.04083
-0.03112    -0.107524    -0.094119
-0.03112    -0.309213    -0.137524
-0.03112    -0.008801    -0.042552
-0.03112    -0.057681    -0.087531
-0.03112    -0.046147    -0.153774
-0.03112    -0.087339    -0.154268
-0.03112    0.079924    -0.083881
-0.03112    0.047891    0.02991
-0.02128    -0.279788    -0.005162
-0.02128    -0.164323    -0.111087
-0.02128    -0.281264    0.049925
-0.02128    -0.02438    -0.085124
-0.02128    -0.063692    -0.127994
-0.02128    -0.120139    -0.029022
-0.02128    -0.142215    -0.038647
-0.02128    -0.341261    -0.054093
-0.02128    -0.214223    -0.141874
-0.02128    -0.07963    -0.120295
-0.02128    -0.134335    -0.025217
-0.02128    -0.016881    -0.109162
-0.02128    -0.128268    -0.061474
-0.02237    0.133334    0.039934
-0.020605    -0.274698    0.095719
0.018536    0.071103    -0.162217
0.075608    -0.043565    -0.162217
0.015057    -0.328634    -0.162217
0.074658    -0.137884    -0.162217
-0.006051    0.059358    -0.162217
0.064407    -0.259391    -0.162217
-0.000624    0.024266    -0.162217
0.201957    -0.318733    -0.162217
0.022307    -0.06098    -0.162217
0.159801    -0.308877    -0.162217
0.03259    -0.290073    -0.162217
0.111984    -0.299309    -0.162217
0.004946    -0.082798    -0.162217
0.227468    -0.242447    -0.176781
0.206392    -0.034462    -0.176781
0.208498    0.041563    -0.176781
0.223387    0.025738    -0.176781
0.246828    0.185563    -0.178556
-0.026542    -0.000321    -0.159534
-0.027126    -0.125406    -0.15895
-0.030985    0.036704    -0.155091
0.267103    0.208389    -0.137955
0.262867    0.225795    -0.13717
0.12668    0.189007    0.126701
0.253512    0.226374    0.110642
0.233945    0.205535    0.126861
0.11874    0.21198    0.125293
-0.035844    -0.189067    0.063405
-0.035844    -0.23483    0.064669
-0.035844    -0.193792    -0.073838
-0.035844    -0.216833    -0.086334
-0.035844    -0.219082    -0.102365
-0.035844    -0.217899    -0.064536
-0.018882    -0.109573    -0.153278
-0.02128    -0.34771    0.09432
-0.02128    0.077766    0.067129
-0.02128    0.109986    -0.076891
-0.02128    0.011916    0.07651
-0.02128    0.111559    0.057399
-0.02128    0.05817    -0.055903
-0.02128    0.077275    0.030019
-0.02128    -0.173135    0.069467
-0.02128    -0.154984    0.018515
-0.02128    -0.054708    -0.007224
-0.02128    0.126175    0.047932
-0.02128    0.109714    -0.042921
-0.02128    0.091789    -0.119543
-0.02128    -0.04032    -0.04874
0.164886    0.15381    -0.176781
0.164734    0.156033    -0.176781
0.071788    0.176248    -0.178473
-0.019589    0.133334    -0.159111
0.262871    0.225776    -0.030233
0.259964    0.218423    -0.162762
0.06186    0.212764    0.125102
0.043156    0.227821    0.121437
0.100007    0.153525    -0.176781
0.014962    0.176885    -0.178676
0.068443    0.186852    -0.181849
0.208353    0.224855    -0.177995
0.229017    0.199053    -0.184273
-0.031095    0.172052    0.106332
-0.020963    0.196336    -0.183233
-0.013997    0.208186    -0.182051
-0.009179    0.211571    -0.181227
0.250112    0.25056    -0.12645
0.060321    0.237812    -0.172252
-0.043277    0.194279    0.092415
-0.02998    0.222721    0.109393
0.081172    0.23915    0.115658
0.237505    0.238125    0.11624
-0.035844    0.148248    0.076589
-0.035844    0.150678    -0.023016
-0.035844    0.163406    0.029034
-0.035844    0.126351    -0.092633
-0.035844    0.118446    -0.083764
-0.026308    0.20974    -0.173366
0.250862    0.249238    -0.054134
-0.00887    0.253903    -0.163111
-0.041957    0.190132    -0.097399
-0.028923    0.233758    0.104853
-0.04038    0.2112    0.003277
-0.041469    0.206728    0.07015
0.218049    0.265903    0.100458
0.246381    0.257125    0.008278
0.066399    0.251553    0.108611
0.118658    0.254329    0.107034
-0.035844    0.145881    -0.089655
0.218261    0.242867    -0.16938
-0.041878    0.205045    -0.120726
-0.04302    0.200352    0.029666
-0.033264    0.234382    -0.127355
0.052318    0.264456    0.10128
0.17929    0.309357    0.077956
0.19228    0.274541    0.095799
0.185931    0.28047    0.09276
0.232898    0.282026    0.006271
0.229313    0.289021    0.019244
0.236424    0.275146    0.009902
0.116991    0.266086    -0.156188
0.054676    0.26381    -0.157482
-0.018487    0.260391    -0.081069
-0.029975    0.240173    -0.001955
0.028353    0.285506    0.090179
0.026114    0.297002    0.084288
0.21109    0.301591    0.077204
0.231129    0.285478    0.066495
0.213003    0.320848    -0.085273
0.012206    0.283276    -0.147156
0.10369    0.270735    -0.153583
0.105124    0.286277    -0.145618
0.204868    0.319232    -0.115557
-0.024354    0.250066    -0.071029
-0.023286    0.251945    0.029596
-0.016395    0.257803    -0.153894
0.075456    0.324519    0.049377
0.164773    0.324519    0.050737
0.1919    0.324519    -0.06179
0.206047    0.324519    -0.013285
0.120301    0.308572    -0.134192
0.171941    0.317616    -0.129558
0.011047    0.306203    -0.12294
-0.008417    0.278988    -0.102159
-0.009036    0.27778    -0.0984
0.010995    0.316866    -0.084347
0.02516    0.324519    0.03205
0.165516    0.324519    -0.005354
0.177017    0.324519    -0.027464
0.115107    0.324519    -0.085946
0.170895    0.324519    -0.10744
0.038578    0.324519    0.032899
0.014424    0.323556    0.044603
0.001887    0.299093    0.024863
0.165544    0.324519    -0.098859
0.049748    0.324519    -0.034101
0.163999    0.324519    -0.081934
0.046454    0.324519    0.052248
0.073619    0.324519    -0.064565
0.160328    -0.357894    0.109185
0.038098    -0.357894    -0.018422
0.130687    -0.357894    0.014144
0.044243    -0.357894    -0.036659
0.092537    -0.357894    0.097711
0.174186    -0.357894    0.062515
0.06736    -0.357894    0.09283
0.024352    -0.357894    0.103655
0.054331    -0.357894    -0.170794
0.171514    0.066871    0.120945
0.139597    -0.071111    0.120945
0.070846    -0.097248    0.120945
0.147842    -0.198674    0.120945
0.195432    0.080666    0.120945
0.203856    -0.074732    0.120945
0.097313    -0.148284    0.120945
0.195581    -0.173203    0.120945
0.197216    -0.068356    0.120945
-0.023927    -0.357894    0.045762
0.167926    -0.357894    -0.052325
0.183372    -0.357894    -0.088735
0.199211    -0.357894    -0.143478
0.222533    -0.357894    0.003765
0.187334    -0.357894    -0.121191
0.232943    -0.357894    -0.00925
0.042924    -0.357894    -0.136305
0.012606    -0.357894    -0.168249
0.090191    0.068738    0.120945
0.025155    -0.074219    0.120945
0.076139    -0.052698    0.120945
0.039412    0.082788    0.120945
0.001023    -0.123725    0.120945
0.126254    0.035385    0.120945
0.072913    0.01513    0.120945
0.129854    0.122222    0.120945
0.137286    0.131968    0.120945
-0.016189    -0.034925    0.120732
-0.010585    0.061488    -0.176781
0.11955    -0.135861    -0.176781
0.180357    -0.219989    -0.176781
0.076933    -0.029068    -0.176781
-0.007209    -0.214329    -0.176781
-0.01498    -0.131932    -0.176781
0.074196    -0.121434    -0.176781
0.091184    -0.206082    -0.176781
0.016177    0.061472    -0.176781
0.002081    -0.186483    -0.176781
0.185656    -0.074585    -0.176781
0.186614    -0.067682    -0.176781
0.155613    -0.070294    -0.176781
0.118198    -0.032051    -0.176781
0.132911    0.011929    -0.176781
0.131483    0.142877    -0.176781
0.189402    -0.017296    -0.176781
0.105529    0.139459    -0.176781
0.100871    0.063375    -0.176781
-0.032615    -0.07966    0.104307
-0.03268    -0.149491    -0.160077
-0.033683    -0.024421    -0.159074
0.074581    0.326834    -0.031084
0.154547    0.358683    -0.030965
0.114045    0.378031    -0.070591
0.077044    0.378678    -0.050784
0.075441    0.397938    -0.007267
0.073527    0.41011    -0.043108
0.14419    0.446918    -0.003408
0.102347    0.446202    -0.066506
0.142067    0.476586    -0.04841
0.097909    0.486618    0.002322
0.143134    0.534325    -0.024183
0.118188    0.538117    -0.002301
0.236011    0.033497    0.106353
0.203754    -0.109052    0.106382
0.12496    -0.352016    0.106382
0.184807    -0.162334    0.106382
0.228574    -0.113318    0.106382
0.080818    -0.254944    0.106382
0.072726    -0.244762    0.106382
0.097181    -0.296332    0.106382
0.062232    -0.303299    0.106382
0.095002    -0.304738    0.106382
0.137057    -0.101696    0.106382
0.042846    -0.308725    0.106382
0.153974    -0.051061    0.106382
0.157736    -0.30648    0.106382
0.247319    -0.235392    -0.004543
0.247319    -0.334806    -0.108755
0.247319    0.047765    0.077235
0.247319    -0.120604    0.029619
0.247319    0.032514    0.082598
0.247319    -0.158462    0.027896
0.247319    -0.339764    0.048687
0.247319    -0.16209    0.002188
0.247319    -0.339908    -0.00366
0.247319    -0.22187    -0.07738
0.247319    -0.200584    -0.033999
0.247319    -0.090667    0.086028
0.247319    -0.167611    -0.02511
0.241293    -0.113452    -0.156906
0.241638    0.040229    0.100725
-0.010441    -0.167856    0.105884
-0.003188    -0.059717    0.106382
0.026163    -0.171526    0.106382
0.204859    0.126606    0.106382
0.198716    0.12172    0.106382
0.054409    -0.211623    0.106382
0.102133    0.089137    0.106382
0.089202    0.078732    0.106382
-0.001747    -0.18913    0.106382
0.087562    0.031291    0.106382
0.025762    -0.116042    0.106382
0.067272    0.029029    0.106382
0.141797    0.065944    0.106382
0.16383    0.079509    0.106382
0.247319    -0.267695    -0.112806
0.247319    -0.255102    -0.119086
0.247319    -0.320759    -0.140807
0.247319    0.108432    -0.087101
0.247319    0.117288    0.069177
0.247319    -0.016762    -0.094563
0.247319    -0.236472    -0.123628
0.247319    -0.160206    -0.105766
0.247319    0.020023    -0.021018
0.247319    -0.313337    -0.129442
0.247319    -0.204349    -0.096547
0.247319    -0.104501    -0.148797
0.247319    0.085416    -0.133141
0.247319    -0.006695    -0.022531
0.243542    -0.124913    -0.154657
0.152655    -0.094364    -0.162217
0.213013    -0.030384    -0.162217
0.078162    0.109974    -0.162217
0.211958    -0.06292    -0.162217
0.159354    -0.188148    -0.162217
0.075593    -0.008881    -0.162217
0.158651    -0.033957    -0.162217
0.222384    -0.022002    -0.162217
0.210668    -0.079956    -0.162217
0.119012    -0.002076    -0.162217
0.217545    -0.102271    -0.162217
0.218739    -0.133644    -0.162217
0.141858    -0.07239    -0.162217
-0.02128    -0.148471    -0.129482
-0.02128    -0.264816    0.002198
-0.02128    -0.301616    -0.0737
-0.02128    -0.038298    -0.110779
-0.02128    -0.266344    -0.001833
-0.02128    -0.14313    -0.150282
-0.02128    -0.357785    -0.14658
-0.02128    -0.069814    -0.093697
-0.02128    -0.325579    0.04417
-0.02128    -0.228568    -0.132016
-0.02128    -0.280517    -0.084729
-0.02128    -0.256034    0.003699
-0.02128    -0.28721    0.006297
0.008574    0.133334    0.105069
-0.018371    -0.138073    0.097954
0.020431    -0.018866    -0.162217
0.19386    -0.275265    -0.162217
0.124552    -0.183245    -0.162217
0.044676    -0.002688    -0.162217
0.173505    -0.314826    -0.162217
0.011554    -0.280364    -0.162217
0.049962    -0.203846    -0.162217
0.092377    -0.159456    -0.162217
0.016162    0.047052    -0.162217
0.143234    -0.255637    -0.162217
0.069833    -0.204199    -0.162217
0.165854    -0.30637    -0.162217
0.099816    -0.314727    -0.162217
0.019287    0.133334    -0.001755
0.052201    0.133334    -0.159018
0.127053    0.133334    -0.145306
0.074435    0.133334    -0.013308
-0.003424    0.133334    0.058106
0.128538    0.133334    -0.078798
0.001001    0.133334    -0.128975
-0.016707    -0.341758    -0.155453
-0.02128    -0.201897    0.053992
-0.02128    0.100448    -0.104855
-0.02128    -0.261659    0.070616
-0.02128    0.007523    0.029302
-0.02128    0.084516    -0.001815
-0.02128    -0.108224    -0.012261
-0.02128    -0.10512    -0.019451
-0.02128    0.038115    -0.067599
-0.02128    -0.263156    0.062487
-0.02128    0.044278    -0.090042
-0.02128    -0.022212    -0.070274
-0.02128    -0.089518    -0.029032
-0.02128    -0.063063    0.048259
0.097743    0.133334    0.096314
0.20789    0.133334    -0.056386
0.208881    0.133334    -0.093495
0.079937    0.133334    0.01204
0.209207    0.133334    0.089496
0.234335    0.133334    -0.120051
0.120838    0.133334    0.036904
0.106418    0.133334    0.080874
-0.011675    -0.059295    -0.160485
0.186665    -0.015484    0.120945
0.114329    -0.036318    0.120945
0.022569    -0.201568    0.120945
0.115275    -0.112066    0.120945
0.085888    -0.101705    0.120945
0.119604    -0.109084    0.120945
0.096514    -0.151086    0.120945
0.069826    -0.21183    0.120945
0.085453    -0.104147    0.120945
-0.015234    -0.300862    -0.174988
0.019874    0.145839    0.120945
0.065844    0.084483    0.120945
0.041748    -0.035622    0.120945
0.039709    0.102146    0.120945
0.129542    0.103105    0.120945
0.086351    0.055521    0.120945
0.028519    -0.055333    0.120945
0.036269    -0.048859    0.120945
0.131749    0.14391    0.120945
-0.01773    0.109994    0.119191
0.067389    0.133334    0.104296
-0.014202    -1.3e-05    -0.172496
0.160434    0.133334    -0.159932
0.203105    0.133334    -0.128003
0.075277    0.133334    -0.046807
-0.000696    0.133334    0.063678
0.041394    0.133334    -0.158673
0.074517    0.133334    -0.148329
0.044845    0.133334    -0.01061
0.057759    0.133334    0.063029
0.125963    0.133334    0.028765
0.197097    0.133334    0.097666
0.206437    0.133334    -0.006751
0.212575    0.133334    -0.000347
0.186189    0.133334    -0.087391
0.237042    0.133334    -0.093249
0.083524    -0.154185    -0.176781
-0.0139    -0.128674    -0.176781
0.106718    -0.139357    -0.176781
0.065875    -0.212716    -0.176781
0.02438    0.062515    -0.176781
0.043342    -0.218978    -0.176781
0.030152    -0.125677    -0.176781
-0.012963    0.099773    -0.176781
0.00733    -0.099227    -0.176781
-0.013652    -0.159819    -0.176781
0.137702    0.120865    -0.176781
0.107525    0.126748    -0.176781
0.164319    -0.006059    -0.176781
0.140544    -0.047374    -0.176781
0.105203    0.060359    -0.176781
0.034952    0.085844    -0.176781
0.099393    -0.003929    -0.176781
0.188724    -0.006707    -0.176781
0.172261    -0.149895    -0.176781
-0.020767    0.147192    0.116155
-0.035844    -0.047412    -0.049742
-0.035844    -0.147245    -0.012681
-0.035844    0.007876    -0.095359
-0.035844    -0.143837    -0.13382
-0.035844    -0.033515    -0.153987
-0.035844    0.012653    -0.085049
-0.035844    -0.160623    0.016581
-0.035844    -0.156516    -0.070407
-0.035844    -0.170296    -0.066439
-0.018685    -0.033786    -0.174072
-0.035844    0.094746    -0.064973
-0.035844    0.110882    -0.133331
-0.035844    0.095122    -0.003701
-0.035844    0.03785    0.070258
-0.035844    0.009468    0.081944
-0.035844    -0.053142    0.082377
-0.035844    0.017534    0.006733
-0.035844    -0.024144    0.09622
-0.035844    -0.014784    0.047912
-0.030675    0.058362    -0.162082
0.116158    0.331887    -0.06696
0.085051    0.333265    0.000134
0.154976    0.370286    -0.032662
0.117607    0.392025    -0.070302
0.075506    0.395373    -0.048727
0.070416    0.407614    -0.028953
0.152115    0.441769    -0.038546
0.129326    0.450852    -0.063575
0.14835    0.476649    -0.024235
0.07898    0.47703    -0.017484
0.085599    0.492156    -0.010086
0.103348    0.538117    -0.02679
-0.035844    -0.167074    -0.061091
-0.035844    -0.14532    0.014914
-0.035844    -0.019695    -0.067457
-0.035844    -0.125821    -0.112996
-0.035844    -0.117787    -0.032662
-0.035844    -0.114262    -0.137166
-0.035844    -0.016106    -0.130231
-0.035844    -0.124499    0.005581
-0.035844    -0.089271    0.009607
-0.035844    0.056451    -0.037025
-0.035844    0.114635    -0.101283
-0.035844    0.076009    0.061837
-0.035844    0.091943    -0.101695
-0.035844    0.048498    0.065183
-0.035844    0.037495    0.026498
-0.035844    -0.101895    0.088264
-0.035844    0.077017    0.002186
-0.035844    -0.10211    -0.135747
-0.035844    -0.205459    -0.104767
-0.035844    0.02734    -0.08624
-0.035844    0.108498    -0.137738
-0.035844    -0.191798    -0.1482
-0.035844    -0.048981    -0.140205
-0.035844    -0.149928    -0.049577
-0.035844    -0.215719    -0.088398
-0.035844    -0.201667    -0.047723
-0.035844    -0.16506    -0.028324
-0.035844    -0.11174    -0.086607
-0.035844    -0.010397    -0.087606
-0.035844    -0.227679    -0.008555
-0.035844    -0.215086    -0.151876
-0.035844    0.002607    -0.145272
-0.035844    -0.135193    -0.019327
-0.035844    -0.052847    -0.13246
-0.035844    -0.177275    -0.146115
-0.035844    -0.092255    -0.097767
-0.035844    -0.061076    -0.016631
-0.035844    -0.047108    -0.027467
-0.035844    -0.065061    -0.086172
-0.035844    0.020526    0.009775
-0.035844    -0.073659    0.094443
-0.035844    -0.047903    -0.01382
-0.035844    0.041624    -0.081785
-0.035844    0.110149    0.029444
-0.035844    0.024962    -0.063586
-0.035844    -0.005203    -0.008685
-0.035844    0.107732    -0.111465
-0.035844    0.138002    -0.052068
-0.035844    0.035818    0.009285
-0.035844    0.041515    0.091008
-0.035844    0.10207    -0.04455
-0.035844    -0.098064    0.013332
-0.035844    0.13724    -0.129601
-0.035844    -0.122244    0.055769
-0.035844    0.01106    -0.046377
-0.035844    0.106056    -0.044511
-0.035844    0.11297    -0.004866
-0.035844    -0.092289    0.087548
-0.035844    -0.019858    -0.033003
-0.035844    -0.03528    -0.002518
