0.246518    -0.048199    -0.094247
0.246517    -0.055895    -0.101139
0.237103    -0.018616    -0.100266
0.242626    -0.0273    -0.085555
0.128966    0.209087    -0.055752
0.14738    0.205159    -0.067738
0.248394    -0.05143    -0.08079
0.160099    0.199395    -0.07816
0.094626    0.222892    -0.026617
0.240144    -0.020759    -0.07179
0.245132    -0.09892    -0.123984
0.127095    0.209365    -0.043734
0.189405    0.152209    -0.095693
0.211438    0.098009    -0.065149
0.260113    -0.160508    -0.072732
0.124784    0.146597    -0.06349
0.194552    0.114455    -0.102504
0.19796    0.153369    -0.062572
0.090713    0.217572    -0.059199
0.061687    0.241368    -0.025634
0.131628    0.203064    -0.078096
0.205179    -0.252788    -0.036794
0.221882    -0.252788    -0.104329
0.195072    -0.252788    0.06412
0.192365    -0.252788    0.026007
0.2105    -0.252788    -0.053504
0.158009    -0.252788    0.145696
0.195079    0.084401    -0.109728
0.113041    0.207983    -0.037697
0.125589    0.182538    -0.033348
0.090479    -0.252788    -0.112718
0.161566    -0.252788    0.059421
0.03674    -0.252788    -0.053744
0.196387    -0.252788    -0.087584
0.015741    -0.252788    -0.162555
0.136355    -0.252788    -0.003918
0.130421    -0.252788    0.051752
0.11633    -0.252788    -0.179929
0.169895    -0.252788    0.017825
0.038334    -0.252788    -0.104983
0.194227    -0.252788    -0.107456
0.137921    -0.252788    -0.073564
0.069272    -0.252788    0.031205
0.181324    -0.252788    -0.006764
0.034911    -0.252788    -0.096937
0.125473    -0.252788    0.142224
-0.002297    -0.252788    -0.228289
0.057499    -0.252788    -0.165144
0.040531    -0.252788    -0.133056
0.115352    -0.252788    0.132803
0.171213    -0.252788    -0.047884
0.164861    -0.252788    0.101912
0.145567    -0.252788    0.072662
0.101328    -0.252788    0.059472
0.160824    -0.252788    0.07968
0.123317    -0.252788    0.080287
0.111188    -0.252788    -0.016637
0.072777    -0.252788    -0.127556
0.183927    -0.252788    -0.144985
0.102494    -0.252788    0.053475
0.113052    -0.252788    -0.16729
0.197075    -0.252788    -0.021794
0.104147    -0.252788    -0.168166
0.136252    -0.252788    0.134051
0.129128    -0.252788    0.023047
0.006552    -0.252788    -0.204482
0.063777    -0.252788    -0.158375
0.093968    -0.252788    -0.016296
0.101325    -0.252788    0.029109
0.152617    0.120947    -0.082696
-0.04175    -0.252788    -0.217974
0.082823    0.197    -0.058542
0.074605    -0.252788    0.069915
-0.040994    0.006606    -0.222507
-0.029246    0.048651    -0.215111
-0.001254    -0.141244    -0.232681
-0.026267    0.009253    -0.219309
-0.029476    -0.150462    -0.239312
-0.041333    0.004942    -0.222775
-0.008586    -0.054683    -0.223612
-0.035396    0.008841    -0.221142
-0.027896    0.094251    -0.209316
0.015323    -0.092504    -0.22353
-0.009439    -0.252788    -0.119693
0.022614    -0.028989    -0.210927
0.027782    0.104284    -0.186114
0.036631    0.101831    -0.182865
-0.009583    0.138358    -0.195797
0.005218    0.003351    -0.212633
0.011275    0.03532    -0.204684
0.012427    0.06733    -0.198762
0.012165    -0.046554    -0.218244
0.037194    0.075368    -0.187134
0.123869    -0.252788    0.19683
-0.033532    -0.252788    -0.167959
-0.03284    -0.252788    -0.160276
0.116721    -0.252788    0.209502
0.00707    -0.252788    -0.051739
0.03539    -0.252788    0.031677
0.158632    0.119409    -0.05945
0.027869    -0.252788    0.021086
0.083418    -0.252788    0.15315
0.113228    -0.252788    0.22905
0.073384    -0.252788    0.156179
-0.048964    -0.252788    -0.132546
-0.064213    -0.252788    -0.184769
0.02032    -0.252788    0.047027
-0.094713    -0.252788    -0.232356
-0.058428    -0.252788    -0.135536
0.072358    -0.252788    0.192308
-0.069292    -0.252788    -0.147552
-0.025379    -0.252788    -0.03181
0.082979    -0.252788    0.240114
-0.107775    -0.252788    -0.220972
-0.057046    -0.252788    -0.09158
-0.070733    -0.252788    -0.115969
-0.05706    -0.252788    -0.085624
0.018973    -0.252788    0.129051
-0.032185    -0.252788    -0.014232
0.042141    -0.252788    0.165133
-0.1243    -0.252788    -0.218749
-0.109805    -0.252788    -0.186908
-0.092267    0.057732    0.146162
-0.047616    0.04844    0.151008
-0.092728    -0.252788    0.168192
-0.145234    -0.252788    -0.040308
-0.167175    -0.252788    0.046683
-0.080266    -0.252788    -0.082568
-0.078504    -0.252788    0.03619
0.039325    -0.252788    0.215941
-0.01391    -0.252788    0.104137
-0.081877    -0.252788    -0.00977
-0.077624    -0.252788    -0.036611
-0.116475    -0.252788    -0.086699
-0.11258    -0.252788    0.129626
-0.082478    -0.252788    0.118711
-0.106088    -0.252788    0.09001
-0.073594    -0.252788    0.089683
-0.096101    -0.252788    -0.025462
-0.130215    -0.252788    0.003489
-0.103766    -0.252788    0.127486
-0.063787    -0.252788    0.048361
-0.166613    -0.252788    0.08827
-0.10628    -0.252788    0.124147
0.027451    -0.252788    0.22303
-0.149374    -0.252788    0.136401
-0.121824    -0.252788    0.031459
-0.095461    -0.252788    0.181788
-0.131961    -0.252788    0.009646
-0.149785    -0.252788    -0.020917
-0.204643    -0.252788    0.133535
-0.1222    -0.252788    -0.145427
-0.113098    -0.252788    0.130248
-0.146065    -0.252788    0.031211
-0.106117    -0.252788    0.026848
-0.113433    -0.252788    -0.146625
-0.07494    -0.252788    -0.027278
-0.153171    -0.252788    0.108587
-0.159789    -0.252788    0.020683
-0.088414    -0.252788    -0.011157
-0.048887    -0.252788    0.092672
-0.111549    -0.252788    -0.002303
-0.000879    -0.045572    0.185285
-0.121821    0.043368    0.139954
-0.121769    0.230741    -0.019319
-0.145811    0.157882    -0.085265
-0.17927    -0.252788    -0.047118
-0.202207    -0.252788    0.032046
-0.205901    -0.252788    -0.002401
-0.22479    -0.252788    0.09737
-0.15638    -0.252788    -0.159032
-0.182427    -0.252788    -0.079352
-0.012952    -0.065746    0.181847
-0.138147    -0.037805    0.13564
-0.098724    0.027849    0.128185
-0.091847    0.22497    -0.116678
-0.026289    -0.070526    0.166671
-0.12615    -0.049451    0.134972
-0.107252    0.002262    0.121226
-0.141855    0.164095    -0.09338
-0.03056    -0.081712    0.177235
-0.172388    0.16844    -0.01783
-0.151058    0.173762    -0.0663
-0.185831    0.185778    0.02756
-0.124565    0.203715    -0.094323
-0.054478    -0.090163    0.16769
-0.117431    0.209524    -0.099731
-0.101165    0.215314    -0.124927
-0.173285    0.181679    -0.006501
-0.157726    0.191682    -0.033172
-0.178241    0.204298    0.036343
-0.242742    -0.252788    0.107402
-0.14972    0.216503    -0.004522
-0.137609    0.22122    -0.019561
0.260053    -0.1251    -0.100169
0.259208    -0.191965    -0.103152
0.260792    -0.256446    -0.097614
0.252725    -0.176333    -0.117314
0.25023    -0.139155    -0.121047
0.24775    -0.190185    -0.124035
0.2478    -0.150839    -0.123978
0.240548    -0.159177    -0.131122
0.065163    0.244074    -0.003767
0.099651    0.204877    -0.041465
0.257738    -0.291619    -0.102569
0.089894    0.2341    0.050187
0.203764    0.037685    -0.055919
0.199327    0.063508    -0.05618
0.239179    -0.055926    -0.061415
0.258066    -0.150427    -0.06607
0.256001    -0.294481    -0.106205
0.099504    0.220856    0.124686
0.101283    0.183029    -0.012389
0.091639    0.197262    -0.013049
0.079633    0.21565    -0.012421
0.102403    0.170995    -0.034833
0.120664    0.167504    0.009728
0.245047    -0.077698    -0.062085
0.180777    0.048636    -0.052462
0.201001    -0.003598    -0.055695
0.202462    0.001838    -0.055777
0.225657    -0.056104    -0.059453
0.183616    0.173155    -0.055793
0.216735    -0.113382    0.034089
0.185353    -0.124143    0.109853
0.245495    -0.231235    -0.035345
0.237504    -0.158167    -0.016053
0.227399    -0.166805    0.008344
0.221279    -0.1337    0.023118
0.232305    -0.133586    -0.003502
0.237784    -0.144802    -0.01673
0.225809    -0.119697    0.012181
0.210982    -0.147757    0.047978
0.225897    -0.184858    0.01197
0.229882    -0.190896    -0.138091
0.150008    0.171427    -0.041826
0.099511    0.216879    0.004102
0.087412    0.230061    0.117185
0.124384    0.182224    0.058367
0.116413    0.19701    0.065286
0.107677    0.187996    0.018753
0.102817    0.219864    0.072012
0.116264    0.165373    -0.001396
0.147023    0.170683    0.077257
0.206117    -0.107275    0.045746
0.192793    -0.107275    -0.000189
0.182161    -0.107275    0.04758
0.220542    -0.107275    -0.030122
0.196229    -0.107275    -0.044639
0.171302    0.017083    -0.062162
0.156174    0.141872    -0.044384
0.239682    -0.229604    -0.021312
0.169682    -0.228378    0.147698
0.243859    -0.2446    -0.031394
0.190719    -0.24358    0.096905
0.193725    -0.173541    0.089642
0.202181    -0.236735    0.069231
0.222248    -0.198651    0.020778
0.218872    -0.207279    0.028932
0.181745    -0.206854    0.118571
0.219563    -0.195047    0.027263
0.172442    -0.116356    0.141026
0.218608    -0.229664    0.029569
0.194504    -0.199495    0.087765
0.160136    -0.173107    0.170741
0.17609    -0.146723    0.132219
0.239175    -0.222096    -0.020088
0.23631    -0.296051    -0.131434
0.149844    0.19483    -0.086308
0.117287    0.169926    -0.028266
0.064904    0.251591    0.074157
0.081406    0.23857    0.093368
0.085757    0.220442    0.133297
0.105812    0.186218    0.141826
0.067851    0.250282    0.041465
0.106725    0.202101    0.113175
0.117792    0.181233    0.12119
0.112497    0.180069    0.135914
0.060286    0.272314    -0.01631
0.076043    0.170597    -0.097328
0.110436    0.184499    -0.009926
0.130972    0.169672    0.129285
0.167334    -0.107275    0.070303
0.15277    -0.107275    -0.049319
0.16701    -0.107275    0.070762
0.17466    -0.107275    -0.039687
0.167571    0.016836    -0.071196
0.142953    -0.102223    0.182467
0.153316    -0.192093    0.186227
0.127498    -0.009675    0.185702
0.17129    -0.117397    0.143591
0.14688    -0.014434    0.157915
0.155165    -0.091989    0.162137
0.163466    -0.066303    0.144325
0.165095    -0.106059    0.15038
0.160316    -0.123965    0.161299
0.131827    -0.044031    0.186594
0.159951    -0.259113    0.172215
0.17062    -0.253688    0.145579
0.240688    -0.255706    -0.023269
0.198293    -0.255876    -0.151689
0.123643    -0.200893    -0.182397
0.17499    -0.242376    -0.16113
0.225746    -0.13298    -0.140107
0.027893    -0.227248    -0.222055
0.222191    -0.134044    -0.14158
0.057879    -0.212653    -0.209636
0.018714    -0.236423    -0.225857
0.21569    -0.241699    -0.144272
0.149956    -0.206526    -0.171499
0.219735    -0.244651    -0.142597
0.218236    -0.112501    -0.143218
0.101209    -0.215732    -0.191689
0.208364    -0.139271    -0.147307
0.008201    -0.246566    -0.230211
0.160246    -0.208183    -0.167236
0.247784    -0.308064    -0.114732
0.180614    0.132335    -0.100549
0.159439    0.113986    -0.091091
0.18848    0.11381    -0.105817
0.14907    0.16973    -0.085986
0.114725    0.206247    0.028545
0.03579    0.26679    0.065255
0.079088    0.245168    0.069207
0.147573    0.150162    0.095378
0.159245    0.007489    0.125773
0.157559    0.065031    0.106217
0.155805    0.095982    0.097746
0.147039    0.046566    0.139201
0.136005    0.130975    0.131188
0.166801    -0.048837    0.130654
0.163276    -0.004653    0.121024
0.03708    0.242424    -0.065035
0.052694    0.203628    -0.121567
0.065276    0.209004    -0.05706
0.048652    0.186521    -0.121018
0.051841    0.225012    -0.061024
0.055661    0.158167    -0.146878
0.073288    0.159638    -0.105062
0.149078    0.15383    0.077807
0.136455    0.184598    0.060036
0.161737    -0.107275    -0.066768
0.088366    -0.107275    -0.078114
0.058705    -0.107275    -0.167846
0.126697    -0.107275    0.013681
0.098666    -0.107275    -0.085167
0.138655    -0.107275    0.03429
0.178256    -0.094001    -0.061051
0.160149    0.117513    -0.073345
0.136728    -0.208928    0.215166
0.176251    -0.268252    0.133382
0.251439    -0.270197    -0.048202
0.245365    -0.280094    -0.035075
0.244343    -0.290951    -0.036423
0.060008    -0.266069    -0.209455
0.077868    -0.276454    -0.201718
0.103451    -0.260364    -0.191278
0.079812    -0.176762    -0.200551
0.040964    -0.116568    -0.216644
0.002917    -0.159072    -0.232402
0.105303    -0.123778    -0.189994
0.011731    -0.203383    -0.22875
0.015805    -0.132559    -0.227064
0.022803    -0.170039    -0.224165
-0.003531    -0.220309    -0.235071
-0.024291    -0.197218    -0.24367
0.057276    -0.125079    -0.209887
0.03101    -0.138426    -0.220766
0.238598    -0.301991    -0.028749
0.25065    -0.315068    -0.0687
0.25249    -0.30864    -0.105087
0.095696    -0.290311    -0.192503
0.20232    -0.05734    -0.122522
0.164548    -0.016828    -0.093541
0.163982    0.082432    -0.095162
0.185616    -0.022841    -0.110051
0.163687    -0.026504    -0.092659
0.169321    -0.069538    -0.096212
0.109972    0.202474    0.007496
0.105207    0.124927    -0.028077
0.044781    0.257955    0.085958
0.121915    0.065527    0.178569
0.037144    -0.105549    -0.192342
0.136517    0.10459    0.047494
0.088326    -0.062333    -0.068806
0.162324    -0.028547    0.109809
0.158717    0.066183    0.101089
0.140638    0.113262    0.057441
0.137485    -0.010707    0.04985
0.108742    0.007101    -0.019535
0.10406    0.048005    -0.030844
0.136252    -0.106122    0.046889
0.116362    0.02239    -0.001144
0.152991    0.122414    0.087258
0.099892    0.034335    -0.040901
0.059623    -0.089349    -0.138085
0.131513    -0.007137    0.035434
0.068083    -0.063533    -0.117669
0.13557    -0.062864    0.045235
0.148628    -0.082091    0.076759
0.11896    -0.044434    0.005138
0.068589    -0.044097    -0.11645
0.159947    0.039706    0.104062
0.087818    -0.034411    -0.070034
0.153153    0.122306    0.087648
0.083005    -0.089668    -0.081644
0.120782    -0.103651    0.009546
0.059544    -0.0434    -0.138283
0.153877    -0.021543    0.089418
0.152139    -0.086123    0.085233
0.139722    -0.062048    0.055257
0.09606    0.039051    -0.050153
0.165836    -0.020619    0.118286
0.082361    -0.030295    -0.083207
0.125916    -0.05107    0.021929
0.108028    -0.040551    -0.02125
0.141753    0.119954    0.060129
0.056599    0.271949    -0.027821
0.025535    0.213066    -0.127293
0.042384    0.230903    -0.070982
0.029735    0.237304    -0.085632
0.05806    0.307619    0.017429
0.060636    0.155583    -0.135599
0.037188    0.20694    -0.146227
0.032806    0.160011    -0.175076
0.077924    0.032875    -0.093926
0.04077    -0.064506    -0.183597
0.119174    0.125574    0.005629
0.105871    0.072726    -0.026475
0.116979    0.115762    0.000333
0.120495    0.127607    0.008818
0.132421    0.182926    0.115959
0.144043    -0.107275    -0.06171
0.141451    -0.107275    -0.099647
0.0515    -0.107275    -0.182704
0.136763    -0.107275    -0.115689
0.162718    -0.085237    -0.075064
0.165317    -0.068103    -0.08995
0.147472    -0.270639    0.202826
0.164391    -0.276507    0.161272
0.16398    -0.291151    0.157549
-0.058204    -0.187635    -0.250192
0.235305    -0.296006    -0.016913
0.009335    -0.267609    -0.230421
0.025613    -0.280617    -0.222949
0.152355    -0.107275    -0.1381
0.098244    -0.107275    -0.18115
0.145449    -0.107275    -0.118273
0.103999    -0.107275    -0.18151
0.195142    -0.107275    -0.129163
0.162228    -0.313738    0.146291
-0.018297    -0.291783    -0.23945
0.064222    -0.299084    -0.203627
0.013623    -0.305174    -0.222953
0.241367    -0.322442    -0.114733
0.047113    -0.308229    -0.208051
0.129563    0.196374    0.106475
0.096166    0.187457    0.161636
0.121649    0.011508    0.191707
-0.035251    0.229159    -0.152302
0.009638    0.22466    -0.136815
0.025422    0.244219    -0.080637
0.097407    0.118399    -0.047762
0.082611    0.150712    -0.08256
0.042157    0.193594    -0.155288
0.024468    0.170402    -0.177003
0.003952    0.166202    -0.186229
0.089482    0.09418    -0.066002
0.048206    -0.031133    -0.165637
0.056354    -0.017418    -0.145984
0.162695    -0.095766    -0.081673
-0.039892    0.084107    -0.213155
-0.054195    -0.001908    -0.227166
-0.058984    -0.136393    -0.244408
0.219352    -0.324302    -0.002675
0.165386    -0.317056    0.135561
0.109031    -0.320483    -0.177582
0.060592    -0.31496    -0.200046
0.083118    -0.314721    -0.190802
0.126685    -0.114315    0.211073
0.127281    -0.132837    0.214141
-0.008485    0.23383    -0.135252
-0.035302    0.235319    -0.14356
-0.007078    0.174696    -0.178169
0.032906    0.162635    -0.169918
0.01839    0.246033    -0.087934
0.041544    0.313006    -0.024163
0.07827    0.113237    -0.09304
0.043373    0.072129    -0.177281
0.06147    0.042335    -0.133603
0.049306    0.012295    -0.16297
0.049025    -0.009191    -0.16365
0.045185    -0.002318    -0.172919
0.037536    -0.055753    -0.191389
0.07969    0.093118    -0.089615
0.056628    0.005446    -0.145295
0.070816    0.118571    -0.111032
0.055787    0.058646    -0.147319
-0.003895    0.195557    -0.178556
-0.00685    0.184992    -0.185261
-0.052595    0.078191    -0.217146
-0.038126    0.171627    -0.193138
0.241685    -0.330999    -0.106668
0.018795    -0.319066    -0.215601
0.125806    -0.14021    0.217613
0.041371    0.288246    0.040606
0.008193    0.241996    -0.111332
0.02499    0.313006    -0.04808
-0.033677    0.183243    -0.19704
-0.05124    0.139111    -0.209295
0.23019    -0.332757    -0.039745
0.157839    -0.328029    0.141261
-0.066708    -0.298003    -0.257145
0.126432    -0.330787    -0.165212
0.116494    -0.039616    0.208689
0.054041    0.303786    -0.032248
0.005569    0.313006    -0.058163
-0.068824    -0.143779    -0.246775
0.134245    -0.299796    0.223412
0.151003    -0.34248    0.136599
0.148063    -0.334849    -0.154002
0.082902    0.202536    0.1627
0.113426    0.010054    0.202523
0.038231    0.301679    -0.050457
-0.062805    0.04106    -0.222625
-0.064163    0.032354    -0.223717
0.221199    -0.337395    -0.024722
-0.075625    -0.285292    -0.260718
0.212449    -0.336931    -0.126029
0.119356    -0.337531    -0.164188
0.121222    -0.231999    0.239232
0.020224    0.283429    0.051792
-0.085866    -0.25078    -0.260685
0.01292    0.313006    -0.019042
-0.073823    -0.283571    -0.260783
0.215572    -0.345411    -0.024222
-0.005124    -0.351566    -0.205592
0.054346    -0.349262    -0.182769
0.103298    0.072998    0.199848
-0.069924    0.133208    -0.209042
-0.074027    0.073774    -0.216717
-0.054975    0.19877    -0.19448
0.152806    -0.350916    0.116902
0.112826    -0.330307    0.195501
-0.025052    -0.353365    -0.212433
-0.076621    -0.317683    -0.252371
0.098981    0.066907    0.203778
-0.081187    -0.075788    -0.236662
-0.067746    0.156187    -0.206312
-0.05204    0.194563    -0.196715
0.194823    -0.358947    -0.001548
0.115477    -0.308606    0.23074
-0.036161    -0.360039    -0.210911
-0.057081    -0.331926    -0.217213
-0.092077    -0.284419    -0.244763
0.097546    0.07282    0.203672
-0.08888    -0.138088    -0.243846
0.077391    0.172792    0.186983
0.097896    -0.016133    0.21763
0.01171    0.313006    0.043532
0.133341    -0.361528    0.141205
0.11379    -0.354911    0.167346
0.202453    -0.360392    -0.111777
-0.075456    -0.272529    -0.200646
-0.092415    -0.276579    -0.233181
-0.096598    -0.313942    -0.198563
-0.08665    -0.031129    -0.228501
0.088731    0.04162    0.212338
0.093957    -0.011512    0.218554
0.100355    -0.116047    0.232123
-0.003399    0.29833    0.05411
0.186822    -0.36724    -0.00272
0.050343    -0.341187    0.084966
0.09379    -0.344833    0.144817
0.061428    -0.317978    0.118918
0.047424    -0.330465    0.089053
0.103942    -0.35721    0.149883
0.048958    -0.343296    0.081336
0.066572    -0.323074    0.122394
-0.091381    -0.29298    -0.258087
0.033301    -0.363451    -0.178725
-0.095429    -0.317395    -0.190735
-0.087104    0.047571    -0.216111
0.094773    -0.276101    0.210042
0.088901    -0.023414    0.222039
0.005533    0.27102    0.055342
-0.023438    0.289723    -0.055535
0.12493    -0.367482    0.146116
0.085475    -0.369199    0.001535
0.019906    -0.369199    0.00328
0.168555    -0.369199    -0.052583
0.051252    -0.369199    -0.019843
0.130858    -0.369199    0.106776
0.033824    -0.369199    -0.010828
0.087756    -0.369199    0.014208
0.060703    -0.369199    0.008154
0.121366    -0.369199    0.037613
0.180355    -0.369199    -0.071163
0.06113    -0.369199    0.075555
0.077449    -0.369199    -0.002097
0.122802    -0.369199    0.040262
0.039906    -0.369199    0.02262
0.070122    -0.369199    0.06377
0.041592    -0.352118    0.161816
0.070406    -0.290257    0.167889
0.035448    -0.363704    0.156552
0.036008    -0.340853    0.103131
0.039987    -0.334161    0.108547
0.03922    -0.346972    0.135993
0.071941    -0.288738    0.172604
0.052849    -0.368261    -0.16547
-0.029317    -0.361582    -0.168378
-0.04501    -0.318384    -0.148193
-0.025706    -0.354953    -0.132081
-0.037755    -0.328295    -0.132669
-0.033418    -0.347072    -0.155143
-0.027485    -0.357529    -0.148261
-0.026074    -0.351175    -0.124779
-0.027628    -0.355343    -0.143649
-0.13454    -0.360416    -0.128805
-0.122381    -0.352807    -0.174847
0.071527    0.212909    0.175751
-0.101397    -0.23813    -0.254483
0.07723    0.08054    0.209513
0.076009    0.169414    0.19752
-0.037477    0.28153    -0.043753
0.167697    -0.369199    0.033914
0.174355    -0.369199    0.002778
0.020885    -0.369199    -0.033986
0.096245    -0.369199    -0.052507
0.173947    -0.369199    -0.084828
-0.024255    -0.369199    -0.173704
0.113723    -0.369199    -0.072716
0.007008    -0.369199    -0.151015
0.046602    -0.369199    -0.026414
0.101373    -0.369199    -0.077594
0.00111    -0.369199    -0.055668
-0.00212    -0.369199    -0.104818
0.033601    -0.369199    -0.134954
0.111529    -0.369199    -0.049667
0.014778    -0.369199    -0.088647
0.096619    -0.369199    -0.092955
-0.015708    -0.369199    0.099358
-0.054732    -0.369199    0.108514
0.009634    -0.369199    0.055085
-0.064553    -0.369199    0.117255
-0.068115    -0.369199    0.07667
0.02656    -0.369199    0.174251
0.008083    -0.369199    0.082005
-0.036918    -0.369199    0.147807
0.011616    -0.369199    0.150559
-0.024436    -0.369199    0.076506
-0.034879    -0.369199    0.057028
0.01978    -0.369199    0.125704
-0.035281    -0.369199    0.159117
0.115293    -0.369199    -0.136772
-0.060965    -0.367814    -0.098307
-0.080213    -0.344935    -0.143763
-0.086881    -0.309499    -0.180794
-0.093113    -0.367064    -0.14524
-0.021238    -0.366597    -0.041966
-0.050091    -0.36723    -0.08308
-0.066795    -0.342083    -0.126622
-0.090911    -0.352208    -0.15356
-0.120934    -0.363905    -0.153059
-0.193818    -0.356869    0.006469
-0.169793    -0.363527    -0.036063
-0.202238    -0.346656    0.00632
0.100399    -0.27679    0.252818
-0.091198    0.147056    -0.197362
0.089867    -0.249296    0.253538
0.019369    0.249268    0.102098
-0.046551    0.311397    -0.034424
-0.054229    -0.369176    0.153464
-0.108343    -0.369199    0.069219
-0.058898    -0.369199    -0.088507
-0.103194    -0.369199    -0.02442
-0.09901    -0.369199    -0.136667
-0.058967    -0.369199    -0.049597
-0.066735    -0.369199    -0.012238
-0.1418    -0.369199    -0.010961
-0.142091    -0.369199    -0.036632
-0.025544    -0.369199    -0.010627
-0.097263    -0.369199    -0.10819
-0.025839    -0.369199    -0.013503
-0.083147    -0.369199    -0.096879
-0.064003    -0.369199    -0.059031
-0.109186    -0.31283    -0.237432
-0.124753    -0.336313    -0.19795
-0.227774    -0.338683    0.054638
0.074985    -0.019413    0.223361
-0.110084    -0.20905    -0.244763
-0.108325    -0.25289    -0.253307
0.025614    0.175075    0.175119
0.02089    0.17101    0.175966
-0.021614    0.197891    0.139825
-0.138514    0.156641    0.119844
0.030773    0.218264    0.147477
0.020754    0.187061    0.164842
-0.088113    0.162709    0.136537
0.061379    0.205443    0.167845
-0.071281    0.217217    -0.175435
-0.045201    -0.360878    0.165981
-0.132526    -0.369199    0.077834
-0.11734    -0.334327    -0.2187
-0.210756    -0.328788    -0.000554
0.082964    -0.203168    0.24761
-0.101444    0.018621    -0.211732
-0.039897    0.285581    0.034162
-0.095779    0.237732    0.074266
-0.061143    0.240487    0.083435
-0.064715    0.246231    0.07117
-0.050979    0.23633    0.09545
-0.013434    0.256935    0.072306
-0.057804    0.261687    0.045008
0.032511    0.228866    0.143847
0.056907    -0.068941    0.226413
-0.096415    0.213836    0.097858
-0.122506    0.230793    0.075366
-0.018224    0.220288    0.125791
-0.156345    0.172242    0.101706
-0.126737    0.197039    0.096878
-0.124938    0.195457    0.098712
-0.005804    0.229694    0.124451
-0.11608    0.11716    0.134606
-0.045336    0.142816    0.161107
-0.064159    0.116431    0.156192
0.003266    0.143369    0.181178
-0.091375    0.108123    0.145826
-0.041224    0.0909    0.168481
-0.048598    0.12941    0.16122
0.061064    0.119292    0.20479
0.062783    0.104715    0.206773
-0.035216    0.260677    -0.085221
0.078685    -0.29811    0.207084
-0.019642    -0.349195    0.186723
-0.005271    -0.355013    0.187909
-0.164284    -0.361959    0.115609
-0.06054    -0.369199    0.010817
-0.183883    -0.329701    -0.064224
0.06547    0.194084    0.190004
-0.102216    0.047891    -0.205794
-0.035539    0.300502    0.040578
0.061622    -0.045751    0.225193
-0.00565    0.225445    0.134216
0.066521    -0.162243    0.24025
0.062809    -0.16682    0.239513
0.048033    -0.042416    0.220027
0.022738    -0.07392    0.212985
0.040238    -0.019492    0.214291
0.042021    -0.098649    0.223681
0.056012    -0.147976    0.23487
0.027091    -0.025823    0.209533
0.030918    0.155624    0.19133
-0.121432    0.110888    0.133075
0.060381    0.084563    0.209171
0.067995    -0.141632    0.238066
-0.054015    0.313006    -0.008693
-0.018878    -0.342065    0.192321
-0.130068    -0.350028    0.140332
-0.14079    -0.369199    0.038315
-0.233302    -0.324356    0.04835
0.076282    -0.258263    0.253529
-0.108921    -0.045318    -0.216571
-0.052189    0.309781    0.009786
0.016976    -0.065572    0.209686
-0.059688    0.16462    0.152945
-0.171099    0.151125    0.107591
-0.131223    0.107837    0.129356
0.030798    0.140315    0.192916
-0.05287    0.264753    -0.041327
0.078676    -0.319361    0.226231
-0.048381    -0.338486    0.182469
-0.184085    -0.369199    0.057244
-0.132857    -0.318306    -0.20081
-0.120342    -0.241908    -0.241741
0.08113    -0.302991    0.249776
-0.062981    -0.25905    0.197483
0.009935    -0.258971    0.227672
0.032938    -0.172527    0.227993
0.010988    0.165944    0.181983
-0.18085    0.070605    0.11243
-0.191549    -0.092967    0.126337
-0.163044    0.124568    0.114348
-0.194046    -0.091998    0.125197
-0.211032    -0.215501    0.131671
-0.163831    0.01292    0.126237
-0.1729    -0.090896    0.133838
-0.115857    0.057706    0.14121
-0.016027    0.062829    0.182002
-0.110877    0.011584    -0.203139
-0.098383    0.181403    -0.155788
-0.156127    0.168605    -0.037683
-0.128042    0.172778    -0.09854
-0.083828    0.213353    -0.137752
-0.142393    0.175453    -0.059443
-0.117608    0.197407    -0.08274
-0.107365    0.185039    -0.128052
-0.055192    0.311067    -0.008584
-0.134276    -0.335675    0.14876
-0.188706    -0.369199    0.064091
-0.18979    -0.306718    -0.073885
-0.223363    -0.31434    0.013768
0.078546    -0.302368    0.249619
0.007766    0.219994    0.147786
-0.119164    -0.027537    -0.197849
-0.12048    -0.101691    -0.212983
-0.1692    -0.261264    0.15365
-0.191774    -0.269928    0.144347
0.007726    -0.128898    0.212779
0.022481    -0.169319    0.223312
-0.068577    0.17107    0.148096
-0.194618    -0.01915    0.116274
-0.155761    -0.067809    0.138399
-0.142546    0.084524    0.127223
0.009666    0.098839    0.188701
-0.084215    0.240314    -0.066706
-0.088749    0.235753    -0.076442
-0.07243    0.249367    -0.054107
-0.084025    0.250679    -0.020171
-0.139309    0.23208    0.02895
-0.070653    0.243957    -0.082928
-0.117472    -0.019735    -0.199389
-0.121154    0.20557    -0.060594
-0.159045    0.197496    0.017435
-0.121332    0.216325    -0.042272
-0.112867    0.223944    -0.050029
-0.168415    0.170944    -0.004124
-0.120487    0.228968    -0.023274
-0.103526    0.230137    -0.062271
-0.166059    0.110971    -0.048474
-0.162188    0.143894    -0.04912
-0.157265    0.128474    -0.065081
-0.190816    0.130984    0.016581
-0.129486    0.153938    -0.125416
-0.1583    0.123662    -0.063853
-0.15273    0.149695    -0.070421
-0.118533    -0.277018    -0.245931
-0.099039    -0.33415    0.164216
-0.208562    -0.362913    0.095242
-0.22479    -0.30155    0.007087
-0.005993    0.218402    0.144198
-0.025845    -0.171628    0.203555
-0.06236    -0.235143    0.195382
-0.123658    -0.177043    0.163645
-0.067364    -0.139494    0.182848
-0.027785    -0.238712    0.210089
-0.006118    -0.216529    0.216635
-0.053621    -0.148229    0.189495
-0.081237    -0.153951    0.178685
-0.082539    -0.193399    0.18246
-0.155799    -0.205097    0.153404
-0.141501    -0.218571    0.160798
-0.065947    -0.248535    0.195361
-0.154784    -0.229945    0.156542
0.005023    -0.174929    0.216698
-0.019782    -0.203151    0.209513
-0.075744    -0.194119    0.185353
-0.006463    -0.150884    0.209312
-0.128274    -0.156236    -0.210235
-0.131108    -0.089336    -0.185725
-0.126119    -0.063194    -0.19087
-0.131595    -0.027543    -0.168233
-0.111471    0.138614    -0.172953
-0.117411    0.036626    -0.185539
0.063724    -0.27319    0.250103
-0.221661    -0.258648    0.131457
0.005661    0.061272    0.191146
-0.029923    -0.022317    0.153883
-0.219859    -0.183538    0.122902
-0.201295    -0.028811    0.113193
-0.14955    -0.07852    0.142141
-0.053833    0.031696    0.13809
-0.190566    0.118741    0.012754
-0.152857    0.091425    -0.085496
-0.005426    -0.326587    0.207195
-0.145678    -0.302886    -0.183081
-0.245411    -0.304013    0.058523
-0.049518    0.211441    0.13369
-0.123327    -0.282533    0.171821
-0.060679    0.184019    0.147194
-0.075702    -0.289263    0.190511
-0.133918    0.192671    0.112752
0.023895    -0.298849    0.22971
-0.218299    -0.22199    -0.010188
-0.19304    -0.24767    -0.077969
-0.158097    -0.249836    -0.162928
-0.201786    -0.249312    -0.057279
-0.175593    -0.205883    -0.109073
-0.236168    -0.229322    0.031029
-0.205059    -0.133403    -0.018781
-0.188229    -0.206282    -0.078663
-0.203352    -0.146472    -0.026353
-0.203927    -0.149676    -0.02581
-0.196774    -0.239935    -0.06691
-0.214    -0.182605    -0.010176
-0.180419    -0.173272    -0.088811
-0.206744    -0.242285    -0.043451
-0.197786    -0.13116    -0.035753
-0.223537    -0.18753    0.011556
-0.185111    -0.228672    -0.092103
-0.189698    -0.212784    -0.07683
-0.212322    -0.259051    -0.033811
-0.134905    -0.126209    -0.186291
-0.182037    -0.2609    -0.107247
-0.154736    -0.257774    -0.172653
-0.200556    -0.280123    0.140071
-0.070729    -0.048282    0.139822
-0.037692    -0.014323    0.149793
-0.062873    0.179745    0.147921
-0.194237    0.033935    0.108738
-0.246435    -0.205095    0.065631
-0.213041    0.027035    0.043091
-0.199377    -0.217154    0.136679
-0.155704    -0.138778    0.146194
-0.242253    -0.180033    0.05994
-0.188968    0.080624    -0.001145
-0.169913    0.043153    -0.028391
-0.151508    0.047401    -0.0516
-0.112633    -0.325312    0.163438
-0.140864    -0.29532    -0.199584
-0.250064    -0.300837    0.082705
-0.100414    0.209556    0.114348
-0.134959    0.190324    0.113491
-0.125798    -0.293259    0.169033
-0.017634    0.193845    0.16023
-0.089582    -0.305771    0.180866
0.039755    -0.307671    0.233754
-0.200884    -0.10292    -0.020831
-0.20101    -0.104736    -0.021002
-0.064266    -0.110097    0.180915
-0.136118    -0.157959    -0.19174
-0.135117    -0.028883    -0.150065
-0.127834    -0.022299    -0.136203
-0.233634    -0.264685    0.01696
-0.078886    0.005193    0.1306
-0.151626    0.224906    0.065957
-0.219546    -0.133617    0.115106
-0.201467    0.130672    0.04402
-0.21122    0.006305    0.032955
-0.212289    -0.035095    0.024607
-0.199157    0.034499    0.011256
-0.230167    -0.122889    0.04462
-0.207382    0.023366    0.028187
-0.213093    -0.014984    0.03186
-0.176226    -0.180664    0.142273
-0.028575    0.020822    0.149741
-0.196042    0.122525    0.026971
-0.145685    0.038035    -0.047767
-0.162318    0.062915    -0.058003
0.025776    -0.322186    0.222173
-0.158064    -0.289196    -0.160749
-0.25183    -0.293756    0.077673
-0.115592    -0.314484    0.166974
-0.076498    -0.311113    0.184375
-0.212832    -0.108698    0.006491
-0.183624    -0.092151    -0.04602
-0.173    -0.127804    -0.094747
-0.078974    -0.110045    0.174825
-0.147781    -0.101172    -0.148595
-0.135563    -0.049602    -0.136232
-0.135924    0.036138    -0.140985
-0.181282    -0.271034    -0.10921
-0.07463    -0.062645    0.139779
-0.210528    -0.037171    0.10601
-0.248332    -0.213182    0.072086
-0.114154    -0.091063    0.158164
-0.173575    0.021979    -0.013538
-0.130608    0.100326    -0.136868
-0.144951    0.056153    -0.090635
-0.169682    -0.283196    -0.134986
-0.2413    -0.322541    0.091446
-0.204822    -0.066477    -0.001703
-0.162472    -0.074289    -0.040878
-0.153338    -0.172376    -0.153961
-0.151019    -0.169557    0.151498
-0.13181    -0.146186    0.156896
-0.156187    -0.096293    -0.127039
-0.136449    0.057518    -0.134084
-0.122622    0.011025    -0.114068
-0.186627    -0.27921    -0.095011
-0.221731    -0.11693    0.109592
-0.206683    0.103537    0.057205
-0.220688    -0.002121    0.063876
-0.209622    -0.059358    0.011794
-0.158483    -0.03006    -0.0275
-0.151042    -0.025894    -0.044416
-0.150936    -0.052506    -0.051689
-0.194078    0.173986    0.03823
-0.169112    -0.100998    -0.09267
-0.143396    -0.200106    -0.185305
-0.144108    -0.186382    -0.179975
-0.141512    0.050405    -0.117656
-0.211995    -0.019803    0.100435
-0.246386    -0.198224    0.080534
-0.181478    -0.014429    -0.003147
-0.128115    0.029247    -0.104441
-0.129583    0.004928    -0.088062
-0.236845    -0.31217    0.109601
-0.167907    -0.038279    -0.012927
-0.126624    -0.050891    -0.109959
-0.238329    -0.204576    0.10763
-0.229004    -0.067024    0.07434
-0.190533    -0.015406    0.000569
-0.136858    -0.018468    -0.076697
-0.235119    -0.297202    0.118164
-0.215228    -0.012048    0.093164
-0.133117    -0.065433    -0.101121
-0.222839    -0.024984    0.076636
-0.248878    -0.275592    0.103403
-0.2419    -0.215816    0.104759
-0.227795    -0.066126    0.08127
-0.178188    0.187315    0.065453
-0.199159    0.131208    0.079221
-0.228446    -0.077601    0.085548
-0.247729    -0.270326    0.106139
-0.191079    0.178513    0.079673
0.052053    0.291891    0.031411
0.061437    0.308654    -0.017673
0.027632    0.298865    -0.058237
-0.004187    0.305939    -0.062669
-0.027648    0.313006    -0.023337
-0.041104    0.299276    -0.042193
-0.054135    0.305628    -0.01533
