-0.107969    0.145703    0.011709
-0.108023    0.126912    0.011295
-0.106835    0.134913    0.020321
-0.106144    0.047559    0.02557
-0.107794    0.323807    0.013039
-0.106818    0.183148    0.020447
-0.10665    0.289213    0.021727
-0.107105    0.141983    0.018272
-0.106522    -0.212396    0.0227
-0.108749    0.05911    0.005783
-0.10861    -0.020815    0.006838
-0.107427    -0.071305    0.015821
-0.107891    -0.2329    0.012297
-0.108698    0.202576    0.006169
-0.109079    -0.230186    0.003278
-0.108494    0.060961    0.00772
-0.097625    -0.139486    0.048029
-0.10248    -0.032621    0.036309
-0.104564    -0.195482    0.031276
-0.105542    -0.149102    0.028915
-0.101675    0.093698    0.03825
-0.101227    -0.093906    0.039334
-0.102962    0.154006    0.035144
-0.104556    0.124897    0.031296
-0.108581    0.084674    -0.007061
-0.109319    -0.028937    -0.001453
-0.108929    0.127518    -0.004412
-0.10653    0.300182    -0.022636
-0.109056    -0.054322    -0.003447
-0.106877    0.24388    -0.019999
-0.108109    0.117523    -0.010646
-0.109275    -0.134518    -0.001782
-0.099323    0.244158    0.04393
-0.097056    0.020689    0.049402
-0.098763    0.300731    0.045282
-0.102284    0.242687    0.03678
-0.096252    0.132446    0.051343
-0.097044    -0.107947    0.049433
-0.095197    0.201584    0.05389
-0.093442    0.352324    0.056109
-0.107653    -0.052551    -0.014109
-0.107988    -0.241128    -0.011565
-0.105883    -0.052072    -0.027556
-0.108192    -0.097706    -0.010016
-0.106604    -0.130341    -0.022074
-0.106386    0.050661    -0.02373
-0.105984    -0.1278    -0.026784
-0.106919    0.088594    -0.019683
-0.085612    -0.105409    0.066779
-0.090275    0.181028    0.060702
-0.084759    -0.167214    0.067891
-0.092882    -0.057492    0.057305
-0.092602    0.104014    0.057671
-0.083178    -0.216024    0.069951
-0.07906    -0.234898    0.075317
-0.09146    0.213525    0.059159
-0.105961    0.371324    -0.005227
-0.103712    0.140918    -0.033334
-0.103622    -0.011413    -0.03355
-0.097253    0.230916    -0.048926
-0.101151    0.016233    -0.039517
-0.100131    0.299537    -0.041978
-0.105641    0.345107    -0.028676
-0.104159    0.08352    -0.032254
-0.090131    0.359715    -0.05946
-0.09017    0.342083    0.060839
-0.088321    0.321356    0.063249
-0.084934    0.046199    0.067663
-0.080113    0.072322    0.073945
-0.088966    0.271587    0.062408
-0.077713    0.2037    0.077073
-0.077516    0.118018    0.07733
-0.072063    0.351481    0.08125
-0.09744    0.381491    -0.033958
-0.10173    -0.046837    -0.038119
-0.103224    -0.14438    -0.034512
-0.095145    0.167749    -0.054017
-0.09895    -0.034558    -0.044831
-0.098679    -0.164733    -0.045484
-0.096047    0.007593    -0.051838
-0.099967    -0.214129    -0.042376
-0.083773    0.379866    -0.060958
-0.074852    -0.07266    0.079417
-0.073041    0.203465    0.080807
-0.072225    -0.077408    0.081433
-0.067916    0.261171    0.08474
-0.071125    -0.076849    0.082277
-0.066043    0.098703    0.086177
-0.075912    -0.098225    0.078604
-0.073815    0.347146    0.080161
-0.101459    0.386736    -0.004922
-0.091237    0.206083    -0.059449
-0.087569    0.292213    -0.064229
-0.09363    0.068006    -0.056331
-0.094692    0.120701    -0.054947
-0.081934    0.204065    -0.071572
-0.090462    0.057851    -0.060459
-0.082545    0.204534    -0.070776
-0.085595    0.101199    -0.066801
-0.075129    -0.235558    0.079205
-0.069728    -0.108518    0.083349
-0.055825    0.16805    0.094018
-0.073891    -0.203083    0.080155
-0.055335    -0.148573    0.094394
-0.056633    -0.0399    0.093397
-0.06469    -0.139566    0.087215
-0.068032    -0.13603    0.08465
-0.067494    0.384264    0.076871
-0.071742    0.342665    -0.081804
-0.056156    0.24478    -0.093763
-0.063667    0.21139    -0.088
-0.069072    0.26054    -0.083852
-0.061916    0.143458    -0.089343
-0.061948    0.33872    -0.089319
-0.065216    0.037923    -0.086811
-0.068172    0.322751    -0.084543
-0.083765    0.03712    -0.069186
-0.083094    -0.068954    -0.07006
-0.078098    -0.223576    -0.076571
-0.080859    0.161639    -0.072973
-0.080807    0.027051    -0.073041
-0.080695    0.112319    -0.073187
-0.07924    -0.151171    -0.075082
-0.065035    0.362926    -0.085281
-0.049474    0.030627    0.097026
-0.043056    0.281304    0.099685
-0.031929    0.301481    0.104294
-0.045716    -0.005892    0.098583
-0.049313    0.223474    0.097093
-0.052359    0.058891    0.095831
-0.053306    0.107045    0.095439
-0.052025    0.107131    0.09597
-0.074448    0.395781    0.062993
-0.072509    0.397913    -0.063948
-0.069717    -0.006336    -0.083358
-0.05984    -0.169654    -0.090936
-0.069694    0.143531    -0.083375
-0.065223    -0.175754    -0.086806
-0.061928    -0.175757    -0.089334
-0.071781    -0.09852    -0.081773
-0.066594    0.011367    -0.085753
-0.047608    0.034687    -0.097798
-0.037346    -0.094252    -0.102049
-0.049086    -0.041099    -0.097186
-0.05046    -0.056345    -0.096617
-0.048189    0.183715    -0.097558
-0.05299    -0.134453    -0.095569
-0.041628    -0.133697    -0.100275
-0.042613    -0.171594    -0.099867
-0.102419    -0.254432    0.014186
-0.037732    -0.140066    0.10189
-0.033146    -0.118695    0.10379
-0.034335    -0.195119    0.103297
-0.032428    0.237813    0.104087
-0.039112    0.076936    0.101318
-0.03918    -0.169774    0.10129
-0.040858    -0.060631    0.100595
-0.008315    0.366025    0.106638
-0.089631    0.400694    0.031836
-0.039126    0.045672    -0.101312
-0.036468    0.212086    -0.102413
-0.033348    -0.114199    -0.103705
-0.028344    0.283952    -0.105778
-0.042466    0.160961    -0.099928
-0.032347    0.114496    -0.104119
-0.028975    0.229791    -0.105516
-0.032575    0.148018    -0.104025
-0.095014    -0.255164    0.038984
-0.015951    0.095417    0.10741
-0.024015    0.332455    0.106349
-0.016902    0.317244    0.107285
-0.014366    0.245202    0.107619
-0.024146    0.286086    0.106332
-0.010863    0.311008    0.10808
-0.011028    0.266904    0.108058
-0.008582    0.359121    0.107587
-0.090129    0.407624    -0.013049
-0.004864    0.347056    -0.108832
-0.019736    0.012596    -0.106911
-0.010718    -0.077514    -0.108099
-0.026876    0.020789    -0.105971
-0.025662    0.136523    -0.106131
-0.022142    -0.011676    -0.106594
-0.018517    0.04203    -0.107072
-0.026571    -0.129385    -0.106011
-0.065526    -0.25447    -0.08
-0.002335    0.092809    0.109203
-0.019725    -0.19655    0.106913
-0.009574    0.039039    0.10825
-0.006543    -0.103211    0.108649
-0.016381    -0.14106    0.107354
-0.006346    -0.163418    0.108675
-0.012051    -0.00961    0.107924
-0.016389    -0.149238    0.107353
-0.02083    0.406989    0.089468
-0.057041    0.408017    -0.07073
-0.025883    0.34307    -0.106102
-0.007558    -0.027883    -0.108515
-0.00646    0.059565    -0.108659
-0.014006    0.152866    -0.107666
-0.001477    -0.181534    -0.109315
-0.015704    0.187323    -0.107442
-0.008934    0.224371    -0.108334
-0.044463    -0.248729    -0.097451
0.003782    0.24664    0.109012
0.0223    0.282449    0.106575
0.003357    0.06755    0.109068
0.016117    0.32363    0.107388
0.021031    0.302908    0.106742
0.001883    0.06264    0.109262
0.008727    0.278121    0.108361
0.011088    0.005498    0.10805
0.014929    0.382112    0.101728
-0.071396    0.416534    -0.046469
0.00792    0.348085    -0.108381
0.025491    -0.238446    -0.106154
0.014981    0.031397    -0.107537
0.003205    0.153505    -0.109088
0.012678    0.062193    -0.107841
0.022421    -0.189125    -0.106558
0.018574    -0.133377    -0.107064
0.003751    -0.022878    -0.109016
0.022721    0.367988    -0.10446
0.020238    0.141231    0.106846
0.023146    0.202833    0.106463
0.022925    -0.071125    0.106492
0.026333    0.263619    0.106044
0.024652    0.148437    0.106265
0.002121    -0.212101    0.109231
0.00461    -0.153208    0.108903
0.016653    0.070479    0.107318
-0.021767    0.415368    0.083619
-0.058997    0.41732    0.061081
0.012024    0.259483    -0.107927
0.021973    0.337959    -0.106617
0.013119    0.312421    -0.107783
0.025448    0.021631    -0.106159
0.019097    0.018113    -0.106995
0.025216    -0.137765    -0.10619
0.019007    0.338123    -0.107007
0.021538    0.119704    -0.106674
-0.096221    -0.258598    0.023412
0.038032    -0.022534    0.101766
0.037298    0.128565    0.10207
0.031841    0.207114    0.10433
0.040015    0.050707    0.100945
0.032541    0.179756    0.10404
0.029152    0.150918    0.105444
0.050781    0.288777    0.096485
0.049601    0.348179    0.096877
0.01787    0.419095    0.081229
-0.058495    0.418869    -0.059808
0.036272    -0.061634    -0.102494
0.046263    -0.163623    -0.098355
0.048151    -0.203498    -0.097573
0.029549    0.179208    -0.105279
0.046098    -0.242889    -0.098424
0.047913    -0.094754    -0.097672
0.042352    -0.125658    -0.099975
0.028385    0.29645    -0.10576
-0.081235    -0.259859    -0.051968
0.053695    0.098552    0.095278
0.052205    -0.012632    0.095895
0.045349    -0.202069    0.098735
0.048331    -0.05414    0.0975
0.052987    0.039561    0.095571
0.041046    -0.188062    0.100517
0.047233    -0.065982    0.097955
0.06384    0.356491    0.087264
0.039988    0.42549    0.066922
-0.045622    0.419393    -0.069126
0.050755    0.296288    -0.096495
0.053615    0.14132    -0.09531
0.05133    0.045599    -0.096257
0.044288    0.334948    -0.099173
0.033564    0.257848    -0.103616
0.050856    0.26168    -0.096453
0.050022    -0.111908    -0.096798
0.05012    0.063851    -0.096758
-0.091581    -0.260979    0.016577
0.056239    0.154369    0.0937
0.065228    0.317864    0.086802
0.055716    0.275732    0.094101
0.064139    0.276444    0.087638
0.058773    0.140537    0.091756
0.057664    0.303286    0.092607
0.059135    0.124142    0.091478
0.069322    0.348285    0.083542
0.018844    0.42686    0.074217
-0.00972    0.432266    0.069819
0.057065    0.027977    -0.093066
0.061056    -0.165254    -0.090003
0.070109    -0.10938    -0.083056
0.071556    -0.175808    -0.081946
0.05623    0.010247    -0.093706
0.067176    -0.15215    -0.085307
0.061829    0.134699    -0.08941
0.067332    -0.020526    -0.085188
0.071444    0.378864    -0.076156
0.074452    0.137921    0.079724
0.073901    -0.201009    0.080147
0.077039    -0.221634    0.077739
0.072207    -0.120962    0.081447
0.073274    -0.051354    0.080628
0.074849    -0.021094    0.07942
0.071366    -0.024106    0.082092
0.076146    -0.067982    0.078424
0.063155    0.415489    0.058408
-0.058594    0.433982    0.036243
0.060619    0.356864    -0.089713
0.066356    0.313918    -0.085936
0.063481    0.244053    -0.088142
0.064519    0.113976    -0.087346
0.06939    0.102869    -0.083609
0.064302    0.103966    -0.087512
0.071461    0.197431    -0.082019
0.072536    0.028434    -0.081194
0.065849    0.366133    -0.084084
0.078013    0.326115    0.076682
0.0797    0.07926    0.074483
0.093872    -0.242672    0.056014
0.083311    -0.200071    0.069777
0.087918    -0.036663    0.063773
0.078905    0.046195    0.075519
0.08177    -0.08229    0.071786
0.078037    0.17789    0.07665
0.094137    -0.207222    0.055669
0.093497    -0.043565    0.056502
0.091275    -0.020436    0.059399
0.090989    -0.095423    0.059771
0.091168    0.010037    0.059537
0.087682    0.28089    0.064081
0.085227    0.28608    0.06728
0.091783    0.134195    0.058737
0.073673    0.416608    0.043416
-0.047383    0.437251    0.044182
0.089283    0.346638    -0.061966
0.078646    0.068707    -0.075857
0.08348    0.292223    -0.069557
0.081823    0.186054    -0.071717
0.085589    0.272166    -0.066809
0.078486    0.11598    -0.076065
0.079732    0.336231    -0.074441
0.08095    0.331924    -0.072854
0.086615    0.358716    -0.064275
0.052096    -0.256056    0.088409
0.096493    -0.051895    0.05076
0.098615    -0.103683    0.045635
0.101803    -0.197009    0.037939
0.101542    -0.16739    0.038569
0.101185    -0.047141    0.039432
0.095317    0.020123    0.053597
0.098697    -0.044843    0.045439
0.100919    0.368522    0.034409
0.03611    0.436309    0.055051
-0.021063    0.429281    -0.070892
0.094525    0.21965    -0.055163
0.092937    0.25099    -0.057232
0.091555    0.156586    -0.059033
0.086162    -0.155887    -0.066062
0.09259    -0.160023    -0.057685
0.083204    -0.237498    -0.069917
0.094618    0.021062    -0.055042
0.091516    0.205627    -0.059084
0.086266    0.388687    -0.052779
0.104652    0.069172    0.031062
0.099381    0.268734    0.043787
0.105259    -0.20435    0.029595
0.097578    0.303846    0.04814
0.100154    0.180903    0.041922
0.098086    0.295268    0.046912
0.098193    0.173506    0.046656
0.102399    0.1468    0.0365
0.087709    0.39863    0.039459
-0.050335    0.445694    0.015483
0.003331    0.417969    -0.084107
0.095379    -0.017636    -0.053449
0.09799    0.028328    -0.047145
0.100906    0.31626    -0.040105
0.097363    0.063898    -0.048659
0.09595    0.103606    -0.05207
0.098312    0.239676    -0.046369
0.097304    0.294462    -0.048802
0.098463    0.064645    -0.046003
0.092176    0.384956    -0.043584
0.105838    0.112455    0.027889
0.107898    -0.226103    0.01224
0.107679    0.002711    0.013905
0.10767    -0.036623    0.013973
0.107992    -0.189223    0.011527
0.106546    0.154131    0.022508
0.105866    0.075199    0.027672
0.107932    -0.147886    0.011986
0.08905    0.408028    0.019495
-0.050588    0.446594    -0.005105
0.058943    0.405392    -0.071147
0.102086    -0.227819    -0.037257
0.103806    -0.204801    -0.033103
0.099163    -0.102259    -0.044313
0.104946    -0.199057    -0.030352
0.103038    -0.042918    -0.034958
0.102477    0.018465    -0.036313
0.104466    -0.202218    -0.031509
0.100828    -0.252004    -0.031612
-0.08148    -0.261196    0.010126
0.109162    0.056878    0.002642
0.107372    0.239064    0.016239
0.107102    0.168171    0.018289
0.108869    -0.082401    0.004867
0.10853    0.167441    0.007444
0.109105    0.311401    0.003078
0.108001    0.146299    0.011462
0.109163    -0.121759    0.002636
0.094448    0.40089    0.009497
-0.045156    0.449205    -0.00867
0.043887    0.414663    -0.075025
0.10597    0.152206    -0.026888
0.106988    0.090675    -0.019155
0.107724    0.325303    -0.013567
0.107816    0.091716    -0.012863
0.108298    0.225689    -0.009208
0.106655    0.050654    -0.021681
0.105868    0.152521    -0.027657
0.107879    -0.244563    -0.011448
0.100335    0.382874    -0.023523
0.108797    -0.137168    -0.005413
0.108979    0.114002    -0.004034
0.108436    -0.190209    -0.00816
0.106128    -0.212903    -0.025687
0.109265    -0.088036    -0.001858
0.108914    0.044732    -0.004528
0.108652    -0.214589    -0.006518
0.108441    -0.084621    -0.008121
0.100826    0.389669    -0.001466
-0.041741    0.477701    0.008442
-0.041298    0.456623    0.011317
-0.042577    0.452609    -0.002086
-0.035589    0.480544    -0.02341
-0.034925    0.475004    0.024275
-0.024694    0.492031    0.034603
-0.001867    0.548213    0.042606
0.006991    0.492088    0.041932
0.017279    0.490741    0.038829
0.0736    0.406882    -0.054358
-0.054961    -0.260686    0.059321
0.08118    0.420464    -0.009331
0.027248    0.506184    0.032644
0.039505    0.515179    0.015647
0.041413    0.49987    0.010928
-0.041397    0.511992    0.011051
-0.037893    0.53647    0.019538
-0.040316    0.550253    -0.01369
-0.031971    0.562517    -0.028125
-0.029808    0.504219    0.030679
-0.014239    0.593512    0.040088
-0.005207    0.552531    0.042167
0.01202    0.532912    0.041007
0.028293    0.602048    0.031842
-0.025698    0.483032    -0.033833
0.066931    0.412723    -0.056663
-0.022874    -0.261364    0.080515
0.054374    0.441962    -0.020518
0.037296    0.548471    0.02098
0.042484    0.529583    0.002798
0.042551    0.570138    -0.002288
-0.024497    0.550051    -0.034755
0.087729    -0.261732    -0.01348
0.082083    0.408896    -0.037717
0.041888    0.53955    -0.007323
-0.018839    0.490299    -0.038182
0.072117    0.41774    -0.04403
0.081922    -0.261258    0.009722
0.038091    0.473013    -0.01906
-0.043068    0.65183    -0.019486
-0.027667    0.624775    -0.038324
-0.01776    0.639162    0.043783
0.001853    0.607048    0.04741
0.025393    0.614022    0.040068
-0.012216    0.487844    -0.040926
0.001578    0.574317    -0.042644
0.011466    0.557916    -0.041237
-0.066376    -0.25681    -0.034084
0.043676    0.603379    0.016287
-0.04209    0.650789    0.021848
-0.047638    0.638503    0.000119
-0.042633    0.686151    -0.020537
-0.03616    0.681476    0.030487
-0.028123    0.674207    0.037974
-0.010741    0.674479    0.04624
0.017685    0.684338    0.043814
-0.005174    0.538544    -0.042171
0.008489    0.595972    -0.041734
0.015677    0.575639    -0.039492
0.027614    0.457707    -0.032363
0.073747    -0.260364    -0.029858
0.041095    0.63447    0.024055
0.044403    0.630655    -0.016263
-0.035069    0.689083    -0.001617
-0.017627    0.680158    -0.043838
0.023809    0.602035    -0.035283
0.063399    -0.259088    -0.043544
0.047268    0.627616    -0.002931
0.045962    0.624085    0.012498
0.046249    0.635601    -0.010667
-0.021996    0.689083    0.029536
0.023962    -0.259062    -0.073154
0.034363    0.689083    0.028245
0.035322    0.62311    -0.031578
-0.027744    0.672149    -0.018484
-0.033104    0.592594    -0.011194
-0.03158    0.625555    0.013137
-0.01292    0.663201    0.030848
-0.018948    0.488432    0.03206
-0.002013    0.552874    0.035712
0.016417    0.68081    0.029015
0.005851    0.661832    0.03299
0.030552    0.518306    0.019923
0.024414    0.510943    0.027292
0.035533    0.519323    0.008562
0.030801    0.684113    0.011931
0.005896    0.635084    -0.046878
-0.062451    -0.252003    -0.033878
0.02686    0.606677    -0.038943
-0.034381    0.599021    -0.004991
-0.034439    0.595838    0.005046
-0.023088    0.654177    -0.024668
-0.027384    0.579598    -0.02202
-0.034812    0.487679    -0.012601
-0.036899    0.459782    -0.007383
-0.030657    0.45808    0.021782
-0.033189    0.506743    0.015516
-0.014573    0.593466    0.031686
-0.006966    0.483924    0.036463
-0.020127    0.475745    0.031478
0.001176    0.549603    0.035889
0.0145    0.45269    0.03479
0.024889    0.461019    0.028197
0.029871    0.458861    0.02278
0.03071    0.600699    0.016546
0.037895    0.456577    0.000309
0.037154    0.483242    0.001818
-0.018428    0.485168    -0.032454
0.000207    -0.256819    -0.074987
-0.035463    0.544444    0.005211
-0.017609    0.630112    -0.029485
-0.019057    0.489623    -0.031945
0.033128    0.650264    -0.006595
-0.010811    0.581542    -0.033504
0.05451    -0.253355    -0.046817
-0.042138    0.447817    -0.012506
0.033833    0.617521    -0.0063
-0.002226    0.681359    -0.03307
0.040092    -0.253053    -0.059372
0.03343    0.556013    -0.012336
-0.048255    0.445127    -0.004805
0.00272    0.649267    -0.033658
-0.00571    0.455243    -0.037212
0.009149    0.661876    -0.032439
0.027579    0.58775    -0.021496
0.020135    0.536026    -0.029939
-0.064501    -0.245346    -0.005485
0.030916    0.589588    -0.016636
-0.042898    0.440687    0.034716
0.006398    0.455836    -0.037109
-0.001674    0.443417    -0.051269
0.015006    0.568857    -0.032044
0.026691    0.521921    -0.024835
0.021967    0.58031    -0.027407
-0.051646    0.44331    4.5e-05
0.034187    0.435022    0.052411
0.024604    -0.242816    -0.057013
-0.011453    0.434483    -0.062095
0.041186    0.444949    -0.026386
-0.022829    -0.244349    0.05948
-0.054065    0.432205    0.037458
0.060055    0.43426    -0.020516
0.063793    -0.245076    -0.008833
-0.056044    0.425953    0.045385
0.067941    0.428673    -0.014931
0.059421    -0.242065    -0.016716
-0.056707    0.420696    0.051979
0.068932    0.428222    -0.010939
0.059967    -0.242112    0.01448
-0.067611    0.417434    0.042304
0.063538    0.418586    0.046011
-0.050597    -0.236595    0.021281
-0.081405    0.414981    -0.003379
0.068756    0.415933    0.042608
-0.003863    -0.235466    -0.053345
-0.011161    0.410287    -0.083678
-0.083594    0.409065    0.018323
0.082953    0.411965    0.007717
-0.05884    0.405522    -0.065006
-0.016064    0.406308    0.085582
0.060294    0.410826    -0.05948
-0.070181    0.400975    -0.056318
-0.090258    0.399678    0.009272
0.082536    0.401714    0.034733
-0.044323    -0.232194    -0.020531
0.020182    0.405025    -0.085772
0.059104    0.396221    0.071068
0.045187    0.399614    -0.079491
-0.050609    0.3964    -0.077486
-0.047178    0.393146    0.08192
0.088681    0.397159    -0.026163
-0.074372    0.38741    -0.061046
-0.094169    0.382364    0.028426
0.07862    0.384354    0.057215
0.00948    -0.228907    -0.042646
-0.036125    0.379929    -0.091874
-0.023497    0.386586    0.094185
0.093205    0.386203    -0.027349
-0.085768    0.375983    -0.052171
-0.080532    0.377178    0.058528
0.061229    0.376528    0.078655
0.028873    0.378751    -0.095311
-0.092303    0.369944    -0.041718
-0.099784    0.372152    0.013682
0.092821    0.372388    0.038948
-9.2e-05    -0.225952    -0.038272
-0.071363    0.358918    -0.075086
-0.069331    0.367433    0.075133
0.101856    0.365637    0.008283
0.033208    -0.223902    -0.005123
-0.037861    0.358764    -0.095842
-0.021845    0.365192    0.100134
0.102442    0.363815    -0.005795
-0.019847    -0.222628    0.023356
0.024403    0.359975    -0.100539
0.015233    0.356672    0.102197
0.074459    0.358833    -0.072201
-0.083512    0.35067    -0.061347
-0.078002    0.3465    0.068857
0.063346    0.34999    0.082019
0.03483    0.350691    -0.097707
-0.079632    0.308849    -0.066751
-0.085171    0.260427    -0.059533
-0.075187    0.092659    -0.072543
-0.074969    0.018138    -0.072827
-0.075206    -0.099301    -0.072519
-0.079342    0.258127    -0.067129
-0.074465    -0.04767    -0.073484
-0.096733    0.340224    -0.037741
-0.093157    0.301588    -0.046374
-0.0922    -0.06656    -0.048684
-0.094925    0.107757    -0.042104
-0.091784    0.022848    -0.049689
-0.092878    0.210961    -0.047047
-0.094671    0.075404    -0.042719
-0.101399    -0.144719    -0.025129
-0.103467    0.296105    -0.009429
-0.10368    0.200213    -0.007807
-0.102595    0.218384    -0.01605
-0.101313    -0.012753    -0.025784
-0.102854    0.261343    -0.01408
-0.10205    0.187399    -0.020186
-0.101342    0.069427    -0.025562
-0.104417    0.14002    0.002208
-0.101939    0.293622    0.021032
-0.104633    -0.064024    0.000572
-0.10341    0.06381    0.009858
-0.104496    0.021245    0.001611
-0.104296    0.084662    0.003132
-0.103996    -0.044171    0.005407
-0.065114    0.075123    -0.080887
-0.062634    0.185376    -0.08279
-0.067853    0.021587    -0.078786
-0.061334    0.217502    -0.083788
-0.068514    0.004991    -0.078278
-0.06993    -0.129305    -0.077192
-0.071867    0.015183    -0.075705
-0.043649    0.042022    -0.094285
-0.046835    0.072935    -0.092965
-0.032909    0.246041    -0.098734
-0.043711    0.12572    -0.094259
-0.036273    0.223094    -0.09734
-0.043446    0.340361    -0.094369
-0.039796    0.294268    -0.095881
-0.026451    -0.03048    -0.101225
-0.016763    0.17415    -0.102501
-0.004352    0.303978    -0.104135
-0.022537    0.26357    -0.101741
-0.013978    0.1894    -0.102868
-0.004354    0.304543    -0.104135
-0.011748    0.143704    -0.103161
0.023283    0.348598    -0.101529
-0.086693    -0.065127    0.057549
-0.087436    0.251608    0.056582
-0.077066    0.257193    0.070094
-0.086256    0.003636    0.058119
-0.084384    0.060568    0.060558
-0.086581    0.318554    0.057696
-0.087128    0.231174    0.056983
-0.094528    0.320459    0.043064
-0.096677    0.067504    0.037875
-0.098724    0.04846    0.032934
-0.099846    0.039603    0.030223
-0.098311    0.290202    0.03393
-0.099993    -0.075259    0.029869
-0.09532    0.167005    0.041152
-0.066465    0.199417    0.079852
-0.057064    0.025823    0.087066
-0.053857    0.257957    0.089527
-0.057242    -0.106779    0.086929
-0.063245    0.079283    0.082322
-0.058751    0.015026    0.085771
-0.059812    0.220241    0.084956
-0.027976    -0.077639    0.100777
-0.046374    0.236242    0.093157
-0.033196    -0.048367    0.098615
-0.030959    0.025607    0.099542
-0.040057    0.128    0.095773
-0.035895    0.049722    0.097497
-0.033491    0.113117    0.098493
-0.014801    0.321281    0.102759
-0.017632    0.156637    0.102387
-0.013074    0.318963    0.102987
-0.001784    0.261282    0.104473
-0.001677    0.116813    0.104487
-0.019766    0.285109    0.102106
-0.005845    0.152519    0.103938
-0.010262    0.339448    0.103357
0.013255    0.207657    0.102963
0.011489    0.321526    0.103195
0.025136    0.270065    0.101399
0.014552    0.056245    0.102792
0.006225    0.30964    0.103888
0.026435    -0.185338    0.101228
0.024042    -0.151415    0.101543
0.036015    0.288745    0.097447
0.047741    0.15271    0.09259
0.044035    0.318336    0.094126
0.03253    0.249155    0.098891
0.044126    0.246496    0.094088
0.044725    -0.046269    0.09384
0.033722    0.207294    0.098397
0.070251    0.071016    0.076946
0.070902    0.160018    0.076446
0.068165    0.053149    0.078547
0.068538    -0.026443    0.07826
0.07353    0.311325    0.074429
0.06336    0.246986    0.082234
0.071427    0.266803    0.076043
0.079953    0.292381    0.066333
0.076504    0.168014    0.070826
0.075697    0.146095    0.071879
0.078985    -0.056334    0.067593
0.075053    0.331635    0.072717
0.078521    0.047586    0.068198
0.077777    0.104731    0.069167
0.097223    0.15892    0.036555
0.098535    0.211217    0.033388
0.091855    0.204291    0.049515
0.094664    0.117644    0.042733
0.09198    0.335171    0.049213
0.097717    0.268727    0.035364
0.097805    0.26673    0.035151
0.101149    0.185604    0.027031
0.101692    0.202836    0.022911
0.102059    0.057064    0.020122
0.102611    0.146759    0.01593
0.1036    0.220186    0.008414
0.101489    0.133037    0.024451
0.101484    0.27874    0.024489
0.101807    0.236364    0.022037
0.017592    -0.218626    -0.005689
-0.08628    -0.058627    -0.058087
-0.082205    -0.19038    -0.063398
-0.082603    -0.135095    -0.062879
-0.088826    0.191702    -0.054769
-0.079418    -0.07422    -0.06703
-0.090546    -0.204849    -0.052529
-0.082239    -0.153863    -0.063354
-0.099901    -0.214679    -0.030092
-0.093781    -0.163432    -0.044868
-0.098342    -0.116895    -0.033856
-0.096231    -0.034335    -0.038951
-0.098654    -0.198624    -0.033101
-0.094405    -0.145638    -0.04336
-0.100394    0.028882    -0.028901
-0.103642    0.041717    -0.008093
-0.102744    0.018637    -0.014917
-0.103868    0.090805    -0.006376
-0.102942    -0.149783    -0.013415
-0.104344    0.28326    -0.002764
-0.102587    -0.081859    -0.016113
-0.10422    0.246127    -0.003708
-0.101784    -0.146011    0.022212
-0.103212    -0.003753    0.01136
-0.102934    0.029693    0.013473
-0.102573    -0.069899    0.016213
-0.101879    0.154572    0.021485
-0.103248    -0.229608    0.011092
-0.101715    -0.153137    0.022731
-0.101173    -0.212274    0.026849
-0.061776    -0.243873    -0.083449
-0.061011    -0.207864    -0.084036
-0.07168    -0.187603    -0.075849
-0.056626    -0.149392    -0.087401
-0.054248    -0.241013    -0.089226
-0.067495    -0.103014    -0.079061
-0.058971    0.141241    -0.085601
-0.029936    0.182031    -0.099965
-0.040004    0.027826    -0.095795
-0.032253    -0.04113    -0.099005
-0.033825    -0.134268    -0.098354
-0.041393    -0.137837    -0.095219
-0.039007    -0.083885    -0.096208
-0.043661    -0.162815    -0.09428
-0.024478    -0.240012    -0.101485
-0.01176    -0.210028    -0.10316
-0.002637    0.280819    -0.104361
-0.018278    -0.111454    -0.102302
-0.004875    -0.107485    -0.104066
-0.001397    -0.18517    -0.104524
-0.019233    -0.111639    -0.102176
0.00952    0.20817    -0.103455
0.005518    0.281748    -0.103981
8e-05    0.172663    -0.104697
0.006605    0.205273    -0.103838
0.018557    0.214087    -0.102265
0.021085    0.309299    -0.101932
0.006677    0.242379    -0.103829
-0.078121    -0.021273    0.06872
-0.084361    -0.127202    0.060588
-0.077312    0.068547    0.069774
-0.085091    -0.173775    0.059638
-0.078877    0.083171    0.067735
-0.080129    -0.204853    0.066103
-0.087537    -0.205022    0.05645
-0.077987    -0.222234    0.068895
-0.092495    0.10843    0.047971
-0.096246    -0.066787    0.038915
-0.090806    0.319239    0.05205
-0.093606    -0.002349    0.045291
-0.092915    0.120022    0.046958
-0.092782    0.061192    0.04728
-0.093058    -0.011279    0.046613
-0.059118    -0.178658    0.085489
-0.062437    -0.196083    0.082943
-0.059602    -0.155762    0.085118
-0.060562    -0.086067    0.084381
-0.070798    0.240297    0.076526
-0.059074    -0.103465    0.085523
-0.059301    -0.130851    0.085349
-0.043187    0.129589    0.094477
-0.034637    -0.206801    0.098018
-0.037054    -0.207186    0.097017
-0.046042    -0.184802    0.093294
-0.050623    0.2153    0.091397
-0.047796    -0.071059    0.092568
-0.048098    0.143779    0.092443
-0.024654    -0.108992    0.101462
-0.02629    0.202244    0.101247
-0.010155    -0.09967    0.103371
-0.021632    0.018787    0.10186
-0.023301    0.088781    0.10164
-0.027097    -0.047499    0.10114
-0.014311    0.020962    0.102824
0.012466    -0.091276    0.103067
0.008334    0.063708    0.103611
0.001467    -0.017393    0.104515
0.003789    0.219396    0.104209
0.003541    -0.202164    0.104242
0.006712    -0.113208    0.103824
0.016476    -0.1632    0.102539
0.041414    -0.238279    0.095211
0.05032    -0.20085    0.091523
0.029622    -0.183647    0.100095
0.033289    -0.159558    0.098577
0.042973    -0.214907    0.094566
0.03248    -0.099307    0.098912
0.030366    -0.02398    0.099787
0.045346    -0.163766    0.093583
0.06366    -0.087622    0.082004
0.05979    -0.124539    0.084974
0.053384    0.050606    0.08989
0.05844    -0.078886    0.08601
0.057198    0.196638    0.086963
0.05606    -0.198306    0.087836
0.064013    -0.090877    0.081733
0.079675    -0.060009    0.066694
0.089376    0.217787    0.054052
0.087966    -0.161057    0.055889
0.088092    0.131929    0.055725
0.087937    0.009254    0.055928
0.085134    -0.049194    0.059581
0.085279    -0.10292    0.059391
0.097683    0.063549    0.035445
0.100224    0.244313    0.029312
0.100976    -0.11191    0.027496
0.093483    -0.154095    0.045584
0.097569    -0.140814    0.035721
0.09866    0.089708    0.033088
0.098514    0.095134    0.03344
0.103137    -0.032352    0.011935
0.103897    0.126536    0.00616
0.103968    0.162623    0.005624
0.104069    0.156027    0.004857
0.103544    0.143585    0.008839
0.104177    0.217272    0.004033
0.104573    -0.157399    0.001022
0.103328    0.121617    -0.01048
0.103436    0.129549    -0.009662
0.103834    -0.085024    -0.006638
0.103148    0.181896    -0.011846
0.101921    0.23614    -0.02117
0.10444    -0.147081    -0.002035
0.102003    0.344755    -0.020543
0.103837    0.131799    -0.006617
0.101048    0.273389    -0.027321
0.10057    0.277198    -0.028476
0.097914    0.050753    -0.034889
0.098661    0.212435    -0.033085
0.098429    0.300721    -0.033645
0.096822    0.281868    -0.037524
0.100916    -0.129047    -0.027641
0.085089    0.328704    -0.059638
0.080085    0.153641    -0.06616
0.08202    0.190053    -0.063638
0.090426    -0.188932    -0.052683
0.085973    0.307239    -0.058487
0.077673    0.305007    -0.069304
0.089817    0.145882    -0.053477
0.067745    0.329556    -0.078869
0.06109    0.01634    -0.083975
0.065389    0.15804    -0.080677
0.063763    0.120344    -0.081925
0.055822    -0.014591    -0.088018
0.065548    0.188358    -0.080555
0.056313    0.093168    -0.087641
0.04492    0.246582    -0.093758
0.044814    0.187741    -0.093802
0.039978    0.19132    -0.095806
0.043343    0.303731    -0.094412
0.028968    0.193855    -0.100366
0.044564    0.319253    -0.093906
0.030697    -0.046829    -0.09965
0.009588    -0.218468    -0.015108
0.012579    -0.05589    -0.103052
0.01858    -0.219964    -0.102262
0.004501    -0.153986    -0.104115
0.023838    -0.240794    -0.10157
0.008858    -0.196549    -0.103542
0.016036    -0.010746    -0.102597
0.01121    -0.008425    -0.103232
0.041887    -0.244686    0.094859
0.101354    0.227342    -0.025473
0.101674    0.033315    -0.023043
0.101922    0.060097    -0.021163
0.102213    -0.037047    -0.01895
0.101206    -0.023104    -0.026599
0.101548    -0.110875    -0.024002
0.101494    0.133391    -0.024413
0.096588    -0.04078    -0.038089
0.091088    -0.161014    -0.051367
0.096682    0.001742    -0.037862
0.098187    -0.233754    -0.034228
0.091505    -0.148265    -0.050359
0.091153    -0.007826    -0.051211
0.092608    0.201689    -0.047697
0.080845    0.10329    -0.06517
0.078079    -0.225171    -0.068774
0.084566    -0.236803    -0.06032
0.086352    -0.166399    -0.057993
0.085033    -0.243252    -0.059712
0.074828    -0.03622    -0.073011
0.08735    -0.126534    -0.056693
0.070204    -0.220295    -0.076982
0.05778    -0.190907    -0.086516
0.059376    -0.146873    -0.085291
0.073925    -0.23634    -0.074127
0.068812    -0.215343    -0.07805
0.069688    0.044877    -0.077378
0.07185    0.092736    -0.075719
0.050735    0.240028    -0.09135
0.03868    -0.192108    -0.096343
0.046048    -0.19548    -0.093291
0.042949    0.010175    -0.094575
0.049417    -0.116755    -0.091896
0.05094    -0.122425    -0.091265
0.051588    -0.146276    -0.090996
0.033566    -0.129785    -0.098461
0.027114    -0.244613    0.100998
-0.096729    -0.247787    0.034896
-0.068088    -0.248983    0.076531
-0.032941    -0.250187    0.096254
-0.089607    -0.251947    0.045751
0.07015    -0.253613    0.070624
0.098111    -0.254125    0.007216
0.057606    -0.253537    -0.080347
-0.095664    -0.256406    0.000384
0.026585    -0.257252    -0.089628
-0.049875    -0.25747    0.078285
0.065633    -0.258043    0.062407
-0.085876    -0.258305    0.013332
0.070831    -0.258269    -0.049104
0.000513    -0.258257    0.086666
-0.054713    -0.257038    -0.059761
-0.05246    -0.256006    0.059008
-0.077438    -0.25478    -0.001258
-0.068666    -0.253851    0.032236
0.053836    -0.24957    -0.050521
-0.071365    -0.251536    -0.022281
-0.030308    -0.249693    0.067032
0.001664    -0.242591    -0.069739
0.070109    -0.246436    0.017901
-0.032474    -0.242345    0.06145
0.003031    -0.238977    -0.067006
0.064771    -0.238531    0.017251
-0.001478    -0.234481    0.06354
0.052195    -0.23357    -0.034391
-0.035158    -0.231101    -0.048483
0.058072    -0.228949    0.001009
0.010018    -0.227084    0.054621
-0.034494    -0.225033    0.04022
0.048374    -0.222019    -0.004903
0.040056    -0.219797    -0.021226
0.041209    -0.219338    -0.016273
-0.037834    -0.217669    0.015678
0.016402    -0.215628    0.032723
-0.003221    -0.213349    -0.030078
-0.014777    -0.210804    -0.010032
0.014793    -0.210458    -0.003713
