-0.098984    0.099357    0.06583
-0.101579    0.038253    0.068536
-0.103883    -0.06647    0.075966
-0.111125    -0.11265    0.07113
-0.117313    -0.180853    0.06986
-0.126977    -0.271972    0.066345
-0.126244    -0.334498    0.073528
-0.136886    -0.385802    0.06477
0.143291    0.064101    -0.042134
0.151033    -0.0172    -0.024035
0.152953    -0.055538    -0.028644
0.153495    -0.107139    -0.050363
0.129365    -0.222101    0.078239
0.164583    -0.20297    -0.045667
0.125085    -0.212418    -0.122125
0.044843    -0.216136    -0.172868
0.168652    -0.337825    0.014145
0.170288    -0.341357    0.003607
0.154745    -0.123957    0.005849
0.169904    -0.309144    -0.010638
0.17636    -0.40436    -0.008956
0.157301    -0.165965    0.00881
0.163965    -0.283576    0.020851
0.144922    0.057541    -0.016221
0.157593    -0.141838    -0.006255
0.149006    -0.004442    -0.014225
0.147163    -0.007044    0.001157
0.158602    -0.155062    -0.006874
0.154765    -0.357346    0.058615
0.150672    -0.253502    0.0487
0.152009    -0.133265    0.022554
0.154391    -0.364244    0.060833
0.144716    -0.030056    0.020486
0.151899    -0.288802    0.052468
0.158232    -0.377592    0.054104
0.144411    0.025852    -0.051688
0.140975    0.096465    -0.042432
0.152829    -0.062943    -0.032206
0.147107    0.002261    -0.043019
0.146302    0.000623    -0.049951
0.162706    -0.212137    -0.031877
0.134828    0.07766    0.023824
0.141872    -0.115032    0.043549
0.130864    0.089249    0.031185
0.12962    0.08986    0.034072
0.13369    -0.034623    0.047976
0.169847    -0.423868    0.002903
0.161622    -0.219744    -0.043918
0.15936    -0.203609    -0.053021
0.176346    -0.400933    -0.022788
0.155583    -0.140851    -0.050286
0.176973    -0.411536    -0.023341
0.156401    -0.140475    -0.043884
0.155075    -0.134092    -0.05076
0.149727    -0.334385    0.065368
0.122726    -0.017351    0.061309
0.126904    -0.070016    0.062384
0.116337    0.122086    0.052374
0.113139    0.01831    0.069388
0.117728    -0.027015    0.069019
0.160556    -0.423868    0.00234
0.143197    -0.013939    -0.06695
0.106204    0.125226    -0.097916
0.110497    0.125226    -0.019466
0.151407    -0.404065    0.071804
0.13095    -0.403415    0.098384
0.146916    -0.384913    0.075287
0.118651    -0.116479    0.078892
0.124907    -0.24286    0.086384
0.125744    -0.227073    0.083338
0.12178    -0.242289    0.090389
0.148216    -0.423868    0.036354
0.155151    -0.423868    -0.006225
0.1324    -0.005406    -0.091665
0.144705    -0.161647    -0.086733
0.154534    -0.233792    -0.074443
0.151935    -0.326424    -0.095406
0.161503    -0.309154    -0.069569
0.164376    -0.349726    -0.069064
0.145248    -0.111473    -0.077467
0.142582    -0.016604    -0.068859
0.158811    -0.254097    -0.067335
0.139049    -0.036246    -0.080504
0.114328    -0.106245    -0.12617
0.114345    -0.108435    -0.126349
0.121782    0.017972    -0.105061
0.115048    -0.040846    -0.119232
0.12525    -0.162442    -0.117091
0.117618    -0.02979    -0.114868
0.094703    0.125226    -0.087242
0.100171    -0.213247    0.105158
0.106825    -0.377246    0.115889
0.100175    -0.103838    0.09459
0.105006    -0.258576    0.105825
0.109711    -0.180936    0.094718
0.109005    -0.108005    0.088217
0.104332    -0.241953    0.104737
0.146771    -0.423868    -0.083989
0.1469    -0.423868    -0.081497
0.124413    0.063099    -0.097492
0.131698    -0.225918    -0.114511
0.134231    -0.241038    -0.112597
0.129934    -0.006403    -0.096672
0.13602    -0.33856    -0.119212
0.13711    -0.202472    -0.105307
0.128016    -0.284854    -0.124716
0.120772    -0.33165    -0.136468
0.110219    -0.068713    -0.127606
0.107129    -0.155119    -0.13555
0.116074    -0.214423    -0.132512
0.098959    -0.017295    -0.132929
0.095469    0.125226    0.041364
0.080421    0.125226    -0.081277
0.085511    -0.104677    0.105923
0.09626    0.096078    0.078289
0.079032    0.015464    0.099292
0.094689    0.065816    0.082417
0.087196    -0.029963    0.097415
0.090529    0.094975    0.082793
0.11763    -0.423868    0.088314
0.119797    -0.423868    -0.061423
0.098203    -0.153195    -0.142275
0.109146    -0.275668    -0.141778
0.100957    -0.317531    -0.150762
0.127829    -0.423262    -0.136962
0.085606    -0.141487    -0.151186
0.112154    -0.420835    -0.148834
0.106388    -0.417485    -0.153042
0.072481    0.125226    -0.11392
0.062341    0.125226    -0.097646
0.06542    -0.389525    0.13918
0.063896    -0.318729    0.133941
0.075312    -0.031186    0.10537
0.068351    -0.067733    0.111283
0.081093    -0.224842    0.119033
0.087094    -0.254904    0.11904
0.085723    -0.299202    0.123281
0.119463    -0.423868    -0.066472
0.114983    -0.423868    -0.093658
0.107531    -0.423868    -0.001511
0.064818    0.099452    -0.148391
0.067678    -0.12164    -0.15845
0.06976    0.095477    -0.146546
0.056138    0.066116    -0.153681
0.063603    0.09399    -0.149172
0.054564    0.125226    -0.034775
0.054656    0.125226    0.091558
0.050521    0.125226    0.082642
0.059206    0.031341    0.106856
0.059307    0.017348    0.107975
0.054034    -0.398398    0.144632
0.043492    0.118486    0.106139
0.058873    -0.042628    0.113127
0.083345    -0.423868    0.049933
0.080254    -0.423868    0.098654
0.064037    -0.423868    0.125009
0.078928    -0.423868    0.029252
0.083988    -0.423868    -0.021201
0.07898    -0.423868    -0.04867
0.091206    -0.423868    -0.144724
0.055828    -0.282592    -0.171544
0.077257    -0.332882    -0.165225
0.054058    -0.13092    -0.164563
0.068086    -0.217369    -0.163149
0.054066    -0.072717    -0.1616
0.072687    -0.404131    -0.170742
0.070389    -0.402552    -0.171613
0.034914    0.125226    -0.071697
0.008892    0.125226    -0.157108
0.017649    0.125226    -0.068693
0.031046    -0.290928    0.139869
0.03578    -0.325684    0.141887
0.031732    -0.389522    0.147272
0.027266    -0.210051    0.13422
0.029086    -0.21171    0.134106
0.037939    -0.174401    0.130105
0.02801    -0.374871    0.146648
0.033756    -0.423868    -0.147326
0.024753    -0.423868    -0.166411
0.039933    -0.423868    -0.080224
0.045073    -0.423868    -0.005765
0.024768    0.036019    -0.163319
0.04122    -0.26388    -0.174331
0.038481    -0.056351    -0.165573
0.03606    0.030484    -0.162076
0.021939    0.050847    -0.16304
0.0072    0.125226    -0.130189
0.010175    0.125226    0.104736
0.021285    0.125226    0.099465
0.007554    -0.033489    0.123396
0.028957    0.028825    0.115842
0.017471    -0.011894    0.120449
0.015215    -0.013594    0.120875
0.02313    -0.077611    0.124698
0.013518    -0.423868    -0.117661
0.010706    -0.423868    -0.030732
0.015773    -0.423868    -0.059324
0.039363    -0.423868    0.124176
0.023751    -0.423868    0.047342
0.047043    -0.391095    -0.179154
0.026969    -0.343858    -0.179722
0.037047    -0.347038    -0.178534
0.039386    -0.393622    -0.180273
0.019038    -0.347399    -0.180922
0.019595    -0.380538    -0.182304
-0.018526    0.125226    -0.138369
-0.014728    0.125226    -0.090666
-0.001244    0.125226    -0.123768
0.002101    0.080617    0.114716
-0.01725    -0.307787    0.140739
-0.004685    -0.385888    0.148139
-0.006418    -0.155053    0.13093
0.001488    -0.358856    0.146963
-0.000855    -0.023783    0.122007
-0.000735    -0.348723    0.145925
-0.002476    -0.423868    -0.053838
-0.023654    -0.423868    -0.143585
-0.017062    -0.423868    -0.12988
-0.001005    -0.423868    0.018232
-0.000425    -0.105467    -0.171008
0.004982    -0.064305    -0.170012
-0.021232    0.023316    -0.162924
-0.025747    0.118591    -0.158376
-0.012666    0.059894    -0.162534
-0.008783    -0.086726    -0.16913
-0.028783    0.125226    0.007608
-0.02923    0.125226    -0.032082
-0.018927    0.095483    0.110854
-0.010689    0.090408    0.112312
-0.015449    0.084739    0.112102
-0.015259    0.097811    0.111165
-0.029354    -0.286366    0.13757
-0.02431    -0.165253    0.129325
-0.027582    -0.423868    0.053915
-0.00628    -0.423868    0.131578
-0.032513    -0.423868    0.000216
-0.025041    -0.423868    0.109807
-0.021745    -0.089636    -0.167544
-0.028905    -0.080651    -0.166228
-0.031873    -0.12634    -0.167734
-0.02607    -0.29824    -0.175631
-0.026292    -0.066589    -0.165989
-0.002615    -0.265324    -0.177354
-0.026712    -0.151293    -0.169449
-0.041463    0.125226    -0.078435
-0.037898    0.125226    -0.144395
-0.047547    -0.280141    0.130719
-0.032594    0.03285    0.113363
-0.040835    -0.04633    0.115907
-0.033385    -0.145928    0.126486
-0.049227    -0.147435    0.120038
-0.045284    -0.37683    0.138931
-0.040296    -0.236565    0.130443
-0.040274    -0.423868    0.092994
-0.050519    -0.423868    -0.146662
-0.064003    -0.423868    -0.112046
-0.036371    -0.423868    -0.040148
-0.035214    -0.069068    -0.16405
-0.036348    -0.15516    -0.167297
-0.052766    -0.037729    -0.155426
-0.036067    -0.20084    -0.169386
-0.060679    0.110018    -0.14577
-0.054555    0.125226    0.045702
-0.047984    0.125226    0.027691
-0.051836    0.031157    0.105521
-0.06462    0.02214    0.100904
-0.051081    -0.033029    0.110662
-0.060383    -0.018225    0.105696
-0.068354    -0.132119    0.110963
-0.065186    -0.050704    0.10615
-0.058709    -0.423868    0.054963
-0.074986    -0.423868    -0.001618
-0.068483    -0.423868    -0.055994
-0.055532    -0.230913    -0.162621
-0.056607    -0.072423    -0.155333
-0.058244    -0.258607    -0.162694
-0.050846    -0.203302    -0.16337
-0.061602    -0.322757    -0.164072
-0.051462    -0.184992    -0.162324
-0.06411    -0.259264    -0.160292
-0.087876    0.125226    -0.105026
-0.067099    0.125226    -0.063452
-0.087491    -0.385888    0.117467
-0.070602    -0.108871    0.107618
-0.076983    -0.090782    0.101231
-0.081252    -0.32673    0.117383
-0.071216    -0.160883    0.111429
-0.088782    -0.252422    0.105486
-0.078319    -0.409168    0.126421
-0.091742    -0.423868    -0.053353
-0.07782    -0.423868    0.037461
-0.091396    -0.423868    0.002352
-0.070524    0.106892    -0.139657
-0.085788    0.004577    -0.133089
-0.075712    -0.145589    -0.14837
-0.073748    -0.325968    -0.158945
-0.070397    0.018128    -0.144217
-0.08235    0.125226    0.014567
-0.078862    0.125226    -0.01404
-0.089932    -0.125987    0.094194
-0.0753    0.039089    0.09183
-0.081477    0.099212    0.08214
-0.081777    -0.044211    0.093718
-0.096502    -0.235284    0.098151
-0.109037    -0.423868    -0.043094
-0.089327    -0.423868    0.093358
-0.106662    -0.423868    0.086086
-0.101795    -0.378949    -0.140087
-0.080107    -0.278235    -0.151666
-0.089053    -0.096151    -0.135647
-0.100786    -0.16591    -0.130151
-0.102074    -0.256681    -0.133726
-0.089854    -0.297962    -0.145178
-0.106682    0.125226    -0.039819
-0.097625    0.125226    0.021546
-0.107404    -0.122021    0.076678
-0.116663    -0.259115    0.07827
-0.117777    -0.26338    0.077244
-0.100675    -0.069413    0.080206
-0.122053    -0.290785    0.074401
-0.101548    -0.10029    0.082144
-0.122109    -0.423868    -0.106491
-0.134843    -0.423868    -0.098354
-0.100837    -0.098533    -0.126054
-0.112799    -0.287193    -0.123213
-0.102691    -0.105864    -0.124135
-0.104514    -0.103134    -0.121574
-0.107623    -0.18422    -0.123001
-0.095521    0.066647    -0.121823
-0.129465    -0.407937    -0.109652
-0.107215    0.125226    -0.024336
-0.116655    0.002867    -0.098589
-0.121281    -0.107401    -0.100011
-0.133043    -0.33421    -0.100008
-0.104385    0.038243    -0.112189
-0.120714    -0.113744    -0.101178
-0.13613    -0.423868    0.008792
-0.130586    -0.423868    -0.024315
-0.108855    0.014068    0.061229
-0.127947    -0.232282    0.060891
-0.12506    -0.253932    0.06681
-0.115019    -0.106962    0.065254
-0.118089    -0.189158    0.069442
-0.119949    0.125226    -0.051813
-0.131677    -0.293703    -0.098915
-0.132997    -0.311755    -0.097782
-0.145513    -0.388991    -0.076352
-0.142684    -0.282323    -0.071045
-0.140376    -0.330627    -0.082114
-0.123439    -0.045724    -0.090584
-0.129153    -0.171976    -0.091154
-0.123228    0.094852    0.025739
-0.131716    -0.153245    0.041432
-0.133782    -0.26081    0.052134
-0.130036    -0.102442    0.038079
-0.123649    -0.006648    0.039526
-0.127334    -0.021341    0.032771
-0.120336    0.121338    -0.079066
-0.125377    0.109781    -0.068209
-0.136441    -0.135293    -0.069387
-0.143333    -0.211518    -0.061421
-0.136742    -0.147003    -0.069992
-0.119075    0.061836    -0.088879
-0.138993    -0.210248    0.032178
-0.129092    0.062029    0.016369
-0.136255    -0.081952    0.020075
-0.136639    -0.253298    0.04414
-0.147581    -0.338977    0.03022
-0.134014    -0.126148    0.031932
-0.139432    -0.159453    0.02371
-0.132807    0.089752    -0.035342
-0.129879    0.104137    -0.052406
-0.139128    -0.053558    -0.038884
-0.140634    -0.08921    -0.040275
-0.139009    -0.070314    -0.045823
-0.15614    -0.423868    -0.023708
-0.137795    -0.048929    0.002595
-0.134887    0.002112    0.004686
-0.136983    -0.060201    0.013182
-0.145879    -0.249795    0.019898
-0.133825    0.017891    0.006573
-0.146956    -0.234226    -0.044431
-0.136044    0.038512    -0.029187
-0.158716    -0.417169    -0.020927
-0.143339    -0.149924    -0.041572
-0.150974    -0.252559    -0.020504
-0.154839    -0.388281    -0.039976
-0.144849    -0.133704    -0.024267
-0.142054    -0.110768    -0.005518
-0.148654    -0.265055    0.004806
-0.144675    -0.17362    -0.0008
-0.140612    -0.057098    -0.015595
-0.15375    -0.377386    0.010113
-0.149259    -0.231226    -0.013049
-0.152099    -0.330092    0.004123
0.154563    -0.129306    0.010081
0.161087    -0.234682    0.016665
0.165352    -0.306968    0.022778
0.144462    0.008288    0.01351
0.173921    -0.387546    0.000614
0.161141    -0.195487    -0.004625
0.168226    -0.323171    0.009579
0.170611    -0.311535    -0.014736
0.17017    -0.306724    -0.013947
0.156933    -0.124361    -0.010553
0.141287    0.093442    -0.007735
0.165812    -0.249156    -0.011513
0.150761    -0.199853    0.038259
0.167886    -0.421724    0.03921
0.154141    -0.259441    0.041459
0.147578    -0.136363    0.03384
0.169162    -0.397045    0.031426
0.165686    -0.374381    0.035498
0.147465    -0.174485    0.041381
0.156308    -0.098929    -0.023795
0.137812    0.114954    -0.057199
0.160878    -0.170118    -0.024725
0.144656    0.07215    -0.026647
0.153119    -0.06612    -0.031591
0.171863    -0.325681    -0.019166
0.140977    -0.046619    0.032671
0.143957    -0.215423    0.057653
0.142787    -0.083738    0.035377
0.131379    0.011954    0.044675
0.125923    0.092353    0.042521
0.172418    -0.423868    -0.018439
0.155058    -0.142501    -0.055102
0.145429    0.002474    -0.055658
0.166651    -0.299887    -0.045837
0.140033    0.074641    -0.060514
0.163879    -0.234517    -0.03417
0.176455    -0.400641    -0.021816
0.129518    0.125226    -0.062172
0.123182    0.051021    0.05225
0.115029    0.086156    0.058526
0.117468    0.015736    0.064065
0.12263    -0.087624    0.070134
0.141173    -0.201466    0.060062
0.119846    0.110074    0.049287
0.167288    -0.423868    -0.035297
0.138074    0.059319    -0.067703
0.107162    0.125226    -0.086425
0.111779    0.125226    -0.014555
0.117461    -0.069988    0.074687
0.123399    -0.104359    0.071204
0.115965    -0.159286    0.087691
0.144593    -0.399428    0.080111
0.138841    -0.314488    0.077093
0.137009    -0.393017    0.089201
0.14124    -0.343097    0.077507
0.151867    -0.423868    0.032422
0.147398    -0.423868    -0.035154
0.144498    -0.177408    -0.089732
0.163549    -0.403776    -0.079632
0.147659    -0.198987    -0.085521
0.137306    -0.07808    -0.091344
0.141547    -0.111977    -0.086481
0.145997    -0.130806    -0.078723
0.166487    -0.338052    -0.062118
0.144429    -0.031431    -0.06675
0.134107    0.023964    -0.082888
0.156206    -0.172298    -0.060654
0.109117    -0.006797    -0.123838
0.112685    -0.082398    -0.126124
0.114223    -0.120369    -0.127603
0.119699    0.075392    -0.102508
0.12373    -0.170169    -0.119781
0.124937    -0.087027    -0.110581
0.098136    0.125226    -0.089751
0.107618    -0.017726    0.080563
0.107446    -0.100695    0.088707
0.102354    -0.197781    0.10199
0.097059    -0.382293    0.12387
0.105785    -0.234851    0.102936
0.115045    -0.383978    0.110231
0.09844    -0.310076    0.115837
0.132857    -0.423868    -0.118705
0.152015    -0.423868    -0.078811
0.12692    -0.040552    -0.103733
0.133572    -0.094203    -0.099985
0.132239    -0.201895    -0.111602
0.131706    -0.355655    -0.126402
0.126201    -0.106218    -0.110694
0.123913    0.091902    -0.095501
0.137008    -0.313663    -0.11564
0.112605    -0.205707    -0.134612
0.094444    -0.077583    -0.140282
0.114883    -0.265343    -0.13671
0.104418    -0.00684    -0.128066
0.096881    0.013539    -0.132535
0.09454    0.125226    0.024767
0.082827    0.125226    0.055411
0.089983    0.043464    0.088186
0.087916    -0.199103    0.113196
0.08308    -0.104335    0.107756
0.091503    -0.24841    0.115205
0.091784    -0.135722    0.104108
0.091634    -0.315708    0.121604
0.126492    -0.423868    0.099802
0.117359    -0.423868    0.097451
0.096611    -0.264918    -0.150703
0.094811    -0.3488    -0.157495
0.11742    -0.399757    -0.143433
0.117287    -0.413793    -0.144441
0.093912    -0.146771    -0.145153
0.098416    -0.323352    -0.153087
0.124968    -0.420601    -0.138986
0.069619    0.125226    -0.084527
0.059566    0.125226    -0.105793
0.07246    0.086659    0.09678
0.073697    -0.265628    0.125478
0.075288    -0.231039    0.121952
0.070467    -0.287394    0.128621
0.078362    -0.163078    0.115043
0.06811    -0.386205    0.137791
0.059519    -0.325337    0.136302
0.10091    -0.423868    -0.033789
0.105368    -0.423868    -0.125849
0.100157    -0.423868    -0.05808
0.067776    -0.005421    -0.152499
0.058078    -0.018749    -0.157194
0.074837    -0.000599    -0.149329
0.057366    0.061404    -0.153412
0.054964    -9.2e-05    -0.157534
0.054403    0.125226    -0.018444
0.048115    0.125226    0.089058
0.070748    0.125226    0.091713
0.056429    -0.287201    0.134419
0.051199    0.020944    0.111035
0.052488    -0.13905    0.123767
0.061379    -0.17424    0.123002
0.053193    -0.129756    0.122705
0.0585    -0.423868    -0.055993
0.064593    -0.423868    -0.047418
0.067313    -0.423868    0.111725
0.060608    -0.423868    0.103065
0.088375    -0.423868    -0.157666
0.090465    -0.423868    -0.131823
0.063388    -0.423868    -0.142015
0.076208    -0.268462    -0.162384
0.057904    -0.099864    -0.161391
0.056775    -0.153556    -0.164589
0.077647    -0.401392    -0.168548
0.070845    -0.386252    -0.170595
0.073804    -0.268229    -0.163367
0.090036    -0.390851    -0.16288
0.027544    0.125226    -0.111752
0.030224    0.125226    -0.137704
0.026166    0.125226    -0.084281
0.013779    -0.401846    0.150572
0.02827    -0.097434    0.125528
0.046622    -0.376055    0.144288
0.044883    -0.204369    0.131468
0.042181    -0.063166    0.121092
0.037431    -0.250611    0.135964
0.045247    -0.162864    0.128266
0.0421    -0.423868    0.016968
0.050416    -0.423868    -0.07409
0.021012    -0.423868    -0.145999
0.036438    -0.423868    -0.135733
0.045734    -0.139527    -0.168272
0.041478    -0.243533    -0.173403
0.016749    0.062797    -0.163198
0.044882    -0.145646    -0.168654
0.036031    0.000556    -0.163394
0.014154    0.125226    -0.056695
0.009978    0.125226    0.067055
0.034421    0.125226    0.0883
0.032723    0.042263    0.114325
0.006925    0.068601    0.11572
0.013002    -0.027851    0.12225
0.010711    -0.368237    0.148422
0.007789    0.026319    0.11882
0.027466    -0.423868    0.070708
0.01456    -0.423868    -0.033268
0.043904    -0.423868    0.093598
0.020968    -0.423868    -0.062938
0.047004    -0.413635    -0.18015
0.025157    -0.223221    -0.174659
0.023363    -0.301521    -0.178336
0.024683    -0.229391    -0.174993
0.032842    -0.293232    -0.176724
0.025878    -0.397213    -0.18221
0.012671    -0.41033    -0.184525
-0.019137    0.125226    -0.126683
3.8e-05    0.125226    0.026913
-0.012131    0.125226    -0.083461
-0.001823    -0.408525    0.150181
-0.002039    -0.125369    0.129323
0.004671    0.004359    0.120664
-0.011748    -0.375324    0.146432
-0.014825    -0.191279    0.132488
-0.013426    -0.140987    0.128973
0.000563    -0.081076    0.126408
-0.000123    -0.423868    -0.072913
0.005271    -0.423868    0.059598
-0.002814    -0.423868    -0.147284
-0.019661    -0.423868    -0.098062
-0.0124    -0.048318    -0.16706
0.000843    -0.183602    -0.174418
-0.008968    -0.021342    -0.166392
-0.018475    0.069549    -0.161368
-0.011043    -0.062846    -0.167841
0.003574    0.002319    -0.167061
-0.019296    0.125226    0.026915
-0.027912    0.125226    -0.026684
-0.016834    -0.010121    0.118897
-0.022928    0.113485    0.109002
-0.024909    0.038535    0.114255
-0.014195    -0.033318    0.120951
-0.028789    -0.055548    0.120665
-0.025547    -0.017216    0.118272
-0.001728    -0.423868    0.129652
0.005748    -0.423868    0.150099
-0.030972    -0.423868    -0.118536
-0.015678    -0.423868    -0.027127
0.004618    -0.361107    -0.182281
-0.009596    -0.317852    -0.178614
0.000775    -0.327008    -0.18036
-0.017647    -0.227722    -0.173814
-0.011194    -0.313775    -0.178235
-0.02555    -0.264027    -0.17428
-0.03171    -0.00337    -0.162652
-0.04282    0.125226    -0.088201
-0.035153    0.125226    0.045605
-0.043524    -0.380408    0.139928
-0.040778    -0.313714    0.136048
-0.033755    -0.237439    0.133218
-0.060077    -0.329334    0.12923
-0.057743    -0.354969    0.132125
-0.047629    -0.256551    0.12891
-0.041674    -0.081872    0.118234
-0.034526    -0.423868    -0.12518
-0.034833    -0.423868    0.011072
-0.035138    -0.423868    0.079151
-0.042395    -0.423868    -0.025429
-0.041419    0.018427    -0.157702
-0.049206    -0.056666    -0.157718
-0.048455    0.007369    -0.155265
-0.063232    0.111754    -0.144637
-0.040102    0.115873    -0.15404
-0.045218    0.125226    0.025589
-0.043655    0.125226    0.041019
-0.042543    0.036359    0.108978
-0.04465    0.040782    0.107773
-0.050402    -0.070299    0.113748
-0.063217    -0.113778    0.111711
-0.057097    0.084172    0.099353
-0.064435    -0.133934    0.112723
-0.044436    -0.423868    0.104338
-0.057237    -0.423868    0.000155
-0.067392    -0.423868    0.034767
-0.062467    -0.10471    -0.1543
-0.059761    -0.419542    -0.169014
-0.0651    -0.142448    -0.154839
-0.04217    -0.420918    -0.17636
-0.068649    -0.156111    -0.153959
-0.068237    -0.131389    -0.153062
-0.041181    -0.418548    -0.176667
-0.075052    0.125226    0.006367
-0.065127    0.125226    -0.015885
-0.073708    -0.22105    0.114471
-0.072917    -0.191032    0.112606
-0.084551    -0.177817    0.10259
-0.069428    0.046505    0.095725
-0.070982    -0.081297    0.105055
-0.072885    -0.270579    0.11918
-0.071808    -0.048251    0.101701
-0.08032    -0.423868    -0.033313
-0.077464    -0.423868    -0.044229
-0.091822    -0.423868    -0.035345
-0.075539    -0.071672    -0.144786
-0.084176    0.105027    -0.129276
-0.083004    0.046768    -0.133104
-0.069835    -0.152814    -0.153242
-0.07125    -0.209564    -0.155009
-0.084745    0.125226    0.019036
-0.092356    0.125226    -0.093554
-0.093395    0.079601    0.07461
-0.090553    -0.173712    0.097647
-0.081084    -0.036663    0.093628
-0.108312    -0.386426    0.101534
-0.071473    0.064285    0.092692
-0.101807    -0.423868    0.037069
-0.08087    -0.423868    0.117503
-0.089121    -0.423868    0.071627
-0.091228    -0.279818    -0.143212
-0.101685    -0.331779    -0.1378
-0.080923    -0.327467    -0.153515
-0.082423    -0.364056    -0.154203
-0.100181    -0.402803    -0.142525
-0.086301    -0.174272    -0.141686
-0.095447    0.125226    0.012973
-0.094531    0.125226    0.011598
-0.093468    0.097295    0.07299
-0.107404    -0.208328    0.085277
-0.105133    -0.256961    0.093081
-0.115364    -0.183861    0.072466
-0.131681    -0.370401    0.069786
-0.122706    -0.393458    0.08378
-0.115116    -0.423868    -0.123938
-0.11061    -0.423868    0.062873
-0.113496    -0.235231    -0.118794
-0.097951    -0.044838    -0.126188
-0.110344    -0.111375    -0.114533
-0.115495    -0.40385    -0.127582
-0.125428    -0.30566    -0.108003
-0.110388    -0.398536    -0.133878
-0.106498    -0.133226    -0.121021
-0.110363    0.125226    0.035145
-0.116905    0.011308    -0.097692
-0.120227    -0.138632    -0.103495
-0.117125    -0.155041    -0.108646
-0.124414    -0.210362    -0.102885
-0.107424    0.060454    -0.106729
-0.122808    -0.423868    0.037918
-0.116311    -0.423868    0.069979
-0.117554    -0.106843    0.061938
-0.118157    -0.144834    0.064938
-0.104092    0.004447    0.068394
-0.108709    -0.020936    0.064906
-0.101842    0.123797    0.059435
-0.117621    0.125226    -0.035185
-0.150121    -0.40451    -0.066994
-0.142191    -0.321353    -0.076677
-0.131089    -0.25769    -0.096235
-0.123355    -0.044714    -0.090671
-0.121815    -0.057168    -0.095807
-0.130194    -0.17225    -0.088674
-0.142875    -0.423868    0.022694
-0.12304    -0.001471    0.040242
-0.131927    -0.282363    0.059757
-0.133606    -0.331503    0.062868
-0.123476    0.033841    0.034037
-0.118937    0.105739    0.034509
-0.131766    -0.249018    0.055282
-0.127045    0.057022    -0.070187
-0.126743    0.060969    -0.070467
-0.140382    -0.228966    -0.07053
-0.119128    0.070558    -0.087759
-0.151444    -0.376158    -0.060574
-0.151247    -0.384481    -0.061997
-0.141423    -0.261303    0.033758
-0.137939    -0.316244    0.050182
-0.138594    -0.228002    0.035731
-0.140024    -0.257193    0.036536
-0.129771    0.04047    0.017874
-0.143111    -0.221663    0.0239
-0.13595    -0.075738    0.019905
-0.134811    -0.017565    -0.058731
-0.130429    0.087973    -0.054044
-0.133152    0.101427    -0.028518
-0.135824    0.006661    -0.042318
-0.138139    -0.090067    -0.059536
-0.154915    -0.423868    0.000582
-0.14067    -0.121149    0.009061
-0.131922    0.118045    -0.018223
-0.137312    -0.024905    -0.003145
-0.131481    0.099654    -0.007661
-0.152288    -0.38833    0.025506
-0.138452    -0.004616    -0.026413
-0.142549    -0.105492    -0.031589
-0.155389    -0.405309    -0.04193
-0.143316    -0.137179    -0.037163
-0.14751    -0.257556    -0.048613
-0.14771    -0.216629    -0.032372
-0.143899    -0.12108    -0.02694
-0.142081    -0.117252    -0.003184
-0.146947    -0.197901    -0.008541
-0.147223    -0.227937    0.001127
-0.146051    -0.177843    -0.009596
-0.158331    -0.417354    -0.009017
-0.143356    -0.102904    -0.018492
-0.146773    -0.200401    -0.006245
0.009684    0.228735    0.066647
-0.014853    0.17248    0.087849
0.014155    0.137277    0.104594
0.000382    0.252707    -0.083539
-0.025346    0.189995    0.079145
0.035284    0.219367    0.063843
-0.011699    0.252707    -0.055869
0.011124    0.252707    -0.084903
-0.028392    0.166019    0.088025
-0.016321    0.252707    -0.064478
0.067699    0.137066    0.087176
0.027966    0.252707    0.01575
-0.001459    0.230933    -0.113863
0.032332    0.162284    -0.142252
-0.033347    0.242157    0.054179
-0.023711    0.252707    -0.024852
0.03939    0.252707    0.014589
0.023451    0.150548    -0.148935
0.003055    0.18706    -0.134463
-0.019087    0.127781    -0.159062
0.030246    0.2048    -0.121906
-0.064443    0.186574    0.06029
-0.066431    0.138886    0.081721
-0.025706    0.252707    0.024433
0.076492    0.146653    0.075933
0.057717    0.250859    0.03459
0.051994    0.176199    -0.127524
-0.069071    0.199622    0.050469
-0.05032    0.252707    -0.056378
-0.046201    0.164219    -0.133506
0.098811    0.141881    0.059297
0.10867    0.142124    0.046274
0.061029    0.185447    -0.117759
-0.063086    0.231494    0.039697
-0.051986    0.252707    0.004476
-0.056269    0.205537    -0.106874
0.060005    0.252707    -0.042085
0.061464    0.227257    -0.092361
-0.086128    0.188654    0.036503
-0.068479    0.252707    -0.064076
-0.070882    0.1371    -0.133022
0.120593    0.14314    0.023709
0.101096    0.179498    0.028189
0.086975    0.179456    -0.098882
-0.111761    0.140764    0.028992
-0.112705    0.156542    0.010901
-0.068442    0.247338    -0.069551
0.073694    0.252707    -0.010248
-0.072714    0.248716    0.015076
-0.080335    0.224801    -0.068829
-0.096268    0.150947    -0.099841
-0.089962    0.154204    -0.105811
0.135812    0.125657    0.006564
0.078169    0.239975    -0.059912
-0.11397    0.167251    -0.01879
-0.10327    0.168411    -0.073627
-0.116295    0.12765    -0.085653
0.096861    0.217054    -0.018685
0.10184    0.188335    -0.0666
-0.102593    0.196628    -0.019933
-0.096714    0.210793    -0.031586
-0.122177    0.141771    -0.048375
0.101388    0.206448    -0.033573
0.10315    0.197956    -0.050553
0.003169    0.170267    0.092587
-0.015894    0.17729    0.085618
0.019896    0.217526    0.069811
0.037883    0.127819    0.103383
0.000629    0.252707    -0.036787
-0.007115    0.224526    0.067866
-0.008105    0.252707    -0.048463
0.008237    0.252707    -0.088122
-0.047245    0.138459    0.091728
-0.056407    0.140588    0.087043
-0.01012    0.252707    -0.010901
0.053668    0.133964    0.094373
0.02118    0.252707    -0.097845
0.003282    0.154195    -0.149839
-0.03402    0.251928    0.049822
-0.030678    0.252707    -0.065091
0.060967    0.18818    0.065623
0.038921    0.252707    -0.003858
0.00673    0.135962    -0.157991
-0.01801    0.173178    -0.138292
-0.026357    0.144695    -0.150314
0.027097    0.214239    -0.118384
-0.057581    0.16138    0.077684
-0.039411    0.252707    -0.056646
-0.030031    0.22817    -0.10936
0.073349    0.156735    0.072952
0.045174    0.252707    -0.001687
0.046893    0.22323    -0.105599
-0.064625    0.201528    0.052957
-0.043109    0.156192    -0.138657
-0.033108    0.148727    -0.146399
0.077634    0.192865    0.050321
0.052274    0.252707    -0.077791
0.057318    0.21291    -0.104134
-0.073187    0.207018    0.041864
-0.05535    0.232792    -0.092703
0.069    0.245882    0.023561
0.076536    0.192747    -0.101494
-0.089992    0.146216    0.058023
-0.106229    0.139687    0.040947
-0.074696    0.171802    -0.111153
-0.063802    0.188588    -0.11035
0.104256    0.169857    0.031854
0.091832    0.1712    -0.099008
0.096005    0.172787    -0.092329
-0.119347    0.140441    0.011002
-0.07537    0.204148    -0.090339
0.078384    0.240497    0.011574
0.080618    0.211374    -0.082212
-0.076684    0.246029    0.0082
-0.083548    0.227764    -0.057932
-0.079157    0.207532    -0.083076
0.125141    0.156124    -0.019435
0.073355    0.252707    -0.050745
-0.113434    0.168029    -0.017038
-0.113484    0.162232    -0.00014
-0.093451    0.197567    -0.066238
0.117701    0.173463    -0.023829
0.10772    0.181872    -0.060394
-0.080046    0.251733    -0.012932
-0.108085    0.182571    -0.031161
-0.122356    0.140177    -0.051865
0.128454    0.144384    -0.050046
0.115077    0.177359    -0.033673
0.114868    0.173175    -0.050222
-0.022144    0.307839    0.054439
-0.027366    0.366018    0.005
-0.013302    0.305225    0.056664
-0.015424    0.366944    0.005384
-0.024603    0.341889    -0.100408
0.009711    0.364939    0.057346
-0.03812    0.360158    0.047961
-0.037502    0.366018    -0.074507
-0.010124    0.296829    -0.104047
0.007888    0.280422    0.057374
-0.053774    0.257087    0.037131
-0.053791    0.366018    0.005558
0.005957    0.335908    -0.104293
-0.007165    0.366018    -0.04572
-0.061645    0.302436    0.029497
-0.060857    0.366018    -0.043805
0.018347    0.296536    -0.102089
0.025345    0.322249    0.053475
-0.069721    0.360009    0.017607
-0.059273    0.335384    -0.078377
-0.051345    0.261124    -0.086551
0.027994    0.285434    -0.099661
0.006912    0.366018    0.022102
-0.000568    0.446494    0.006006
0.011357    0.366018    -0.045826
0.030778    0.348246    -0.09873
0.048076    0.366018    -0.048648
0.005493    0.4016    0.018004
-0.075772    0.366018    -0.04117
0.048572    0.346042    -0.088816
0.054943    0.331954    0.036082
0.04153    0.366018    -0.086302
0.013066    0.4205    0.014253
-0.080306    0.334597    -0.01012
0.008486    0.381748    -0.015618
0.003765    0.391633    -0.016844
0.028787    0.366018    -0.004179
0.054833    0.350657    -0.082761
-0.080754    0.286669    -0.015549
-0.078678    0.30729    -0.042054
0.068858    0.31001    0.019102
0.068144    0.361083    -0.066865
0.014589    0.396195    -0.011557
0.019521    0.417206    0.000516
0.018937    0.441086    0.001823
0.079023    0.362759    -0.040915
0.077823    0.339754    -0.001459
0.08063    0.271181    -0.035264
0.080667    0.286977    -0.033469
0.010111    0.435812    -0.005128
-0.002402    0.435812    0.000296
-0.00988    0.443498    0.035273
-0.017905    0.45423    0.013103
-0.036603    0.435812    -0.025108
-0.040402    0.435812    0.025795
-0.024932    0.366018    0.042057
-0.029058    0.295402    0.052699
-0.01464    0.366018    -0.085925
-0.033304    0.263839    0.050644
-0.015698    0.435942    -0.002092
-0.017165    0.291333    -0.102524
0.001072    0.348376    0.057478
-0.009533    0.366018    0.033257
-0.030492    0.254155    -0.098733
-0.008967    0.343926    -0.104065
-7.8e-05    0.280536    0.057495
-0.051521    0.333074    0.039316
-0.03726    0.34214    -0.095277
0.006795    0.317627    -0.104306
-0.001901    0.366018    -0.081752
-0.063571    0.339505    0.027629
-0.053525    0.366018    -0.076431
0.013107    0.334883    -0.103407
0.02561    0.287384    0.0534
-0.066426    0.346681    0.023117
-0.05844    0.346356    -0.079237
-0.053278    0.300635    -0.084558
-0.006614    0.366018    -0.016295
-0.00138    0.403541    0.018088
-0.071464    0.366018    -0.052441
0.026156    0.366018    -0.086343
0.001158    0.366018    -0.022563
0.04028    0.366018    0.028015
-0.076762    0.33906    0.002341
-0.075081    0.284153    -0.054733
0.048522    0.349538    -0.088843
0.052982    0.26763    0.038104
0.039396    0.366018    -0.081932
0.017456    0.424319    0.008878
-0.000419    0.441499    -0.016827
0.019632    0.366018    -0.034364
0.063457    0.298085    0.027304
0.026125    0.366018    0.010756
0.0637    0.346105    -0.074161
-0.080703    0.313987    -0.012185
0.003331    0.425085    -0.016901
0.066452    0.366018    -0.023505
0.010171    0.446494    -0.014337
0.018183    0.37943    -0.005735
0.074644    0.366018    -0.00606
0.079082    0.275569    -0.006462
0.076367    0.341064    -0.050258
0.080028    0.32403    -0.010223
0.080963    0.297561    -0.014132
0.080661    0.31508    -0.03385
0.01386    0.45276    -0.017479
-0.002252    0.45423    0.01014
-0.016395    0.435812    -0.024668
-0.022789    0.435812    -0.029144
-0.035386    0.440238    0.029957
-0.042746    0.45423    0.014965
-0.069638    0.357546    -0.011605
-0.048292    0.377166    -0.028197
-0.055887    0.382788    -0.029039
-0.027443    0.397634    -0.043198
-0.014017    0.422033    -0.044044
-0.035031    0.403902    -0.031125
-0.021086    0.410861    -0.026202
-0.018894    0.415205    -0.024123
-0.009151    0.43011    -0.011569
-0.042709    0.400028    -0.049669
