-0.026382    0.126144    -0.04976
-0.013894    0.123171    -0.054701
-0.038504    0.154601    -0.039828
-0.043826    0.134719    -0.035491
-0.034624    0.157196    0.001754
-0.00376    0.101572    -0.058487
-0.045456    0.157196    -0.011333
-0.013845    0.157196    0.046849
0.001582    0.140794    -0.055902
-0.054764    0.098731    -0.021069
-0.007449    0.157196    0.008882
-0.054882    0.149139    -0.011245
-0.002872    0.157196    -0.018423
0.01593    0.14311    -0.053542
-0.031067    0.14767    0.046264
-0.0073    0.139161    0.055655
0.001555    0.157196    -0.012767
0.027103    0.105342    -0.051224
-0.050612    0.141383    0.023791
-0.0118    0.138048    0.055025
0.012924    0.157196    0.041982
0.013354    0.157196    -0.010361
0.025832    0.152525    -0.049494
-0.054715    0.124451    0.013658
0.008014    0.125414    0.055895
-0.051449    0.108708    0.025217
0.037299    0.146778    -0.041872
-0.051207    0.104374    0.026934
0.033028    0.157196    -0.011887
0.029827    0.155703    0.044891
0.031967    0.156026    0.042565
0.022905    0.124316    0.051595
0.054279    0.103633    -0.021135
0.054092    0.120358    -0.017112
0.042119    0.115304    0.038248
0.048064    0.129041    0.029237
0.055794    0.143662    0.002149
0.051818    0.141689    0.021387
0.054006    0.103931    0.021207
0.015047    0.092259    -0.05775
-0.04776    0.094615    -0.035854
0.008261    0.081652    -0.048166
-0.033194    0.079996    -0.035408
0.025401    0.073932    -0.041363
-0.038039    0.068134    -0.038155
0.009178    0.055684    -0.06679
0.032034    0.049741    -0.066879
-0.045439    0.066122    -0.032804
-0.042859    0.063245    -0.040872
-0.012695    0.052016    -0.07
0.002365    0.04634    -0.077179
0.033514    0.065756    -0.045447
-0.053837    0.068135    -0.000861
-0.060762    0.047699    -0.045513
-0.061672    0.024242    -0.073718
-0.035294    0.037202    -0.078098
0.017735    0.016692    -0.101355
0.03015    0.037957    -0.079578
0.053276    0.04864    -0.052507
-0.075386    0.048159    0.000811
-0.064334    0.055572    0.020944
-0.087003    0.034019    -0.017502
-0.072903    0.021868    -0.066155
-0.047405    0.020038    -0.087438
-0.018195    0.012482    -0.104015
0.011851    0.014556    -0.10338
0.017169    0.034064    -0.087073
-0.040919    0.091083    0.043581
0.056263    0.038579    -0.063768
-0.099082    0.019615    -0.016067
-0.072998    0.047562    0.021535
-0.075376    0.022406    -0.063022
-0.097063    0.015712    -0.034331
-0.079989    -0.02285    -0.087906
-0.041212    -0.034978    -0.115463
-0.046689    -0.001455    -0.104232
-0.028967    -0.010228    -0.112452
0.022133    -0.035251    -0.120656
0.03699    -0.006263    -0.109044
0.063943    -0.019177    -0.099206
0.058705    0.090388    0.006262
0.089135    0.004259    -0.068623
-0.000652    0.090388    0.057263
-0.097731    0.022506    0.00315
-0.042803    0.072183    0.024946
-0.09038    -0.002295    -0.070618
-0.101476    -0.001961    -0.053345
-0.112998    -0.000886    -0.020854
-0.083491    -0.014994    -0.082374
-0.056348    -0.046944    -0.110734
-0.063818    -0.007808    -0.097073
-0.032865    -0.027332    -0.115535
0.006367    -0.035853    -0.121595
0.050076    -0.058778    -0.117171
0.039036    -0.038622    -0.115999
0.079725    -0.056259    -0.098879
0.083839    -0.020201    -0.083609
0.048695    0.090078    -0.002085
0.09534    0.01178    -0.046566
0.098446    -0.035985    -0.072704
0.083514    0.03258    -0.032878
-0.116564    -0.012159    -0.000858
-0.106506    0.004796    0.036156
-0.036789    0.084467    0.031664
-0.087396    0.017296    0.05234
-0.093563    -0.025375    -0.075212
-0.114829    -0.049013    -0.050213
-0.120746    -0.045312    -0.029226
-0.081818    -0.376629    -0.097992
-0.08435    -0.172754    -0.095213
-0.083563    -0.443138    -0.096577
-0.08279    -0.456897    -0.097308
-0.083355    -0.335247    -0.096505
-0.080327    -0.292475    -0.099135
-0.07417    -0.353896    -0.104842
-0.082074    -0.190173    -0.09731
-0.080258    -0.537594    -0.09979
-0.073869    -0.330175    -0.105057
-0.076214    -0.301002    -0.102868
-0.087375    -0.346939    -0.092903
-0.078057    -0.510617    -0.101711
-0.077274    -0.170969    -0.101597
-0.073371    -0.268833    -0.105358
-0.052483    -0.472936    -0.116629
-0.043662    -0.213042    -0.120615
-0.044666    -0.218647    -0.120113
-0.045915    -0.088065    -0.119211
-0.055051    -0.46533    -0.115301
-0.058461    -0.150638    -0.112924
-0.058643    -0.35426    -0.113241
-0.053105    -0.536031    -0.116438
-0.048292    -0.407855    -0.11864
-0.056601    -0.433809    -0.114445
-0.046332    -0.504888    -0.119838
-0.050108    -0.211626    -0.117317
-0.062367    -0.242674    -0.111112
-0.067927    -0.112053    -0.108007
-0.043972    -0.667583    -0.121372
-0.013538    -0.080692    -0.12701
-0.016981    -0.327392    -0.126726
-0.034424    -0.101417    -0.12258
-0.030149    -0.159075    -0.1236
-0.011999    -0.208212    -0.127573
-0.023908    -0.063034    -0.124759
-0.016153    -0.220381    -0.126707
-0.031716    -0.064489    -0.123091
-0.025467    -0.166008    -0.124614
-0.018557    -0.423539    -0.126565
-0.014448    -0.138304    -0.126921
-0.019339    -0.352458    -0.126268
-0.011421    -0.580993    -0.128381
-0.019091    -0.343974    -0.126305
-0.032792    -0.098867    -0.122924
0.014496    -0.15382    -0.126588
0.018377    -0.176049    -0.12643
0.012531    -0.426494    -0.127178
0.018952    -0.197224    -0.126439
-0.003759    -0.07312    -0.127375
0.011756    -0.374419    -0.127124
0.019551    -0.127771    -0.126283
0.015081    -0.595992    -0.127353
0.010083    -0.315312    -0.127104
0.001535    -0.112086    -0.127175
0.002025    -0.183011    -0.127277
0.021719    -0.661475    -0.127131
0.021753    -0.468827    -0.126783
0.012363    -0.294495    -0.12695
0.049723    -0.326142    -0.117891
0.048716    -0.194121    -0.117968
0.05124    -0.538909    -0.117802
0.050805    -0.100966    -0.117117
0.048634    -0.367761    -0.118322
0.050298    -0.104239    -0.117287
0.04627    -0.213402    -0.118796
0.032375    -0.241675    -0.123343
0.040561    -0.302705    -0.120811
0.052957    -0.373667    -0.116935
0.037022    -0.277042    -0.121907
0.050842    -0.553402    -0.117958
0.032708    -0.267979    -0.123285
0.047086    -0.417177    -0.118916
0.046873    -0.576574    -0.119286
0.078148    -0.321358    -0.10125
0.079438    -0.299782    -0.100368
0.074702    -0.381905    -0.10361
0.080724    -0.20134    -0.099325
0.075625    -0.319589    -0.102879
0.081296    -0.564312    -0.09973
0.067116    -0.291247    -0.108329
0.083237    -0.695266    -0.098754
0.08019    -0.471337    -0.100248
0.068389    -0.257045    -0.107431
0.06503    -0.070419    -0.109207
0.082515    -0.479842    -0.09876
0.074274    -0.368498    -0.103858
0.074668    -0.509355    -0.103905
0.073006    -0.146515    -0.104205
0.100967    -0.506274    -0.07887
0.103789    -0.572006    -0.075921
0.086746    -0.165168    -0.093708
0.103106    -0.620362    -0.076806
0.0913    -0.229318    -0.088835
0.09668    -0.172219    -0.082724
0.098235    -0.407252    -0.081631
0.104729    -0.707018    -0.07524
0.09087    -0.211647    -0.089264
0.089658    -0.149734    -0.090441
0.098816    -0.436474    -0.081066
0.093364    -0.204705    -0.086483
0.099349    -0.10977    -0.079601
0.086883    -0.074035    -0.093312
0.09818    -0.369244    -0.08159
0.048442    0.075259    0.002874
0.11023    -0.019153    -0.043662
0.100157    -0.027075    -0.067265
0.102195    -0.025201    -0.062355
0.101199    0.012391    -0.03171
-0.120236    -0.026473    0.008214
-0.125763    -0.054182    -0.005246
-0.112233    0.001731    0.01719
-0.058809    0.033991    0.066463
-0.097903    0.001044    0.05784
-0.091595    0.004581    0.06551
-0.103685    -0.224117    -0.074065
-0.11241    -0.084574    -0.060131
-0.108062    -0.322657    -0.067632
-0.103775    -0.210315    -0.07388
-0.111393    -0.403934    -0.062755
-0.113248    -0.447121    -0.060034
-0.113168    -0.152895    -0.059186
-0.10802    -0.330001    -0.067721
-0.105135    -0.326558    -0.072164
-0.110412    -0.533881    -0.0647
-0.103417    -0.106492    -0.074091
-0.114762    -0.64452    -0.058346
-0.104832    -0.145584    -0.072035
-0.107388    -0.393925    -0.068908
-0.113771    -0.276123    -0.058662
-0.123882    -0.178755    -0.030342
-0.122473    -0.242073    -0.035068
-0.121086    -0.253177    -0.039423
-0.126327    -0.541395    -0.024898
-0.123632    -0.501806    -0.033
-0.121195    -0.102885    -0.038209
-0.125242    -0.378907    -0.027304
-0.125196    -0.240688    -0.026641
-0.123169    -0.503178    -0.03444
-0.119503    -0.138909    -0.04365
-0.119076    -0.205611    -0.045359
-0.1237    -0.162315    -0.03081
-0.12274    -0.404276    -0.035189
-0.117196    -0.103328    -0.050577
-0.117352    -0.095021    -0.050046
-0.084633    -0.759634    -0.096376
-0.097172    -0.495465    -0.084417
-0.093323    -0.374907    -0.0876
-0.09609    -0.552379    -0.085531
-0.091722    -0.287721    -0.088835
-0.085806    -0.53566    -0.094776
-0.091506    -0.499627    -0.089542
-0.08092    -0.633961    -0.099425
-0.088743    -0.627603    -0.092347
-0.093261    -0.293313    -0.087459
-0.092292    -0.568776    -0.089
-0.092048    -0.442416    -0.088915
-0.091304    -0.389791    -0.08946
-0.097067    -0.374392    -0.084219
-0.084983    -0.484789    -0.095396
-0.058489    -0.758531    -0.114134
-0.065403    -0.763543    -0.11061
-0.065901    -0.739609    -0.110307
-0.062404    -0.654021    -0.111922
-0.067213    -0.431855    -0.109016
-0.05431    -0.547465    -0.115845
-0.068851    -0.486406    -0.108289
-0.063222    -0.696159    -0.111589
-0.068465    -0.556269    -0.108627
-0.0449    -0.760618    -0.121085
-0.06336    -0.53612    -0.111196
-0.069078    -0.582842    -0.108367
-0.053292    -0.561253    -0.116394
-0.061246    -0.343034    -0.111888
-0.066617    -0.720355    -0.109902
-0.033669    -0.738833    -0.123911
-0.032207    -0.762836    -0.124268
-0.013691    -0.741325    -0.12819
-0.036798    -0.75843    -0.123277
-0.032468    -0.634689    -0.123977
-0.036053    -0.546387    -0.123048
-0.018157    -0.665282    -0.127095
-0.031282    -0.685181    -0.124323
-0.032839    -0.64332    -0.123913
-0.02822    -0.412324    -0.124478
-0.029938    -0.509192    -0.124288
-0.042803    -0.273801    -0.121103
-0.039466    -0.148399    -0.121587
-0.039988    -0.362582    -0.121869
-0.024418    -0.531093    -0.125509
0.016124    -0.657421    -0.12741
-0.004575    -0.56417    -0.128299
-0.00608    -0.436003    -0.128146
0.002123    -0.641772    -0.128097
-0.00493    -0.194453    -0.127653
0.01579    -0.651142    -0.127415
0.004409    -0.600769    -0.127906
-0.009731    -0.291576    -0.128073
-0.008142    -0.36227    -0.128119
0.002659    -0.394511    -0.127625
0.011457    -0.766705    -0.127845
0.005255    -0.629006    -0.127914
0.004421    -0.554103    -0.127822
0.017981    -0.673398    -0.127344
0.000466    -0.445014    -0.127828
0.024872    -0.519902    -0.126295
0.030961    -0.509724    -0.124306
0.038482    -0.616596    -0.122075
0.02898    -0.587892    -0.125094
0.043487    -0.690533    -0.120596
0.0278    -0.468277    -0.12525
0.031857    -0.390613    -0.123792
0.031895    -0.718048    -0.124397
0.032845    -0.563414    -0.123798
0.038746    -0.638199    -0.12203
0.050277    -0.757728    -0.118526
0.041203    -0.683268    -0.121321
0.029818    -0.420695    -0.124508
0.041188    -0.585891    -0.121142
0.031439    -0.47539    -0.124087
0.082205    -0.761657    -0.099564
0.072033    -0.688753    -0.105995
0.0625    -0.632197    -0.112046
0.058462    -0.186358    -0.113708
0.063692    -0.383916    -0.110744
0.057338    -0.727514    -0.115593
0.077276    -0.616697    -0.102445
0.059423    -0.362736    -0.113463
0.064479    -0.654706    -0.110813
0.059281    -0.174226    -0.113151
0.062687    -0.748111    -0.112173
0.071672    -0.595157    -0.106028
0.06781    -0.702703    -0.108759
0.072843    -0.632636    -0.10535
0.069301    -0.445348    -0.107243
0.084725    -0.180356    -0.095987
0.090136    -0.691952    -0.091364
0.090958    -0.353073    -0.089546
0.089882    -0.736053    -0.091764
0.088242    -0.335776    -0.092508
0.085302    -0.354731    -0.095815
0.095698    -0.718887    -0.085275
0.087511    -0.701953    -0.094298
0.086428    -0.598843    -0.095222
0.085514    -0.135446    -0.094993
0.08383    -0.402379    -0.097573
0.086959    -0.441868    -0.094213
0.090232    -0.502868    -0.090751
0.090098    -0.73496    -0.091522
0.086858    -0.711813    -0.095048
0.107222    -0.685622    -0.071723
0.111578    -0.564958    -0.062727
0.108994    -0.459258    -0.067365
0.113264    -0.427312    -0.058886
0.114121    -0.524043    -0.057591
0.117332    -0.610276    -0.05165
0.107616    -0.358821    -0.069664
0.114644    -0.530646    -0.056593
0.106732    -0.466633    -0.071819
0.110575    -0.415458    -0.064099
0.111104    -0.443183    -0.063174
0.114902    -0.720353    -0.056837
0.119978    -0.712339    -0.046876
0.1072    -0.620602    -0.071511
0.109399    -0.335071    -0.066084
0.072287    0.050498    0.010662
0.10632    0.011971    -0.009389
0.121338    -0.046532    -0.02629
0.115252    -0.220414    -0.054182
0.121383    -0.558847    -0.043522
0.113916    -0.339341    -0.057263
0.10974    -0.185892    -0.064829
0.108531    -0.102616    -0.066864
0.109358    -0.159535    -0.065471
0.11934    -0.441087    -0.047055
0.116529    -0.401727    -0.052398
0.115033    -0.166494    -0.054398
0.12131    -0.698566    -0.044215
0.115577    -0.400563    -0.054257
0.117918    -0.138024    -0.048641
0.121567    -0.579377    -0.043243
0.119781    -0.679918    -0.047134
0.107553    -0.060599    -0.068613
0.111349    -0.007985    -0.031724
0.116603    -0.012991    -0.012522
-0.127546    -0.132578    0.005016
-0.126457    -0.22178    -0.019449
-0.1272    -0.518984    -0.015358
-0.127576    -0.071888    0.007743
-0.126642    -0.293122    -0.018339
-0.127491    -0.195207    0.001729
-0.127578    -0.080709    0.007459
-0.126749    -0.158367    -0.011498
-0.12644    -0.279183    -0.021815
-0.127007    -0.624773    -0.02287
-0.12732    -0.285543    -0.004791
-0.127066    -0.574295    -0.019925
-0.12729    -0.556638    -0.014924
-0.126799    -0.14106    -0.009912
-0.127477    -0.298011    -0.002152
-0.117984    -0.044417    0.039707
-0.113712    -0.017261    0.030609
-0.052939    0.025455    0.078979
-0.103699    -0.029438    0.061497
-0.090623    -0.009468    0.072508
-0.098742    -0.528512    -0.082704
-0.101736    -0.432785    -0.077765
-0.108597    -0.504266    -0.067405
-0.100349    -0.554941    -0.08031
-0.103078    -0.629946    -0.076343
-0.106553    -0.48421    -0.070495
-0.108334    -0.523664    -0.067874
-0.110198    -0.710585    -0.065613
-0.09861    -0.645718    -0.083295
-0.102322    -0.635477    -0.077529
-0.097822    -0.208029    -0.083067
-0.102025    -0.489    -0.077504
-0.104812    -0.618964    -0.073628
-0.112117    -0.673712    -0.062529
-0.105663    -0.758688    -0.072776
-0.117512    -0.736753    -0.053292
-0.117259    -0.546637    -0.052966
-0.121751    -0.592036    -0.039341
-0.117538    -0.267297    -0.050473
-0.125055    -0.730901    -0.029936
-0.1197    -0.441028    -0.044802
-0.116924    -0.478417    -0.053604
-0.123265    -0.561976    -0.034486
-0.12029    -0.639129    -0.044134
-0.123696    -0.591474    -0.033325
-0.118825    -0.335359    -0.046891
-0.122324    -0.556163    -0.037359
-0.11707    -0.580046    -0.053745
-0.11765    -0.588356    -0.052001
-0.116796    -0.368417    -0.053357
-0.116859    -0.189624    -0.05212
-0.082773    -0.773897    0.067123
-0.092574    -0.773897    -0.054796
-0.082004    -0.773897    0.035448
-0.056915    -0.773897    0.055433
-0.055085    -0.773897    -0.033232
-0.055004    -0.773897    0.069782
-0.052455    -0.773897    -0.051509
-0.037354    -0.773897    -0.054037
-0.016828    -0.773897    -0.003312
-0.032974    -0.773897    -0.077207
-0.019172    -0.773897    -0.098251
-0.018114    -0.773897    -0.068877
-0.000672    -0.773897    -0.095873
0.004216    -0.773897    -0.072936
-0.002748    -0.773897    -0.08215
0.01041    -0.773897    0.104971
0.015895    -0.773897    -0.08932
0.011485    -0.773897    -0.008157
0.045262    -0.773897    0.079987
0.049963    -0.773897    -0.016967
0.036394    -0.773897    -0.039017
0.045184    -0.773897    -0.033578
0.063413    -0.773897    -0.079809
0.074687    -0.773897    0.07528
0.076207    -0.773897    -0.053142
0.067537    -0.773897    -0.046749
0.095411    -0.773897    -0.060833
0.095592    -0.773897    -0.037029
0.100943    -0.773897    0.005016
0.11274    -0.773897    -0.048459
0.073707    0.043019    0.034548
0.124737    -0.132635    -0.024606
0.127747    -0.655834    -0.015027
0.122442    -0.098622    -0.035042
0.127517    -0.333121    -0.013333
0.122982    -0.08625    -0.032415
0.127098    -0.370038    -0.01561
0.122767    -0.226609    -0.034621
0.127932    -0.212263    -0.010355
0.124997    -0.214921    -0.024099
0.128176    -0.686012    -0.013282
0.122599    -0.074859    -0.034104
0.127339    -0.563814    -0.016146
0.12564    -0.254774    -0.021433
0.126076    -0.453701    -0.021105
0.122439    -0.074144    -0.034846
0.122668    -0.659329    -0.038797
0.123114    -0.750762    -0.037499
0.123118    -0.485024    -0.035196
0.123357    -0.429218    -0.033601
0.122171    -0.26744    -0.037759
0.123866    -0.465512    -0.031532
0.12204    -0.204086    -0.037828
0.123443    -0.750374    -0.035954
0.122413    -0.583503    -0.039337
0.124842    -0.592212    -0.028059
0.121423    -0.215648    -0.040808
0.121595    -0.202835    -0.039896
0.122932    -0.391367    -0.035262
0.123166    -0.599635    -0.035958
0.121864    -0.270444    -0.039218
0.114227    -0.004051    0.011032
-0.031625    0.058009    0.056573
0.007015    0.076521    0.048123
-0.128175    -0.709319    -0.002972
-0.127457    -0.639293    -0.014562
-0.128193    -0.726702    -0.003232
-0.127748    -0.394275    -0.000234
-0.127994    -0.4843    0.001409
-0.128567    -0.756886    0.003028
-0.127932    -0.386069    0.003656
-0.127516    -0.755837    -0.017516
-0.127729    -0.256546    0.004237
-0.127632    -0.248539    0.002625
-0.128705    -0.662625    0.009056
-0.128264    -0.488653    0.006535
-0.127669    -0.151283    0.006768
-0.128081    -0.52517    0.001672
-0.127586    -0.427316    -0.004571
-0.128509    -0.658199    0.011485
-0.127093    -0.393766    0.015835
-0.12678    -0.20012    0.015636
-0.1258    -0.278128    0.020885
-0.127013    -0.42412    0.016471
-0.124851    -0.344665    0.025896
-0.127533    -0.255743    0.012593
-0.125468    -0.171188    0.02152
-0.123159    -0.227963    0.032802
-0.128235    -0.49987    0.011409
-0.122034    -0.173485    0.037594
-0.127947    -0.672183    0.01423
-0.123819    -0.134268    0.028914
-0.125178    -0.230129    0.023384
-0.127581    -0.403837    0.01364
-0.061881    0.00966    0.08835
-0.116571    -0.316539    0.051979
-0.117262    -0.469866    0.051233
-0.115449    -0.346444    0.054292
-0.114543    -0.225557    0.055589
-0.113037    -0.366424    0.059089
-0.116994    -0.442433    0.051648
-0.120272    -0.123358    0.043978
-0.114831    -0.160966    0.05477
-0.11181    -0.228333    0.060945
-0.118477    -0.5462    0.049156
-0.121375    -0.71146    0.04414
-0.107026    -0.073544    0.069694
-0.118    -0.594451    0.050281
-0.113716    -0.088109    0.056665
-0.119801    -0.50508    0.046404
-0.081722    -0.048107    0.095278
-0.099259    -0.773897    -0.073396
-0.106851    -0.773897    0.001994
-0.098381    -0.773897    0.013008
-0.092795    -0.773897    0.086221
-0.090341    -0.773897    0.072421
-0.073583    -0.773897    -0.085404
-0.059813    -0.773897    0.096519
-0.066494    -0.773897    0.098959
-0.041616    -0.773897    0.052104
-0.035464    -0.773897    -0.009903
-0.043457    -0.773897    -0.0503
-0.029381    -0.773897    0.107385
-0.041933    -0.773897    -0.074347
-0.002026    -0.773897    0.126949
-0.006099    -0.773897    -0.042489
-0.008381    -0.773897    0.03243
-0.010273    -0.773897    -0.079854
-0.007545    -0.773897    0.043813
-0.016327    -0.773897    0.082276
0.017028    -0.773897    0.042053
0.019817    -0.773897    0.038093
0.019764    -0.773897    0.022051
0.018751    -0.773897    0.026602
0.028732    -0.773897    0.124136
0.064148    -0.773897    0.105625
0.05592    -0.773897    -0.008213
0.061381    -0.773897    0.027219
0.060449    -0.773897    0.097436
0.090736    -0.773897    0.015918
0.076364    -0.773897    0.055245
0.084906    -0.773897    0.071917
0.109205    -0.773897    0.046959
0.113622    -0.773897    0.030592
0.039126    0.078123    0.028854
0.078587    0.038241    0.03247
0.099116    0.020393    0.003116
0.127756    -0.167745    -0.007884
0.127489    -0.41364    0.006
0.126847    -0.167926    0.009917
0.127294    -0.085915    -0.001714
0.127932    -0.491989    7.7e-05
0.128295    -0.524852    -0.005876
0.127857    -0.302246    -0.005126
0.127347    -0.085637    -0.002771
0.126546    -0.17573    0.016092
0.127958    -0.427797    -0.002685
0.12673    -0.22739    0.014317
0.127665    -0.426681    0.003011
0.128038    -0.473596    -0.002645
0.127906    -0.21061    -0.009321
0.126104    -0.773897    -0.008866
0.124552    -0.050494    0.012764
-0.026118    0.048074    0.070733
0.010049    0.07301    0.047529
-0.122854    -0.509236    0.036639
-0.123216    -0.702542    0.036607
-0.123597    -0.709299    0.034882
-0.121767    -0.493308    0.041583
-0.124162    -0.491229    0.030372
-0.125645    -0.681933    0.025077
-0.124329    -0.557524    0.030159
-0.123382    -0.713432    0.035925
-0.127614    -0.754294    0.016494
-0.126878    -0.739556    0.019805
-0.121461    -0.238189    0.040828
-0.124398    -0.641878    0.030563
-0.12868    -0.767571    0.011624
-0.128228    -0.757352    0.013652
-0.1236    -0.428038    0.032454
-0.072363    -0.025821    0.095527
-0.026187    0.029399    0.088107
-0.107471    -0.681715    0.071221
-0.113467    -0.486616    0.058723
-0.10916    -0.653091    0.067805
-0.11904    -0.654715    0.048483
-0.110261    -0.522662    0.065135
-0.108164    -0.272727    0.068253
-0.109666    -0.355906    0.065643
-0.109285    -0.556827    0.067179
-0.112904    -0.69393    0.060642
-0.11017    -0.590528    0.065581
-0.108995    -0.310657    0.066777
-0.107159    -0.157425    0.069765
-0.109211    -0.607924    0.067527
-0.107392    -0.502984    0.070672
-0.10874    -0.744512    0.068987
-0.10487    -0.5512    0.074668
-0.088304    -0.143502    0.091924
-0.096147    -0.331892    0.083742
-0.103738    -0.651951    0.076191
-0.094861    -0.235379    0.084908
-0.095612    -0.276912    0.084187
-0.099413    -0.153412    0.079646
-0.091115    -0.294719    0.089216
-0.10546    -0.531778    0.073961
-0.092662    -0.229648    0.087328
-0.094794    -0.217332    0.084933
-0.105763    -0.70806    0.074099
-0.092878    -0.21847    0.087059
-0.098009    -0.400052    0.081862
-0.087803    -0.112915    0.092397
-0.113136    -0.773897    0.024597
-0.090465    -0.594477    0.090738
-0.097986    -0.702412    0.082697
-0.092766    -0.660421    0.088366
-0.095084    -0.712243    0.085938
-0.083615    -0.400137    0.097805
-0.103508    -0.76551    0.07675
-0.09958    -0.645634    0.080779
-0.085948    -0.306367    0.09497
-0.08573    -0.33224    0.095281
-0.092477    -0.645912    0.088647
-0.084475    -0.113874    0.096086
-0.099365    -0.725406    0.081231
-0.096016    -0.588138    0.084573
-0.087653    -0.439366    0.093437
-0.089001    -0.730344    0.092724
-0.059918    -0.741236    0.113952
-0.062623    -0.763189    0.112247
-0.057243    -0.122498    0.11436
-0.06759    -0.585637    0.108651
-0.060893    -0.370373    0.112527
-0.05742    -0.471216    0.114991
-0.06726    -0.388469    0.108443
-0.05913    -0.556299    0.114066
-0.074224    -0.54093    0.104259
-0.063192    -0.377006    0.111053
-0.073168    -0.543572    0.104949
-0.062767    -0.63318    0.111876
-0.063915    -0.45067    0.110742
-0.082835    -0.768008    0.09917
-0.055432    -0.074224    0.11543
-0.032287    -0.589119    0.124027
-0.032084    -0.397966    0.123732
-0.037957    -0.685315    0.122375
-0.040839    -0.560845    0.121208
-0.046028    -0.746325    0.119879
-0.032103    -0.305029    0.123551
-0.038411    -0.718389    0.12229
-0.044715    -0.699928    0.120216
-0.040197    -0.637004    0.121559
-0.032503    -0.301872    0.123416
-0.042271    -0.531562    0.120689
-0.038138    -0.424161    0.121823
-0.033712    -0.710433    0.123795
-0.047226    -0.69251    0.11939
-0.03917    -0.726609    0.12206
-0.013767    -0.717487    0.127638
0.005049    -0.741884    0.128643
-0.008832    -0.768739    0.127982
-0.001334    -0.545461    0.127964
-0.008546    -0.745254    0.127955
0.003336    -0.669521    0.128425
-0.008195    -0.605431    0.127721
-0.003665    -0.404204    0.127591
-0.007288    -0.731706    0.127995
0.005418    -0.637766    0.128475
-0.01031    -0.545409    0.127505
0.002998    -0.730681    0.128518
0.007705    -0.122406    0.127665
0.001187    -0.277745    0.127611
-0.001015    -0.747261    0.128343
0.040845    -0.648382    0.12221
0.027058    -0.695486    0.125246
0.038418    -0.680152    0.122787
0.040369    -0.60503    0.122232
0.041817    -0.634613    0.121977
0.037087    -0.567461    0.122865
0.037521    -0.661239    0.122944
0.030969    -0.353148    0.123781
0.032575    -0.740882    0.124149
0.02076    -0.729573    0.126656
0.038591    -0.378981    0.122198
0.030128    -0.721137    0.124636
0.030778    -0.327204    0.123774
0.032401    -0.754064    0.12421
0.041347    -0.357939    0.121569
0.049342    -0.759842    0.118813
0.067818    -0.487937    0.10882
0.07078    -0.577556    0.107486
0.063234    -0.321961    0.110829
0.06698    -0.568598    0.109411
0.068765    -0.330322    0.108018
0.065507    -0.425589    0.109876
0.059962    -0.662667    0.113188
0.063062    -0.713049    0.111705
0.05224    -0.580457    0.11697
0.057706    -0.769606    0.114557
0.055154    -0.541038    0.115401
0.061569    -0.342878    0.111722
0.070583    -0.206052    0.106838
0.056915    -0.654408    0.114729
0.097547    -0.268294    0.083529
0.08648    -0.650322    0.094445
0.091956    -0.340349    0.088751
0.096343    -0.515801    0.085215
0.092184    -0.330906    0.088523
0.081438    -0.62643    0.098939
0.090106    -0.468766    0.090732
0.079828    -0.706943    0.100588
0.089184    -0.558371    0.091781
0.086203    -0.404693    0.094101
0.079045    -0.636558    0.101124
0.097776    -0.597155    0.084117
0.089706    -0.530498    0.091242
0.081199    -0.574388    0.099029
0.090959    -0.575203    0.09022
0.089539    -0.709089    0.091825
0.109042    -0.710211    0.067397
0.102443    -0.662806    0.077433
0.098771    -0.368966    0.082133
0.113555    -0.726613    0.060482
0.099469    -0.590356    0.081786
0.102015    -0.44514    0.077374
0.108431    -0.718257    0.068367
0.105983    -0.654072    0.071936
0.102195    -0.651438    0.077778
0.0992    -0.250434    0.081078
0.101962    -0.32354    0.077054
0.105946    -0.611779    0.071854
0.106791    -0.639349    0.07064
0.103971    -0.346245    0.074026
0.099212    -0.528243    0.081977
0.119825    -0.59701    0.045326
0.124092    -0.659922    0.0325
0.118208    -0.37007    0.049003
0.119168    -0.729216    0.048126
0.11781    -0.42138    0.05053
0.119041    -0.488315    0.047115
0.116582    -0.530964    0.054968
0.116851    -0.737221    0.055338
0.118278    -0.428971    0.049129
0.116855    -0.399593    0.053357
0.117462    -0.574782    0.052502
0.123133    -0.612502    0.035188
0.117694    -0.742594    0.052763
0.118894    -0.27929    0.046352
0.117307    -0.770976    0.054123
0.048853    0.067823    0.024172
0.102187    0.00862    0.037055
0.127002    -0.455417    0.01701
0.127188    -0.370037    0.010352
0.128745    -0.769706    -0.006072
0.126748    -0.476512    0.022716
0.128593    -0.735914    -0.004277
0.126931    -0.352923    0.014787
0.12731    -0.541353    0.014006
0.126951    -0.442052    0.017528
0.127215    -0.58872    0.017523
0.127215    -0.545278    0.015987
0.128304    -0.724042    0.000966
0.126655    -0.281792    0.017684
0.126993    -0.610519    0.022636
0.12723    -0.442024    0.012075
0.126331    -0.247686    0.02283
0.117953    -0.027925    0.02521
-0.010125    0.033892    0.087868
0.038616    0.052085    0.060037
-0.064693    -0.056361    0.10864
-0.029282    0.010638    0.102993
-0.066504    -0.140603    0.108403
-0.072843    -0.246168    0.104524
-0.077481    -0.205162    0.101432
-0.077287    -0.538853    0.102272
-0.080885    -0.298428    0.099428
-0.080983    -0.387452    0.099555
-0.066764    -0.06613    0.108075
-0.083029    -0.503108    0.098477
-0.082958    -0.744344    0.099039
-0.063004    -0.151641    0.110692
-0.078606    -0.576052    0.101498
-0.075959    -0.30818    0.102638
-0.081589    -0.645749    0.099715
-0.066352    -0.122166    0.108462
-0.058953    -0.141354    0.113293
-0.051532    -0.234193    0.117133
-0.03773    -0.127771    0.121396
-0.040426    -0.291201    0.120833
-0.051366    -0.570528    0.117821
-0.040021    -0.099419    0.120602
-0.051263    -0.302856    0.117349
-0.054718    -0.445348    0.116501
-0.034521    -0.258755    0.122682
-0.027588    -0.144248    0.124708
-0.051543    -0.685229    0.11798
-0.037184    -0.134718    0.121586
-0.035603    -0.194546    0.122211
-0.048018    -0.397596    0.118578
-0.054917    -0.515375    0.116568
-0.051786    -0.113929    0.116824
-0.00678    -0.240182    0.127137
-0.006421    -0.140707    0.126977
0.004453    -0.117061    0.127489
-0.015734    -0.330974    0.126843
-0.020351    -0.5111    0.126931
-0.020856    -0.46057    0.126814
-0.01902    -0.242107    0.126516
-0.014276    -0.255652    0.126782
-0.007338    -0.333499    0.127276
-0.019411    -0.173833    0.126373
-0.022333    -0.158784    0.126197
-0.005637    -0.117813    0.126976
-0.015104    -0.439661    0.127071
-0.019372    -0.342599    0.126678
-0.018703    -0.416811    0.126846
0.021723    -0.155842    0.125397
0.038529    -0.069646    0.121643
0.011883    -0.456572    0.128054
0.026326    -0.205936    0.124504
0.016088    -0.362271    0.126981
0.030324    -0.176684    0.123595
0.013286    -0.529579    0.127888
0.022284    -0.40249    0.125729
0.03408    -0.15634    0.122754
0.033269    -0.258426    0.123115
0.011409    -0.418386    0.128085
0.016101    -0.27551    0.126819
0.023352    -0.379572    0.125459
0.029503    -0.115662    0.123658
0.026768    -0.395103    0.124757
0.054743    -0.112371    0.114747
0.051952    -0.328287    0.116609
0.052245    -0.265018    0.116332
0.068103    -0.089165    0.107871
0.048711    -0.567026    0.118747
0.049678    -0.473394    0.118064
0.047659    -0.179445    0.118504
0.06501    -0.065855    0.109405
0.056743    -0.169963    0.113841
0.047168    -0.571451    0.119545
0.057302    -0.09227    0.113399
0.062766    -0.127961    0.110677
0.058626    -0.149366    0.112837
0.045363    -0.477794    0.120279
0.061544    -0.104801    0.111255
0.079909    -0.541636    0.100114
0.076128    -0.405155    0.103198
0.082847    -0.315184    0.096914
0.080919    -0.166886    0.098297
0.079623    -0.296934    0.099781
0.086568    -0.180219    0.093228
0.076927    -0.213093    0.102012
0.073037    -0.076436    0.105195
0.080772    -0.470246    0.099163
0.076574    -0.581247    0.103221
0.073649    -0.108995    0.104721
0.073235    -0.534151    0.106122
0.075    -0.306581    0.103978
0.076578    -0.39196    0.10276
0.078692    -0.512388    0.101143
0.113645    -0.074254    0.058191
0.108631    -0.263208    0.066557
0.11665    -0.703237    0.055626
0.113154    -0.214308    0.059411
0.109753    -0.111181    0.064321
0.109663    -0.385233    0.065365
0.105655    -0.28393    0.071221
0.112743    -0.472549    0.060897
0.112811    -0.178278    0.059821
0.104339    -0.124852    0.072727
0.115469    -0.226943    0.055877
0.113647    -0.405757    0.059281
0.116271    -0.633269    0.05598
0.104067    -0.092101    0.07304
0.124588    -0.260255    0.028635
0.124654    -0.577206    0.03028
0.121137    -0.255555    0.039277
0.12502    -0.14001    0.026599
0.121429    -0.299706    0.038633
0.123329    -0.429719    0.033517
0.125899    -0.246618    0.024501
0.121902    -0.097527    0.035991
0.124826    -0.176386    0.027409
0.118864    -0.243807    0.046237
0.12156    -0.382109    0.038709
0.124066    -0.197248    0.029882
0.117395    -0.163051    0.050308
0.121876    -0.089014    0.036023
0.121455    -0.147676    0.037665
0.039853    0.064533    0.041724
0.06611    0.039376    0.052175
0.115788    -0.045669    0.044815
-0.003693    0.012239    0.105665
0.020098    0.02791    0.090896
0.036669    0.030182    0.083746
-0.044489    -0.016358    0.108995
-0.046424    -0.044046    0.114885
0.001111    -0.033387    0.121424
0.031375    -0.028952    0.116225
0.034662    -0.028917    0.115514
0.057263    -0.046435    0.110138
0.088783    -0.040174    0.085193
0.098664    -0.027729    0.068305
0.101893    -0.037817    0.067474
0.094447    0.010879    0.050657
0.092697    -0.000666    0.066369
0.100444    -0.011048    0.058683
-0.012939    -0.00041    0.113313
0.02868    0.031936    0.085743
0.046316    0.026328    0.082302
0.012419    -0.039861    0.122778
0.049326    -0.016515    0.106671
0.085213    0.002259    0.075614
0.07131    0.02225    0.067179
-0.127096    -0.082316    0.000554
-0.108789    -0.082316    0.063469
-0.101011    -0.082316    -0.079932
-0.10304    -0.082316    -0.001495
-0.101604    -0.082316    0.005554
-0.102299    -0.082316    0.055934
-0.093111    -0.082316    -0.083679
-0.092736    -0.082316    -0.065594
-0.087319    -0.082316    -0.031676
-0.073344    -0.082316    0.084596
-0.062847    -0.082316    0.086389
-0.074635    -0.082316    0.101009
-0.075755    -0.082316    0.097056
-0.055452    -0.082316    0.022697
-0.049397    -0.082316    -0.050427
-0.05003    -0.082316    -0.109407
-0.057915    -0.082316    0.055953
-0.038763    -0.082316    -0.060853
-0.043007    -0.082316    -0.038035
-0.03209    -0.082316    0.036133
-0.047957    -0.082316    0.033787
-0.043703    -0.082316    -0.026196
-0.012229    -0.082316    -0.094657
-0.018541    -0.082316    0.012901
-0.022006    -0.082316    -0.023833
-0.025809    -0.082316    -0.021788
-0.029171    -0.082316    0.039386
-0.010186    -0.082316    0.036152
-0.019737    -0.082316    0.103347
-0.003856    -0.082316    -0.013079
-0.002494    -0.082316    0.120823
0.005783    -0.082316    0.115344
-0.019229    -0.082316    0.082197
0.014042    -0.082316    -0.06159
0.007937    -0.082316    0.018586
-0.000527    -0.082316    -0.073883
0.010411    -0.082316    -0.096031
0.015067    -0.082316    0.025739
0.016631    -0.082316    0.076213
0.011593    -0.082316    0.119143
0.02499    -0.082316    0.04723
0.02484    -0.082316    0.07652
0.015707    -0.082316    0.125921
0.035705    -0.082316    -0.006628
0.046103    -0.082316    0.028666
0.042324    -0.082316    0.10738
0.041738    -0.082316    0.083282
0.041364    -0.082316    0.077523
0.052727    -0.082316    0.077707
0.055205    -0.082316    -0.069716
0.06343    -0.082316    0.078102
0.063292    -0.082316    0.106859
0.079927    -0.082316    -0.099467
0.066412    -0.082316    0.000887
0.057936    -0.082316    -0.096381
0.079363    -0.082316    -0.083423
0.089557    -0.082316    0.066699
0.078488    -0.082316    0.078708
0.084226    -0.082316    -0.04325
0.096311    -0.082316    -0.005298
0.099717    -0.082316    -0.013507
0.098031    -0.082316    0.01019
0.100827    -0.082316    0.080206
0.115042    -0.082316    -0.005227
0.121941    -0.082316    0.023395
