-0.10408    -0.094727    -0.187976
-0.098085    -0.105728    -0.19659
-0.048409    -0.037756    -0.179282
-0.096336    -0.118436    -0.204398
-0.062837    -0.131304    -0.225445
-0.067905    -0.078523    -0.193928
-0.113187    -0.070041    -0.166232
-0.106743    -0.056729    -0.162537
-0.046557    -0.035404    -0.178398
-0.048988    -0.091824    -0.207381
-0.015849    -0.133383    -0.23333
-0.129443    -0.071917    -0.154976
-0.142902    -0.102987    -0.164816
-0.142941    -0.110855    -0.169892
-0.006579    -0.031505    -0.181636
-0.001432    -0.056961    -0.195536
-0.004401    -0.076417    -0.20525
-0.116282    -0.395117    -0.206381
-0.093975    -0.41712    -0.202154
-0.064973    -0.449191    -0.19454
-0.035807    -0.401451    -0.228873
-0.022337    -0.399295    -0.231876
-0.027609    -0.445897    -0.204604
-0.158954    -0.073937    -0.125968
-0.16539    -0.108382    -0.146716
-0.149186    -0.074602    -0.13926
0.024554    -0.10431    -0.217084
0.007157    -0.100707    -0.217503
0.003561    -0.12642    -0.231331
-0.101038    -0.433638    -0.18912
-0.070115    -0.489635    -0.167657
-0.062288    -0.487707    -0.172079
-0.048641    -0.418719    -0.217335
-0.020729    -0.495366    -0.177297
0.022252    -0.462092    -0.196074
0.004918    -0.442775    -0.209373
-0.147678    -0.03881    -0.11095
-0.166407    -0.079203    -0.120709
0.055004    -0.111835    -0.216982
0.053201    -0.116337    -0.219558
0.03565    -0.07275    -0.199231
0.007007    -0.40312    -0.231713
0.002976    -0.400146    -0.23394
0.045409    -0.414861    -0.21996
-0.097367    -0.48329    -0.158871
-0.121603    -0.409382    -0.19295
-0.139654    -0.423012    -0.169383
-0.219768    -0.131349    -0.076605
-0.199651    -0.122394    -0.113122
-0.206432    -0.128797    -0.105368
0.061165    -0.062191    -0.187618
0.054    -0.079718    -0.200354
0.091273    -0.128782    -0.212261
0.082767    -0.49417    -0.15964
0.066411    -0.457059    -0.189128
-0.122447    -0.499152    -0.128321
-0.125288    -0.477044    -0.141898
-0.129217    -0.449386    -0.158595
-0.141899    -0.465922    -0.135617
-0.187579    -0.405984    -0.131758
-0.170668    -0.428484    -0.132898
-0.158352    -0.022155    -0.077944
-0.195047    -0.07753    -0.063867
-0.188025    -0.431044    -0.107513
-0.216416    -0.411544    -0.067782
-0.18784    -0.442676    -0.090773
0.10159    -0.078067    -0.179722
0.086525    -0.057596    -0.174552
0.106611    -0.412053    -0.200022
0.070634    -0.400616    -0.221923
0.093679    -0.473727    -0.167632
-0.133441    -0.496808    -0.117952
-0.17601    -0.454553    -0.101723
-0.141164    -0.498183    -0.10661
-0.206814    -0.087856    -0.037647
-0.215984    -0.109709    -0.054206
-0.185873    -0.047973    -0.03937
-0.183153    -0.466905    -0.066287
-0.176875    -0.488004    -0.05027
0.115285    -0.072585    -0.166274
0.121757    -0.114462    -0.188489
0.139443    -0.113909    -0.174559
0.115517    -0.454782    -0.165262
0.114288    -0.465824    -0.158335
0.123074    -0.49742    -0.129074
-0.195333    -0.058157    -0.007686
-0.175762    -0.027179    -0.034138
-0.216863    -0.419735    -0.047826
-0.226708    -0.400006    -0.058505
-0.221529    -0.416444    -0.02664
0.1596    -0.119807    -0.16292
0.13907    -0.083109    -0.154853
0.136698    -0.403411    -0.185622
0.121969    -0.438211    -0.172122
0.147086    -0.405239    -0.176348
-0.205166    -0.075649    0.002008
-0.217152    -0.099828    0.006356
-0.210366    -0.089399    0.016753
-0.206222    -0.444493    -0.021409
-0.213684    -0.435541    -0.003502
0.155805    -0.071633    -0.128123
0.138974    -0.056499    -0.137255
0.144605    -0.050111    -0.124514
0.135279    -0.478858    -0.132229
0.130548    -0.492826    -0.12542
0.176059    -0.411125    -0.141995
-0.215547    -0.101704    0.025944
-0.224443    -0.118322    0.023934
-0.19687    -0.066827    0.03022
-0.207465    -0.439921    0.031769
-0.223767    -0.415515    0.013666
-0.199728    -0.449831    0.047603
-0.21527    -0.430452    0.013503
-0.209161    -0.440847    0.014873
-0.202153    -0.456373    0.00085
0.157382    -0.032651    -0.093093
0.187    -0.099135    -0.110733
0.16212    -0.460515    -0.114286
0.140309    -0.493971    -0.111636
-0.174109    -0.031935    0.053065
-0.175036    -0.043415    0.066273
-0.188564    -0.057365    0.052385
-0.173296    -0.493546    0.050722
-0.208849    -0.424772    0.066504
0.214728    -0.134328    -0.092782
0.197107    -0.095673    -0.083309
0.196182    -0.091816    -0.080349
0.212749    -0.409937    -0.07901
0.20138    -0.407556    -0.109977
0.206215    -0.412001    -0.091736
-0.191859    -0.106247    0.110206
-0.165662    -0.04268    0.087915
-0.187313    -0.077592    0.082623
-0.163724    -0.484831    0.086706
-0.202871    -0.426075    0.079013
-0.227689    -0.39629    0.063105
0.201898    -0.083391    -0.055214
0.197236    -0.081732    -0.064237
0.190908    -0.077472    -0.073782
0.188284    -0.458764    -0.065929
0.198897    -0.442997    -0.063604
-0.189556    -0.106647    0.113756
-0.186615    -0.099757    0.11176
-0.15052    -0.481617    0.109804
-0.146679    -0.499061    0.098607
-0.149327    -0.496525    0.097511
0.171739    -0.022341    -0.045602
0.195776    -0.065186    -0.032051
0.228517    -0.404723    -0.024335
0.21958    -0.415844    -0.04404
0.191896    -0.466715    -0.03396
-0.161165    -0.111047    0.154477
-0.150489    -0.08027    0.142356
-0.146699    -0.052846    0.124099
-0.178657    -0.400154    0.1488
-0.189518    -0.412973    0.12274
-0.17266    -0.421648    0.136652
0.222912    -0.114967    -0.022323
0.21136    -0.092675    -0.022124
0.232019    -0.133907    -0.027867
0.206935    -0.085952    -0.029216
0.210206    -0.440803    -0.007129
0.187365    -0.481393    -0.004788
-0.129747    -0.058333    0.145926
-0.14403    -0.077873    0.147649
-0.147276    -0.414312    0.169736
-0.158462    -0.413498    0.161732
-0.131453    -0.467447    0.144007
0.180775    -0.034175    0.02366
0.212251    -0.089386    0.002385
0.193498    -0.057718    0.019894
0.217699    -0.427057    0.009761
0.232392    -0.403218    0.001428
-0.142078    -0.128016    0.181693
-0.141411    -0.134232    0.18624
-0.122529    -0.089616    0.171769
-0.116177    -0.463121    0.158812
-0.090826    -0.498952    0.152727
0.193883    -0.065637    0.048207
0.204057    -0.08059    0.029923
0.193933    -0.063474    0.039299
0.226245    -0.401295    0.056437
0.212681    -0.427306    0.046793
0.223924    -0.40987    0.036931
-0.110063    -0.105422    0.191458
-0.098182    -0.090877    0.188273
-0.087128    -0.04571    0.167677
-0.092501    -0.462851    0.174776
-0.086365    -0.424242    0.200947
-0.089753    -0.432983    0.194194
0.164872    -0.030298    0.073161
0.179822    -0.053179    0.067859
0.166875    -0.482917    0.081926
0.207159    -0.426185    0.068499
0.181916    -0.471754    0.062111
-0.063349    -0.072378    0.19239
-0.061456    -0.079349    0.19706
-0.094721    -0.121243    0.206631
-0.061682    -0.464372    0.186611
-0.066716    -0.442258    0.19806
0.187742    -0.074429    0.077331
0.188265    -0.090102    0.097158
0.210816    -0.12722    0.092662
0.199129    -0.419893    0.097181
0.17682    -0.456289    0.097264
0.179806    -0.458375    0.08697
-0.042025    -0.033729    0.178125
-0.030386    -0.078553    0.202938
-0.048193    -0.080296    0.201499
-0.01591    -0.404799    0.229583
-0.057237    -0.416469    0.217486
-0.043785    -0.420055    0.217212
0.180726    -0.098875    0.118689
0.170746    -0.085201    0.120128
0.140409    -0.482922    0.121769
0.190856    -0.415367    0.118772
-0.045048    -0.128993    0.227205
-0.009791    -0.071928    0.202209
-0.023234    -0.097131    0.213529
-0.023937    -0.452896    0.201096
-0.021142    -0.481537    0.18513
-0.032815    -0.475551    0.187007
0.165217    -0.084245    0.126525
0.150822    -0.070585    0.13373
0.176824    -0.123367    0.144491
0.156581    -0.434092    0.146048
0.152353    -0.45706    0.130224
0.178841    -0.419612    0.130488
0.010943    -0.084494    0.208584
0.004489    -0.049329    0.191169
0.023782    -0.433358    0.212259
0.005125    -0.438584    0.211735
0.045207    -0.408107    0.223839
0.159658    -0.127456    0.16784
0.147269    -0.137309    0.183741
0.124292    -0.087128    0.168802
0.127892    -0.480021    0.137777
0.13168    -0.479546    0.13521
0.137596    -0.457877    0.146115
0.035728    -0.102375    0.214607
0.047209    -0.031689    0.176383
0.036261    -0.133223    0.230559
0.047711    -0.461124    0.193273
0.057077    -0.41611    0.217712
0.111821    -0.085152    0.177089
0.108744    -0.043508    0.15242
0.121514    -0.05538    0.150327
0.131414    -0.424987    0.174299
0.121154    -0.397396    0.201837
0.114841    -0.444393    0.173185
0.061675    -0.091267    0.203611
0.053364    -0.070288    0.195362
0.057467    -0.427929    0.210661
0.084039    -0.435338    0.19512
0.090057    -0.431074    0.195237
0.081256    -0.129433    0.216773
0.101861    -0.088223    0.18527
0.089534    -0.105008    0.199731
0.080438    -0.479557    0.169548
0.093569    -0.442257    0.186938
-0.09462    -0.138175    -0.215705
-0.102517    -0.157092    -0.212434
-0.086624    -0.221713    -0.219017
-0.068754    -0.148506    -0.226419
-0.079044    -0.383644    -0.222157
-0.100275    -0.225414    -0.213363
-0.092273    -0.368261    -0.216677
-0.052717    -0.302877    -0.230587
-0.030935    -0.364576    -0.233455
-0.032989    -0.265695    -0.233184
-0.031378    -0.209821    -0.233396
-0.01648    -0.166492    -0.235358
-0.028512    -0.191251    -0.233774
-0.148653    -0.180068    -0.18277
-0.142975    -0.244984    -0.187127
-0.122849    -0.144353    -0.20257
0.011675    -0.23495    -0.235991
0.014486    -0.320476    -0.235621
0.008721    -0.359976    -0.23638
0.008828    -0.285687    -0.236366
-0.16333    -0.206789    -0.171507
-0.166445    -0.336194    -0.169117
-0.161605    -0.294736    -0.172831
-0.198881    -0.255831    -0.127657
-0.181231    -0.212389    -0.150658
-0.198519    -0.138929    -0.128129
0.034934    -0.220673    -0.232928
0.055866    -0.228711    -0.230172
0.03035    -0.25749    -0.233532
-0.19097    -0.355543    -0.137967
-0.172459    -0.187736    -0.162089
-0.175187    -0.320721    -0.158534
-0.216122    -0.261465    -0.093614
-0.212267    -0.338978    -0.102922
-0.207574    -0.252347    -0.114252
0.063691    -0.286541    -0.228516
0.065091    -0.208983    -0.227936
0.070652    -0.256626    -0.225633
0.065505    -0.380522    -0.227765
-0.221592    -0.144574    -0.080409
-0.221829    -0.229011    -0.079837
-0.228084    -0.264236    -0.064733
0.081761    -0.182291    -0.221031
0.097238    -0.225798    -0.214621
0.109236    -0.250072    -0.209652
-0.232618    -0.316599    -0.037288
-0.232554    -0.362353    -0.037778
-0.233964    -0.307737    -0.027068
0.148373    -0.356152    -0.182985
0.143895    -0.269024    -0.186421
0.138919    -0.377025    -0.190239
-0.235379    -0.20388    -0.016323
-0.232151    -0.142371    -0.040836
-0.235985    -0.197042    -0.011717
0.15181    -0.232499    -0.180347
0.145068    -0.202173    -0.185521
0.155975    -0.304895    -0.177152
0.152853    -0.20796    -0.179547
-0.235927    -0.251471    0.012155
-0.235284    -0.368917    0.017042
-0.236818    -0.167836    0.005394
0.180116    -0.237772    -0.152111
0.186557    -0.137599    -0.143717
0.173459    -0.315922    -0.160787
-0.234702    -0.194477    0.021465
-0.231405    -0.272183    0.046499
-0.230366    -0.363006    0.054388
0.179903    -0.389429    -0.15239
0.18883    -0.378772    -0.140755
0.195183    -0.38825    -0.132477
-0.227244    -0.350066    0.066761
-0.222202    -0.269076    0.078936
-0.226943    -0.275642    0.067489
-0.224651    -0.193645    0.073023
0.215811    -0.225713    -0.094365
0.221855    -0.198233    -0.079772
0.215801    -0.141493    -0.09439
-0.21207    -0.226171    0.103398
-0.220788    -0.230751    0.082348
-0.205798    -0.321935    0.118539
0.213987    -0.383248    -0.098769
0.218861    -0.254755    -0.087002
0.225398    -0.222779    -0.071218
-0.198533    -0.341526    0.128111
-0.198188    -0.384285    0.12856
-0.20232    -0.246642    0.123175
0.232033    -0.163456    -0.04173
0.236666    -0.149909    -0.006549
0.229568    -0.16077    -0.060449
-0.176608    -0.299266    0.156684
-0.183043    -0.218312    0.148297
-0.177187    -0.252692    0.155929
-0.175145    -0.191554    0.15859
0.237479    -0.384772    -0.000373
0.23638    -0.265855    -0.008715
0.235503    -0.378383    -0.015376
-0.166008    -0.292478    0.169452
-0.158671    -0.186618    0.175083
-0.156237    -0.255477    0.176951
0.236314    -0.288526    0.009222
0.2361    -0.335772    0.010848
0.233778    -0.152919    0.028479
-0.128891    -0.237437    0.197934
-0.158032    -0.38014    0.175573
-0.121453    -0.32941    0.203642
0.236267    -0.379927    0.009579
0.229758    -0.342325    0.05901
0.233803    -0.314214    0.028293
0.229817    -0.163912    0.058561
-0.075517    -0.181629    0.223618
-0.105087    -0.178576    0.21137
-0.101219    -0.217162    0.212972
0.228665    -0.167472    0.063331
0.218    -0.150277    0.08908
0.225761    -0.251046    0.070343
-0.102361    -0.343883    0.212499
-0.062339    -0.360132    0.229076
-0.064593    -0.262297    0.228142
0.208678    -0.269835    0.111586
0.208758    -0.382899    0.111393
0.216534    -0.277938    0.092619
-0.040693    -0.177129    0.23217
-0.056566    -0.278712    0.23008
-0.043645    -0.153502    0.231781
0.193917    -0.236    0.134126
0.189681    -0.170423    0.139647
0.177995    -0.205707    0.154876
0.194547    -0.205762    0.133305
-0.024467    -0.341695    0.234306
-0.010377    -0.260473    0.236162
-0.0198    -0.249119    0.234921
0.191105    -0.340176    0.137791
0.170256    -0.309388    0.164961
0.197356    -0.337757    0.129645
0.003144    -0.291266    0.237114
0.031473    -0.243136    0.233384
0.04864    -0.162073    0.231123
0.166073    -0.182436    0.169403
0.127853    -0.37575    0.19873
0.162457    -0.250356    0.172178
0.050356    -0.214484    0.230897
0.057141    -0.3235    0.230004
0.055167    -0.30339    0.230264
0.14373    -0.138796    0.186547
0.12726    -0.326146    0.199186
0.140109    -0.149882    0.189326
0.142605    -0.242376    0.187411
0.06346    -0.204739    0.228612
0.076324    -0.142431    0.223283
0.085704    -0.251288    0.219398
0.116789    -0.172855    0.206523
0.117653    -0.21639    0.206165
0.100762    -0.297567    0.213161
-0.064721    -0.237053    -0.228089
-0.061938    -0.274756    -0.229242
-0.070877    -0.162508    -0.225539
-0.070252    -0.002902    -0.161308
-0.077854    -0.384246    -0.22265
-0.079266    -0.362897    -0.222065
-0.07335    -0.39162    -0.224515
-0.020388    -0.37803    -0.234843
-0.056152    -0.237368    -0.230134
-0.012892    -0.374979    -0.23583
-0.049777    -0.004702    -0.16979
-0.033329    -0.251334    -0.233139
-0.001063    -0.184728    -0.237388
-0.048146    -0.154024    -0.231188
-0.145741    -0.180968    -0.185005
-0.125102    -0.262825    -0.200841
-0.119305    -0.237427    -0.20529
-0.015461    -0.017958    -0.175397
0.025252    -0.259282    -0.234203
0.030086    -0.298894    -0.233566
0.004367    -0.383976    -0.236953
-0.151422    -0.280283    -0.180645
-0.127087    -0.368347    -0.199318
-0.152485    -0.32541    -0.179829
-0.202901    -0.263884    -0.122418
-0.192344    -0.250924    -0.136177
-0.199302    -0.33735    -0.127108
-0.203411    -0.156102    -0.121754
0.031706    -0.243263    -0.233353
0.051015    -0.178294    -0.230811
0.016908    -0.150701    -0.235302
0.056955    -0.248883    -0.230028
-0.178174    -0.227963    -0.154642
-0.173039    -0.216229    -0.161334
-0.199728    -0.358689    -0.126553
-0.206404    -0.382578    -0.117077
-0.225708    -0.377351    -0.070469
-0.217038    -0.334109    -0.091404
-0.108441    0.113678    -0.209981
-0.159193    0.073294    -0.174682
0.099092    -0.327372    -0.213853
0.077762    -0.239282    -0.222688
0.08395    -0.359613    -0.220125
-0.226515    -0.201389    -0.068522
-0.222601    -0.169789    -0.077973
-0.216452    -0.205529    -0.092817
-0.082261    0.101691    -0.220824
-0.145083    0.113305    -0.185509
-0.169692    0.072416    -0.165695
0.07962    -0.151736    -0.221918
0.115481    -0.298633    -0.207065
0.118184    -0.339413    -0.205945
-0.230355    -0.330333    -0.054473
-0.234663    -0.303843    -0.021762
-0.231786    -0.258471    -0.04361
-0.078525    0.126726    -0.217263
0.038662    0.074057    -0.232437
0.131698    -0.247596    -0.195781
0.126774    -0.374993    -0.199558
0.144364    -0.300343    -0.186061
0.124055    -0.174099    -0.201645
-0.233989    -0.148642    -0.026875
-0.236037    -0.285882    -0.011325
-0.237291    -0.158699    -0.001803
-0.166494    0.126726    -0.152379
-0.208328    0.093678    -0.112432
0.137973    -0.196985    -0.190965
0.166704    -0.192512    -0.168919
0.130521    -0.180482    -0.196683
0.141362    -0.184545    -0.188365
-0.234337    -0.36117    0.024233
-0.236279    -0.279803    0.009484
-0.232831    -0.385093    0.035672
-0.148963    0.163989    -0.155161
-0.103132    0.140132    -0.188675
-0.170684    0.143775    -0.128732
-0.1633    0.138773    -0.138355
-0.048213    0.149095    -0.209277
0.066308    0.11152    -0.227432
-0.223764    0.10591    -0.075164
0.172324    -0.165256    -0.162266
0.17108    -0.208257    -0.163887
0.180712    -0.231477    -0.151334
-0.232645    -0.242636    0.037086
-0.233478    -0.141747    0.030758
-0.229854    -0.306604    0.05828
-0.108629    0.215165    -0.186109
-0.119197    0.183479    -0.178
-0.072994    0.204424    -0.201158
-0.186512    0.209387    -0.108105
-0.013097    0.20971    -0.213901
0.002422    0.143109    -0.215306
0.010676    0.19002    -0.214219
0.094751    0.124686    -0.215651
-0.22336    0.126726    -0.044693
-0.191511    0.201275    -0.096284
0.186947    -0.382918    -0.143209
0.20364    -0.329666    -0.121456
0.19664    -0.24933    -0.130578
-0.214218    -0.344107    0.09821
-0.221063    -0.251043    0.081686
-0.225297    -0.271554    0.071463
-0.135661    0.240789    -0.157864
0.007947    0.233358    -0.214579
0.046865    0.160052    -0.209454
0.069949    0.192241    -0.202419
0.125904    0.088333    -0.200226
-0.23624    0.093911    -0.009778
-0.212444    0.176104    -0.024161
-0.208147    0.191008    -0.056121
0.207338    -0.166534    -0.11482
0.215436    -0.287351    -0.09527
0.215497    -0.274572    -0.095124
-0.220383    -0.161015    0.083327
-0.212789    -0.205249    0.101662
-0.212061    -0.188872    0.103418
-0.217906    -0.217028    0.089307
-0.160079    0.240789    -0.112299
0.014805    0.240789    -0.205982
0.063727    0.238522    -0.204997
0.162648    0.101081    -0.172031
-0.221472    0.126726    0.004994
-0.21118    0.218709    -0.033762
0.226321    -0.183157    -0.068989
0.216661    -0.298617    -0.092313
0.221042    -0.352315    -0.081734
-0.189744    -0.344607    0.139565
-0.193929    -0.347393    0.134111
-0.20097    -0.280482    0.124935
-0.194044    -0.279913    0.13396
-0.233827    0.117719    0.02811
-0.179421    0.237808    -0.073849
0.112412    0.214633    -0.183207
0.13663    0.126726    -0.181541
-0.21276    0.10177    0.101732
-0.210202    0.13717    0.041188
-0.211884    0.149407    0.028415
0.231871    -0.284599    -0.042958
0.229968    -0.349554    -0.057415
0.235264    -0.186797    -0.017192
-0.17156    -0.273119    0.163262
-0.189705    -0.174704    0.139615
-0.185841    -0.219378    0.144651
-0.053104    0.229681    -0.188014
0.193805    0.076747    -0.134272
0.152365    0.183622    -0.15255
0.179659    0.126726    -0.12031
-0.195936    0.105672    0.131495
-0.192095    0.134061    0.094875
-0.213213    0.226646    0.018321
-0.202956    0.240789    0.049232
0.234779    -0.319058    -0.020875
0.234145    -0.25277    -0.025688
0.233514    -0.332115    -0.030488
-0.165891    -0.37545    0.169542
-0.161437    -0.329501    0.17296
-0.162758    -0.162848    0.171946
-0.143928    0.228116    -0.101047
-0.140934    0.228116    -0.061066
-0.102678    0.228116    -0.159233
-0.103878    0.228116    -0.092083
-0.107503    0.228116    -0.083974
-0.091314    0.228116    -0.006569
-0.07984    0.228116    0.000959
-0.094181    0.228116    -0.17025
-0.169845    0.228116    -0.065751
0.20722    0.126685    -0.115106
-0.020201    0.228116    -0.163887
-0.017726    0.228116    -0.18744
-0.024545    0.228116    0.009112
-0.027806    0.228116    -0.106666
0.173586    0.200595    -0.124949
0.183107    0.16088    -0.112541
0.174032    0.133545    -0.124368
-0.169028    0.09427    0.166561
-0.198409    0.195379    0.079632
0.224773    0.084068    -0.072728
0.234641    -0.228659    0.021923
0.235581    -0.176872    0.014789
0.231905    -0.203128    0.042701
-0.12638    -0.380288    0.199861
-0.141395    -0.257378    0.18834
-0.120389    -0.165809    0.204458
-0.149292    0.228116    0.08637
-0.164624    0.228116    0.058326
-0.13647    0.228116    -0.113756
-0.127009    0.228116    0.091303
-0.068942    0.228116    -0.043845
-0.061323    0.228116    -0.029001
-0.057588    0.228116    -0.125995
-0.189852    0.228116    0.042347
-0.01566    0.228116    0.095677
-0.031491    0.228116    0.093373
-0.034806    0.228116    0.114923
-0.024303    0.228116    0.149861
0.006206    0.228116    0.046632
0.008115    0.228116    0.032915
0.002779    0.228116    -0.059999
0.017776    0.228116    -0.168772
0.157566    0.240789    -0.113923
0.188483    0.179612    -0.103594
0.189176    0.130397    -0.101922
-0.153509    0.095725    0.179043
-0.184619    0.16866    0.110571
-0.1674    0.150591    0.133012
0.229995    0.087924    -0.057209
0.231293    -0.249753    0.047353
0.231623    -0.312343    0.044843
0.22983    -0.388145    0.058459
-0.108974    -0.230238    0.20976
-0.06979    -0.141564    0.22599
-0.084012    -0.162346    0.220099
-0.121087    0.1146    0.203923
-0.037788    0.230167    0.190723
0.018114    0.228116    0.119753
0.041285    0.228116    0.066774
0.03332    0.228116    0.030427
0.093738    0.228116    -0.138363
0.062082    0.228116    -0.15976
0.087511    0.228116    -0.043201
0.091119    0.228116    0.060257
0.12976    0.228116    -0.096842
0.133348    0.228116    -0.104356
0.191581    0.240789    -0.066381
0.209471    0.23287    -0.046742
-0.161443    0.204432    0.140775
-0.157428    0.240789    0.12383
0.220466    -0.225337    0.083126
0.207145    -0.139099    0.115288
0.214311    -0.151478    0.097986
0.226571    -0.289714    0.068387
-0.066899    -0.26322    0.227187
-0.094868    -0.306419    0.215602
-0.094933    -0.346104    0.215576
-0.1178    0.109389    0.206104
0.211635    0.137588    -0.030303
0.214788    0.202065    -0.006358
0.065637    0.228116    -0.06206
0.078272    0.228116    0.134235
0.065861    0.228116    0.118776
0.053505    0.228116    -0.14292
0.109509    0.228116    0.102748
0.111419    0.228116    0.08896
0.102181    0.228116    0.055781
0.140236    0.228116    0.067498
0.174951    0.239018    -0.08464
-0.135429    0.167799    0.165546
-0.139429    0.1563    0.162477
-0.119814    0.22838    0.177527
0.235887    0.126318    0.012465
0.209261    0.07534    0.110179
0.211816    -0.281592    0.104011
0.208144    -0.169899    0.112876
0.221468    -0.336823    0.080708
-0.051827    -0.163182    0.230704
-0.058341    -0.174095    0.229846
-0.038969    -0.176518    0.232397
-0.061073    0.084434    0.229486
0.212637    0.217244    0.022696
0.212873    0.22501    0.020904
0.103185    0.232698    0.165385
0.151641    0.228116    0.04008
0.206629    0.240789    0.043426
-0.07577    0.228141    0.200008
0.22383    0.126155    0.075004
0.201443    0.091759    0.124318
0.2056    -0.211969    0.118901
0.173404    -0.172249    0.160858
0.188999    -0.170721    0.140536
-0.032539    -0.319455    0.233243
-0.010963    -0.323941    0.236084
-0.003728    -0.23621    0.237037
-0.001072    -0.150572    0.237387
0.211409    0.13114    0.032021
0.214949    0.131701    0.005134
0.124637    0.238795    0.148925
0.191557    0.228116    0.011725
-0.082616    0.136576    0.197173
0.190004    0.083794    0.139225
0.172087    -0.340642    0.162574
0.175584    -0.295061    0.158017
0.171782    -0.347641    0.162972
0.007206    0.109091    0.236579
0.002801    -0.225407    0.237159
0.019058    -0.211174    0.235019
0.005066    -0.29145    0.236861
-0.018152    0.226859    0.213235
-0.031446    0.224952    0.211485
0.200535    0.180397    0.074499
0.028905    0.2326    0.211819
0.004698    0.221343    0.215006
0.188693    0.240789    0.085293
0.159349    0.126726    0.156951
0.135137    -0.354989    0.193141
0.134606    -0.373072    0.193549
0.141902    -0.303389    0.18795
0.002665    0.126726    0.229977
0.016953    -0.337652    0.235296
0.052325    -0.372478    0.230638
0.029069    -0.311855    0.2337
-0.016534    0.130189    0.213448
0.188934    0.129188    0.102507
0.048748    0.18706    0.209207
0.03648    0.177974    0.210822
0.186611    0.240789    0.084373
0.153023    -0.192742    0.179417
0.163852    -0.154614    0.171107
0.127871    -0.339357    0.198717
0.147794    0.126726    0.162359
0.154324    0.228073    0.150054
0.102179    0.123687    0.212574
0.072481    -0.188487    0.224875
0.093485    -0.243372    0.216175
0.089273    -0.163532    0.21792
0.157388    0.233469    0.14606
0.084448    0.24068    0.196414
0.059609    0.202107    0.206703
0.123745    0.21783    0.174511
0.099545    -0.232426    0.213666
0.108695    -0.233387    0.209876
0.118628    -0.373043    0.205761
0.118463    0.122121    0.20583
0.147704    0.168786    0.156127
0.100853    0.126726    0.196686
0.068883    0.147068    0.202861
-0.125225    0.002882    -0.125646
-0.090882    -0.010926    -0.151998
-0.070731    0.035621    -0.181924
-0.061478    0.069878    -0.226426
-0.123336    0.026122    -0.138202
-0.137273    0.012631    -0.110073
-0.092413    0.046215    -0.185521
-0.087891    0.046932    -0.188245
-0.028276    0.062378    -0.222707
-0.00895    0.063212    -0.226173
-0.141128    0.061295    -0.173177
-0.124504    0.066625    -0.193302
-0.160781    -0.021345    -0.071526
-0.134323    0.018311    -0.114317
-0.025115    0.035073    -0.192915
-0.001793    0.046179    -0.208273
0.037413    -0.014866    -0.172506
-0.164235    0.056416    -0.14399
-0.178476    0.067304    -0.145049
0.027007    0.037775    -0.195655
0.002568    0.03356    -0.19421
0.04466    -0.017428    -0.171552
-0.166644    0.029186    -0.089177
-0.185502    0.040965    -0.077413
0.007851    0.064034    -0.227228
0.041791    0.046921    -0.203827
0.074501    -0.012364    -0.159548
-0.19453    0.041552    -0.057296
-0.210737    0.059791    -0.070446
0.052097    0.035907    -0.189982
0.068025    0.034841    -0.182119
-0.175708    -0.006219    0.013094
-0.1971    0.040649    -0.040179
-0.183078    0.028551    -0.045024
0.097638    0.071899    -0.213849
0.091521    0.066174    -0.209585
-0.17161    0.006694    0.044225
-0.217927    0.056831    -0.017966
-0.196328    0.037402    -0.018764
0.116971    0.063483    -0.194738
0.100265    0.02286    -0.151394
-0.161613    -0.015271    0.069517
-0.214723    0.057645    0.049132
-0.183316    0.0259    0.020941
-0.233878    0.072209    0.026034
-0.22859    0.068051    0.031255
0.141147    0.06184    -0.173915
0.138752    0.058946    -0.171753
0.150814    0.008402    -0.092426
-0.155932    0.011308    0.083232
-0.20095    0.051722    0.070948
-0.192583    0.041028    0.060497
0.143964    0.026816    -0.117076
0.157172    -0.002653    -0.080237
-0.15065    -0.018685    0.092639
-0.175258    0.03383    0.081692
0.188623    0.068275    -0.133575
0.177571    0.068386    -0.148178
0.16308    -0.009623    -0.065976
0.170875    0.025945    -0.069672
-0.137815    0.015307    0.109366
-0.160495    0.028305    0.098216
-0.181012    0.06937    0.145467
0.171827    0.011817    -0.042572
0.194297    0.043823    -0.064368
0.197857    0.056524    -0.092178
0.177168    0.007293    -0.002006
-0.133073    0.021177    0.121109
-0.136231    0.031198    0.13505
0.19729    0.041054    -0.042141
0.174469    0.001596    0.022509
-0.099578    0.003412    0.145325
-0.117552    0.041033    0.163254
-0.123774    0.058324    0.182386
-0.133886    0.06978    0.190465
0.218369    0.056359    -0.010645
0.206671    0.046133    -0.013566
0.173041    -0.014632    0.033354
0.203454    0.047199    0.04696
0.201186    0.044587    0.042232
-0.110881    0.07235    0.208899
-0.069443    0.062242    0.214062
0.228755    0.06776    0.027553
0.22471    0.061463    0.005373
0.167327    0.013884    0.055722
0.209966    0.054871    0.058206
0.226061    0.069899    0.062421
-0.085861    -0.021349    0.154843
-0.065166    0.054622    0.206787
0.164031    -0.013072    0.063678
0.170198    0.020497    0.055693
-0.031491    -0.008753    0.173286
-0.028312    0.055035    0.214578
-0.043424    0.03182    0.186905
0.133757    0.009293    0.114654
0.170513    0.041989    0.109816
0.185636    0.072238    0.144608
-0.014906    -0.010794    0.17547
-0.013908    0.021718    0.179616
0.130803    0.001451    0.118503
0.134725    0.028111    0.13145
0.000715    -0.010645    0.177338
0.0287    0.069901    0.230973
0.022762    0.071952    0.234024
0.11809    -0.001    0.131121
0.134517    0.044909    0.155595
0.129819    0.048991    0.164843
0.032017    -0.00966    0.173217
0.009066    0.021037    0.1795
0.120278    0.014965    0.129441
0.110705    0.025967    0.14768
0.071189    0.013715    0.16092
0.054227    0.025466    0.176704
0.053905    0.03016    0.18241
0.077398    0.043296    0.188274
0.082466    0.03955    0.181728
-0.088436    0.091112    -0.218267
-0.057027    0.074419    -0.230019
-0.087958    0.116795    -0.218465
-0.148117    0.112113    -0.183181
-0.180084    0.104848    -0.152154
-0.020656    0.126726    -0.2273
-0.198416    0.125452    -0.128262
-0.071987    0.126726    -0.210587
0.013442    0.118286    -0.235758
-0.195192    0.126726    -0.13122
-0.115711    0.134021    -0.180675
-0.090061    0.175745    -0.194089
-0.154272    0.135543    -0.150122
-0.170043    0.176669    -0.129568
-0.055779    0.188036    -0.208281
0.061997    0.079794    -0.229217
-0.216997    0.107099    -0.091501
-0.127774    0.211692    -0.171419
-0.07626    0.181663    -0.199805
-0.186564    0.191203    -0.108036
-0.167114    0.192468    -0.133384
-0.019063    0.193738    -0.213115
0.050004    0.136098    -0.209041
0.069491    0.126726    -0.221987
-0.233722    0.085445    -0.028901
-0.194861    0.189585    -0.088197
-0.197534    0.179147    -0.081743
-0.049349    0.240789    -0.20879
0.021957    0.22125    -0.212734
0.061896    0.213236    -0.205755
0.139603    0.074116    -0.189715
-0.233544    0.10342    -0.030257
-0.210402    0.132443    -0.039667
-0.207473    0.136534    -0.057749
-0.201815    0.171426    -0.071407
-0.106736    0.240789    -0.182773
0.089578    0.188245    -0.194289
0.105361    0.198471    -0.187751
0.147908    0.126037    -0.183341
-0.214815    0.150053    -0.00615
-0.214328    0.164662    -0.009854
-0.227769    0.115549    0.065495
-0.148529    0.2386    -0.125153
0.074743    0.240789    -0.195763
0.109499    0.21312    -0.185442
0.172725    0.102068    -0.161744
-0.204584    0.126726    0.100443
-0.211681    0.129071    0.029953
-0.100623    0.230617    -0.167351
0.203882    0.088998    -0.12114
0.133514    0.184148    -0.167015
0.143705    0.196306    -0.159195
-0.204391    0.101153    0.120477
-0.201007    0.16453    0.07336
-0.210891    0.189873    0.035951
-0.209343    0.238772    0.047713
-0.138937    0.228116    -0.106575
-0.153094    0.228116    -0.108518
-0.103114    0.228116    0.076418
-0.109859    0.228116    -0.048592
-0.117088    0.228116    0.016613
-0.090215    0.228116    -0.012377
-0.065432    0.228116    -0.107146
-0.058854    0.228116    -0.173886
-0.183    0.228116    -0.057387
-0.00635    0.228116    0.012799
-0.006829    0.228116    -0.157428
-0.01414    0.228116    -0.15092
-0.023447    0.228116    -0.012827
0.067258    0.234139    -0.182151
0.172069    0.225879    -0.126927
0.186429    0.130815    -0.108212
0.203759    0.126726    -0.109519
-0.16761    0.126726    0.162831
-0.191632    0.205966    0.095991
0.225159    0.101279    -0.071795
-0.154334    0.228116    0.043038
-0.122475    0.228116    0.032924
-0.123761    0.228116    0.118272
-0.051565    0.228116    -0.100325
-0.051077    0.228116    -0.072384
-0.053469    0.228116    0.101485
-0.067175    0.228116    -0.01642
0.214285    0.126726    -0.058722
-0.049829    0.228116    0.089811
-0.040365    0.228116    -0.01091
-0.050243    0.228116    -0.02177
-0.049607    0.228116    -0.148647
0.008955    0.228116    -0.13422
0.008586    0.228116    -0.033999
0.01236    0.228116    0.083618
0.096289    0.238184    -0.170126
0.187566    0.147362    -0.105809
0.203642    0.166082    -0.066998
0.204648    0.188095    -0.064568
-0.123593    0.126726    0.198551
-0.181287    0.201592    0.114914
0.231286    0.120292    -0.047403
-0.124577    0.079804    0.201244
0.211597    0.126726    -0.05545
0.037907    0.228116    0.068809
0.035658    0.228116    0.04464
0.034699    0.228116    0.042629
0.072257    0.228116    -0.145386
0.087449    0.228116    0.013017
0.058046    0.228116    -0.150496
0.069244    0.228116    -0.086398
0.111593    0.228116    -0.149029
0.119652    0.228116    -0.09659
0.194385    0.240789    -0.065135
0.210992    0.221953    -0.035191
-0.165137    0.22214    0.135962
-0.147728    0.240789    0.131924
-0.086506    0.082716    0.219066
-0.109079    0.084867    0.209717
0.215189    0.154956    -0.00331
0.227495    0.126726    -0.02998
0.06059    0.228116    -0.108643
0.057629    0.228116    0.075893
0.054005    0.228116    0.094929
0.082448    0.228116    0.089807
0.1184    0.228116    0.005197
0.109202    0.228116    0.022611
0.147415    0.228116    -0.045819
0.14725    0.228116    -0.028103
0.197846    0.240789    -0.010693
-0.113988    0.144992    0.181997
-0.140955    0.184364    0.161305
-0.135199    0.215484    0.165722
0.229971    0.108064    0.05739
0.211058    0.103216    0.10584
-0.120066    0.240789    0.156484
0.209968    0.231697    0.042966
-0.026806    0.240789    0.197957
0.162833    0.228116    -0.029121
0.18082    0.228116    -0.055656
-0.079804    0.199493    0.198337
-0.088519    0.240263    0.194727
0.184613    0.107902    0.146251
-0.014911    0.091353    0.235565
0.212556    0.170922    0.023308
0.21305    0.163112    0.019553
0.125531    0.240722    0.148239
0.190517    0.228116    0.012188
-0.090611    0.140424    0.193861
0.173336    0.075597    0.160947
0.044756    0.12394    0.231635
-0.034176    0.20915    0.211125
0.190598    0.232924    0.098489
0.197198    0.204881    0.082554
0.01398    0.160825    0.213784
0.116089    0.240789    0.159344
0.15597    0.085557    0.177155
0.024575    0.07559    0.234292
-0.048654    0.134795    0.209219
0.187229    0.237151    0.106623
0.188749    0.158589    0.102953
0.050252    0.181051    0.209008
0.14965    0.240789    0.124016
0.14024    0.126726    0.188242
0.160262    0.210452    0.142315
0.079368    0.113757    0.222023
0.182903    0.240574    0.112808
0.080339    0.221026    0.198116
0.097692    0.229951    0.190928
0.119341    0.156175    0.17789
0.113935    0.099209    0.207705
0.136    0.197519    0.165107
0.081914    0.126726    0.205422
0.074709    0.134911    0.200448
