-0.050582    0.130302    0.010637
-0.047463    0.138055    -0.01894
-0.02788    0.133499    -0.043272
-0.018664    0.121662    -0.050277
-0.026868    0.110685    0.040701
-0.035334    0.107187    0.006254
-0.00613    0.135378    0.051246
0.010662    0.14227    -0.050824
0.004543    0.118186    0.053787
0.014547    0.135422    0.050193
0.026036    0.149387    0.045434
0.029587    0.145549    0.042949
0.030888    0.131234    0.041951
0.038287    0.153035    0.034055
0.047336    0.125133    0.027588
0.039305    0.107187    -0.01579
0.018996    0.155471    0.047018
0.052772    0.133647    -0.000105
-0.044444    0.159666    0.026151
0.033133    0.158285    -0.040233
0.025184    0.164997    0.042075
0.051262    0.167672    0.00587
0.002983    0.173086    0.05183
-0.051808    0.176784    -0.007429
-0.014037    0.17584    -0.05126
-0.048007    0.183947    0.018339
0.023444    0.185926    0.01315
-0.031386    0.185926    -0.013516
0.031273    0.185926    0.036407
0.013492    0.185926    -0.043608
-0.00403    0.185926    0.019205
0.005122    0.185926    -0.001802
-0.04645    0.125348    -0.026985
-0.048108    0.131313    0.017377
-0.050433    0.147434    -0.008059
-0.036741    0.117681    0.018089
-0.032395    0.117681    -0.022296
-0.031367    0.117681    0.031966
-0.045849    0.107187    0.002872
-0.021607    0.117681    -0.015721
-0.038123    0.107187    0.011839
-0.023934    0.117681    0.041424
-0.011752    0.120099    0.052667
-0.025691    0.110685    0.019574
0.000398    0.117681    0.049801
-0.007102    0.117681    -0.03437
-0.011661    0.110685    -0.018168
-0.017134    0.110685    0.025325
0.009796    0.117681    -0.051759
-0.007194    0.110685    -0.04702
-0.01848    0.107187    -0.039186
0.013752    0.117681    -0.011366
-0.003846    0.110685    0.031529
-0.011063    0.107187    -0.018927
0.014628    0.117681    0.040529
0.02277    0.117681    -0.012052
0.0011    0.110685    0.016356
0.006919    0.110685    0.042164
0.030987    0.117681    0.016837
0.001598    0.107187    -0.039403
0.029432    0.137687    0.043068
0.011114    0.107187    -0.016694
0.022936    0.110685    0.012692
0.030467    0.111174    0.040604
0.027595    0.110685    0.002529
0.043492    0.117681    0.014651
0.021625    0.107187    0.002894
0.049315    0.149246    -0.017589
0.047316    0.152765    0.019758
0.042122    0.155157    0.028747
0.046876    0.110685    -0.005223
-0.020005    0.156905    -0.046582
-0.016821    0.161213    0.046919
-0.04741    0.164484    0.004656
-0.040074    0.167502    -0.029787
-0.034412    0.169369    0.038255
0.005542    0.174435    -0.052275
-0.036099    0.176258    0.038576
-0.039444    0.182855    0.034451
0.022614    0.185926    -0.000467
-0.042524    0.185926    0.0044
0.029464    0.185926    0.029896
0.016332    0.185926    0.016082
-0.016789    0.185926    0.045783
0.003146    0.185926    -0.014364
-0.014028    0.039971    -0.052981
-0.015953    0.034012    -0.068371
-0.020265    0.033208    -0.068733
0.043046    0.038114    -0.042605
-0.05401    0.026642    -0.062272
-0.055304    0.029637    -0.055435
0.03672    0.047825    -0.02948
0.052915    0.024752    -0.067439
-0.045695    0.051659    -0.00718
0.000349    0.013077    -0.098611
-0.036693    0.087137    -0.025168
-0.074143    0.030924    -0.013463
0.061059    0.037256    -0.0146
-0.037495    0.012186    -0.090837
0.057238    0.011274    -0.081673
0.008318    0.058984    -0.045875
-0.081241    0.027591    -0.000374
0.07726    0.029379    -0.019655
-0.040261    0.05786    0.022863
0.035401    0.04145    0.03675
-0.012958    0.030315    0.075953
0.063853    0.033483    0.03286
-0.033185    0.105992    0.028042
0.036356    0.060888    -0.029648
-0.082753    0.02484    0.01936
0.085539    0.019217    -0.035156
0.004179    0.054048    0.046688
0.030541    0.104367    -0.032526
-0.083634    0.000835    -0.065298
-0.019757    0.022308    0.08637
0.075967    0.027999    0.028818
0.045048    0.077252    -0.011195
-0.100537    0.00883    -0.00675
0.05965    -0.01104    -0.096379
0.072523    0.026398    0.042742
0.035563    0.0546    0.031241
-0.089513    0.015407    0.032257
0.108766    -0.00755    -0.029012
0.025305    0.064484    0.039286
-0.09572    -0.014089    -0.060919
0.007049    0.012653    0.098144
0.099756    0.011855    -0.003977
-0.109353    -0.004597    0.003423
0.082009    -0.030448    -0.085653
0.052883    0.018321    0.076846
0.012251    0.005315    0.103105
0.113562    -0.013049    0.009125
-0.108089    -0.023791    -0.041526
0.041559    0.00749    0.093747
0.115811    -0.022013    0.013006
-0.112425    -0.014298    0.011578
0.061949    -0.041177    -0.102116
0.045794    0.004603    0.094079
-0.038481    -0.003493    0.101716
-0.008281    -0.313721    -0.118219
-0.014781    -0.220667    -0.117363
-0.005342    -0.132901    -0.118606
-0.001094    -0.096698    -0.119165
-0.000737    -0.446419    -0.119212
-0.019699    -0.100324    -0.116716
-0.008309    -0.307741    -0.118215
0.031351    -0.348881    -0.115352
0.029023    -0.313159    -0.115658
0.029044    -0.627415    -0.115655
0.027188    -0.186522    -0.1159
0.030133    -0.333102    -0.115512
0.017538    -0.257434    -0.11717
0.025271    -0.438819    -0.116152
0.027536    -0.559439    -0.115854
0.052972    -0.461352    -0.106452
0.045167    -0.226776    -0.109685
0.04501    -0.171212    -0.10975
0.059588    -0.36284    -0.103711
0.052651    -0.288862    -0.106585
0.048493    -0.332638    -0.108307
0.04416    -0.222766    -0.110102
0.05415    -0.133707    -0.105964
0.083746    -0.448433    -0.08544
0.084457    -0.523776    -0.084894
0.081516    -0.248862    -0.087151
0.081682    -0.251692    -0.087024
0.080855    -0.054265    -0.087659
0.084664    -0.64639    -0.084736
0.085034    -0.6437    -0.084452
0.071948    -0.096512    -0.094493
0.093117    -0.086512    -0.073938
0.103712    -0.199513    -0.060131
0.087435    -0.083858    -0.081342
0.102739    -0.360129    -0.061399
0.101393    -0.465813    -0.063152
0.099131    -0.233287    -0.0661
0.099905    -0.208813    -0.065091
0.106023    -0.192498    -0.054919
0.109859    -0.384546    -0.045656
0.114295    -0.084671    -0.034948
0.109697    -0.139839    -0.046048
0.106898    -0.131884    -0.052805
0.104191    -0.336373    -0.059343
0.106692    -0.469898    -0.053303
0.105322    -0.485173    -0.056611
0.117182    -0.182342    -0.021693
0.116587    -0.185139    -0.026216
0.116406    -0.512138    -0.02759
0.116627    -0.379297    -0.025913
0.117173    -0.299814    -0.021766
0.117955    -0.148824    -0.015823
0.117356    -0.11076    -0.020373
0.118083    -0.331515    -0.014849
-0.078634    -0.039891    -0.088237
-0.001843    -0.008603    0.112087
-0.028942    -0.455932    -0.115499
-0.017645    -0.54604    -0.116986
-0.024868    -0.523148    -0.116035
-0.021668    -0.284109    -0.116456
-0.024684    -0.284751    -0.116059
-0.022987    -0.239894    -0.116283
-0.015455    -0.569156    -0.117274
0.005751    -0.513227    -0.118722
0.003831    -0.171018    -0.118975
0.008048    -0.679339    -0.11842
0.015612    -0.418448    -0.117424
0.0095    -0.589966    -0.118228
0.005417    -0.339068    -0.118766
0.020928    -0.536145    -0.116724
0.001345    -0.432906    -0.119302
0.033694    -0.569621    -0.114437
0.032585    -0.72691    -0.114896
0.050934    -0.70181    -0.107296
0.036488    -0.595286    -0.113279
0.052171    -0.543322    -0.106783
0.032251    -0.689461    -0.115034
0.046597    -0.585144    -0.109092
0.038977    -0.571207    -0.112248
0.068675    -0.464405    -0.097005
0.060443    -0.18587    -0.103322
0.066575    -0.504366    -0.098616
0.073424    -0.658312    -0.093361
0.062492    -0.553883    -0.101749
0.068489    -0.429056    -0.097148
0.064311    -0.259621    -0.100354
0.093998    -0.505886    -0.072789
0.096564    -0.587951    -0.069445
0.091384    -0.292101    -0.076195
0.090326    -0.421653    -0.077575
0.092391    -0.703336    -0.074884
0.086507    -0.730365    -0.082551
0.088026    -0.725285    -0.080571
0.087811    -0.265335    -0.080851
0.108541    -0.595204    -0.048839
0.115878    -0.099931    -0.031125
0.111088    -0.430984    -0.04269
0.109089    -0.461232    -0.047516
0.115365    -0.227276    -0.032364
0.11327    -0.348476    -0.037423
0.112466    -0.716847    -0.039364
0.109094    -0.580597    -0.047505
0.119556    -0.190219    -0.003666
0.117583    -0.603785    -0.018649
0.119798    -0.458768    -0.001826
0.120027    -0.066429    -8.9e-05
0.117429    -0.6129    -0.019822
0.118782    -0.292046    -0.009541
0.119739    -0.193911    -0.002274
0.119974    -0.695718    -0.000487
-0.077405    -0.176864    -0.089315
-0.067062    -0.174978    -0.097251
-0.059211    -0.33923    -0.103275
-0.060004    -0.457254    -0.102667
-0.068062    -0.082888    -0.096484
-0.063879    -0.24539    -0.099694
-0.064412    -0.570362    -0.099285
-0.062938    -0.577054    -0.100416
-0.037567    -0.377796    -0.112297
-0.046505    -0.060628    -0.108595
-0.043083    -0.339587    -0.110013
-0.03035    -0.197296    -0.115287
-0.030677    -0.133438    -0.115151
-0.032264    -0.422191    -0.114494
-0.045728    -0.137539    -0.108917
-0.047031    -0.219387    -0.108377
-0.038933    -0.011981    0.105629
0.116766    -0.076929    0.024848
0.118824    -0.142862    0.009223
0.117479    -0.225263    0.019433
0.116937    -0.285443    0.02355
0.116129    -0.101102    0.029694
0.11796    -0.250957    0.015779
0.11641    -0.098718    0.02756
0.11689    -0.320669    0.02391
0.119036    -0.535565    0.007609
0.120018    -0.199477    0.000146
0.118001    -0.428372    0.015467
0.117235    -0.562267    0.021291
0.116434    -0.709143    0.027371
0.118833    -0.423454    0.009149
0.118086    -0.702484    0.014829
0.097371    -0.014971    0.060996
-0.069306    -0.616754    -0.095529
-0.069822    -0.535463    -0.095133
-0.073241    -0.358771    -0.09251
-0.083583    -0.584396    -0.084574
-0.077048    -0.353027    -0.089588
-0.075574    -0.568933    -0.090719
-0.071473    -0.538775    -0.093867
-0.075988    -0.431401    -0.090402
-0.038645    -0.676321    -0.111851
-0.05603    -0.452073    -0.10465
-0.056558    -0.585961    -0.104431
-0.044951    -0.494339    -0.109239
-0.041977    -0.471886    -0.110471
-0.058318    -0.694801    -0.103702
-0.044614    -0.435627    -0.109379
-0.099257    -0.443035    -0.064251
-0.102108    -0.102253    -0.060536
-0.091243    -0.183045    -0.074695
-0.090906    -0.064264    -0.075134
-0.099088    -0.577199    -0.064472
-0.091938    -0.108115    -0.07379
-0.099588    -0.315211    -0.063819
-0.101359    -0.065966    -0.061512
-0.109695    -0.431453    -0.042933
-0.10818    -0.249014    -0.046591
-0.111347    -0.301619    -0.038945
-0.108809    -0.184495    -0.045072
-0.111134    -0.07357    -0.039459
-0.112434    -0.606507    -0.036319
-0.112793    -0.111347    -0.035453
-0.114517    -0.694403    -0.031291
-0.118218    -0.266093    -0.004014
-0.117408    -0.393934    -0.010166
-0.117623    -0.180858    -0.00853
-0.118291    -0.359869    -0.003457
-0.117923    -0.505821    -0.00625
-0.118653    -0.290321    -0.000712
-0.118258    -0.400246    -0.003707
-0.115897    -0.041231    0.021353
0.114513    -0.138923    0.034415
0.107083    -0.111533    0.052353
0.110047    -0.096414    0.045197
0.115108    -0.685885    0.032978
0.113963    -0.305562    0.035743
0.112278    -0.369626    0.039812
0.115246    -0.086624    0.032645
0.114941    -0.361807    0.033382
0.046579    -0.013441    0.103596
-0.094877    -0.689981    -0.069959
-0.08734    -0.423105    -0.079782
-0.089263    -0.396852    -0.077276
-0.090796    -0.312252    -0.075278
-0.083817    -0.421473    -0.084373
-0.086486    -0.230705    -0.080894
-0.086156    -0.448554    -0.081325
-0.103748    -0.689262    -0.05729
-0.10313    -0.37971    -0.058782
-0.106119    -0.501803    -0.051566
-0.112046    -0.735983    -0.037256
-0.108087    -0.712582    -0.046814
-0.110156    -0.547221    -0.041821
-0.105696    -0.648003    -0.052587
-0.103929    -0.543704    -0.056852
-0.115747    -0.703483    -0.022784
-0.115744    -0.651229    -0.022803
-0.116995    -0.56791    -0.013299
-0.117176    -0.501575    -0.011929
-0.116416    -0.712787    -0.017698
-0.116532    -0.536224    -0.016816
-0.115512    -0.618747    -0.024568
-0.115261    -0.39308    -0.026474
-0.117658    -0.694612    0.008265
-0.118646    -0.520138    0.000761
-0.116355    -0.728868    0.018157
-0.118154    -0.67764    0.004497
-0.117826    -0.272852    0.006983
-0.117886    -0.490027    0.006529
-0.117387    -0.346861    0.010318
-0.117719    -0.109782    0.007797
-0.115452    -0.442265    0.025016
-0.115613    -0.14328    0.023799
-0.114901    -0.67153    0.029204
-0.116314    -0.175686    0.018472
-0.116962    -0.10755    0.013552
-0.11596    -0.425925    0.021158
-0.118    -0.095984    0.005666
-0.03552    -0.019965    0.109855
0.109685    -0.428449    0.046071
0.105414    -0.47893    0.056384
0.108531    -0.64843    0.048857
0.107725    -0.304135    0.050805
0.105423    -0.560518    0.056361
0.108461    -0.581763    0.049027
0.109273    -0.662275    0.047066
0.108477    -0.341766    0.048989
-0.11219    -0.241398    0.036903
-0.108153    -0.220036    0.04665
-0.112584    -0.290973    0.035953
-0.106691    -0.153736    0.05018
-0.114553    -0.140115    0.031201
-0.110881    -0.042126    0.040063
-0.110887    -0.336151    0.040051
-0.111063    -0.457889    0.039626
-0.0082    -0.024737    0.116427
0.103326    -0.188113    0.060627
0.093812    -0.552251    0.073026
0.098427    -0.385297    0.067012
0.103834    -0.533657    0.059966
0.09111    -0.730651    0.076547
0.101748    -0.435889    0.062684
0.096423    -0.405501    0.069623
0.092229    -0.628542    0.075089
-0.103355    -0.465553    0.058232
-0.108286    -0.50195    0.046328
-0.107281    -0.365313    0.048756
-0.103723    -0.111849    0.057344
-0.105703    -0.320822    0.052564
-0.109593    -0.49972    0.043174
-0.103994    -0.264999    0.05669
-0.103147    -0.524836    0.058733
0.017589    -0.030528    0.116275
0.087167    -0.544089    0.081686
0.088564    -0.151699    0.079865
0.094317    -0.395277    0.072368
0.098013    -0.213515    0.067551
0.100145    -0.047772    0.064773
0.087293    -0.64078    0.081522
0.095418    -0.195553    0.070933
0.085139    -0.345879    0.084328
-0.102106    -0.164403    0.060533
-0.090521    -0.276885    0.07563
-0.101719    -0.506066    0.061037
-0.093467    -0.107034    0.071792
-0.093266    -0.224507    0.072053
-0.101969    -0.049396    0.060711
-0.093984    -0.221016    0.071117
-0.098427    -0.337291    0.065327
0.031715    -0.743709    -0.114123
0.06762    -0.165714    0.097809
0.069348    -0.374506    0.096483
0.066612    -0.491281    0.098583
0.061185    -0.201986    0.102747
0.069302    -0.246454    0.096519
0.070212    -0.077219    0.095821
0.068092    -0.052999    0.097447
0.076278    -0.634313    0.091166
0.082034    -0.484171    0.086749
0.081604    -0.340932    0.087079
0.063165    -0.669565    0.101228
0.063428    -0.732763    0.101026
0.074528    -0.641063    0.092509
0.075023    -0.367248    0.092129
0.072157    -0.564131    0.094328
0.035035    -0.63723    0.113877
0.036517    -0.277194    0.113263
0.03291    -0.18939    0.114757
0.043359    -0.223452    0.110429
0.032599    -0.470851    0.114886
0.042121    -0.324924    0.110942
0.032914    -0.289241    0.114756
0.038417    -0.161192    0.112476
-0.085302    -0.367043    0.082433
-0.097151    -0.735271    0.06699
-0.095134    -0.515884    0.069618
-0.102261    -0.730716    0.06033
-0.084962    -0.210585    0.082876
-0.095981    -0.520671    0.068515
-0.088593    -0.219312    0.078143
-0.084498    -0.583495    0.08348
0.057346    -0.137173    0.104635
0.049952    -0.504653    0.107698
0.039701    -0.684762    0.111944
0.05046    -0.40492    0.107488
0.056558    -0.181706    0.104961
0.045614    -0.588385    0.109495
0.055834    -0.57954    0.105261
0.056217    -0.315421    0.105103
0.001613    -0.679213    0.119263
0.007622    -0.319349    0.118472
0.01359    -0.133941    0.117686
0.023155    -0.052629    0.116427
0.016615    -0.300687    0.117288
0.001769    -0.709162    0.119242
0.006761    -0.269252    0.118585
0.005143    -0.184614    0.118798
0.025794    -0.62096    0.116079
0.02725    -0.208408    0.115888
0.016241    -0.542156    0.117337
0.016796    -0.580675    0.117264
0.028448    -0.362217    0.11573
0.025967    -0.691423    0.116057
0.021833    -0.428333    0.116601
0.026242    -0.350104    0.11602
-0.081768    -0.532797    0.085961
-0.076649    -0.448725    0.08989
-0.076886    -0.503693    0.089707
-0.070489    -0.233622    0.094616
-0.080581    -0.64716    0.086872
-0.076105    -0.39515    0.090307
-0.067015    -0.093645    0.097282
-0.077016    -0.515832    0.089608
-0.052621    -0.522767    0.106057
-0.046973    -0.229072    0.108397
-0.047081    -0.144377    0.108352
-0.048891    -0.329753    0.107602
-0.051677    -0.20626    0.106448
-0.053956    -0.501411    0.105504
-0.054297    -0.227501    0.105363
-0.054142    -0.159732    0.105427
-0.01079    -0.093679    0.117885
-0.02391    -0.222069    0.116157
-0.023443    -0.58251    0.116219
-0.023618    -0.151591    0.116196
-0.010483    -0.234694    0.117925
-0.029118    -0.709369    0.115472
-0.014073    -0.369221    0.117452
0.07012    -0.742161    0.095141
-0.010566    -0.543348    0.117914
-0.014452    -0.504081    0.117402
-0.005415    -0.4469    0.118592
-0.005056    -0.252727    0.118639
-0.017729    -0.730742    0.116971
-0.007856    -0.63419    0.118271
-0.006725    -0.410402    0.11842
-0.100707    -0.744952    -0.059794
-0.071816    -0.460319    0.093598
-0.079807    -0.695081    0.087467
-0.063506    -0.328986    0.099975
-0.068299    -0.711076    0.096297
-0.07558    -0.542611    0.09071
-0.059832    -0.070693    0.102794
-0.078695    -0.599498    0.08832
-0.032088    -0.50217    0.114563
-0.039164    -0.340079    0.111631
-0.034726    -0.575476    0.11347
-0.043838    -0.621214    0.109695
-0.04425    -0.534985    0.109525
-0.047871    -0.727267    0.108025
-0.042993    -0.665811    0.110045
-0.049205    -0.589164    0.107472
0.050671    -0.744922    0.105722
0.104958    -0.749807    0.044993
-0.088575    -0.748444    -0.072233
-0.071677    -0.749274    0.088254
0.04508    -0.753125    -0.099915
0.061018    -0.752598    0.092539
-0.064256    -0.752131    0.090025
-0.026367    -0.754079    0.104608
-0.009053    -0.755275    -0.101199
-0.017792    -0.755331    0.016154
-0.018642    -0.755331    -0.093103
-0.049234    -0.755331    -0.053059
-0.041113    -0.755331    -0.043309
-0.060112    -0.755331    -0.033251
0.007773    -0.755331    -0.038926
0.012088    -0.755331    -0.052728
0.044993    -0.755331    0.018836
0.044393    -0.755331    0.005927
0.056084    -0.755331    -0.076172
0.072772    -0.755331    0.047588
0.094021    -0.755331    0.023982
-0.031975    -0.755331    0.027115
-0.027507    -0.755331    -0.074724
-0.022754    -0.755331    0.084888
-0.005811    -0.755331    0.026771
-0.058697    -0.755331    0.036358
-0.080089    -0.755331    0.044807
0.004566    -0.755331    0.085839
0.02493    -0.755331    0.05558
0.036653    -0.755331    0.092609
0.035016    -0.755331    0.043777
0.057125    -0.755331    -0.014626
-0.059539    -0.755326    0.081052
-0.046759    0.040372    -0.022637
0.01986    0.030524    -0.074813
-0.051164    0.037473    -0.033093
0.000709    0.020697    -0.091032
0.042411    0.02759    -0.070351
0.055044    0.03344    -0.045827
-0.035358    0.035256    0.056717
-0.033119    0.060496    -0.032218
-0.072361    0.029379    -0.028942
-0.026936    0.097182    -0.034796
-0.046304    0.056154    -0.000673
0.061342    0.019847    -0.068463
-0.017786    0.037369    0.05895
-0.026619    0.038218    0.052941
-0.018573    0.101232    -0.039854
0.038127    0.050364    -0.027844
0.022117    0.000673    -0.104814
0.000384    0.040182    0.053611
-0.041853    0.077013    0.016284
-0.080566    0.027308    0.008781
0.079933    0.015785    -0.05317
-0.020014    0.061801    0.041585
0.014089    0.106581    -0.04193
0.037367    0.037968    0.047434
0.01593    -0.005614    -0.108956
0.07327    0.031616    0.019534
-0.007253    0.091214    0.044064
0.044442    0.084562    -0.012081
-0.090787    0.019705    -0.005756
0.092498    0.002494    -0.053682
0.016973    0.031315    0.07365
-0.036248    -0.005869    -0.103941
0.012927    0.023185    0.086362
0.096321    0.01054    -0.029895
0.044901    0.084928    0.009092
-0.102085    -0.001946    -0.034648
-0.009282    -0.021225    -0.115363
0.092259    0.019351    0.007073
0.028796    0.057584    0.037083
-0.075762    0.012572    0.061744
0.086574    -0.019954    -0.077473
-0.070614    -0.016233    -0.089454
0.015899    0.007091    0.101464
0.115692    -0.023901    -0.017747
-0.106829    -0.005299    0.025294
0.094311    -0.030386    -0.070906
0.086902    0.010081    0.052181
-0.076278    0.001815    0.073848
0.112455    -0.035088    -0.038462
-0.097604    -0.027598    -0.064213
0.046579    0.006434    0.092482
0.111007    -0.022541    0.03673
-0.116334    -0.027185    0.007592
-0.012948    -0.049945    -0.117604
-0.002022    -0.369291    -0.119043
-0.025588    -0.08279    -0.11594
-1.3e-05    -0.277882    -0.119307
-0.009366    -0.344026    -0.118076
-0.019382    -0.073656    -0.116757
-0.014053    -0.054641    -0.117459
0.00036    -0.366659    -0.119356
0.021708    -0.491936    -0.116621
0.012398    -0.290904    -0.117847
0.027116    -0.164739    -0.115909
0.025038    -0.189476    -0.116183
0.027743    -0.254813    -0.115827
0.016672    -0.370736    -0.117284
0.028888    -0.617734    -0.115676
0.010769    -0.127147    -0.118061
0.054161    -0.225054    -0.105959
0.057514    -0.052906    -0.10457
0.05559    -0.433742    -0.105367
0.055051    -0.408058    -0.10559
0.044459    -0.349365    -0.109978
0.050459    -0.406233    -0.107493
0.044146    -0.072467    -0.110107
0.079511    -0.414475    -0.08869
0.073008    -0.231575    -0.09368
0.072036    -0.189656    -0.094426
0.080277    -0.256829    -0.088102
0.084086    -0.673505    -0.085179
0.070644    -0.281352    -0.095494
0.075136    -0.083479    -0.092047
0.065389    -0.078177    -0.099526
0.100692    -0.416634    -0.064066
0.094305    -0.210185    -0.072389
0.097088    -0.109168    -0.068762
0.094287    -0.37012    -0.072412
0.103568    -0.306752    -0.060319
0.098922    -0.46369    -0.066373
0.100503    -0.290217    -0.064313
0.10302    -0.165877    -0.061032
0.114184    -0.128786    -0.035214
0.106361    -0.209373    -0.054103
0.105118    -0.069777    -0.057104
0.108304    -0.134001    -0.04941
0.114535    -0.12159    -0.034367
0.107242    -0.364958    -0.051976
0.104649    -0.330092    -0.058236
0.117943    -0.033651    0.012617
0.116083    -0.217041    -0.030044
0.117314    -0.499885    -0.020691
0.118844    -0.161777    -0.009073
0.11622    -0.599376    -0.029003
0.118166    -0.060536    -0.014221
0.11667    -0.105096    -0.025582
0.118349    -0.081035    -0.012829
0.11067    -0.022526    0.037534
-0.103955    -0.016776    0.046648
-0.015698    -0.490405    -0.117242
-0.027726    -0.220167    -0.115659
-0.029103    -0.598698    -0.115478
-0.006269    -0.7367    -0.118484
-0.017489    -0.633923    -0.117007
-0.027203    -0.222331    -0.115728
-0.028296    -0.321967    -0.115584
-0.019368    -0.370382    -0.116759
0.014407    -0.500348    -0.117582
0.022348    -0.615915    -0.116537
0.012975    -0.632727    -0.117771
0.01913    -0.518578    -0.116961
0.006339    -0.170623    -0.118644
0.005022    -0.613598    -0.118818
0.005095    -0.619149    -0.118808
0.007128    -0.440044    -0.118541
0.044133    -0.590269    -0.110113
0.036725    -0.387606    -0.113181
0.047024    -0.55375    -0.108915
0.050561    -0.724728    -0.107451
0.036303    -0.649558    -0.113356
0.037074    -0.366093    -0.113037
0.046083    -0.449076    -0.109305
0.07125    -0.648694    -0.095029
0.069363    -0.459559    -0.096477
0.065477    -0.4002    -0.099459
0.068203    -0.469573    -0.097367
0.070408    -0.712396    -0.095675
0.070523    -0.495478    -0.095587
0.061095    -0.179236    -0.102821
0.066678    -0.629509    -0.098537
0.095232    -0.430987    -0.071181
0.086819    -0.624507    -0.082145
0.087146    -0.226699    -0.081719
0.100603    -0.647862    -0.064181
0.090789    -0.333237    -0.076971
0.087391    -0.632531    -0.081399
0.086341    -0.310761    -0.082767
0.087717    -0.688856    -0.080974
0.111476    -0.6545    -0.041754
0.108729    -0.562108    -0.048384
0.107315    -0.674456    -0.051799
0.113826    -0.442129    -0.03608
0.112007    -0.659003    -0.040472
0.114029    -0.224764    -0.035588
0.114165    -0.594878    -0.035261
0.119958    -0.089252    -0.000606
0.116736    -0.735237    -0.025082
0.119699    -0.597008    -0.002575
0.119956    -0.251581    -0.000622
0.118709    -0.58443    -0.010095
0.116506    -0.674996    -0.026828
0.11925    -0.705573    -0.005988
0.118692    -0.526734    -0.01023
0.086987    -0.00435    0.067153
-0.066526    -0.17065    -0.097662
-0.065375    -0.345844    -0.098546
-0.068093    -0.297637    -0.09646
-0.067846    -0.336633    -0.09665
-0.066033    -0.156543    -0.098041
-0.077049    -0.108604    -0.089588
-0.071218    -0.32731    -0.094062
-0.034361    -0.342079    -0.113625
-0.036406    -0.160485    -0.112778
-0.031723    -0.293788    -0.114718
-0.032171    -0.376349    -0.114532
-0.034753    -0.081032    -0.113463
-0.048375    -0.195079    -0.107821
-0.037448    -0.305741    -0.112347
-0.042061    -0.135339    -0.110436
-0.10676    -0.027488    0.046479
0.117945    -0.060522    0.015894
0.116543    -0.143061    0.026548
0.118132    -0.260055    0.014473
0.116683    -0.38589    0.025483
0.118333    -0.20724    0.012952
0.117715    -0.072204    0.017643
0.117325    -0.157246    0.020605
0.118676    -0.099999    0.01034
0.119784    -0.600618    0.001926
0.119444    -0.205564    0.004507
0.116327    -0.708885    0.028187
0.118882    -0.366405    0.008778
0.117712    -0.657722    0.017667
0.119926    -0.407998    0.000848
0.119241    -0.213388    0.006052
0.117788    -0.462907    0.017085
-0.068124    -0.676011    -0.096436
-0.078741    -0.577857    -0.088289
-0.062582    -0.652025    -0.100689
-0.077513    -0.47213    -0.089232
-0.067109    -0.715143    -0.097215
-0.07832    -0.435361    -0.088612
-0.066804    -0.579013    -0.097449
-0.071306    -0.523108    -0.093994
-0.034002    -0.722907    -0.113774
-0.045928    -0.450351    -0.108834
-0.041345    -0.54136    -0.110732
-0.045103    -0.652519    -0.109176
-0.055832    -0.638223    -0.104732
-0.04932    -0.685947    -0.107429
-0.050842    -0.268501    -0.106799
-0.031351    -0.730021    -0.114872
-0.093304    -0.305267    -0.072009
-0.096303    -0.37653    -0.068101
-0.099621    -0.60889    -0.063777
-0.097131    -0.117693    -0.067021
-0.09149    -0.224569    -0.074373
-0.10195    -0.682782    -0.060741
-0.089171    -0.177628    -0.077395
-0.114175    -0.154332    -0.032117
-0.11445    -0.445655    -0.031454
-0.108942    -0.094243    -0.044751
-0.110994    -0.190776    -0.039797
-0.11437    -0.501612    -0.031646
-0.105229    -0.07064    -0.053714
-0.110422    -0.117995    -0.041178
-0.106051    -0.189981    -0.051729
-0.117192    -0.066543    -0.011807
-0.116155    -0.162189    -0.01968
-0.116832    -0.11193    -0.014541
-0.118128    -0.195007    -0.004698
-0.117431    -0.256833    -0.009991
-0.116104    -0.11668    -0.020071
-0.118689    -0.439004    -0.000438
-0.11773    -0.413219    -0.007717
0.002307    -0.020849    0.116346
0.10969    -0.27763    0.046059
0.115042    -0.464062    0.033138
0.107939    -0.1125    0.050288
0.109358    -0.218339    0.046861
0.113781    -0.505362    0.036182
0.11134    -0.085515    0.042077
0.10831    -0.222826    0.049392
0.113523    -0.539881    0.036806
-0.084844    -0.239543    -0.083035
-0.097764    -0.716147    -0.066197
-0.08935    -0.311045    -0.077162
-0.088416    -0.58135    -0.078379
-0.093821    -0.456268    -0.071336
-0.092695    -0.703851    -0.072803
-0.097367    -0.707946    -0.066714
-0.088387    -0.593849    -0.078417
-0.10565    -0.621975    -0.052698
-0.108564    -0.658006    -0.045662
-0.106712    -0.312158    -0.050134
-0.106454    -0.516716    -0.050756
-0.110234    -0.523056    -0.041632
-0.105668    -0.312768    -0.052654
-0.106025    -0.241828    -0.051794
-0.116761    -0.422551    -0.015076
-0.115816    -0.293318    -0.022257
-0.118431    -0.71756    -0.002392
-0.114688    -0.144544    -0.030825
-0.117941    -0.671344    -0.006111
-0.115186    -0.679441    -0.027047
-0.116455    -0.690966    -0.0174
-0.115773    -0.447012    -0.022585
-0.117323    -0.657263    0.010804
-0.118688    -0.47621    0.000441
-0.117256    -0.554373    0.011319
-0.118406    -0.548879    0.002581
-0.115193    -0.704984    0.026982
-0.117729    -0.29125    0.007725
-0.115353    -0.63346    0.02577
-0.116929    -0.596322    0.013797
-0.118626    -0.062289    0.000913
-0.115335    -0.521913    0.025907
-0.116849    -0.11984    0.014405
-0.115436    -0.342178    0.025138
-0.11747    -0.242729    0.009694
-0.116863    -0.071566    0.014301
-0.115709    -0.549866    0.023069
-0.114759    -0.431087    0.030279
0.106035    -0.653971    0.054884
0.105996    -0.483396    0.054978
0.113765    -0.688454    0.036222
0.109374    -0.509184    0.046823
0.111083    -0.553928    0.042697
0.109099    -0.426637    0.047487
0.104959    -0.667137    0.057481
0.112971    -0.629672    0.038138
0.07522    -0.028584    0.09049
-0.107324    -0.145982    0.048651
-0.110251    -0.41194    0.041585
-0.112339    -0.17329    0.036543
-0.112561    -0.177257    0.036009
-0.108652    -0.051697    0.045445
-0.107813    -0.045625    0.04747
-0.111443    -0.4508    0.038707
-0.111107    -0.399476    0.039519
0.089189    -0.590565    0.079051
0.099524    -0.608876    0.065582
0.098956    -0.569024    0.066323
0.099012    -0.263721    0.066249
0.102747    -0.496344    0.061382
0.094139    -0.720544    0.0726
0.099387    -0.555569    0.065761
0.088605    -0.678043    0.079812
0.05808    -0.031758    0.103591
-0.107302    -0.502883    0.048703
-0.10866    -0.654073    0.045426
-0.108309    -0.672624    0.046273
-0.10632    -0.602335    0.051074
-0.108273    -0.376131    0.046359
-0.105101    -0.62009    0.054018
-0.10419    -0.542436    0.056216
-0.092606    -0.036992    0.072491
0.088606    -0.456894    0.07981
0.089234    -0.173783    0.078992
0.091215    -0.270612    0.07641
0.092514    -0.133334    0.074718
0.085103    -0.733535    0.084376
0.088725    -0.599343    0.079655
0.089659    -0.384217    0.078438
0.091004    -0.289042    0.076685
-0.086476    -0.7419    -0.080032
-0.09244    -0.049436    0.07313
-0.098352    -0.209041    0.065424
-0.093941    -0.049792    0.071174
-0.093572    -0.275494    0.071655
-0.101827    -0.09534    0.060896
-0.089757    -0.166848    0.076627
-0.094144    -0.221444    0.070909
-0.072098    -0.033898    0.092856
0.074543    -0.253331    0.092497
0.060949    -0.424052    0.102928
0.069122    -0.345868    0.096657
0.07609    -0.069374    0.09131
0.081347    -0.057392    0.087276
0.07643    -0.161393    0.091049
0.068549    -0.237369    0.097097
0.065806    -0.457453    0.099202
0.061413    -0.731497    0.102572
0.077933    -0.277992    0.089896
0.066167    -0.66821    0.098924
0.080419    -0.416076    0.087988
0.072162    -0.514165    0.094324
0.068105    -0.673172    0.097438
0.082645    -0.451023    0.08628
0.076607    -0.74    0.090699
0.049317    -0.289327    0.107961
0.0359    -0.577483    0.113519
0.044509    -0.370098    0.109953
0.034072    -0.505766    0.114276
0.043154    -0.392375    0.110514
0.033481    -0.199805    0.114521
0.048648    -0.074719    0.108238
-0.05946    -0.744591    -0.101303
-0.088734    -0.4913    0.077959
-0.085983    -0.431464    0.081544
-0.086272    -0.391291    0.081168
-0.085707    -0.547653    0.081905
-0.08574    -0.73456    0.081862
-0.088558    -0.649199    0.078189
-0.097926    -0.701212    0.06598
-0.07552    -0.040938    0.09069
0.058625    -0.611253    0.104105
0.047463    -0.682441    0.108729
0.046002    -0.456406    0.109334
0.052078    -0.431755    0.106817
0.041565    -0.530386    0.111172
0.051742    -0.691588    0.106956
0.042832    -0.666132    0.110647
0.042878    -0.595631    0.110628
0.020026    -0.276429    0.116839
0.019735    -0.289351    0.116877
0.019197    -0.075561    0.116948
0.017039    -0.278004    0.117232
0.027352    -0.12942    0.115874
0.005931    -0.179218    0.118694
0.013302    -0.331646    0.117724
0.002204    -0.405933    0.119185
0.016119    -0.561004    0.117353
0.017573    -0.427117    0.117162
0.022277    -0.304066    0.116542
0.023715    -0.728312    0.116353
0.019458    -0.316128    0.116914
0.023305    -0.413219    0.116407
0.006365    -0.615103    0.118637
-0.097855    -0.740917    0.065586
-0.076978    -0.344764    0.089637
-0.06787    -0.095782    0.096626
-0.075786    -0.464384    0.090551
-0.076578    -0.316556    0.089944
-0.076722    -0.412189    0.089834
-0.078347    -0.571576    0.088586
-0.08203    -0.196356    0.085761
-0.048918    -0.295251    0.107591
-0.042324    -0.206782    0.110322
-0.046649    -0.220297    0.108531
-0.039802    -0.08015    0.111367
-0.049744    -0.429142    0.107249
-0.035849    -0.106824    0.113005
-0.045721    -0.362698    0.108916
-0.049487    -0.293232    0.107355
-0.017455    -0.277943    0.117007
-0.027072    -0.338477    0.115741
-0.02597    -0.338012    0.115886
-0.023904    -0.457794    0.116158
-0.025688    -0.155086    0.115923
-0.020446    -0.492157    0.116613
-0.002167    -0.042135    0.11902
-0.028839    -0.610413    0.115508
-0.020228    -0.636392    0.116642
-0.004396    -0.249099    0.118726
-0.019701    -0.595809    0.116711
-0.003166    -0.555657    0.118888
-0.016511    -0.477473    0.117131
-0.004562    -0.451833    0.118704
-0.015044    -0.652985    0.117324
-0.001416    -0.595167    0.119119
-0.071493    -0.489808    0.093846
-0.065206    -0.734784    0.09867
-0.065013    -0.281722    0.098819
-0.059872    -0.535667    0.102763
-0.071465    -0.65445    0.093867
-0.069726    -0.677149    0.095202
-0.066836    -0.404894    0.09742
-0.061417    -0.395123    0.101578
-0.033    -0.558501    0.114185
-0.032652    -0.486679    0.114329
-0.031196    -0.092865    0.114932
-0.040498    -0.414125    0.111079
-0.046446    -0.649821    0.108615
-0.053553    -0.692628    0.105671
-0.037827    -0.385496    0.112186
-0.039939    -0.690244    0.11131
-0.025381    -0.749945    -0.111028
0.070334    -0.750419    -0.088963
0.02197    -0.746332    0.114319
0.108035    -0.752505    0.029024
-0.058746    -0.75023    0.097137
0.081353    -0.754417    -0.069646
0.088315    -0.754817    0.057999
0.047305    -0.755209    -0.091548
0.096948    -0.755321    0.031441
-0.024915    -0.755331    -0.094699
-0.046886    -0.755331    -0.034662
-0.045063    -0.755331    -0.07407
-0.06387    -0.755331    -0.060783
-0.085734    -0.755331    -0.045545
0.007639    -0.755331    -0.09868
0.000767    -0.755331    0.00302
0.049137    -0.755331    -0.020979
0.070346    -0.755331    -0.003992
0.08164    -0.755331    -0.047509
0.094674    -0.755331    -0.001862
0.085382    -0.755331    0.038405
-0.028609    -0.755331    -0.012936
-0.000134    -0.755331    0.050665
-0.018629    -0.755331    0.057497
-0.053125    -0.755331    0.063488
-0.055114    -0.755331    0.032142
-0.092509    -0.755331    -0.010772
0.026585    -0.755331    0.021771
0.02374    -0.755331    -0.008377
0.032306    -0.755331    0.001239
0.056452    -0.755331    0.06439
0.05262    -0.755331    -0.053761
