0.040808    -0.009642    0.011224
0.039978    0.003214    -0.008295
0.032285    0.000588    0.029589
0.021647    -0.02118    -0.03448
0.040889    0.019705    0.009972
0.006585    0.000863    0.04611
0.038118    0.065522    -0.014203
0.015061    -0.03761    0.054226
0.04102    0.062637    0.007952
0.023684    -0.035662    -0.041759
0.010535    -0.030387    0.048046
0.038226    0.076492    0.01895
0.01949    0.026769    -0.035794
-0.006322    0.022204    0.047109
0.007404    0.042803    0.045946
0.041055    0.176968    0.007423
0.024536    0.059851    -0.032427
-0.013395    -0.003064    0.046291
0.008687    0.065304    0.04569
0.031901    0.163071    0.030164
0.017731    0.111959    -0.036968
-0.023009    0.057115    0.043035
-0.009361    0.153621    0.046912
0.008205    0.053392    -0.040586
0.074322    -0.044768    0.0235
0.051728    -0.044768    0.041068
-0.026505    0.1216    0.040767
-0.030091    0.189624    0.038375
-0.027306    0.001189    -0.035308
0.061798    -0.044768    -0.030105
0.050658    -0.044768    -0.038554
0.029636    -0.044768    0.041551
0.037535    -0.044768    0.036218
0.034668    -0.044768    0.012035
0.032265    -0.044768    -0.020422
-0.00755    -0.044768    0.0157
-0.026711    0.136012    0.04063
0.008932    0.160297    -0.04034
0.061303    -0.044768    -0.016769
-0.043704    -0.044768    -0.023313
-0.021736    -0.044768    -0.02104
-0.043373    -0.044768    0.019789
-0.044746    -0.044768    -0.02882
-0.005285    -0.044768    -0.028013
-0.003377    -0.045335    0.051857
-0.035902    0.054066    0.033118
-0.002749    0.075502    -0.04206
0.093563    -0.045262    0.047552
-0.039773    0.007444    0.02871
-0.038789    -0.014994    -0.02463
0.094993    -0.04545    -0.01737
-0.062482    -0.044804    -0.042977
-0.041141    -0.021539    0.027127
-0.047629    -0.033073    -0.019883
-0.000859    -0.052867    -0.061992
-0.056608    -0.044768    0.018147
-0.102747    -0.045035    0.000666
-0.038954    -0.036003    0.041361
-0.043917    0.19261    0.020448
-0.024279    0.076007    -0.036804
-0.009944    -0.051792    -0.061973
-0.087473    -0.044768    -0.031544
-0.101586    -0.044883    0.048015
-0.099513    -0.044768    0.02645
-0.110494    -0.047353    0.035819
-0.04579    -0.034217    0.030008
-0.049444    -0.02878    -0.006563
-0.028908    0.045156    -0.034305
0.091605    -0.059493    -0.062019
0.100042    -0.047616    -0.032645
-0.071277    -0.044768    0.015723
-0.054829    -0.040207    0.033967
0.031127    0.199601    -0.013106
-0.035647    0.064611    -0.028387
0.09831    -0.05341    -0.059009
-0.117844    -0.054485    -0.041503
-0.112753    -0.048999    0.055121
-0.047989    0.120767    0.001901
-0.031876    0.155953    -0.031699
0.10835    -0.057637    0.034148
-0.115534    -0.051476    0.024381
0.106292    -0.053647    -0.032668
0.024732    -0.056142    0.065467
-0.034818    0.187057    -0.029115
-0.121386    -0.060157    -0.065404
0.007442    -0.059946    0.06866
0.061281    -0.060001    -0.064229
-0.120434    -0.059807    0.012048
-0.031782    0.199933    0.025919
0.110959    -0.059952    0.011646
-0.127519    -0.061139    -0.040283
-0.03521    -0.062362    -0.072465
-0.128945    -0.061729    0.054659
-0.005656    0.200217    -0.026375
0.117326    -0.061435    0.044681
-0.131792    -0.06326    0.025333
0.03538    -0.064587    -0.075513
0.118544    -0.061939    -0.011253
-0.013859    0.200217    0.021013
0.108556    -0.064295    -0.075133
0.078968    -0.065871    -0.077085
0.123596    -0.065342    0.033312
-0.033006    0.199957    -0.018829
0.124562    -0.066362    0.008595
-0.09269    -0.06689    -0.077866
0.128738    -0.073487    0.066494
0.067664    -0.069976    -0.080184
0.128824    -0.073694    -0.042656
-0.00168    -0.072538    -0.081246
0.055751    -0.074963    0.08851
0.131801    -0.075098    0.073435
0.103478    -0.075419    0.09198
0.018044    -0.074873    -0.082988
0.133858    -0.075368    -0.022087
-0.124994    -0.076549    0.095292
0.031072    -0.075229    -0.085702
0.1357    -0.075779    -0.023305
-0.149775    -0.077092    0.022183
-0.053173    -0.075582    -0.088124
-0.118482    -0.079942    0.100812
-0.153529    -0.079593    -0.065178
0.130835    -0.075958    -0.089031
0.060783    -0.079835    0.100671
-0.154989    -0.080714    -0.094673
0.143285    -0.080103    0.063779
-0.046502    -0.081224    0.102215
-0.157201    -0.083588    0.072052
0.144424    -0.081153    -0.029864
-0.127099    -0.08453    0.104752
-0.157821    -0.084396    0.073541
-0.082735    -0.085184    0.105145
0.001383    -0.084122    -0.099602
0.129091    -0.08266    -0.098481
0.148047    -0.086725    0.099877
-0.024858    -0.087771    0.106217
-0.15938    -0.087748    -0.064443
0.099357    -0.089835    0.107037
0.1458    -0.087784    -0.101386
0.055669    -0.089485    -0.102091
0.149306    -0.089881    0.0622
0.088892    -0.093832    0.107564
-0.160854    -0.094731    0.079453
-0.116664    -0.561729    0.107705
0.041827    -0.271081    0.107705
-0.106442    -0.505515    0.107705
-0.050722    -0.292091    0.107705
-0.108565    -0.527686    0.107705
-0.125798    -0.404284    0.107705
-0.00959    -0.129084    0.107705
-0.105303    -0.519433    0.107705
-0.054197    -0.331942    0.107705
-0.066505    -0.278933    0.107705
-0.008331    -0.139458    0.107705
-0.048243    -0.40801    0.107705
-0.15622    -0.417505    0.107705
-0.128258    -0.576275    0.107705
-0.087791    -0.296408    0.107705
-0.151863    -0.275963    0.107705
-0.090886    -0.48331    0.107705
0.029094    -0.215518    0.107705
-0.03803    -0.225833    0.107705
-0.102213    -0.143537    0.107705
-0.126165    -0.447133    0.107705
-0.00463    -0.39603    0.107705
-0.133921    -0.097082    0.107705
-0.143379    -0.629618    0.107705
-0.153743    -0.280408    0.107705
-0.099482    -0.31628    0.107705
-0.039044    -0.229197    0.107705
0.009701    -0.169018    0.107705
-0.142622    -0.605281    0.107705
-0.093523    -0.219975    0.107705
-0.073644    -0.43548    0.107705
0.019979    -0.309259    0.107705
0.088229    -0.15932    0.107705
-0.098428    -0.326474    0.107705
-0.013348    -0.300804    0.107705
0.034061    -0.158875    0.107705
-0.036062    -0.162281    0.107705
0.021982    -0.114477    0.107705
-0.112381    -0.427483    0.107705
-0.052694    -0.472303    0.107705
-0.020999    -0.393686    0.107705
0.030468    -0.143497    0.107705
-0.084274    -0.283591    0.107705
0.000169    -0.163841    0.107705
-0.104767    -0.274636    0.107705
-0.046746    -0.443629    0.107705
-0.087986    -0.15782    0.107705
-0.132439    -0.12282    0.107705
-0.08755    -0.124058    0.107705
-0.154512    -0.295454    0.107705
0.00677    -0.282422    0.107705
0.06518    -0.209817    0.107705
-0.153855    -0.330215    0.107705
-0.043151    -0.173161    0.107705
-0.020802    -0.092707    -0.102579
-0.160877    -0.331295    0.013932
-0.160877    -0.46968    0.087354
-0.160877    -0.187737    0.011446
-0.160877    -0.101722    -0.01315
-0.160877    -0.371264    0.097995
-0.160877    -0.323905    0.031915
-0.160877    -0.611219    0.088515
-0.160877    -0.459162    0.063524
-0.160877    -0.127565    0.029615
-0.160877    -0.52032    0.086127
-0.160877    -0.253037    -0.015468
-0.160877    -0.288435    0.072854
-0.160877    -0.171555    -0.041522
-0.160877    -0.104951    0.052895
-0.160877    -0.113948    -0.093458
-0.160877    -0.1181    -0.035626
-0.160877    -0.504146    0.075997
-0.160877    -0.341455    0.076942
-0.160877    -0.398863    0.069645
-0.160877    -0.415386    0.051666
-0.160877    -0.526256    0.09515
-0.160877    -0.253151    0.009981
-0.160877    -0.149331    0.014307
-0.160877    -0.284254    0.009999
-0.160877    -0.258398    0.083905
-0.160877    -0.196875    -0.019086
-0.160877    -0.383615    0.004397
-0.160877    -0.284856    0.10662
-0.160877    -0.117839    -0.038829
-0.160877    -0.519896    0.055065
-0.160877    -0.166814    0.029418
-0.160877    -0.142578    -0.031264
-0.160877    -0.390734    0.012354
-0.160877    -0.107864    0.011745
-0.160877    -0.107488    -0.038032
-0.160877    -0.159366    0.043585
-0.160877    -0.336338    0.107646
-0.160877    -0.377045    0.012222
-0.160877    -0.132451    0.021458
-0.160877    -0.44284    0.06803
-0.160877    -0.162193    -0.014884
-0.160877    -0.112434    0.014306
-0.160877    -0.187746    -0.049725
-0.160877    -0.241965    -0.031017
-0.160877    -0.344033    0.06727
-0.160877    -0.248192    0.040452
-0.160877    -0.311824    0.039876
-0.160877    -0.245089    -0.046261
-0.160877    -0.120038    -0.022503
-0.160877    -0.215903    -0.033036
-0.160877    -0.208648    -0.02381
-0.160877    -0.356034    0.087164
-0.160877    -0.193565    -0.003507
-0.160877    -0.199413    0.09319
-0.160877    -0.477599    0.059655
-0.160877    -0.179952    0.043529
-0.160877    -0.426343    0.078426
-0.160877    -0.306962    -0.010765
-0.160877    -0.256571    0.088872
-0.160877    -0.390652    0.024742
-0.160877    -0.14703    -0.053559
-0.160877    -0.545807    0.065769
-0.160877    -0.461999    0.103877
-0.160877    -0.608287    0.08671
-0.160877    -0.54387    0.074233
-0.160877    -0.134704    0.090132
-0.160877    -0.199925    0.045791
-0.160877    -0.105221    0.005598
-0.160877    -0.309006    0.066398
-0.160877    -0.227553    -0.004717
-0.160877    -0.103714    -0.058852
-0.160877    -0.140838    0.068531
0.149969    -0.296449    0.001511
0.149969    -0.469307    -0.097727
0.149969    -0.098405    0.041281
0.149969    -0.120088    0.081505
0.149969    -0.232352    -0.059747
0.149969    -0.458422    -0.078953
0.149969    -0.142194    -0.092532
0.149969    -0.331999    -0.06509
0.149969    -0.133635    -0.002758
0.149969    -0.114484    0.037534
0.149969    -0.360765    -0.002343
0.149969    -0.292576    -0.033197
0.149969    -0.588557    -0.079648
0.149969    -0.125556    -0.068739
0.149969    -0.131053    -0.080371
0.149969    -0.351475    -0.016538
0.149969    -0.394539    -0.030284
0.149969    -0.500288    -0.046314
0.149969    -0.430728    -0.100116
0.149969    -0.226434    0.033818
0.149969    -0.368993    -0.097863
0.149969    -0.234081    -0.001566
0.149969    -0.340781    -0.08013
0.149969    -0.610107    -0.095294
0.149969    -0.095266    0.08107
0.149969    -0.239627    -0.09245
0.149969    -0.268623    -0.007994
0.149969    -0.352918    -0.078571
0.149969    -0.44328    -0.016698
0.149969    -0.142146    0.004726
0.149969    -0.115114    -0.024194
0.149969    -0.462748    -0.101722
0.149969    -0.293016    -0.063142
0.149969    -0.655    -0.094737
0.149969    -0.277701    0.031271
0.149969    -0.305702    -0.054688
0.149969    -0.396273    -0.007737
0.149969    -0.113281    -0.077085
0.149969    -0.257583    -0.031213
0.149969    -0.199221    -0.099044
0.149969    -0.169944    0.038798
0.149969    -0.131726    0.001454
0.149969    -0.466625    -0.067376
0.149969    -0.109602    -0.098548
0.149969    -0.270543    -0.085112
0.149969    -0.103954    0.01875
0.149969    -0.335806    -0.05359
0.149969    -0.186919    -0.037145
0.149969    -0.167449    -0.021537
0.149969    -0.533881    -0.081986
0.149969    -0.168119    0.013393
0.149969    -0.392948    -0.051464
0.149969    -0.227156    -0.049685
0.149969    -0.127169    0.079165
0.149969    -0.199992    -0.004471
0.149969    -0.133258    -0.076329
0.149969    -0.173668    -0.076144
0.149969    -0.474894    -0.059078
0.149969    -0.434736    -0.085343
0.149969    -0.177522    -0.026204
0.149969    -0.248763    -0.005747
0.149969    -0.112255    0.034511
0.149969    -0.425398    -0.018664
0.149969    -0.101003    -0.037915
0.149969    -0.218615    -0.014329
0.149969    -0.315136    -0.066366
0.149969    -0.176203    -0.039008
0.149969    -0.243321    0.039249
0.149969    -0.425536    -0.022961
0.149969    -0.254424    0.0055
0.149969    -0.462072    -0.031647
0.149969    -0.369437    -0.013443
0.149969    -0.275394    -0.069203
0.103441    -0.668896    0.107705
0.04796    -0.420736    0.107705
-0.002445    -0.468368    0.107705
0.1402    -0.490645    0.107705
0.128551    -0.259365    0.107705
0.124313    -0.176353    0.107705
0.089674    -0.350565    0.107705
0.044806    -0.319157    0.107705
0.11977    -0.241868    0.107705
0.108905    -0.238023    0.107705
0.142788    -0.569488    0.107705
0.022207    -0.509756    0.107705
-0.04788    -0.663715    0.107705
-0.046603    -0.675445    0.107705
0.036373    -0.59223    0.107705
-0.018487    -0.701133    0.107705
0.149755    -0.104887    0.107705
0.120276    -0.466315    0.107705
0.097841    -0.426681    0.107705
0.019374    -0.368349    0.107705
0.144986    -0.244665    0.107705
0.146393    -0.590853    0.107705
0.146997    -0.535382    0.107705
0.045117    -0.340593    0.107705
0.098412    -0.544875    0.107705
0.081853    -0.631775    0.107705
0.131975    -0.666211    0.107705
0.043928    -0.619941    0.107705
-0.058785    -0.678669    0.107705
-0.037771    -0.698829    0.107705
-0.126374    -0.667918    0.107705
-0.059002    -0.593112    0.107705
0.062997    -0.336637    0.107705
0.019212    -0.671528    0.107705
0.046959    -0.428761    0.107705
0.142861    -0.208299    0.107705
0.051178    -0.612286    0.107705
0.013578    -0.658572    0.107705
0.116986    -0.61767    0.107705
-0.090494    -0.623566    0.107705
-0.075186    -0.582991    0.107705
-0.027294    -0.703424    0.107705
0.043959    -0.360622    0.107705
0.055011    -0.701711    0.107705
-0.051089    -0.61121    0.107705
-0.027782    -0.479799    0.107705
0.138013    -0.413651    0.107705
0.020733    -0.355687    0.107705
0.05613    -0.449933    0.107705
0.030316    -0.521382    0.107705
0.023214    -0.598319    0.107705
-0.153263    -0.698945    0.107705
-0.095746    -0.612369    0.107705
-0.160877    -0.38703    -0.101734
-0.160877    -0.631027    0.070081
-0.160877    -0.378505    -0.073869
-0.160877    -0.365021    -0.078972
-0.160877    -0.702849    0.00745
-0.160877    -0.556636    -0.031278
-0.160877    -0.528071    0.041482
-0.160877    -0.486426    -0.088225
-0.160877    -0.37113    -0.060161
-0.160877    -0.528832    -0.055718
-0.160877    -0.213694    -0.095036
-0.160877    -0.494645    -0.094683
-0.160877    -0.514186    0.032297
-0.160877    -0.393216    -0.019345
-0.160877    -0.560784    0.035381
-0.160877    -0.515599    -0.013679
-0.160877    -0.243173    -0.083156
-0.160877    -0.543309    0.043473
-0.160877    -0.703698    0.028986
-0.160877    -0.592626    0.05407
-0.160877    -0.446735    -0.080852
-0.160877    -0.616895    0.037291
-0.160877    -0.367621    -0.092707
-0.160877    -0.638224    -0.046027
-0.160877    -0.175211    -0.078709
-0.160877    -0.435191    -0.019261
-0.160877    -0.645117    0.030292
-0.160877    -0.681434    0.002577
-0.160877    -0.403664    -0.028065
-0.160877    -0.451675    -0.024622
-0.160877    -0.577885    -0.02552
-0.160877    -0.590671    -0.031479
-0.160877    -0.451833    -0.093947
-0.160877    -0.164979    -0.091063
-0.160877    -0.699605    -0.046238
-0.160877    -0.466244    -0.035699
-0.160877    -0.464722    0.009931
-0.160877    -0.475814    -0.041373
-0.160877    -0.543944    0.004702
-0.160877    -0.666353    0.05504
-0.160877    -0.564453    -0.092582
-0.160877    -0.436901    0.013109
-0.160877    -0.64405    0.018342
-0.160877    -0.616992    -0.039848
-0.160877    -0.618235    0.000547
-0.160877    -0.674762    0.003012
-0.160877    -0.589102    0.022053
-0.160877    -0.541714    -0.052924
-0.160877    -0.357486    -0.050489
-0.160877    -0.216027    -0.0614
-0.160877    -0.15438    -0.093675
-0.160877    -0.651952    -0.097864
-0.160877    -0.249703    -0.052433
-0.160877    -0.559617    -0.011021
-0.160877    -0.688894    -0.029147
-0.160877    -0.256801    -0.069019
-0.160877    -0.462609    -0.025376
-0.160877    -0.478711    0.026631
-0.160877    -0.409321    -0.072264
-0.160877    -0.204319    -0.068708
-0.160877    -0.464928    -0.038429
-0.160877    -0.309755    -0.096394
-0.160877    -0.483765    -0.04175
-0.160877    -0.448672    -0.00717
-0.160877    -0.544297    -0.019703
-0.160877    -0.689926    0.000769
-0.160877    -0.598094    -0.049312
-0.160877    -0.254468    -0.060087
-0.160877    -0.683017    -0.094856
-0.160877    -0.510313    0.004427
-0.160877    -0.481533    0.023876
-0.160877    -0.461593    0.019209
0.149969    -0.255632    0.09531
0.149969    -0.675706    -0.047116
0.149969    -0.691808    0.014731
0.149969    -0.36555    0.034163
0.149969    -0.115176    0.105706
0.149969    -0.212437    0.078945
0.149969    -0.491604    0.056758
0.149969    -0.599036    0.066469
0.149969    -0.579288    0.066198
0.149969    -0.545191    0.074359
0.149969    -0.506745    0.097388
0.149969    -0.617453    -0.063877
0.149969    -0.566469    0.089772
0.149969    -0.146745    0.10638
0.149969    -0.444588    0.009693
0.149969    -0.629245    -0.040342
0.149969    -0.394318    0.105231
0.149969    -0.29583    0.10632
0.149969    -0.407212    0.06456
0.149969    -0.461485    0.02122
0.149969    -0.554648    0.101614
0.149969    -0.655686    0.062798
0.149969    -0.613976    -0.017385
0.149969    -0.676341    -0.081109
0.149969    -0.564578    0.0539
0.149969    -0.39695    0.100114
0.149969    -0.682479    0.063053
0.149969    -0.495684    0.095073
0.149969    -0.516651    0.006339
0.149969    -0.640953    0.054681
0.149969    -0.439084    -0.010307
0.149969    -0.622478    -0.051773
0.149969    -0.413111    0.06278
0.149969    -0.397659    0.031148
0.149969    -0.354657    0.062039
0.149969    -0.498137    0.081497
0.149969    -0.3572    0.060953
0.149969    -0.524639    0.017959
0.149969    -0.353066    0.067346
0.149969    -0.651176    0.008242
0.149969    -0.485568    -0.020678
0.149969    -0.447289    0.038525
0.149969    -0.238097    0.084758
0.149969    -0.660562    -0.001677
0.149969    -0.538372    0.023051
0.149969    -0.30297    0.09304
0.149969    -0.601628    -0.042902
0.149969    -0.291777    0.073533
0.149969    -0.564547    0.028804
0.149969    -0.630202    -0.014049
0.149969    -0.265481    0.078583
0.149969    -0.700783    -0.024163
0.149969    -0.492727    0.080969
0.149969    -0.522972    -0.025578
0.149969    -0.388521    0.049775
0.149969    -0.218642    0.1027
0.149969    -0.6313    0.001488
0.149969    -0.705773    -0.056902
0.149969    -0.552479    -0.012282
0.149969    -0.447955    0.105851
0.149969    -0.41539    0.070179
0.149969    -0.666757    0.015277
0.149969    -0.474748    -0.002
0.149969    -0.473924    0.032675
0.149969    -0.444561    0.06364
0.149969    -0.404448    0.009416
0.149969    -0.543432    0.080584
0.149969    -0.504002    0.00239
0.149969    -0.619343    0.000216
0.149969    -0.586655    0.032576
0.149969    -0.685886    0.029538
0.149969    -0.36747    0.02862
0.066392    -0.217346    -0.102868
0.089267    -0.359169    -0.102868
0.116735    -0.608101    -0.102868
-0.00264    -0.23747    -0.102868
0.124301    -0.22276    -0.102868
0.038957    -0.367495    -0.102868
-0.05339    -0.210753    -0.102868
0.008014    -0.243137    -0.102868
0.091043    -0.283098    -0.102868
-0.019932    -0.335098    -0.102868
0.147707    -0.620838    -0.102868
0.067047    -0.401148    -0.102868
-0.09848    -0.133615    -0.102868
0.100146    -0.283697    -0.102868
0.029263    -0.099965    -0.102868
-0.054419    -0.19178    -0.102868
0.079444    -0.32437    -0.102868
-0.048243    -0.155776    -0.102868
-0.053832    -0.148825    -0.102868
0.054114    -0.337158    -0.102868
0.147167    -0.555227    -0.102868
-0.011602    -0.209345    -0.102868
0.044684    -0.099073    -0.102868
0.083581    -0.240355    -0.102868
-0.085827    -0.158098    -0.102868
0.098648    -0.235145    -0.102868
0.08072    -0.217577    -0.102868
0.134623    -0.64188    -0.102868
-0.028571    -0.21317    -0.102868
0.044811    -0.137765    -0.102868
-0.061857    -0.252733    -0.102868
-0.086471    -0.1919    -0.102868
0.07091    -0.246981    -0.102868
0.032655    -0.445701    -0.102868
-0.072761    -0.149254    -0.102868
-0.005389    -0.254541    -0.102868
0.144491    -0.679394    -0.102868
0.097115    -0.099022    -0.102868
0.057974    -0.144273    -0.102868
0.115236    -0.205855    -0.102868
0.046284    -0.45486    -0.102868
-0.014006    -0.144931    -0.102868
-0.053128    -0.171887    -0.102868
0.141995    -0.232428    -0.102868
0.11995    -0.406904    -0.102868
0.142988    -0.205504    -0.102868
0.017288    -0.188462    -0.102868
0.024242    -0.283666    -0.102868
-0.074842    -0.117811    -0.102868
-0.001477    -0.340072    -0.102868
0.007218    -0.237729    -0.102868
0.103945    -0.162471    -0.102868
0.062869    -0.199462    -0.102868
0.066815    -0.349863    -0.102868
0.05566    -0.23082    -0.102868
-0.075732    -0.150871    -0.102868
0.088096    -0.309193    -0.102868
0.074291    -0.110634    -0.102868
0.118844    -0.599959    -0.102868
-0.013106    -0.248316    -0.102868
0.070795    -0.284483    -0.102868
0.085447    -0.567656    -0.102868
-0.022857    -0.159049    -0.102868
0.01559    -0.2749    -0.102868
0.086862    -0.288579    -0.102868
0.044838    -0.329842    -0.102868
0.051122    -0.182217    -0.102868
-0.021974    -0.148937    -0.102868
0.129591    -0.352771    -0.102868
0.035718    -0.279282    -0.102868
-0.072241    -0.203704    -0.102868
0.123084    -0.608299    -0.102868
-0.103274    -0.154919    -0.102868
0.046467    -0.376296    -0.102868
0.090529    -0.173554    -0.102868
0.131096    -0.656698    -0.102868
0.06239    -0.270581    -0.102868
-0.005917    -0.175315    -0.102868
0.078068    -0.255081    -0.102868
-0.079762    -0.104254    -0.102868
-0.054125    -0.25366    -0.102868
0.082838    -0.146032    -0.102868
0.096393    -0.408534    -0.102868
0.050414    -0.449191    -0.102868
0.102536    -0.103945    -0.102868
-0.088116    -0.132862    -0.102868
-0.080893    -0.104732    -0.102868
0.113456    -0.425826    -0.102868
-0.058224    -0.262498    -0.102868
0.000446    -0.208818    -0.102868
0.024977    -0.310655    -0.102868
0.10182    -0.332298    -0.102868
0.128361    -0.101908    -0.102868
0.107587    -0.169775    -0.102868
-0.068164    -0.275715    -0.102868
0.138116    -0.43322    -0.102868
0.067329    -0.444789    -0.102868
-0.034431    -0.239899    -0.102868
0.081323    -0.228242    -0.102868
0.126353    -0.456037    -0.102868
0.073289    -0.505046    -0.102868
0.079983    -0.375366    -0.102868
-0.063227    -0.096474    -0.102868
0.12218    -0.418666    -0.102868
0.07457    -0.359273    -0.102868
-0.092745    -0.144624    -0.102868
0.077045    -0.130022    -0.102868
-0.032784    -0.708143    0.107498
0.052159    -0.693291    -0.102868
-0.084524    -0.674394    -0.102868
-0.134123    -0.641784    -0.102868
-0.05552    -0.551361    -0.102868
0.075886    -0.602537    -0.102868
-0.067803    -0.411579    -0.102868
0.117245    -0.684672    -0.102868
-0.145992    -0.563865    -0.102868
-0.096984    -0.544294    -0.102868
-0.123364    -0.662434    -0.102868
-0.013683    -0.49928    -0.102868
-0.139867    -0.23228    -0.102868
-0.02917    -0.633816    -0.102868
-0.082239    -0.678813    -0.102868
-0.125698    -0.195202    -0.102868
-0.0123    -0.598126    -0.102868
0.036568    -0.638272    -0.102868
-0.129102    -0.674419    -0.102868
-0.126953    -0.533536    -0.102868
-0.147235    -0.485931    -0.102868
-0.137677    -0.226734    -0.102868
-0.057045    -0.382592    -0.102868
-0.091538    -0.442948    -0.102868
-0.128107    -0.314047    -0.102868
-0.079776    -0.306281    -0.102868
-0.157738    -0.375938    -0.102868
-0.102651    -0.539719    -0.102868
-0.124177    -0.378794    -0.102868
-0.074503    -0.698625    -0.102868
0.061245    -0.567131    -0.102868
0.076448    -0.619486    -0.102868
0.061241    -0.704518    -0.102868
-0.081465    -0.326175    -0.102868
-0.157766    -0.498197    -0.102868
-0.120184    -0.456219    -0.102868
-0.081881    -0.610914    -0.102868
-0.078023    -0.485372    -0.102868
-0.015912    -0.521194    -0.102868
-0.091426    -0.644661    -0.102868
0.039953    -0.585589    -0.102868
0.029084    -0.635981    -0.102868
0.088371    -0.675298    -0.102868
-0.126464    -0.356039    -0.102868
-0.026797    -0.489419    -0.102868
-0.114293    -0.705833    -0.102868
0.036851    -0.522543    -0.102868
-0.103361    -0.646471    -0.102868
-0.0485    -0.702373    -0.102868
-0.110515    -0.411968    -0.102868
-0.092317    -0.262635    -0.102868
-0.099966    -0.532384    -0.102868
-0.150866    -0.441669    -0.102868
-0.129596    -0.440128    -0.102868
0.040813    -0.549159    -0.102868
-0.092517    -0.455786    -0.102868
-0.10915    -0.260478    -0.102868
-0.133892    -0.232521    -0.102868
-0.095625    -0.545273    -0.102868
-0.117609    -0.395499    -0.102868
-0.022985    -0.461942    -0.102868
-0.050082    -0.450443    -0.102868
-0.06911    -0.323534    -0.102868
-0.057419    -0.389791    -0.102868
-0.110819    -0.441977    -0.102868
-0.012236    -0.614728    -0.102868
-0.145497    -0.445801    -0.102868
-0.117232    -0.615753    -0.102868
-0.092098    -0.487719    -0.102868
-0.147208    -0.324463    -0.102868
-0.092166    -0.273713    -0.102868
0.07089    -0.595009    -0.102868
-0.134115    -0.481906    -0.102868
0.115635    -0.699862    -0.102868
-0.086639    -0.706305    -0.102868
-0.097381    -0.613648    -0.102868
-0.078072    -0.56085    -0.102868
-0.070485    -0.67883    -0.102868
-0.130091    -0.663804    -0.102868
-0.059398    -0.57173    -0.102868
-0.053083    -0.424994    -0.102868
-0.088865    -0.385623    -0.102868
-0.025119    -0.580575    -0.102868
0.043964    -0.602528    -0.102868
0.029854    -0.671004    -0.102868
-0.079406    -0.449041    -0.102868
-0.0919    -0.400177    -0.102868
-0.062229    -0.311754    -0.102868
0.089469    -0.625217    -0.102868
0.013274    -0.653603    -0.102868
-0.074207    -0.33723    -0.102868
-0.159628    -0.335861    -0.102868
-0.114074    -0.454708    -0.102868
-0.14601    -0.594403    -0.102868
-0.028168    -0.642186    -0.102868
-0.069497    -0.558669    -0.102868
-0.143848    -0.655704    -0.102868
-0.10156    -0.631995    -0.102868
-0.062883    -0.397995    -0.102868
-0.055869    -0.642919    -0.102868
-0.053167    -0.416721    -0.102868
0.149601    -0.709357    -0.013806
0.077378    -0.58275    -0.102868
0.05827    -0.541364    -0.102868
0.118698    -0.68161    -0.102868
0.074729    -0.558523    -0.102868
0.120644    -0.664649    -0.102868
0.135708    -0.693719    -0.102868
0.103651    -0.649783    -0.102868
0.041265    -0.710517    0.107185
-0.048817    -0.710168    -0.102394
0.149461    -0.710417    0.064523
-0.034138    -0.70804    -0.102674
-0.106876    -0.713736    0.106203
0.149134    -0.712123    0.033605
-0.052533    -0.716202    0.105181
0.03422    -0.715586    -0.100601
0.077882    -0.712827    -0.101743
0.148534    -0.713573    0.044612
0.022089    -0.716727    0.104918
0.146936    -0.717048    0.025754
0.072502    -0.717801    0.104094
-0.009661    -0.718899    -0.098415
0.029686    -0.719126    -0.098241
0.144955    -0.719629    -0.035714
0.124807    -0.723696    0.097992
-0.016677    -0.722128    -0.095199
0.14241    -0.722043    0.078195
-0.108229    -0.7227    0.099289
0.062798    -0.723899    -0.092891
-0.107556    -0.724148    0.097167
-0.150412    -0.724118    -0.051249
0.098219    -0.723987    -0.092721
-0.138228    -0.724222    0.096989
-0.148593    -0.724872    0.086138
-0.095436    -0.72572    -0.088538
-0.090878    -0.725952    0.092754
-0.111194    -0.726062    -0.087084
0.132829    -0.72624    0.031697
-0.074016    -0.726477    0.088765
0.09892    -0.726539    -0.083458
0.033995    -0.726624    0.038065
-0.052986    -0.726624    0.043614
0.056091    -0.726624    -0.002237
-0.066707    -0.726624    0.047635
-0.088714    -0.726624    0.072615
-0.121273    -0.726624    0.078924
0.113722    -0.726624    0.007579
0.017686    -0.726624    0.019257
0.089862    -0.726624    -0.033486
0.097088    -0.726624    -0.017567
0.110384    -0.726624    -0.036817
0.080556    -0.726624    -0.048258
0.064142    -0.726624    -0.005575
0.125203    -0.726624    0.058958
-0.022694    -0.726624    0.056116
0.023418    -0.726624    0.063901
-0.060584    -0.726624    0.083447
-0.0441    -0.726624    0.076719
0.10595    -0.726624    -0.021542
0.047277    -0.726624    0.00468
-0.04731    -0.726624    0.057178
0.069356    -0.726624    0.022804
0.120212    -0.726624    0.078066
0.124115    -0.726624    0.062716
-0.058457    -0.726624    0.07102
0.03365    -0.726624    0.010722
-0.049226    -0.726624    0.004132
0.03552    -0.726624    -0.036988
-0.131348    -0.726624    -0.064672
0.059242    -0.726624    -0.0805
-0.11328    -0.726624    -0.023727
-0.082634    -0.726624    -0.043145
-0.11878    -0.726624    0.040681
0.028393    -0.726624    -0.051093
-0.05888    -0.726624    -0.062253
-0.048049    -0.726624    -0.063881
-0.129607    -0.726624    -0.019446
-0.003816    -0.726624    -0.056762
-0.091348    -0.726624    0.03628
-0.063983    -0.726624    0.033836
0.038258    -0.726624    -0.078552
-0.132724    -0.726624    -0.033477
0.037204    -0.726624    -0.049197
0.041669    -0.726624    -0.032937
-0.045745    -0.726624    0.023227
-0.036104    -0.726624    0.007646
-0.075352    -0.726624    -0.0416
-0.129608    -0.726624    0.044231
-0.118479    -0.726624    -0.071709
0.089307    -0.726624    -0.073639
-0.031788    -0.726624    -0.067953
-0.139772    -0.726624    -0.063006
0.03732    -0.00559    -0.015818
-0.0181    -0.011957    0.044698
-0.095468    -0.045417    0.052476
0.02023    -0.051679    0.062517
0.004332    -0.059807    -0.024986
0.023854    -0.059807    -0.025214
0.028292    -0.059807    -0.009815
0.019346    -0.059807    0.013541
0.001214    -0.059807    0.000809
0.01063    -0.059807    0.004332
0.017929    -0.059807    -0.050058
0.101892    -0.059807    -0.034011
-0.050646    -0.049761    0.060573
0.060317    -0.059807    0.036997
0.092328    -0.059807    0.020183
0.023254    -0.059807    0.039177
0.062088    -0.059807    0.005167
0.028543    -0.059807    0.039275
0.071551    -0.059807    0.037865
0.03834    -0.059807    0.053766
0.001194    -0.059807    0.014952
-0.054556    -0.059807    -0.015293
-0.052877    -0.059807    0.008681
-0.021397    -0.059807    -0.049533
-0.014007    -0.059807    0.009574
-0.062483    -0.059807    -0.009976
-0.056021    -0.059807    -0.007334
-0.03069    -0.059807    -0.038601
-0.012949    -0.059807    0.008937
-0.10883    -0.058364    0.066387
-0.007963    -0.059807    -0.051125
-0.105527    -0.059807    0.010688
-0.097311    -0.059807    0.046848
-0.053514    -0.059807    0.018939
-0.088246    -0.059807    -0.0219
-0.107465    -0.059807    0.042582
-0.116731    -0.059807    -0.024543
-0.103787    -0.059807    -0.031798
-0.072845    -0.059807    -0.005553
0.014549    -0.060551    0.072927
-0.113856    -0.065494    0.081532
0.117552    -0.06953    0.084727
-0.035985    -0.074743    0.087236
0.032792    -0.001057    0.028829
0.002011    0.01927    0.047023
-0.024769    0.02781    0.041925
-0.040636    0.019736    -0.021862
0.041494    0.094124    0.000643
0.040862    0.048485    0.010392
0.041553    0.175542    -0.000268
0.034162    0.161915    -0.02221
0.024852    0.163776    -0.032217
0.036019    0.149034    0.023992
-0.001427    0.175806    0.047427
0.029963    0.194341    -0.025593
0.026044    0.196061    -0.02852
0.03151    0.197623    -0.019956
-0.019003    0.19787    0.040488
-0.048195    0.040119    0.005089
-0.044535    0.094836    -0.014802
-0.04223    0.1652    -0.019471
-0.041827    0.199352    0.001973
-0.007421    0.200217    0.033378
-0.01665    0.200217    0.01042
0.034972    0.040498    -0.020571
0.03174    0.065494    -0.02506
0.024721    0.082679    0.037331
-0.007294    0.091258    0.047046
0.024413    0.132316    0.037601
-0.003489    0.130913    0.047293
0.022194    0.123718    -0.03399
-0.023255    0.120194    0.042935
0.002    0.079738    -0.041753
-0.001234    0.096804    -0.041962
-0.015847    0.082565    -0.040387
-0.04118    0.012758    -0.021045
-0.046375    0.078831    0.014857
-0.037119    0.122447    -0.027095
-0.139132    -0.402722    0.107705
-0.020854    -0.39647    0.107705
-0.082608    -0.219381    0.107705
-0.142735    -0.258239    0.107705
-0.072242    -0.10133    0.107705
-0.045218    -0.34172    0.107705
-0.092255    -0.454458    0.107705
-0.14791    -0.120004    0.107705
-0.055876    -0.13347    0.107705
-0.05166    -0.250699    0.107705
0.01161    -0.302811    0.107705
0.038138    -0.120633    0.107705
-0.116741    -0.155934    0.107705
0.031375    -0.130114    0.107705
-0.107385    -0.484379    0.107705
-0.141234    -0.434694    0.107705
0.058414    -0.239849    0.107705
0.084396    -0.151538    0.107705
0.07906    -0.167482    0.107705
-0.046465    -0.303777    0.107705
-0.067558    -0.362225    0.107705
0.027442    -0.172498    0.107705
0.05984    -0.215629    0.107705
-0.152038    -0.214777    0.107705
-0.041954    -0.257869    0.107705
0.036151    -0.176281    0.107705
-0.011451    -0.257866    0.107705
-0.03205    -0.387638    0.107705
0.066559    -0.222207    0.107705
-0.000569    -0.378962    0.107705
0.091786    -0.116136    0.107705
0.043318    -0.205965    0.107705
-0.020521    -0.366979    0.107705
0.042209    -0.164192    0.107705
-0.159211    -0.201086    0.107705
-0.149777    -0.333338    0.107705
-0.058395    -0.213054    0.107705
-0.037086    -0.410512    0.107705
0.044974    -0.193752    0.107705
-0.094019    -0.412233    0.107705
0.043175    -0.210915    0.107705
-0.094408    -0.096257    0.107705
-0.092344    -0.490006    0.107705
-0.000137    -0.16143    0.107705
-0.082347    -0.537712    0.107705
0.013056    -0.198675    0.107705
-0.041431    -0.264503    0.107705
-0.084525    -0.543664    0.107705
-0.152513    -0.512    0.107705
-0.039858    -0.413473    0.107705
0.051795    -0.11324    0.107705
0.008237    -0.206555    0.107705
0.093616    -0.172634    0.107705
0.033021    -0.271098    0.107705
0.002484    -0.601549    0.107705
0.105401    -0.321897    0.107705
-0.001467    -0.41959    0.107705
0.125073    -0.471616    0.107705
0.123074    -0.477759    0.107705
0.085453    -0.575502    0.107705
0.011116    -0.596085    0.107705
0.084564    -0.600497    0.107705
0.103888    -0.570065    0.107705
-0.018484    -0.7036    0.107705
0.131726    -0.615075    0.107705
-0.076516    -0.568307    0.107705
0.002677    -0.414685    0.107705
0.001304    -0.496236    0.107705
0.039624    -0.540349    0.107705
0.128158    -0.526763    0.107705
0.127244    -0.378468    0.107705
-0.086353    -0.587559    0.107705
0.100958    -0.256156    0.107705
-0.146568    -0.69598    0.107705
0.007955    -0.689104    0.107705
0.12994    -0.245958    0.107705
0.091692    -0.549431    0.107705
0.109594    -0.215316    0.107705
0.091921    -0.253154    0.107705
0.128996    -0.546557    0.107705
0.141507    -0.48043    0.107705
0.043406    -0.366467    0.107705
-0.068296    -0.565662    0.107705
0.084361    -0.418127    0.107705
0.127233    -0.274855    0.107705
0.089671    -0.248991    0.107705
0.046936    -0.582735    0.107705
0.090833    -0.595585    0.107705
0.114573    -0.293759    0.107705
0.030225    -0.649631    0.107705
0.052643    -0.330819    0.107705
0.076552    -0.5687    0.107705
-0.015548    -0.539457    0.107705
0.134093    -0.701501    0.107705
-0.002861    -0.5053    0.107705
0.04643    -0.655552    0.107705
0.081419    -0.27051    0.107705
0.111352    -0.271819    0.107705
0.120213    -0.547864    0.107705
-0.037603    -0.544261    0.107705
-0.024133    -0.535185    0.107705
0.141424    -0.384623    0.107705
0.147124    -0.373004    0.107705
2.1e-05    -0.683596    0.107705
-0.096048    -0.635877    0.107705
0.047748    -0.5917    0.107705
0.059381    -0.293609    0.107705
