0.121167    -0.609437    0.016728
0.124166    -0.364378    -0.006066
0.124856    -0.290427    -0.000829
0.1227    -0.459924    -0.017208
0.123148    -0.352295    -0.013801
0.123491    -0.49216    -0.011199
0.122507    -0.513873    -0.018673
0.123939    -0.532281    -0.007797
0.122137    -0.487793    -0.021477
0.122689    -0.461416    -0.017288
0.12202    -0.579872    -0.02237
0.124549    -0.60027    -0.003158
0.123541    -0.315993    -0.010819
0.121956    -0.499657    -0.022855
0.124765    -0.278664    0.001517
0.121542    -0.538553    0.026
0.123961    -0.58123    0.007626
0.123394    -0.349433    0.011934
0.124914    -0.184437    0.000387
0.123161    -0.497412    0.013706
0.122251    -0.494061    0.020613
0.122784    -0.366481    0.016567
0.123072    -0.568248    0.014381
0.122789    -0.426416    0.016532
0.122482    -0.473505    0.018859
0.124152    -0.559966    0.006172
0.12334    -0.323101    0.01234
0.121449    -0.597601    0.026706
0.110273    -0.609437    -0.021938
0.120326    -0.228759    -0.033226
0.114288    -0.424369    -0.047804
0.12014    -0.324086    -0.033675
0.114823    -0.395051    -0.046512
0.120279    -0.427602    -0.033339
0.115424    -0.450507    -0.045061
0.112759    -0.448173    -0.051496
0.119844    -0.277309    -0.034391
0.117084    -0.487022    -0.041052
0.113875    -0.433024    -0.0488
0.119409    -0.47546    -0.035441
0.116045    -0.386098    -0.043561
0.115782    -0.577184    -0.044195
0.119323    -0.164483    -0.035647
0.1212    -0.188448    -0.0286
0.121322    -0.294654    -0.027674
0.121316    -0.207706    -0.027714
0.121875    -0.404509    -0.023467
0.120887    -0.157054    -0.030973
0.123568    -0.154551    -0.010609
0.121322    -0.161025    -0.027671
0.121545    -0.201853    -0.02598
0.121719    -0.36735    -0.024652
0.122836    -0.222014    -0.016171
0.12114    -0.248977    -0.029054
0.120942    -0.479801    -0.03056
0.121163    -0.490806    0.028878
0.121297    -0.357451    0.027857
0.121044    -0.354817    0.02978
0.122665    -0.195039    0.017467
0.122285    -0.280428    0.020356
0.12267    -0.36205    0.017433
0.12343    -0.176082    0.01166
0.120805    -0.423133    0.031597
0.122616    -0.179388    0.017842
0.122226    -0.348556    0.020807
0.121907    -0.419067    0.023229
0.121032    -0.129516    0.029872
0.121196    -0.163127    0.028628
0.122873    -0.219282    0.01589
0.115724    -0.538425    0.044337
0.116751    -0.483554    0.041856
0.109637    -0.262151    0.059031
0.10837    -0.354629    0.062091
0.108552    -0.602808    0.06165
0.108499    -0.552982    0.061779
0.10862    -0.451169    0.061488
0.113772    -0.497773    0.049049
0.110426    -0.416579    0.057128
0.108808    -0.208523    0.061033
0.117581    -0.548622    0.039854
0.110233    -0.232779    0.057593
0.109286    -0.186726    0.059879
0.101129    -0.609437    -0.005524
0.095308    -0.609437    -0.060753
0.112745    -0.27    -0.051528
0.109999    -0.295752    -0.058159
0.114152    -0.179998    -0.048131
0.113226    -0.381093    -0.050368
0.111457    -0.301703    -0.054639
0.111424    -0.30654    -0.054718
0.109193    -0.430304    -0.060103
0.109847    -0.312164    -0.058525
0.116514    -0.14715    -0.042429
0.118398    -0.110959    -0.037881
0.110786    -0.315847    -0.056258
0.109623    -0.207741    -0.059065
0.116116    -0.272288    -0.043391
0.121339    -0.094993    -0.027543
0.114355    -0.208278    0.047642
0.115182    -0.174427    0.045645
0.110985    -0.13392    0.055779
0.117388    -0.450557    0.04032
0.11682    -0.129918    0.041689
0.112347    -0.135111    0.05249
0.118863    -0.373139    0.036758
0.115333    -0.341882    0.045279
0.118021    -0.275696    0.03879
0.113168    -0.188589    0.050508
0.115855    -0.404354    0.044021
0.11465    -0.125834    0.046929
0.103058    -0.609437    0.061285
0.090327    -0.609437    0.072517
0.095301    -0.609437    0.014586
0.105883    -0.558603    -0.065465
0.092555    -0.567747    -0.082834
0.107798    -0.115289    -0.062968
0.102697    -0.479164    -0.069616
0.098107    -0.552712    -0.075599
0.099151    -0.335353    -0.074237
0.103762    -0.266234    -0.068228
0.107131    -0.133758    -0.063837
0.102289    -0.447436    -0.070147
0.100073    -0.507394    -0.073036
0.097594    -0.476366    -0.076267
0.098638    -0.60273    -0.074906
0.093304    -0.496131    -0.081857
0.094857    -0.575176    -0.079833
0.108778    -0.126213    -0.061106
0.113681    -0.10875    0.049268
0.119817    -0.135305    0.034454
0.102702    -0.101566    0.06961
0.094911    -0.118448    0.079763
0.106196    -0.277587    0.065056
0.103247    -0.180351    0.068899
0.094361    -0.224554    0.08048
0.095653    -0.130815    0.078797
0.093691    -0.161964    0.081353
0.09479    -0.221989    0.07992
0.104001    -0.294289    0.067917
0.096309    -0.209958    0.077942
0.105315    -0.522611    0.066204
0.104396    -0.396453    0.067403
0.105268    -0.472526    0.066266
0.096436    -0.419132    0.077776
0.106074    -0.576528    0.065216
0.09132    -0.188161    0.084443
0.089948    -0.260469    0.086231
0.093296    -0.416663    0.081868
0.092492    -0.357782    0.082916
0.095522    -0.440521    0.078966
0.098706    -0.457988    0.074818
0.095114    -0.484825    0.079499
0.101542    -0.451293    0.071121
0.090577    -0.603437    0.085412
0.105268    -0.582477    0.066266
0.099345    -0.549603    0.073984
0.098762    -0.443312    0.074745
0.085835    -0.609437    0.006377
0.088347    -0.609437    -0.067794
0.067948    -0.609437    -0.085154
0.093681    -0.148513    -0.081366
0.102847    -0.135938    -0.06942
0.094537    -0.203042    -0.08025
0.088909    -0.481872    -0.087585
0.099905    -0.171532    -0.073255
0.092038    -0.423352    -0.083507
0.100238    -0.170205    -0.072821
0.090727    -0.334233    -0.085215
0.09071    -0.447838    -0.085239
0.100285    -0.236272    -0.072759
0.090686    -0.313151    -0.085269
0.097161    -0.125319    -0.076831
0.097209    -0.273628    -0.076768
0.1091    -0.092475    0.059833
0.068129    -0.609437    -0.055127
0.077276    -0.609437    0.084299
0.072108    -0.609437    -0.02706
0.073594    -0.609437    0.081647
0.072015    -0.609437    -0.031126
0.076612    -0.500666    -0.097281
0.063261    -0.221696    -0.107525
0.064876    -0.2114    -0.106286
0.069053    -0.506481    -0.10308
0.065159    -0.297063    -0.106068
0.071399    -0.469254    -0.101281
0.073684    -0.482789    -0.099527
0.067621    -0.459437    -0.104179
0.082332    -0.500651    -0.092891
0.071953    -0.552544    -0.100855
0.067274    -0.356714    -0.104445
0.082116    -0.591211    -0.093057
0.094415    -0.096116    -0.080409
0.085923    -0.513656    -0.090136
0.074577    -0.220479    -0.098842
0.074499    -0.324591    -0.098902
0.065573    -0.16539    -0.105751
0.071215    -0.241461    -0.101422
0.075747    -0.313698    -0.097944
0.079917    -0.296145    -0.094744
0.074907    -0.363536    -0.098589
0.075714    -0.231418    -0.097969
0.087373    -0.437465    -0.089023
0.074577    -0.28993    -0.098842
0.085165    -0.526945    -0.090718
0.075466    -0.310183    -0.098159
0.120819    -0.081586    0.017519
0.075598    -0.092269    0.097793
0.078609    -0.125035    0.095748
0.085404    -0.586672    0.090534
0.081029    -0.465349    0.093891
0.087324    -0.568613    0.089061
0.087583    -0.159934    0.088862
0.067265    -0.572941    0.104453
0.078007    -0.535293    0.09621
0.080393    -0.464883    0.094379
0.084736    -0.559064    0.091046
0.064524    -0.584091    0.106556
0.068936    -0.500032    0.10317
0.073861    -0.431587    0.099392
0.081076    -0.306768    0.093855
0.060841    -0.609437    -0.090056
0.054363    -0.609437    0.026855
0.041797    -0.609437    -0.05942
0.044889    -0.609437    -0.096726
0.04204    -0.609437    -0.048545
0.060429    -0.182534    -0.108936
0.045676    -0.315246    -0.115047
0.04875    -0.361295    -0.113773
0.055328    -0.167523    -0.111049
0.051446    -0.405369    -0.112657
0.061033    -0.358742    -0.108686
0.05502    -0.343239    -0.111176
0.051076    -0.218864    -0.11281
0.041277    -0.182319    -0.116869
0.059104    -0.220365    -0.109485
0.058331    -0.297799    -0.109805
0.052791    -0.218784    -0.1121
0.057833    -0.429653    -0.110011
0.062959    -0.094613    -0.107757
0.065234    -0.11802    -0.106011
0.097699    -0.085616    -0.074232
0.095317    -0.081379    -0.076182
0.091242    -0.082483    0.081793
0.070894    -0.111548    0.101668
0.081991    -0.152716    0.093153
0.071452    -0.28947    0.10124
0.078404    -0.152017    0.095905
0.071987    -0.425965    0.100829
0.063312    -0.199857    0.107486
0.075408    -0.280738    0.098204
0.073702    -0.223322    0.099513
0.069372    -0.441178    0.102836
0.063621    -0.462314    0.107249
0.062875    -0.158259    0.107821
0.065675    -0.44311    0.105672
0.069711    -0.266637    0.102576
0.063462    -0.497693    0.107371
0.037834    -0.609437    0.053231
0.054479    -0.609437    0.08844
0.04644    -0.609437    0.052575
0.047504    -0.609437    0.048871
0.045173    -0.609437    -0.007898
0.032853    -0.609437    -0.017067
0.042604    -0.472199    -0.116319
0.051136    -0.457612    -0.112785
0.046634    -0.452086    -0.11465
0.039179    -0.298648    -0.117738
0.033619    -0.292463    -0.120041
0.040112    -0.379544    -0.117351
0.037601    -0.282798    -0.118391
0.037006    -0.292984    -0.118638
0.049738    -0.416605    -0.113364
0.037731    -0.512234    -0.118337
0.041212    -0.295161    -0.116896
0.046298    -0.591871    -0.114789
0.034267    -0.132147    -0.119772
0.036063    -0.095676    -0.119028
0.057373    -0.102911    -0.110202
0.112924    -0.075994    -0.043744
0.107784    -0.065852    0.050047
0.074377    -0.071938    0.094271
0.061787    -0.132301    0.108373
0.059585    -0.537301    0.109285
0.053958    -0.335133    0.111616
0.061873    -0.162107    0.108338
0.052836    -0.499363    0.112081
0.050461    -0.545738    0.113065
0.042066    -0.556233    0.116542
0.060218    -0.368496    0.109023
0.046137    -0.462974    0.114856
0.043236    -0.466785    0.116057
0.060918    -0.238787    0.108733
0.044098    -0.544429    0.1157
0.055203    -0.514003    0.111101
0.020933    -0.609437    -0.04401
0.029169    -0.609437    0.033633
0.0149    -0.609437    -0.085625
0.029441    -0.609437    -0.039268
0.031663    -0.609437    0.038034
0.011451    -0.609437    -0.067246
0.02187    -0.609437    -0.038657
0.023543    -0.163049    -0.121684
0.003684    -0.152483    -0.124299
0.006616    -0.212169    -0.123913
0.007173    -0.183874    -0.12384
0.021156    -0.270712    -0.121999
0.016396    -0.26216    -0.122625
0.02738    -0.492765    -0.121179
0.016722    -0.205032    -0.122582
0.017737    -0.35029    -0.122449
0.016645    -0.18348    -0.122593
0.024828    -0.375449    -0.121515
0.021807    -0.290771    -0.121913
0.028059    -0.116954    -0.12109
0.066252    -0.083678    -0.103369
0.106156    -0.065697    -0.053882
0.113112    -0.055637    0.028113
0.07569    -0.078575    0.09506
0.033238    -0.128401    0.120199
0.04604    -0.387874    0.114896
0.036053    -0.450679    0.119033
0.035011    -0.234094    0.119464
0.033776    -0.18413    0.119976
0.040536    -0.188234    0.117176
0.043463    -0.169219    0.115963
0.035464    -0.483365    0.119276
0.046889    -0.194005    0.114544
0.047378    -0.340752    0.114342
0.043792    -0.270537    0.115827
0.033582    -0.209272    0.120056
0.046361    -0.147231    0.114763
0.039692    -0.397741    0.117525
0.006965    -0.609437    -0.059884
0.017364    -0.609437    0.075782
0.018409    -0.609437    0.048555
0.000452    -0.609437    -0.001379
0.004349    -0.609437    0.047395
0.002164    -0.609437    0.012327
0.011915    -0.362916    -0.123215
0.008586    -0.586842    -0.123654
0.005837    -0.359189    -0.124016
0.010347    -0.31108    -0.123422
0.010008    -0.401046    -0.123467
0.004812    -0.439105    -0.124151
0.020869    -0.504195    -0.122036
0.015346    -0.418263    -0.122764
0.014981    -0.527109    -0.122812
0.009709    -0.430921    -0.123506
0.001785    -0.275097    -0.124549
0.006344    -0.449526    -0.123949
0.000769    -0.325021    -0.124683
0.009735    -0.118644    -0.123502
0.059164    -0.078141    -0.106867
0.111253    -0.061253    -0.038372
0.116535    -0.056356    0.003748
0.063498    -0.063588    0.100133
0.030619    -0.111628    0.120752
0.016234    -0.121677    0.122647
0.009416    -0.507442    0.123544
0.006254    -0.548412    0.123961
0.006783    -0.538597    0.123891
0.011143    -0.588753    0.123317
0.021288    -0.438593    0.121981
0.026422    -0.592533    0.121305
0.032367    -0.247809    0.120522
0.015475    -0.598141    0.122747
0.020315    -0.551697    0.122109
0.021592    -0.384678    0.121941
0.029086    -0.294171    0.120954
0.026458    -0.264687    0.1213
-0.00121    -0.609437    -0.014508
-0.01213    -0.609437    -0.028518
-0.012182    -0.609437    -0.077521
-0.007729    -0.609437    -0.062404
-0.0147    -0.609437    -0.01627
-0.001743    -0.609437    0.037143
-0.016922    -0.609437    -0.032449
-0.005596    -0.299922    -0.123993
-0.007833    -0.333449    -0.123698
-0.008384    -0.19871    -0.123626
0.00016    -0.540655    -0.124751
-0.018272    -0.335937    -0.122323
-0.018302    -0.178815    -0.122319
-0.023127    -0.240569    -0.121684
-0.012482    -0.396566    -0.123086
-0.000267    -0.408417    -0.124694
-0.009784    -0.224037    -0.123441
-0.005237    -0.332055    -0.12404
-0.002117    -0.282514    -0.124451
-0.00821    -0.098905    -0.123648
0.027638    -0.086667    -0.120156
0.036321    -0.06049    -0.111735
0.095227    -0.053165    -0.06487
0.11165    -0.047426    0.01819
0.039664    -0.078736    0.115052
0.016644    -0.110949    0.122593
0.005489    -0.117371    0.124062
0.006562    -0.304384    0.12392
0.011917    -0.217271    0.123215
0.003936    -0.287657    0.124266
0.007905    -0.246614    0.123743
0.00086    -0.525827    0.124671
0.016707    -0.354578    0.122584
0.027267    -0.19058    0.121194
0.016039    -0.158737    0.122672
0.012638    -0.335781    0.12312
0.017681    -0.323275    0.122456
0.004006    -0.198556    0.124257
0.021024    -0.144103    0.122016
-0.026817    -0.609437    -0.063805
-0.028817    -0.609437    -0.052685
-0.031033    -0.609437    0.077181
-0.016684    -0.609437    0.017934
-0.023042    -0.609437    -0.013151
-0.023048    -0.609437    -0.047814
-0.011186    -0.597237    -0.123257
-0.013558    -0.477873    -0.122944
-0.018717    -0.417522    -0.122265
-0.019231    -0.406529    -0.122197
-0.031055    -0.339069    -0.12064
-0.019885    -0.465376    -0.122111
-0.026939    -0.534464    -0.121182
-0.009444    -0.486031    -0.123486
-0.024004    -0.424367    -0.121569
-0.027915    -0.284623    -0.121054
-0.028112    -0.502959    -0.121028
-0.020834    -0.375383    -0.121986
-0.024955    -0.129177    -0.121443
-0.015923    -0.132176    -0.122633
0.000928    -0.072904    -0.121106
0.110477    -0.04463    -0.019257
0.05734    -0.041062    -0.095485
0.106296    -0.046106    0.037542
0.054401    -0.061552    0.104587
-0.003496    -0.131892    0.124269
-0.010345    -0.138541    0.123367
-0.012142    -0.349848    0.123131
-0.00175    -0.364897    0.124499
-0.003572    -0.245578    0.124259
-0.005268    -0.376794    0.124036
-0.007247    -0.521201    0.123775
-0.023556    -0.558692    0.121628
-0.006377    -0.378834    0.12389
-0.015417    -0.48375    0.122699
-0.008054    -0.428758    0.123669
-0.00846    -0.396789    0.123616
-0.008516    -0.535095    0.123608
-0.013566    -0.4527    0.122943
-0.045866    -0.609437    -0.023677
-0.038801    -0.609437    -0.003763
-0.033487    -0.609437    0.080375
-0.054804    -0.609437    -0.080886
-0.047884    -0.609437    -0.069527
-0.04947    -0.609437    -0.026848
-0.040525    -0.412459    -0.117008
-0.038781    -0.497371    -0.11773
-0.038651    -0.223454    -0.117784
-0.037419    -0.459131    -0.118294
-0.039441    -0.391207    -0.117456
-0.034017    -0.34446    -0.119703
-0.055209    -0.187322    -0.110925
-0.042247    -0.414068    -0.116294
-0.036249    -0.213419    -0.118779
-0.048657    -0.317283    -0.113639
-0.047194    -0.20032    -0.114245
-0.051702    -0.175831    -0.112378
-0.044949    -0.11801    -0.115175
-0.035086    -0.090435    -0.118829
0.007237    -0.063677    -0.118088
0.113567    -0.04771    -0.004428
0.034427    -0.039716    -0.104932
0.100939    -0.036101    0.040228
0.036878    -0.054959    0.109725
-0.024628    -0.119869    0.121487
-0.028838    -0.133014    0.120932
-0.01876    -0.266081    0.122259
-0.031964    -0.359001    0.12052
-0.007144    -0.241261    0.123789
-0.027657    -0.322534    0.121088
-0.007144    -0.171865    0.123789
-0.031739    -0.351956    0.12055
-0.007071    -0.162407    0.123798
-0.023309    -0.376076    0.12166
-0.028847    -0.269214    0.120931
-0.02907    -0.480432    0.120902
-0.025208    -0.420291    0.12141
-0.007826    -0.250843    0.123699
-0.060366    -0.609437    -0.091541
-0.061628    -0.609437    -0.09205
-0.061172    -0.609437    -0.061038
-0.036962    -0.609437    0.098044
-0.061518    -0.609437    -0.077941
-0.058052    -0.344737    -0.109748
-0.061223    -0.494296    -0.108434
-0.041168    -0.545378    -0.116741
-0.044784    -0.474584    -0.115243
-0.058558    -0.487354    -0.109538
-0.055137    -0.573376    -0.110955
-0.057851    -0.577411    -0.109831
-0.061638    -0.293588    -0.108262
-0.059812    -0.609425    -0.109019
-0.044254    -0.580805    -0.115463
-0.052252    -0.397432    -0.11215
-0.059632    -0.440286    -0.109093
-0.058021    -0.453779    -0.109761
-0.04711    -0.139032    -0.11428
-0.050048    -0.076866    -0.110236
-0.031111    -0.071461    -0.116731
0.085593    -0.034455    -0.0657
0.011276    -0.039544    -0.109459
0.089645    -0.034478    0.060436
-0.019597    -0.085194    0.120913
-0.045659    -0.125112    0.114881
-0.033379    -0.119388    0.119968
-0.041196    -0.605316    0.11673
-0.03731    -0.449009    0.118339
-0.038315    -0.395429    0.117923
-0.04577    -0.569081    0.114835
-0.032644    -0.17867    0.120272
-0.039406    -0.374716    0.117471
-0.041591    -0.378463    0.116566
-0.056344    -0.542219    0.110455
-0.039466    -0.386506    0.117446
-0.035658    -0.463288    0.119024
-0.038082    -0.260152    0.118019
-0.037853    -0.381423    0.118114
-0.079615    -0.609437    -0.079393
-0.063302    -0.609437    0.054809
-0.069756    -0.609437    -0.083695
-0.064751    -0.609437    -0.069423
-0.067736    -0.222011    -0.103771
-0.075526    -0.236703    -0.097793
-0.062351    -0.412889    -0.107903
-0.065856    -0.422239    -0.105213
-0.075406    -0.251339    -0.097886
-0.072972    -0.235077    -0.099753
-0.063127    -0.346709    -0.107308
-0.069216    -0.452711    -0.102635
-0.086002    -0.144617    -0.089755
-0.07272    -0.297    -0.099947
-0.077378    -0.170327    -0.096373
-0.063743    -0.203828    -0.106835
-0.064014    -0.346626    -0.106627
-0.062582    -0.112744    -0.107726
-0.060937    -0.074351    -0.104965
-0.055279    -0.06063    -0.103754
0.103579    -0.03206    -0.029227
0.021788    -0.034616    -0.105896
0.094629    -0.027037    0.04493
0.007912    -0.055826    0.115648
-0.056343    -0.092582    0.110263
-0.05517    -0.095966    0.110942
-0.052678    -0.283212    0.111974
-0.049273    -0.256034    0.113384
-0.047313    -0.286677    0.114196
-0.042421    -0.196825    0.116222
-0.055426    -0.400026    0.110835
-0.060698    -0.384959    0.108652
-0.056534    -0.427729    0.110376
-0.044417    -0.299877    0.115396
-0.052018    -0.331347    0.112247
-0.059464    -0.269644    0.109163
-0.059195    -0.317685    0.109274
-0.051898    -0.304562    0.112297
-0.074899    -0.609437    0.080826
-0.087921    -0.609437    0.005528
-0.076381    -0.609437    0.031469
-0.078978    -0.609437    0.078254
-0.083373    -0.355831    -0.091773
-0.081066    -0.559423    -0.093543
-0.084828    -0.565962    -0.090656
-0.082964    -0.337501    -0.092086
-0.06797    -0.560169    -0.103592
-0.080571    -0.375222    -0.093923
-0.084023    -0.367157    -0.091274
-0.087408    -0.586941    -0.088676
-0.086032    -0.32946    -0.089732
-0.077596    -0.568701    -0.096205
-0.082087    -0.515159    -0.092759
-0.081817    -0.336783    -0.092967
-0.084828    -0.136743    -0.090656
-0.067148    -0.094072    -0.10419
-0.06237    -0.063069    -0.100484
-0.029463    -0.034055    -0.104133
0.088484    -0.026839    -0.05633
-0.019691    -0.019582    -0.098836
0.093708    -0.020343    0.038143
0.018116    -0.050724    0.112697
-0.03427    -0.067801    0.11451
-0.066572    -0.134379    0.104664
-0.067978    -0.417075    0.103585
-0.065116    -0.313113    0.105781
-0.070458    -0.415964    0.101683
-0.064561    -0.517524    0.106208
-0.06669    -0.274373    0.104574
-0.069306    -0.375116    0.102567
-0.083801    -0.564181    0.091444
-0.065834    -0.594553    0.105231
-0.07568    -0.503155    0.097675
-0.070828    -0.568122    0.101399
-0.066553    -0.479112    0.104679
-0.063651    -0.590984    0.106905
-0.088273    -0.609437    0.087595
-0.096855    -0.609437    0.04367
-0.098689    -0.609437    -0.001656
-0.105435    -0.578107    -0.065505
-0.099762    -0.443329    -0.072897
-0.090808    -0.585865    -0.084567
-0.09757    -0.459274    -0.075755
-0.096648    -0.520144    -0.076956
-0.100622    -0.468369    -0.071777
-0.095576    -0.473649    -0.078353
-0.094532    -0.598611    -0.079714
-0.095797    -0.42827    -0.078065
-0.09277    -0.528952    -0.082009
-0.089548    -0.351606    -0.086209
-0.092669    -0.483643    -0.082141
-0.09046    -0.376287    -0.085021
-0.092065    -0.227671    -0.082929
-0.087962    -0.067841    -0.080568
-0.042173    -0.035664    -0.099632
0.090723    -0.01814    -0.042384
0.022424    -0.023603    -0.100619
0.096445    -0.015909    -0.024923
0.059229    -0.017435    0.080106
-0.047316    -0.083128    0.112498
-0.081455    -0.115239    0.093244
-0.082628    -0.190734    0.092344
-0.08434    -0.178871    0.091031
-0.067913    -0.216736    0.103635
-0.065163    -0.163692    0.105746
-0.081904    -0.237816    0.092899
-0.076583    -0.401738    0.096983
-0.068176    -0.178278    0.103434
-0.08269    -0.438125    0.092296
-0.077166    -0.300318    0.096535
-0.082228    -0.306816    0.092651
-0.083629    -0.50917    0.091576
-0.085765    -0.313177    0.089937
-0.087901    -0.526845    0.088298
-0.098632    -0.493338    0.07437
-0.099686    -0.573115    0.072997
-0.0905    -0.567657    0.084968
-0.100549    -0.520506    0.071872
-0.093592    -0.590893    0.080939
-0.106944    -0.358404    0.063538
-0.10453    -0.416683    0.066684
-0.093124    -0.536654    0.081549
-0.102716    -0.333011    0.069048
-0.105263    -0.430826    0.065728
-0.104103    -0.510164    0.067241
-0.098403    -0.409023    0.074669
-0.103431    -0.609437    -0.011085
-0.100015    -0.609437    -0.02767
-0.099899    -0.341165    -0.072719
-0.101354    -0.198252    -0.070823
-0.101459    -0.222408    -0.070687
-0.106757    -0.459101    -0.063782
-0.095484    -0.138852    -0.078472
-0.104064    -0.135788    -0.067292
-0.105815    -0.270191    -0.065009
-0.103511    -0.457347    -0.068012
-0.106994    -0.208064    -0.063473
-0.099613    -0.293696    -0.073091
-0.103322    -0.113668    -0.068258
-0.10116    -0.161075    -0.071076
-0.106268    -0.43654    -0.064418
-0.098776    -0.183435    -0.074182
-0.099075    -0.056487    -0.060933
-0.086837    -0.047249    -0.071851
0.073251    -0.013168    -0.064201
-0.015445    -0.011058    -0.094539
0.096879    -0.011242    -0.000303
0.038923    -0.026602    0.096752
-0.029969    -0.053928    0.112083
-0.103807    -0.219248    0.067626
-0.104314    -0.190327    0.066965
-0.114334    -0.609437    -0.023155
-0.105128    -0.067786    -0.056618
-0.059329    -0.024641    -0.084387
0.084024    -0.011849    -0.048868
-0.016632    -0.008339    -0.092746
0.087012    -0.003312    0.02821
0.052062    -0.011486    0.081253
-0.052308    -0.056339    0.103606
-0.09232    -0.090267    0.081914
-0.094322    -0.414369    0.079988
-0.100422    -0.150692    0.072038
-0.097739    -0.136232    0.075534
-0.093412    -0.113728    0.081173
-0.08844    -0.414684    0.087653
-0.088797    -0.523415    0.087187
-0.08852    -0.15529    0.087548
-0.101212    -0.259609    0.071008
-0.097701    -0.102497    0.075584
-0.097545    -0.145679    0.075788
-0.092785    -0.233917    0.08199
-0.092282    -0.182143    0.082645
-0.10422    -0.166363    0.067088
-0.113961    -0.110389    0.047585
-0.112735    -0.17244    0.050545
-0.112134    -0.231255    0.051997
-0.108695    -0.358637    0.060299
-0.109531    -0.229016    0.058281
-0.108256    -0.34804    0.061358
-0.108023    -0.582577    0.061921
-0.108685    -0.183673    0.060324
-0.114654    -0.147276    0.045912
-0.109471    -0.345184    0.058426
-0.108824    -0.515583    0.059988
-0.114018    -0.22144    0.047449
-0.107978    -0.468298    0.062031
-0.115033    -0.103899    0.044998
-0.114798    -0.41334    -0.045566
-0.118574    -0.58014    -0.036449
-0.110603    -0.375899    -0.055692
-0.109715    -0.473002    -0.057838
-0.107906    -0.200519    -0.062204
-0.116407    -0.478912    -0.041681
-0.112647    -0.388563    -0.050758
-0.110537    -0.476394    -0.055853
-0.110959    -0.406476    -0.054834
-0.108197    -0.217568    -0.061501
-0.116614    -0.500488    -0.041182
-0.108981    -0.393698    -0.059609
-0.109554    -0.272778    -0.058225
-0.10887    -0.14514    -0.059876
-0.118661    -0.289543    -0.03624
-0.114173    -0.238156    -0.047075
-0.119397    -0.18798    -0.034463
-0.11818    -0.148599    -0.0374
-0.11466    -0.311054    -0.045898
-0.113526    -0.22362    -0.048635
-0.115294    -0.276788    -0.044367
-0.110991    -0.111455    -0.054757
-0.113688    -0.227077    -0.048245
-0.11901    -0.147224    -0.035396
-0.117031    -0.190678    -0.040173
-0.113469    -0.175104    -0.048773
-0.118455    -0.480634    -0.036736
-0.11159    -0.245376    -0.05331
-0.109895    -0.057664    -0.037859
-0.073999    -0.013338    -0.062851
0.038835    -0.004884    -0.083654
-0.053335    -0.000219    -0.070938
0.08392    0.000352    -0.029119
0.015411    -0.024847    0.102189
-0.058018    -0.052455    0.099851
-0.109985    -0.094293    0.057178
-0.115143    -0.333202    0.044731
-0.117619    -0.513716    0.038754
-0.112894    -0.60583    0.050162
-0.120205    -0.229112    0.032511
-0.111346    -0.504468    0.053898
-0.118396    -0.255239    0.036879
-0.119725    -0.461471    0.03367
-0.109622    -0.591964    0.058062
-0.110064    -0.538192    0.056995
-0.112923    -0.421992    0.050092
-0.116924    -0.444027    0.040431
-0.116666    -0.455711    0.041055
-0.116465    -0.389013    0.04154
-0.119967    -0.084339    -0.024329
-0.100227    -0.036792    -0.041734
-0.07379    -0.007656    -0.057554
-0.010565    0.001945    -0.086728
0.080516    0.010427    -0.014772
0.055704    0.003604    0.06614
-0.015567    -0.032995    0.105944
-0.084967    -0.064536    0.083221
-0.123588    -0.495765    0.007292
-0.123572    -0.450083    0.007413
-0.124451    -0.419739    0.000736
-0.124187    -0.402881    0.002744
-0.123257    -0.586693    0.009805
-0.124464    -0.58108    0.000638
-0.121337    -0.586894    0.024386
-0.124289    -0.505776    0.001965
-0.122971    -0.332567    0.011976
-0.124418    -0.478399    0.000988
-0.123359    -0.327418    0.009029
-0.124326    -0.584392    0.001683
-0.12283    -0.459272    -0.013048
-0.120505    -0.514106    -0.030713
-0.121927    -0.582096    -0.019904
-0.120981    -0.333489    -0.027095
-0.123203    -0.486795    -0.010216
-0.122704    -0.577389    -0.014004
-0.123091    -0.482308    -0.01107
-0.123408    -0.544262    -0.00866
-0.122484    -0.462861    -0.015679
-0.121156    -0.586164    -0.025767
-0.121604    -0.413997    -0.022364
-0.121796    -0.361407    -0.020903
-0.1204    -0.258961    -0.031506
-0.123771    -0.453482    -0.005904
-0.12384    -0.472198    -0.005376
-0.123593    -0.106368    -0.007253
-0.122604    -0.168591    -0.014769
-0.122714    -0.33446    -0.013929
-0.123476    -0.231948    -0.008141
-0.123279    -0.35338    -0.009642
-0.121782    -0.260761    -0.021006
-0.123565    -0.363392    -0.007468
-0.124536    -0.365045    -9.2e-05
-0.124062    -0.520156    -0.003694
-0.122553    -0.301084    -0.015151
-0.123358    -0.153145    -0.009041
-0.121093    -0.195036    -0.026243
-0.121445    -0.255019    -0.023571
-0.116183    -0.055776    -0.001943
-0.087457    -0.016079    -0.046453
-0.018319    0.006569    -0.082506
0.076893    0.009974    0.028786
0.06501    0.014729    -0.044618
-0.019754    -0.026837    0.102597
-0.114478    -0.086163    0.043558
-0.121602    -0.219428    0.02238
-0.123015    -0.111962    0.011644
-0.1208    -0.342159    0.028467
-0.120821    -0.325019    0.028311
-0.124138    -0.132829    0.003113
-0.122009    -0.106677    0.019289
-0.122212    -0.354651    0.017746
-0.12076    -0.448886    0.028771
-0.120883    -0.094452    0.027839
-0.123979    -0.162174    0.004325
-0.122614    -0.18285    0.014687
-0.12109    -0.48474    0.026268
-0.122763    -0.154371    0.013561
-0.12146    -0.237226    0.023459
-0.122526    -0.347432    0.015356
-0.123186    -0.08869    0.0054
-0.108883    -0.038733    -0.011143
0.031957    0.013497    -0.072819
-0.062803    0.005802    -0.057097
0.073386    0.015335    -0.027622
0.031745    0.004523    0.079618
-0.067687    -0.042364    0.087826
-0.110857    -0.0645    0.040807
-0.113772    -0.055474    0.019571
-0.110437    -0.042488    0.010387
-0.03441    0.015028    -0.070484
0.069872    0.023897    0.022316
0.035474    0.010626    0.073511
-0.002277    -0.014504    0.098346
-0.102909    -0.058135    0.055089
-0.10719    -0.035996    0.014806
-0.012059    0.024364    -0.071624
-0.08892    -0.002197    -0.01427
0.050219    0.031002    -0.048101
0.004    0.001825    0.08773
-0.089926    -0.041881    0.064596
-0.10645    -0.037254    0.024654
-0.013605    0.02694    -0.069971
-0.088781    -7.2e-05    -0.004179
0.062105    0.033731    -0.026872
0.004859    0.033318    -0.067665
-0.078163    -0.039185    0.078248
-0.100043    -0.022441    0.020426
-0.070948    0.018398    -0.027568
0.047171    0.039953    0.044599
0.021035    0.016534    0.075192
-0.041397    -0.011865    0.086951
-0.09325    -0.019623    0.037275
-0.058014    0.028173    -0.039935
0.060173    0.043249    0.019413
0.05279    0.041449    -0.036099
-0.008839    0.042579    -0.062504
-0.073082    -0.017725    0.068148
-0.053113    0.036667    -0.038901
0.058876    0.049809    0.013832
0.048045    0.050212    -0.035896
-0.012552    0.046425    -0.060229
-0.079169    -0.006478    0.049389
-0.073315    0.023714    -0.000905
0.0379    0.051153    0.045966
0.037977    0.054698    -0.044048
-0.016645    0.046106    -0.0596
-0.046144    0.046111    -0.040635
0.056521    0.058684    0.004721
0.051038    0.059309    -0.024208
-0.040381    0.007249    0.073835
-0.050131    0.052927    -0.030779
0.054032    0.063691    0.009993
0.054928    0.06212    -0.007466
-0.023567    0.019921    0.071711
-0.063899    0.037436    -0.015754
0.05108    0.067785    0.016391
0.046383    0.069492    -0.026404
-0.022038    0.073248    -0.046687
-0.054202    0.026656    0.046265
0.013562    0.050117    0.058601
0.022628    0.071927    -0.047041
-0.065185    0.038557    0.001865
0.04373    0.085929    0.021236
0.038032    0.084634    -0.030621
-0.051174    0.065121    -0.017474
-0.023461    0.039864    0.059958
0.047388    0.088798    -0.006651
-0.035122    0.083184    -0.034444
-0.042933    0.042728    0.046405
0.001299    0.066557    0.053967
-0.022674    0.09527    -0.040779
-0.056909    0.048651    0.020078
0.019717    0.078314    0.046224
-0.008237    0.098817    -0.045055
-0.050526    0.058433    0.025252
0.000635    0.076834    0.050962
-0.021949    0.101161    -0.039943
-0.045483    0.064013    0.030066
0.011658    0.082813    0.048003
-0.01936    0.109867    -0.039771
-0.045431    0.067243    0.028294
0.043556    0.112481    -0.007276
-0.03702    0.106821    -0.024803
-0.01425    0.069265    0.051196
0.033044    0.120745    -0.028294
-0.045321    0.094901    -0.010427
0.024132    0.119134    0.036349
0.001496    0.124422    -0.043249
-0.027765    0.085242    0.03967
0.019399    0.116866    0.039222
-0.013196    0.1328    -0.040804
-0.013178    0.092003    0.045369
0.042087    0.171307    0.009625
0.042922    0.17163    -0.003278
0.041994    0.14524    -0.010329
0.038535    0.148014    0.019251
0.038551    0.191001    0.019211
0.034775    0.197558    0.025219
0.030883    0.241616    0.030292
0.039729    0.162597    -0.016369
0.041066    0.276492    -0.013142
0.034104    0.210193    -0.026094
0.02717    0.200523    -0.03323
0.027989    0.172624    -0.032602
0.011734    0.276238    -0.041527
0.011707    0.168334    -0.041538
0.002607    0.217715    -0.042829
0.010566    0.14442    -0.041782
-0.010196    0.178572    -0.041776
-0.017317    0.251351    -0.039042
-0.014421    0.136541    -0.040242
-0.02398    0.184461    -0.035358
-0.030098    0.210229    -0.030664
-0.0326    0.091963    0.034126
0.042844    0.260769    0.003877
0.043273    0.248045    0.000618
0.040825    0.269074    0.013724
0.042246    0.22346    -0.008418
0.04259    0.235942    -0.005801
0.031734    0.32074    0.029184
0.033511    0.285942    0.026867
0.027997    0.203014    0.032596
0.02691    0.162147    0.03343
0.039003    0.293635    -0.018122
0.037702    0.204818    -0.021261
0.032043    0.274059    -0.028781
0.028662    0.259028    -0.032086
0.025453    0.290103    -0.034548
0.019638    0.218326    -0.038253
0.019424    0.279674    -0.038341
0.006527    0.273499    -0.042314
0.006286    0.248799    -0.042345
-0.001502    0.228206    -0.04292
-0.015045    0.243667    -0.039983
-0.019599    0.313174    -0.038097
-0.025484    0.311734    -0.034205
-0.022165    0.220483    -0.036751
-0.034695    0.171253    -0.024782
-0.03151    0.237932    -0.028933
0.041724    0.326237    -0.001463
0.026336    0.286221    0.03387
0.024243    0.275052    0.035476
0.024827    0.326237    0.009337
0.018282    0.326237    -0.024905
-0.006308    0.326237    0.004244
-0.018767    0.326237    0.013814
-0.033081    0.308614    -0.026884
-0.035461    0.222901    -0.023783
-0.028309    0.106931    0.03436
0.015124    0.20051    0.040123
0.018123    0.254923    0.03888
0.013573    0.326237    0.026101
0.002468    0.326237    -0.023425
-0.020395    0.326237    0.032081
-0.037291    0.209995    -0.021249
-0.037528    0.285791    -0.020676
-0.033217    0.326237    -0.011764
0.012778    0.18642    0.041095
0.013946    0.191085    0.040611
0.005867    0.282336    0.042401
0.00481    0.227848    0.04254
-0.010866    0.232486    0.041688
-0.002234    0.324454    0.042825
-0.020743    0.230633    0.037623
-0.028486    0.223802    0.031901
-0.027068    0.277819    0.032989
-0.039525    0.244842    -0.015856
-0.039064    0.322515    -0.01697
-0.026992    0.12086    0.033662
0.01133    0.281339    0.041682
0.006295    0.143229    0.042345
-0.003045    0.213183    0.042718
-0.015047    0.229327    0.039982
-0.0125    0.168361    0.041037
-0.023709    0.240748    0.035566
-0.025687    0.169262    0.034049
-0.030331    0.296474    0.030468
-0.031751    0.32294    0.028618
-0.042294    0.155354    -0.004882
-0.03835    0.326237    0.011575
-0.0357    0.216502    0.023472
-0.037115    0.234885    0.021628
-0.041837    0.316521    -0.008353
-0.042472    0.305592    -0.003535
-0.042315    0.153686    0.004723
-0.042009    0.171941    0.007047
-0.041306    0.149372    0.011557
-0.03928    0.275869    0.016447
-0.039055    0.297999    0.01699
-0.042253    0.28796    0.005197
-0.041486    0.216833    0.011023
