-0.003237    0.125031    -0.046092
0.006084    0.134196    -0.045217
-0.035525    0.149568    -0.026561
-0.004056    0.083408    -0.047229
-0.040311    0.148541    -0.018212
-0.01781    0.2229    -0.034088
0.024646    0.117289    -0.039165
0.019792    0.186934    -0.035465
0.03018    0.111293    -0.035308
-0.01076    0.296558    -0.036273
0.020014    0.08491    -0.042711
-0.045331    0.125701    -0.001355
-0.045769    0.115475    0.000211
0.022737    0.204084    -0.03291
-0.023123    0.05032    -0.039623
0.030041    0.228738    -0.022119
0.004854    0.048003    -0.046102
-0.045081    0.118691    0.005974
-0.035589    0.288245    -0.010939
0.020562    0.284386    -0.031371
-0.044158    0.068324    0.012773
0.024564    0.331383    -0.028229
0.03572    0.063768    -0.029564
-0.030641    0.042628    -0.036625
-0.039501    0.138415    0.019404
-0.034741    0.251838    0.001715
0.015568    0.350707    -0.035814
0.039618    0.052291    -0.022019
-0.032096    0.035724    -0.038531
-0.038579    0.044421    0.02472
-0.035228    0.076809    0.029145
-0.035286    0.187756    0.017379
-0.036159    0.366711    0.007757
-0.033168    0.272479    0.012245
0.044097    0.123456    0.007956
0.035513    0.332111    0.00742
0.03874    0.177571    0.011274
0.045638    0.062929    -0.001312
-0.021318    0.059252    0.039338
-0.042839    0.198116    -0.014993
0.031852    0.351613    0.019363
-0.055014    0.023162    -0.008411
-0.025574    0.298015    0.025479
0.022396    0.347275    0.029998
-0.053221    0.021659    0.01765
-0.022719    0.220414    0.02911
0.028567    0.272561    0.019958
-0.008417    0.074215    0.044372
0.034602    0.113743    0.028423
-0.054146    0.018698    0.020881
-0.01922    0.163588    -0.045359
0.018772    0.016688    -0.057802
-0.010087    0.156736    -0.048885
-0.052018    0.01705    -0.030423
-0.03495    0.151998    -0.035858
-0.001771    0.138902    0.043325
0.027272    0.108759    0.035602
-0.003107    0.074678    0.045319
0.005964    0.325469    0.035106
-0.041433    0.187588    0.018307
0.022521    0.128888    0.037678
0.044934    0.161492    -0.018319
0.00717    0.027172    0.051425
-0.004264    0.32318    0.035889
-0.048591    0.155119    -0.008245
0.016659    0.181175    0.035683
-0.005444    0.264365    0.031925
0.000745    0.012516    -0.064694
-0.019262    0.128151    -0.04817
-0.001578    0.087508    0.051007
-0.002951    0.328865    0.041665
-0.024823    0.183645    0.037788
-0.052847    0.011465    0.036691
-0.047534    0.126102    -0.019824
0.001165    0.178357    0.045519
0.049154    0.131552    -0.012266
0.007329    0.027817    0.057766
0.050391    0.130193    -0.003511
-0.012319    0.167765    0.045082
-0.048572    0.140781    0.011593
0.028952    0.133807    0.040116
0.016655    0.04671    0.047754
0.053752    0.02421    0.007436
-0.020396    0.072122    0.046843
0.043892    0.003455    -0.062844
-0.05104    0.110665    -0.009972
-0.071294    0.0009    0.033314
-0.031349    0.14179    0.037934
-0.069258    0.001284    -0.038457
-0.000363    0.095087    -0.053158
0.010996    0.011227    0.062938
0.067659    -0.002318    -0.048562
-0.027865    0.081824    0.043085
-0.086787    -0.00697    -0.014607
0.051552    0.097885    -0.006116
0.017638    0.003733    0.081813
0.078234    -0.009715    -0.045537
0.033265    0.075458    0.038767
-0.074448    -0.009616    -0.052018
0.036018    0.094625    -0.038411
0.012914    0.005924    0.070054
-0.036291    -0.004103    0.075523
-0.05216    0.085101    -0.005598
-0.045806    -0.002753    0.078557
0.093292    -0.0154    -0.016183
-0.053651    0.002954    0.065847
-0.082933    -0.019832    -0.053295
0.05059    0.081919    -0.012789
-0.008312    -0.009387    0.088402
-0.054204    -0.016698    0.077951
-0.050896    0.072246    -0.012792
-0.04625    -0.010612    0.085929
0.088958    -0.027844    -0.051491
-0.061485    0.001279    0.061344
-0.067892    -0.027756    -0.077913
-0.020099    0.056356    -0.048336
0.052512    0.010634    0.038164
-0.095972    -0.032138    0.040354
-0.04975    0.07971    0.01523
0.024705    -0.025603    0.103788
0.019311    -0.032581    -0.103729
-0.07001    0.002624    0.049429
0.071977    -0.018516    0.07361
0.104477    -0.033027    0.000213
0.061632    0.000285    0.049171
-0.105634    -0.039141    -0.018126
-0.048227    0.053547    -0.018314
-0.062284    -0.02439    0.086337
0.025235    -0.041756    -0.105571
-0.069303    0.012868    0.021565
-0.030766    -0.041773    -0.10421
0.084765    -0.016821    0.043103
-0.013704    -0.040012    0.111273
-0.067555    -0.046662    0.084238
0.091088    -0.007871    0.029621
0.09476    -0.020423    0.043927
0.104466    -0.038331    0.018829
0.019155    -0.036978    0.103222
-0.089243    -0.051356    0.062965
0.09258    -0.006479    0.019696
0.088628    -0.035337    0.066631
0.109446    -0.05317    -0.006419
0.021412    -0.041168    0.104182
-0.105985    -0.056207    0.029919
-0.112016    -0.039902    0.015769
0.088174    -0.042025    0.070284
0.109024    -0.059299    -0.0174
-0.002604    -0.058606    0.115195
-0.105925    -0.065915    0.032547
-0.093378    -0.004689    -0.008735
0.097287    -0.038798    0.055825
0.110621    -0.065747    -0.003286
-0.022476    -0.060839    0.113273
-0.103165    -0.066992    0.039997
-0.101616    -0.017817    -0.022073
0.102769    -0.043782    0.048043
0.108177    -0.057079    0.019372
-0.030493    -0.067217    0.111586
-0.090358    -0.07215    0.063648
-0.108293    -0.032014    -0.024791
0.1089    -0.031598    0.015389
-0.013095    0.031679    -0.056948
-0.044629    -0.07111    0.10687
-0.083059    -0.078904    0.072509
-0.106793    -0.040603    -0.03944
0.110748    -0.04368    0.025399
0.101075    -0.056871    0.042662
0.042933    -0.07783    0.107213
-0.035219    -0.382086    -0.106146
-0.036939    -0.38371    -0.105485
-0.049548    -0.131461    -0.100108
-0.04681    -0.206557    -0.101503
-0.060761    -0.216638    -0.093673
-0.05665    -0.397958    -0.096342
-0.024548    -0.329479    -0.109094
-0.019496    -0.141459    -0.110037
-0.014296    -0.284128    -0.11086
-0.002373    -0.451479    -0.11175
-0.008052    -0.132564    -0.111452
0.004204    -0.118202    -0.111631
0.003632    -0.113712    -0.111661
0.012323    -0.386308    -0.111104
0.019003    -0.096897    -0.110046
-0.067941    -0.215707    -0.088592
-0.079321    -0.267379    -0.07843
-0.076065    -0.124383    -0.081686
-0.089733    -0.521329    -0.066327
-0.087425    -0.175811    -0.069177
-0.093287    -0.24449    -0.060886
-0.091029    -0.164635    -0.064363
-0.098926    -0.259337    -0.051032
-0.097812    -0.206638    -0.053217
-0.104532    -0.189965    -0.038026
-0.106764    -0.097983    -0.030865
-0.10839    -0.40498    -0.024799
-0.109576    -0.204437    -0.017783
-0.109736    -0.185927    -0.016773
-0.110902    -0.296125    -0.002817
-0.110891    -0.210126    -0.003025
-0.110878    -0.173047    0.001113
-0.110397    -0.333776    0.010275
-0.109645    -0.201069    0.015167
-0.107429    -0.10838    0.026208
-0.106584    -0.106979    0.029364
-0.104283    -0.166533    0.036498
-0.102482    -0.128767    0.041191
-0.098564    -0.148272    0.049567
-0.096335    -0.301694    0.05394
-0.090484    -0.396179    0.063028
-0.092107    -0.157729    0.060528
-0.086057    -0.090295    0.068692
-0.076273    -0.162169    0.079302
-0.074619    -0.156864    0.080956
-0.068436    -0.195599    0.086016
-0.065441    -0.5373    0.088441
-0.056702    -0.395323    0.094134
-0.057528    -0.363357    0.093597
-0.054688    -0.087562    0.095313
-0.045221    -0.309386    0.100131
-0.039462    -0.277956    0.102341
-0.032406    -0.433931    0.104812
-0.029277    -0.28522    0.105651
-0.018842    -0.174166    0.107964
-0.012395    -0.325452    0.108985
0.027369    -0.223052    -0.108221
0.024276    -0.355534    -0.10905
0.040487    -0.268056    -0.103956
0.036648    -0.235443    -0.10543
0.049186    -0.121008    -0.10007
0.064108    -0.167179    -0.091217
0.059868    -0.305941    -0.09397
0.067299    -0.274916    -0.088759
0.066145    -0.4922    -0.089694
0.078506    -0.276907    -0.078809
0.075506    -0.413188    -0.081809
0.085246    -0.259049    -0.071331
0.091541    -0.352351    -0.062904
0.092199    -0.091682    -0.06189
0.098916    -0.101028    -0.050196
0.097916    -0.353365    -0.052158
0.104584    -0.086919    -0.036754
0.10223    -0.179088    -0.042886
0.105567    -0.324985    -0.033707
0.106801    -0.125352    -0.029102
0.108929    -0.283786    -0.019113
0.110085    -0.223383    -0.010094
0.110059    -0.310058    -0.010586
-0.064762    0.010541    -0.041075
0.067334    -0.076357    0.094097
-0.044087    -0.220695    -0.102742
-0.0411    -0.361745    -0.103888
-0.029174    -0.422362    -0.107854
-0.033883    -0.269551    -0.106593
-0.051912    -0.40575    -0.098903
-0.064118    -0.284119    -0.091494
-0.065083    -0.208933    -0.090867
-0.020426    -0.216643    -0.109889
-0.022121    -0.387471    -0.109621
-0.01039    -0.388614    -0.11133
-0.003963    -0.507414    -0.111667
0.004595    -0.306699    -0.111611
0.007024    -0.457269    -0.111483
0.022442    -0.466588    -0.109501
-0.073702    -0.515255    -0.083928
-0.070265    -0.433085    -0.086711
-0.078001    -0.521879    -0.07975
-0.076344    -0.54826    -0.081407
-0.082599    -0.525266    -0.075138
-0.0863    -0.496577    -0.070567
-0.093641    -0.491338    -0.060341
-0.09345    -0.565387    -0.060636
-0.097132    -0.439337    -0.054552
-0.102228    -0.557786    -0.044028
-0.102866    -0.317997    -0.042366
-0.106359    -0.212046    -0.032379
-0.107143    -0.471968    -0.029452
-0.109018    -0.393928    -0.021301
-0.108784    -0.563407    -0.022782
-0.110564    -0.235784    -0.009279
-0.110692    -0.435843    -0.006834
-0.11079    -0.297703    0.00278
-0.109653    -0.452962    0.015119
-0.109069    -0.526903    0.018803
-0.107416    -0.389638    0.026259
-0.108149    -0.269086    0.023524
-0.103667    -0.35794    0.038104
-0.10396    -0.526618    0.03734
-0.101127    -0.565774    0.044536
-0.09941    -0.275192    0.047906
-0.092687    -0.390652    0.059636
-0.086674    -0.556319    0.06793
-0.089307    -0.432503    0.064679
-0.075637    -0.493766    0.079938
-0.077801    -0.428493    0.077774
-0.0705    -0.480173    0.084344
-0.072881    -0.532902    0.082416
-0.064153    -0.199315    0.089295
-0.06412    -0.301083    0.089317
-0.050012    -0.439784    0.097696
-0.035395    -0.370848    0.103902
-0.037662    -0.414911    0.103032
-0.023581    -0.358793    0.107177
-0.024278    -0.193224    0.10699
-0.007081    -0.214384    0.109332
-0.002636    -0.115627    0.109584
-0.018203    -0.463254    0.108065
-0.019733    -0.533375    0.107823
-0.009779    -0.433779    0.109186
0.030586    -0.231355    -0.107359
0.031096    -0.511744    -0.107223
0.03993    -0.552827    -0.10417
0.042585    -0.274468    -0.103151
0.049761    -0.460514    -0.099777
0.045784    -0.323511    -0.101804
0.059561    -0.467788    -0.094169
0.073799    -0.364074    -0.083495
0.072241    -0.288563    -0.084758
0.081437    -0.354144    -0.075878
0.07952    -0.323495    -0.077795
0.088529    -0.373773    -0.067276
0.087721    -0.43487    -0.068274
0.093954    -0.261217    -0.059188
0.094883    -0.360554    -0.057758
0.097247    -0.465688    -0.05347
0.104924    -0.369293    -0.035868
0.102021    -0.449474    -0.043432
0.107645    -0.409879    -0.02595
0.107576    -0.229023    -0.026208
0.109867    -0.385234    -0.01319
0.109227    -0.428454    -0.017232
0.110387    -0.540595    -0.004324
0.110413    -0.394678    -0.003832
0.096706    -0.062144    0.052413
-0.00072    -0.240631    0.115505
-0.000429    -0.154974    0.11151
0.005735    -0.109391    0.115219
0.009272    -0.100615    0.115034
-0.014587    -0.19154    0.114547
-0.017435    -0.113288    0.114096
-0.034192    -0.136003    0.110376
-0.032125    -0.202552    0.11093
0.017301    -0.272564    0.114048
0.021236    -0.161391    0.113425
0.031547    -0.152022    0.110968
0.029014    -0.255775    0.111647
-0.03893    -0.417824    0.108796
-0.038392    -0.215941    0.109003
0.0373    -0.436079    0.109255
0.038151    -0.098262    0.108928
-0.053433    -0.303756    0.102503
-0.048113    -0.202227    0.105214
0.057025    -0.119822    0.10045
0.070996    -0.074831    0.09134
-0.018693    -0.567939    -0.093648
0.059208    -0.567939    -0.074307
0.008816    -0.567939    -0.054036
0.027256    -0.567939    -0.045408
0.023723    -0.567939    -0.022745
-0.062894    -0.567939    -0.010434
0.036721    -0.567939    0.002175
-0.10892    -0.567939    0.013341
-0.046254    -0.567939    0.036798
-0.007363    -0.567939    0.046414
-0.081156    -0.567939    0.065692
0.005906    -0.567939    0.083214
-0.000303    -0.475559    0.113917
0.010041    -0.567939    -0.097717
-0.016405    -0.567939    -0.077979
0.048216    -0.567939    -0.057071
0.071503    -0.567939    -0.038697
0.074934    -0.567939    -0.030538
0.065317    -0.567939    -0.018622
0.091094    -0.567939    -0.00504
0.110175    -0.221433    0.0062
0.030684    0.029473    -0.05066
-0.009975    -0.407475    0.11502
-0.005577    -0.35713    0.11525
0.007856    -0.380501    0.115108
0.010343    -0.293007    0.114977
-0.016513    -0.471611    0.114242
-0.021095    -0.261381    0.113516
-0.035492    -0.197762    0.110028
-0.025923    -0.524962    0.112592
0.019341    -0.508513    0.113725
0.018669    -0.412384    0.113831
0.024771    -0.467311    0.112784
0.027097    -0.32784    0.112161
-0.042477    -0.415    0.107435
-0.045268    -0.543739    0.106364
0.046678    -0.401631    0.105655
-0.056205    -0.460509    0.10109
-0.055589    -0.250852    0.101404
0.050055    -0.427487    0.104002
0.050204    -0.308285    0.103926
0.059736    -0.401113    0.098836
0.058194    -0.235865    0.09984
-0.05984    -0.227147    0.099054
-0.063654    -0.253863    0.096578
0.069289    -0.07699    0.092662
0.105625    -0.567939    0.008991
0.08403    -0.567939    0.021794
0.047417    -0.567939    0.04045
0.095932    -0.567939    0.046215
0.011904    -0.567939    0.069317
0.03862    -0.567939    0.092615
0.00102    -0.109142    0.109622
0.004761    -0.199154    0.109426
0.021633    -0.095731    0.107453
0.016056    -0.276664    0.108336
0.109961    -0.295376    0.010272
0.012632    0.027491    -0.059235
0.066842    -0.516262    0.094218
0.064864    -0.200278    0.095507
-0.066894    -0.421135    0.094474
-0.062739    -0.517359    0.097172
-0.071141    -0.26051    0.091335
-0.070504    -0.168903    0.09185
0.075936    -0.108456    0.087099
0.108157    -0.31447    0.021812
0.108319    -0.312831    0.020791
0.106507    -0.532039    0.028024
0.105261    -0.479456    0.032674
0.101203    -0.176993    0.043389
0.096423    -0.176564    0.052912
0.100545    -0.557628    0.044822
0.090288    -0.517222    0.062659
0.093496    -0.459789    0.057719
0.083087    -0.280677    0.071822
0.086902    -0.510473    0.06711
0.080972    -0.245826    0.074167
0.079933    -0.446214    0.075206
0.069967    -0.508081    0.084423
0.059371    -0.36669    0.092117
0.060695    -0.514113    0.091257
0.054071    -0.175219    0.095405
0.054298    -0.563449    0.09529
0.042688    -0.39382    0.100935
0.042953    -0.534183    0.100834
0.032218    -0.406094    0.104746
0.031225    -0.44349    0.105012
0.005892    -0.422168    0.109367
0.020274    -0.488928    0.107668
0.019215    -0.48594    0.107836
0.10992    -0.337638    0.010682
0.108536    -0.088763    0.01942
-0.084537    -0.038564    -0.076062
0.028435    -0.282066    0.10576
0.026839    -0.350987    0.106187
0.041408    -0.222641    0.101427
-0.040408    -0.567579    0.108198
-0.083711    -0.376058    0.080118
-0.084492    -0.321817    0.079336
-0.07734    -0.461827    0.086314
-0.077657    -0.232098    0.086058
0.085856    -0.133155    0.077537
-0.090659    -0.299216    0.072283
-0.089706    -0.123575    0.07346
-0.100666    -0.336443    0.058064
-0.101094    -0.282175    0.057406
-0.106201    -0.348418    0.047432
-0.110774    -0.270896    0.035875
-0.109695    -0.23548    0.038685
-0.113601    -0.307652    0.025723
-0.112566    -0.116909    0.029587
-0.115139    -0.110311    0.017784
-0.115381    -0.156193    0.016256
-0.116661    -0.306539    0.002271
-0.116712    -0.318323    0.001297
-0.11623    -0.223095    -0.01266
-0.116321    -0.189389    -0.01094
-0.11444    -0.427505    -0.024373
-0.115072    -0.231619    -0.020387
-0.111886    -0.140909    -0.034299
-0.111731    -0.109244    -0.034877
-0.107706    -0.318823    -0.046043
-0.107123    -0.479017    -0.047563
0.107819    -0.268293    0.023128
0.107969    -0.369217    0.022569
0.102398    -0.179166    0.040275
0.097808    -0.127587    0.050193
0.09953    -0.095533    0.046815
0.095517    -0.34597    0.054607
0.094368    -0.441897    0.056375
0.085516    -0.20746    0.068821
0.087914    -0.298717    0.06586
0.076602    -0.21294    0.078537
0.078062    -0.318899    0.077077
0.067939    -0.34792    0.086065
0.058972    -0.313843    0.092376
0.056369    -0.231578    0.094067
0.048006    -0.34978    0.098496
0.049794    -0.171645    0.097585
-0.080057    -0.054727    -0.085144
-0.07884    -0.288629    0.084988
-0.078956    -0.255128    0.084872
-0.092204    -0.52115    0.070375
-0.086906    -0.447231    0.076918
0.090851    -0.130586    0.071507
-0.095075    -0.475997    0.066674
-0.101618    -0.20746    0.056428
-0.103553    -0.486291    0.05263
-0.107751    -0.523202    0.04375
-0.107137    -0.193853    0.045351
-0.111376    -0.533858    0.034028
-0.111331    -0.416321    0.034195
-0.115281    -0.539031    0.016889
-0.114478    -0.341615    0.021961
-0.116581    -0.417797    0.003786
-0.116333    -0.286996    0.008528
-0.116677    -0.461966    -0.004142
-0.116548    -0.386023    -0.006602
-0.116171    -0.233454    -0.01345
-0.11565    -0.46324    -0.01674
-0.113335    -0.229727    -0.028892
-0.113649    -0.181224    -0.02772
-0.110398    -0.438667    -0.03903
-0.10257    -0.518153    -0.056734
-0.105044    -0.371248    -0.051879
0.114033    -0.04589    -0.008486
-0.096449    -0.413143    -0.066734
-0.095447    -0.271175    -0.068277
-0.091938    -0.1674    -0.072879
-0.089177    -0.417753    -0.076288
0.080794    -0.524641    0.082591
-0.104766    -0.146825    -0.052425
-0.103622    -0.318779    -0.054669
-0.002173    -0.56959    0.078222
-0.099584    -0.217738    -0.061905
-0.100001    -0.328431    -0.061263
-0.088242    -0.552088    -0.077443
-0.085978    -0.144498    -0.080026
-0.082952    -0.496332    -0.083052
-0.072772    -0.029131    -0.082993
0.094686    -0.160917    0.066601
-0.082121    -0.144662    -0.083883
-0.085737    -0.102959    -0.080267
-0.073692    -0.064277    -0.091602
0.098147    -0.197756    0.061272
-0.077771    -0.097035    -0.088142
-0.073147    -0.246016    -0.091886
0.044908    -0.00112    -0.07905
0.1012    -0.135242    0.056392
-0.072754    -0.472977    -0.092205
-0.073445    -0.467838    -0.091645
0.096541    -0.452922    0.063722
0.115641    -0.057926    -0.01044
-0.06137    -0.478272    -0.100237
-0.067722    -0.265673    -0.096112
0.097517    -0.545953    0.062238
0.078341    -0.024774    -0.074307
-0.060169    -0.330101    -0.101017
-0.059157    -0.176394    -0.101674
0.102911    -0.509952    0.05302
-0.002824    0.019298    -0.066225
-0.052333    -0.128044    -0.105239
-0.033    0.001026    -0.082478
0.103516    -0.534473    0.051838
-0.054385    -0.511755    -0.104194
-0.053945    -0.408248    -0.104418
-0.035332    -0.037486    -0.107989
0.113638    -0.132635    0.02396
-0.043524    -0.078114    -0.109318
-0.047453    -0.332148    -0.107701
-0.027943    -0.026032    -0.105442
0.11474    -0.109023    0.017556
-0.03659    -0.307253    -0.11187
-0.040679    -0.409689    -0.110301
-0.025395    -0.052871    -0.114063
0.115312    -0.113486    0.013943
-0.029008    -0.460688    -0.113941
-0.028584    -0.476776    -0.114054
0.03243    -0.03002    -0.105897
0.115861    -0.163661    0.009218
-0.031723    -0.136405    -0.113213
-0.027068    -0.28389    -0.11446
0.011288    -0.005629    -0.094704
0.116044    -0.205902    0.005726
-0.02089    -0.211117    -0.115724
-0.015652    -0.189331    -0.116554
0.002107    -0.001374    -0.091316
0.115916    -0.091294    -0.010332
-0.018022    -0.470368    -0.116179
-0.020667    -0.488563    -0.115759
0.115968    -0.483334    0.007047
0.068852    -0.044614    -0.092149
-0.005086    -0.209984    -0.117452
-0.008387    -0.082311    -0.117279
0.115106    -0.130843    -0.017423
-0.000302    -0.201515    -0.117703
-0.007393    -0.458957    -0.117331
0.116269    -0.502395    -0.003522
0.049049    -0.049819    -0.10531
0.002188    -0.339516    -0.117581
0.009372    -0.134488    -0.117204
0.113147    -0.130381    -0.027967
0.005409    -0.557567    -0.117412
0.009249    -0.324309    -0.117211
0.113937    -0.456482    -0.02476
-0.036653    -0.573783    0.097161
0.015358    -0.26409    -0.116532
0.011998    -0.17264    -0.117064
0.110647    -0.089447    -0.037245
0.022665    -0.402384    -0.115374
0.022208    -0.324406    -0.115446
0.112153    -0.485935    -0.031664
0.103503    -0.080909    -0.054065
0.024065    -0.465556    -0.115148
0.024262    -0.114277    -0.115095
0.046563    -0.573783    0.081699
0.048589    -0.573783    0.078867
-0.040537    -0.573783    0.052038
-0.090071    -0.573783    0.03755
-0.044471    -0.573377    -0.104477
0.024554    -0.560742    -0.115017
0.033926    -0.185816    -0.112506
0.063059    -0.573783    0.060908
0.024505    -0.573783    0.038178
0.107237    -0.459437    -0.046117
0.045739    -0.08135    -0.108192
0.038141    -0.180282    -0.111108
-0.015867    -0.573783    0.030342
0.109132    -0.546667    -0.041191
0.097326    -0.096354    -0.064712
0.041727    -0.436042    -0.109731
0.041988    -0.360038    -0.109631
-0.047591    -0.573783    0.022467
-0.10047    -0.573783    0.00676
0.084506    -0.573783    -0.001274
0.02184    -0.573783    0.011754
-0.016029    -0.573783    -0.017637
-0.021442    -0.573783    -0.026603
0.018928    -0.573783    -0.048676
0.04464    -0.573783    -0.05841
-0.053376    -0.573783    -0.07668
-0.041394    -0.573783    -0.099204
0.054114    -0.213963    -0.10411
0.049688    -0.137733    -0.106365
0.051717    -0.573783    0.001125
0.004542    -0.573783    -0.007212
0.035659    -0.573783    -0.019106
0.065664    -0.573783    -0.027567
0.054336    -0.573783    -0.044573
0.032165    -0.573783    -0.062957
0.035593    -0.573783    -0.080418
0.023778    -0.573783    -0.104461
0.056243    -0.230323    -0.103025
0.052028    -0.54423    -0.105172
0.091722    -0.176169    -0.072608
0.066588    -0.093267    -0.096565
0.060595    -0.425777    -0.100457
0.094912    -0.490833    -0.068426
0.084634    -0.151298    -0.080934
0.08332    -0.087665    -0.082248
0.068138    -0.241744    -0.095559
0.066644    -0.26537    -0.096529
0.087986    -0.182569    -0.07722
0.08763    -0.502695    -0.07766
0.080504    -0.279895    -0.085064
0.081372    -0.505826    -0.084196
0.074512    -0.106717    -0.090428
0.070902    -0.387854    -0.093352
0.075069    -0.357668    -0.089977
0.071398    -0.425528    -0.09295
-0.037712    0.350106    -0.024164
0.025195    0.370006    -0.025273
-0.03996    0.303055    -0.016291
0.044034    0.3403    -0.00818
-0.023667    0.240954    -0.035374
-0.001813    0.323499    -0.043614
0.043886    0.335782    0.0089
0.042219    0.281168    -0.004368
0.027053    0.228698    -0.033947
0.035609    0.2536    -0.019579
0.038997    0.24717    -0.012884
0.031934    0.323637    0.026823
0.031498    0.233627    0.026845
-0.024226    0.330075    0.034058
-0.030098    0.201053    0.033062
0.006982    0.355248    0.041907
-0.003297    0.20947    0.04335
0.015293    0.336563    -0.043467
-0.00784    0.337235    -0.04551
0.004521    0.367589    -0.043448
0.0015    0.339745    -0.045921
-0.017352    0.201912    -0.042992
-0.025546    0.370006    0.013974
0.010809    0.207021    -0.044485
-0.006136    0.239278    -0.042357
0.039301    0.284323    0.014698
0.038668    0.256157    0.008613
0.039222    0.219326    0.017535
0.037375    0.210167    0.022677
-0.037107    0.254085    0.015186
-0.020528    0.292778    0.03632
-0.014991    0.32232    0.03882
0.00911    0.258157    0.0377
0.076668    -0.427402    0.086491
0.081061    -0.272651    0.082327
0.086995    -0.235733    0.076267
0.099125    -0.23697    0.059764
0.10179    -0.240257    0.055231
0.107378    -0.252431    0.043579
0.113551    -0.293411    0.02427
0.115123    -0.332023    0.015102
0.116184    -0.321307    0.002979
0.11594    -0.424675    -0.009749
0.115545    -0.443162    -0.014607
0.111885    -0.341629    -0.032665
0.108784    -0.374873    -0.042092
0.101471    -0.329846    -0.058033
0.070584    -0.448522    0.091416
0.0837    -0.231196    0.079691
0.090745    -0.265578    0.071633
0.096817    -0.270179    0.063313
0.102479    -0.275877    0.053874
0.106412    -0.4238    0.046073
0.11131    -0.279322    0.032634
0.114228    -0.326112    0.020755
0.115927    -0.368013    0.00784
0.115882    -0.361393    -0.01089
0.113992    -0.416879    -0.024416
0.110728    -0.215259    -0.036993
0.108893    -0.404835    -0.041805
0.101366    -0.421747    -0.058236
0.098548    -0.432524    -0.062827
-0.0045    0.052341    0.043851
-0.025977    0.056114    0.036265
-0.032424    0.070219    0.031498
-0.035536    0.088666    0.028003
-0.040479    0.05224    0.019331
0.042524    0.071464    0.015155
-0.047127    0.033149    0.006147
0.000905    0.090993    0.005722
0.045526    0.079671    -0.00223
0.046189    0.035362    0.003808
-0.020689    0.013417    0.05237
-0.042689    0.057013    -0.017199
-0.040606    0.036307    -0.024063
-0.038626    0.036676    -0.02695
-0.035217    0.062787    -0.030396
0.028245    0.004639    0.057658
0.024432    0.003182    0.06152
0.006318    -0.00074    0.071576
0.044264    -0.001767    0.058529
-0.023004    0.079813    -0.04091
-0.017254    0.072911    -0.043615
-0.015538    0.077522    -0.044299
-0.071837    -0.004493    0.029592
-0.05616    -0.014127    0.067085
-0.003536    -0.018011    0.09045
0.008626    0.059666    -0.04573
-0.077117    -0.003864    -0.006842
-0.082405    -0.014878    0.032785
-0.040463    -0.027313    0.088516
0.082654    -0.009398    -0.010818
-0.07256    -0.012829    -0.049513
-0.068093    -0.014366    -0.05774
0.095621    -0.033234    0.031782
-0.09757    -0.031133    0.023045
0.06334    -0.038863    0.080935
0.011201    -0.0444    0.10412
0.073149    -0.008518    -0.038741
-0.088595    -0.031262    -0.048657
0.097992    -0.049712    0.041862
-0.086865    -0.048724    0.061821
0.103864    -0.048971    0.023442
-0.055565    -0.033336    -0.086041
-0.101372    -0.048326    -0.035676
0.022672    -0.058781    0.10536
-0.089883    -0.050492    -0.060179
0.102026    -0.059002    0.035965
-0.046243    -0.062765    0.098062
-0.079166    -0.056244    -0.07552
0.031072    -0.01357    -0.082938
-0.109607    -0.070313    -0.010574
0.030601    -0.069211    0.104136
0.108676    -0.060952    -0.005759
0.058161    -0.022929    -0.076349
-0.098439    -0.069062    -0.049898
0.06642    -0.077334    0.086116
0.004991    -0.080399    0.10848
-0.038418    -0.070124    -0.103913
0.063634    -0.031623    -0.078616
0.08681    -0.082541    0.065575
0.007729    -0.344817    0.108163
0.006486    -0.167735    0.108228
0.017774    -0.286774    0.106938
0.022464    -0.178547    0.106195
-0.002058    -0.262117    0.10849
0.026139    -0.38812    0.105217
0.027588    -0.179064    0.104829
-0.011962    -0.526567    0.107947
-0.014606    -0.261605    0.107528
-0.028501    -0.195912    0.104733
-0.030303    -0.092129    0.104251
-0.035455    -0.185874    0.102721
-0.041288    -0.159587    0.100482
0.035901    -0.129516    0.102336
-0.047517    -0.103564    0.09776
-0.05057    -0.275274    0.096205
0.052197    -0.090826    0.095091
0.044763    -0.234154    0.098879
-0.064465    -0.087732    0.087817
-0.055764    -0.196975    0.093467
0.060968    -0.188884    0.089725
-0.066161    -0.378085    0.086488
-0.068145    -0.102478    0.084881
0.064331    -0.354031    0.087518
0.072904    -0.091321    0.080575
-0.081244    -0.440457    0.07283
-0.080593    -0.479852    0.073481
-0.087565    -0.215814    0.06515
-0.095039    -0.223942    0.054078
-0.093091    -0.370956    0.057078
-0.099869    -0.236671    0.044691
-0.099874    -0.509337    0.04468
-0.103746    -0.17824    0.034971
-0.101279    -0.122585    0.041401
-0.105799    -0.238293    0.028248
-0.108896    -0.296169    0.013218
-0.108632    -0.140132    0.014881
-0.109917    -0.475557    -0.000536
-0.109897    -0.327305    -0.000144
-0.109414    -0.121827    -0.011239
-0.109635    -0.287026    -0.007008
-0.108577    -0.245359    -0.017399
-0.104761    -0.221284    -0.034289
-0.105149    -0.138519    -0.032843
-0.102778    -0.274709    -0.039663
-0.102787    -0.160995    -0.03964
-0.09931    -0.092682    -0.047957
-0.097713    -0.301882    -0.05109
-0.090866    -0.2326    -0.062674
-0.0907    -0.302389    -0.062929
0.074465    -0.476102    0.079052
0.081443    -0.30393    0.072022
0.08275    -0.295693    0.070407
0.088589    -0.275401    0.063153
0.091763    -0.211266    0.058266
0.094712    -0.235876    0.053717
0.096625    -0.184574    0.049962
0.100847    -0.177686    0.041072
0.06605    -0.037553    -0.0802
0.105908    -0.119116    0.025764
0.104646    -0.214513    0.030472
0.007221    -0.503458    0.10819
0.013989    -0.563058    0.107538
0.019416    -0.537808    0.106678
0.029062    -0.518141    0.104434
0.031619    -0.281748    0.103749
-0.020206    -0.447857    0.106641
-0.021739    -0.412786    0.106398
-0.007783    -0.281284    0.10819
-0.009819    -0.403245    0.108083
-0.034064    -0.499321    0.103243
-0.043149    -0.472632    0.099768
-0.042009    -0.248717    0.100205
0.039375    -0.507865    0.101002
0.041307    -0.282866    0.10026
-0.051493    -0.269166    0.095734
-0.053795    -0.409889    0.094561
0.052694    -0.42953    0.094838
-0.063087    -0.518537    0.088712
-0.063141    -0.558436    0.088676
0.063122    -0.509148    0.088326
0.062776    -0.501619    0.088551
-0.072982    -0.419354    0.080964
-0.073647    -0.23873    0.080425
0.072511    -0.339944    0.080893
-0.076183    -0.415382    0.077892
-0.077862    -0.557661    0.076213
-0.086787    -0.54235    0.06611
-0.087021    -0.455923    0.065821
-0.090878    -0.24713    0.060486
-0.093375    -0.529094    0.05664
-0.095431    -0.53665    0.053399
-0.101012    -0.361688    0.042096
-0.102211    -0.494172    0.03897
-0.105159    -0.51228    0.030638
-0.106191    -0.459149    0.026786
-0.107704    -0.141576    0.020743
-0.108555    -0.527225    0.015371
-0.109383    -0.338132    0.009646
-0.109897    -0.151037    -0.002024
-0.109774    -0.53924    -0.004361
-0.108899    -0.417335    -0.015366
-0.108682    -0.530526    -0.016734
-0.107362    -0.382066    -0.024586
-0.107396    -0.150883    -0.024459
-0.103159    -0.266171    -0.03867
-0.102877    -0.471169    -0.039404
-0.09887    -0.488982    -0.048819
-0.093093    -0.447402    -0.059244
-0.091089    -0.452572    -0.062329
-0.087495    -0.504872    -0.067404
-0.083681    -0.47363    -0.072114
0.078106    -0.461668    0.075411
0.07947    -0.534926    0.074047
-0.08384    -0.129618    -0.071919
0.082461    -0.490078    0.070764
0.081793    -0.560323    0.071589
0.093212    -0.352384    0.056034
0.092643    -0.462163    0.05691
0.099123    -0.283461    0.04506
0.099393    -0.183813    0.04453
0.10251    -0.530336    0.036739
0.067404    -0.041082    -0.080859
0.106199    -0.45918    0.024678
0.106314    -0.481333    0.024245
0.107734    -0.338022    0.017033
-0.029536    -0.56794    0.103557
-0.053672    -0.56794    0.087659
-0.036141    -0.56794    0.078267
-0.040643    -0.56794    0.059097
-0.053746    -0.56794    0.036974
-0.003587    -0.56794    0.027243
-0.090976    -0.56794    0.004834
-0.021276    -0.56794    -0.003438
-0.064473    -0.56794    -0.019194
-0.091435    -0.56794    -0.031406
-0.081168    -0.56794    -0.053615
-0.073828    -0.56794    -0.072411
-0.077945    -0.320045    -0.078299
-0.081072    -0.207199    -0.075171
-0.079909    -0.159638    -0.076334
-0.076153    -0.293472    -0.080091
-0.069092    -0.20355    -0.086283
-0.066671    -0.260395    -0.088244
0.075049    -0.56794    0.059206
-0.055514    -0.111503    -0.095799
-0.057311    -0.27766    -0.094632
-0.04943    -0.56794    0.035201
-0.053633    -0.147524    -0.096813
-0.048336    -0.154617    -0.099512
-0.036154    -0.457251    -0.104622
-0.036052    -0.126593    -0.104661
0.108855    -0.159544    0.009076
0.108792    -0.450228    0.010286
0.107964    -0.477017    0.015575
0.108546    -0.356694    0.011904
-0.015418    -0.56794    0.012963
0.087455    -0.56794    0.003619
0.100883    -0.56794    -0.023539
0.071711    -0.56794    -0.029858
-0.026555    -0.56794    -0.042065
-0.013969    -0.56794    -0.063901
0.030795    -0.56794    -0.076734
-0.072442    -0.440623    -0.08357
-0.057301    -0.525416    -0.094638
-0.062249    -0.481999    -0.091425
-0.05115    -0.415229    -0.098078
-0.052224    -0.486994    -0.097531
-0.03929    -0.383623    -0.103418
-0.042264    -0.466869    -0.102276
-0.024891    -0.561518    -0.10787
-0.0318    -0.566544    -0.106019
0.109105    -0.483744    0.004319
0.109103    -0.394936    0.004352
0.108993    -0.369909    -0.008615
0.107603    -0.370546    -0.020023
0.107897    -0.390216    -0.018168
0.105178    -0.453233    -0.030657
0.106202    -0.553685    -0.026835
0.100496    -0.183301    -0.044157
0.101546    -0.384049    -0.04142
0.09759    -0.368897    -0.050238
0.092133    -0.454046    -0.059864
0.088999    -0.295967    -0.064691
0.084875    -0.523203    -0.069952
0.081784    -0.488501    -0.07377
-0.055625    -0.56794    -0.088269
-0.042606    -0.56794    -0.101737
-0.025881    -0.334636    -0.107604
0.109134    -0.221639    -0.005928
0.108984    -0.19344    -0.008784
0.108361    -0.162169    -0.015238
0.10795    -0.304178    -0.017835
0.106898    -0.144902    -0.024236
0.106206    -0.320156    -0.026817
0.102438    -0.26384    -0.039098
0.102451    -0.208799    -0.039063
0.099391    -0.104587    -0.046702
0.093515    -0.254258    -0.057737
0.094467    -0.298239    -0.05627
0.086439    -0.395308    -0.068021
0.086608    -0.237286    -0.067812
0.075171    -0.097478    -0.080515
0.07602    -0.16738    -0.079666
0.074466    -0.552282    -0.08122
0.042056    -0.56794    -0.086111
-0.022828    -0.168848    -0.108395
-0.017766    -0.232656    -0.109197
0.069285    -0.337466    -0.085675
0.066965    -0.499834    -0.087553
0.060738    -0.285416    -0.092043
0.062196    -0.403543    -0.091096
0.046189    -0.482098    -0.100321
0.052656    -0.455841    -0.097026
-0.012551    -0.26612    -0.110023
0.021519    -0.083851    -0.108585
-0.01037    -0.286656    -0.110223
0.040315    -0.330793    -0.10281
0.036447    -0.496669    -0.104295
0.028672    -0.367007    -0.106707
0.030535    -0.462232    -0.106208
0.06436    -0.316478    -0.089663
0.065974    -0.317033    -0.088356
0.062489    -0.132509    -0.090907
0.059238    -0.150857    -0.093017
0.050804    -0.130878    -0.09797
0.0266    -0.078709    -0.107472
0.007193    -0.248917    -0.11036
0.017725    -0.200942    -0.109115
0.01404    -0.223509    -0.109699
-0.007084    -0.562796    -0.110395
-0.003906    -0.421294    -0.110562
0.038996    -0.232275    -0.103316
0.037282    -0.299183    -0.103975
0.026371    -0.209771    -0.107324
0.059694    -0.060305    -0.092061
0.011174    -0.150556    -0.110152
0.021614    -0.260081    -0.108499
0.019599    -0.490849    -0.108818
0.058637    -0.077636    -0.093671
