-0.003082    0.315873    0.028951
-0.000423    0.345348    0.024799
-0.026887    0.306556    0.016545
0.003191    0.344047    0.025966
-0.001405    0.279666    0.024063
-0.003794    0.16265    0.023073
-0.004138    0.240143    0.02293
0.019785    0.317527    0.019206
-0.001887    0.321819    0.022393
-0.012029    0.343738    0.019662
-0.030227    0.316729    0.000868
-0.00122    0.144967    0.022481
-0.011425    0.175092    0.019912
-0.035847    0.297653    -0.000491
0.003295    0.279927    0.022049
-0.016823    0.298819    0.016373
0.022659    0.339381    0.00875
0.005314    0.162254    0.021783
0.001146    0.13303    0.008554
-0.016097    0.138902    0.01693
0.02054    0.285109    0.03149
0.008143    0.286035    0.020772
0.023622    0.232217    0.003834
0.022992    0.190598    0.005463
0.023719    0.141927    -0.008096
-0.018959    0.201    0.014394
-0.029704    0.315137    -0.011077
0.011898    0.2758    0.019217
0.023889    0.287693    0.00181
0.021114    0.300133    0.009995
0.023681    0.172327    -0.008386
-0.022224    0.162465    0.010137
0.015221    0.341302    0.016676
0.018929    0.285038    0.012859
0.025204    0.339043    -0.000563
-0.039646    0.2769    0.01653
0.020355    0.196036    0.011001
0.023107    0.229239    -0.010179
-0.022531    0.29845    0.009486
0.015596    0.246155    0.016388
-0.007075    0.282132    0.039254
0.021763    0.316394    -0.013424
-0.023696    0.202398    0.006676
-0.024496    0.332805    -0.014599
0.035491    0.293206    0.004813
0.019496    0.214817    -0.017115
-0.024931    0.278931    0.003066
0.029587    0.306818    -0.014191
-0.019617    0.268837    0.042248
-0.002387    0.13303    -0.011137
0.022343    0.342108    -0.013629
-0.025033    0.346549    -0.008729
-0.022563    0.264942    0.047099
-0.055336    0.263479    0.012567
0.016766    0.153173    -0.020486
-0.025155    0.261865    -0.006354
0.025712    0.30775    -0.020921
0.0067    0.259677    0.057962
-0.056785    0.257613    0.027402
0.012923    0.328424    -0.023434
-0.025135    0.166239    -0.006508
-0.008774    0.330902    -0.028348
-0.042019    0.257096    0.046344
-0.048273    0.256508    0.041594
0.009985    0.179267    -0.025003
-0.024011    0.182601    -0.010909
-0.024286    0.342263    -0.010246
-0.010782    0.341317    -0.025934
-0.038842    0.262761    -0.045293
0.032696    0.25758    0.051847
-0.071056    0.249946    0.009611
0.00605    0.27926    -0.026633
-0.02144    0.266116    -0.016154
0.020189    0.303398    -0.028608
-0.007909    0.247245    0.071295
0.027114    0.24866    0.064721
-0.070816    0.248128    0.019369
0.002318    0.224533    -0.027171
0.0003    0.344558    -0.027437
-0.018607    0.336284    -0.019847
0.011523    0.341608    -0.025087
-0.012323    0.258899    -0.063306
-0.059057    0.245099    0.046299
0.054879    0.263469    0.007758
-0.078454    0.243125    -0.006679
-0.003188    0.275487    -0.027216
-0.003276    0.179002    -0.027204
-0.016355    0.213129    -0.021727
-0.013277    0.310417    -0.024089
-0.00952    0.237502    -0.025695
0.002643    0.277846    -0.045377
-0.006361    0.240028    0.077759
0.005782    0.242411    0.075665
0.056875    0.262917    -0.002033
-0.076217    0.237684    -0.03496
-0.012265    0.181161    -0.024558
0.013044    0.249591    -0.073103
-0.042639    0.233099    0.072864
0.029956    0.235543    0.075752
0.051008    0.26693    -0.003973
-0.085859    0.231839    -0.018377
0.021928    0.268777    -0.04588
-0.01278    0.228438    0.085663
-0.069931    0.229133    0.052541
0.06599    0.230616    0.054386
0.082614    0.236622    -0.007586
-0.058582    0.23221    -0.066834
-0.025329    0.23782    -0.081193
0.007082    0.223354    0.089639
-0.088807    0.221729    0.028398
0.082528    0.232837    0.02126
0.067041    0.24562    -0.036856
-0.052796    0.226645    -0.076218
0.038825    0.243819    -0.069488
-0.015825    0.213887    0.094295
-0.057916    0.217814    0.074062
0.051453    0.215962    0.079477
0.051544    0.262982    -0.025467
-0.081509    0.216619    -0.055307
0.052925    0.239794    -0.062912
0.031004    0.226727    -0.087038
0.039165    0.213574    0.087232
-0.098179    0.207919    0.02559
0.077162    0.219575    0.051532
0.091256    0.222356    -0.016807
-0.077357    0.205851    -0.06988
-0.041739    0.218686    -0.088407
-0.022896    0.205326    0.09762
-0.041133    0.205721    0.091094
-0.096095    0.202494    0.037585
0.082427    0.212969    0.050959
-0.084503    0.20748    -0.059251
-0.034186    0.220844    -0.090154
0.050354    0.222624    -0.080346
0.052214    0.194544    0.091277
-0.089718    0.197635    0.054842
-0.094035    0.200527    -0.049858
0.099516    0.211202    -0.00265
0.086626    0.216057    -0.044513
0.04628    0.21061    -0.090856
0.003973    0.194623    0.104638
-0.029042    0.191652    0.102631
-0.10683    0.19165    0.01813
0.079992    0.194115    0.068269
-0.073987    0.197334    -0.079453
0.019487    0.202408    -0.104351
0.081702    0.202729    -0.065165
0.031554    0.188229    0.102548
-0.088884    0.185228    0.063662
-0.110732    0.176846    -0.031623
0.098711    0.192493    0.039099
-0.042345    0.199827    -0.098561
0.05524    0.20091    -0.091101
-0.024271    0.17772    0.108069
-0.034561    0.180071    0.104621
-0.101386    0.183821    0.043626
-0.08857    0.18094    -0.071314
0.103962    0.186481    0.032276
-0.023718    0.190699    -0.108782
0.081065    0.193503    -0.07227
0.018497    0.169006    0.110994
-0.0797    0.171872    0.080905
-0.114765    0.170117    0.009438
-0.09128    0.172362    -0.07192
0.110435    0.179284    0.013759
0.013262    0.184381    -0.112209
0.088883    0.185148    -0.067128
0.039563    0.166085    0.10612
-0.059812    0.162745    0.098952
-0.116017    0.165001    0.00942
-0.068223    0.173774    -0.094126
0.112254    0.170216    0.01917
0.026175    0.177022    -0.112879
0.081533    0.183251    -0.077701
0.007604    0.15962    0.114587
-0.084021    0.156804    0.081762
-0.115653    0.160389    0.020162
-0.086209    0.150262    -0.085974
0.115668    0.164607    0.003639
-0.028285    0.175074    -0.113376
0.096479    0.168018    -0.065299
0.004194    0.155701    0.115703
-0.037087    0.158413    0.109417
-0.104185    0.156267    0.055051
-0.102432    0.153374    -0.063969
0.108443    0.159394    0.040479
-0.035484    0.171809    -0.111803
0.066219    0.165791    -0.097174
-0.004717    0.145276    0.117422
0.082111    0.160238    0.08157
-0.100327    0.146126    0.063589
-0.108241    0.1403    -0.056001
0.088979    0.149349    0.076052
0.114923    0.159716    -0.02241
0.038873    0.159316    -0.113006
0.103137    0.161214    -0.057479
0.046438    0.13832    0.108028
-0.073495    0.134339    0.093464
-0.11992    0.135463    -0.01858
-0.075109    0.143484    -0.096088
0.115928    0.14701    0.026048
-0.008126    0.152102    -0.120951
0.060004    0.155185    -0.104604
-0.014142    0.052925    0.117395
-0.02142    -0.302537    0.116437
-0.023256    -0.225752    0.116195
-0.017522    -0.062653    0.11695
-0.021935    0.132786    0.116369
-0.02862    -0.230336    0.115489
-0.027504    -0.328948    0.115636
-0.012372    0.092304    0.117628
-0.029613    -0.167785    0.115359
-0.031286    0.054345    0.115138
-0.028917    -0.280043    0.11545
-0.01576    -0.146994    0.117182
-0.030909    -0.236855    0.115188
-0.015886    -0.03599    0.117165
-0.025299    0.10595    0.115926
0.014983    -0.142675    0.117125
0.011246    0.073856    0.117617
0.002297    -0.033048    0.118795
0.004126    -0.257416    0.118554
0.000606    -0.235176    0.119018
0.005992    -0.17143    0.118309
0.003135    -0.414625    0.118685
0.023401    0.117866    0.116017
0.021441    0.056725    0.116276
0.023131    0.119841    0.116053
0.010683    0.103132    0.117692
0.004641    0.119622    0.118487
0.003871    0.040784    0.118588
0.010445    -0.084339    0.117723
0.033181    0.108464    0.114082
0.034828    -0.123938    0.1134
0.032314    -0.144113    0.114441
0.03685    -0.028924    0.112562
0.041905    -0.058214    0.110468
0.040102    0.073867    0.111215
0.034941    -0.437636    0.113353
0.036013    -0.084192    0.112909
0.043874    -0.149905    0.109653
0.044574    0.076154    0.109363
0.031017    -0.50466    0.114979
0.044559    -0.132023    0.109369
0.033904    -0.430314    0.113783
0.037546    -0.31082    0.112274
0.051603    0.103495    0.106451
-0.060788    -0.348819    0.103146
-0.059836    -0.105867    0.103541
-0.041477    0.078758    0.111146
-0.048657    -0.09084    0.108171
-0.057548    -0.397996    0.104488
-0.059651    0.075737    0.103618
-0.054427    -0.006708    0.105782
-0.05946    -0.443775    0.103697
-0.047444    0.036029    0.108674
-0.04564    -0.107709    0.109421
-0.054802    -0.025789    0.105626
-0.054968    -0.321201    0.105557
-0.040207    -0.050334    0.111672
-0.06096    -0.155094    0.103075
-0.050939    -0.174976    0.107226
-0.083951    -0.302579    0.085604
-0.073865    0.024585    0.093343
-0.073094    -0.06113    0.093934
-0.083728    -0.044121    0.085774
-0.079596    -0.327781    0.088945
-0.079892    0.066623    0.088718
-0.07981    0.020607    0.088781
-0.07815    -0.209363    0.090054
-0.086091    0.021993    0.083961
-0.082225    -0.090842    0.086928
-0.071624    -0.117711    0.095062
-0.084471    -0.014957    0.085204
-0.084897    -0.384368    0.084877
-0.082368    -0.084133    0.086818
-0.06917    0.034752    0.096945
-0.099199    0.070818    0.067172
-0.104424    -0.041784    0.060362
-0.103976    -0.120806    0.060947
-0.100538    -0.123215    0.065427
-0.101636    -0.040532    0.063997
-0.098693    -0.135822    0.067832
-0.099772    0.074335    0.066425
-0.104693    -0.313408    0.060011
-0.097714    -0.121217    0.069107
-0.100018    -0.291617    0.066105
-0.104275    0.008161    0.060556
-0.103241    -0.424495    0.061904
-0.105079    0.028032    0.059509
-0.103629    -0.36277    0.061399
-0.115606    -0.095749    0.035092
-0.113605    0.063925    0.039922
-0.117733    -0.472044    0.029958
-0.114646    0.112313    0.03741
-0.114423    -0.129291    0.037949
-0.115533    -0.15917    0.03527
-0.116877    0.108062    0.032024
-0.111698    -0.091893    0.044526
-0.112065    0.038179    0.043642
-0.11473    -0.157969    0.037208
-0.113013    -0.18534    0.041352
-0.117324    0.095186    0.030944
-0.11345    0.049796    0.040298
-0.114829    -0.222193    0.036969
-0.111994    -0.14611    0.043812
-0.121827    -0.360443    0.00093
-0.121821    -0.139802    0.000974
-0.120194    -0.111594    0.013332
-0.119265    -0.048811    0.020387
-0.121861    -0.13393    0.000667
-0.122105    -0.45508    -0.001184
-0.119109    0.021479    0.021573
-0.121593    -0.160031    0.002706
-0.120095    0.043551    0.014081
-0.121326    -0.049271    0.004731
-0.120444    -0.020216    0.011435
-0.120484    -0.226746    0.011129
-0.122083    -0.505997    -0.001017
-0.118985    0.002056    0.022519
-0.122063    -0.463881    -0.000865
-0.119359    0.118652    -0.024665
-0.119452    -0.015291    -0.023964
-0.118435    0.050921    -0.031691
-0.119046    -0.357914    -0.02705
-0.119158    -0.273659    -0.026193
-0.119218    -0.155045    -0.025739
-0.118718    -0.323617    -0.029538
-0.119861    0.081126    -0.020853
-0.118149    -0.368512    -0.033856
-0.119938    -0.155022    -0.020274
-0.119011    -0.298972    -0.027312
-0.120958    0.124477    -0.012524
-0.121667    0.067214    -0.007134
-0.118268    -0.337779    -0.032957
-0.107094    -0.443931    -0.060635
-0.113086    0.037398    -0.046171
-0.106885    -0.443925    -0.061141
-0.112699    -0.027585    -0.047105
-0.112998    -0.066356    -0.046383
-0.115422    0.078245    -0.040532
-0.108    -0.190991    -0.05845
-0.116301    0.083455    -0.03841
-0.108866    -0.057253    -0.056359
-0.110339    -0.029209    -0.052803
-0.110799    -0.068629    -0.051692
-0.115207    0.101655    -0.041049
-0.108648    -0.038954    -0.056883
-0.108334    -0.40463    -0.057642
-0.111464    -0.151022    -0.050086
-0.094232    0.011596    -0.07864
-0.096059    -0.11608    -0.076259
-0.105385    -0.356033    -0.064105
-0.105093    0.082786    -0.064486
-0.103673    -0.20188    -0.066336
-0.093464    0.128834    -0.07964
-0.104474    -0.084332    -0.065292
-0.090584    0.078397    -0.083395
-0.103046    -0.19417    -0.067153
-0.099008    -0.008297    -0.072416
-0.10463    -0.404548    -0.06509
-0.094627    0.008377    -0.078126
-0.104392    -0.215961    -0.065399
-0.10168    -0.353802    -0.068934
-0.075133    0.133444    -0.097312
0.11948    0.141201    0.003436
-0.03083    0.138987    -0.119602
0.0833    0.143093    -0.088926
-0.001992    -0.100925    0.118994
-0.013319    -0.306757    0.117503
-0.004013    -0.000772    0.118728
-0.013753    -0.361069    0.117446
-0.025542    -0.42563    0.115894
-0.009013    -0.515427    0.11807
-0.011427    -0.142091    0.117752
-0.009663    -0.507625    0.117984
-0.007387    -0.319531    0.118284
-0.006012    -0.494536    0.118465
-0.013642    -0.534443    0.117461
-0.022657    -0.495716    0.116274
-0.002123    -0.431473    0.118977
-0.016231    -0.451626    0.11712
-0.011325    -0.444969    0.117766
-0.052697    -0.458646    0.106498
-0.032581    -0.358191    0.114831
-0.048727    -0.511351    0.108142
-0.038833    -0.259134    0.112241
-0.037496    -0.088231    0.112795
-0.036394    -0.251055    0.113251
-0.032523    -0.465938    0.114855
-0.046564    -0.235921    0.109039
-0.044557    -0.278536    0.10987
-0.057295    -0.529125    0.104593
-0.036831    -0.294877    0.11307
-0.05116    -0.323473    0.107135
-0.036996    -0.537939    0.113002
-0.039216    -0.536194    0.112082
0.022675    -0.045503    0.116113
0.012152    -0.47244    0.117498
0.012922    -0.492263    0.117397
0.015981    -0.217022    0.116994
0.024681    -0.174264    0.115849
0.02583    -0.469603    0.115698
0.019803    -0.319668    0.116491
0.02566    -0.475292    0.11572
0.008431    -0.389557    0.117988
0.014347    -0.272659    0.117209
0.024398    -0.076327    0.115886
0.013354    -0.347029    0.11734
0.018625    -0.174175    0.116646
0.014828    -0.41206    0.117146
0.004067    -0.461168    0.118562
0.047479    -0.509463    0.10816
0.042498    -0.442166    0.110223
0.059623    -0.188853    0.103129
0.057431    -0.143613    0.104037
0.054823    -0.535162    0.105117
0.055655    -0.027201    0.104773
0.037318    -0.437213    0.112369
0.050489    -0.145762    0.106913
0.058238    0.025005    0.103703
0.049392    -0.4286    0.107367
0.053996    -0.515953    0.10546
0.039692    -0.343817    0.111385
0.038429    -0.377192    0.111908
0.059939    -0.476707    0.102998
0.058616    -0.400285    0.103546
0.070809    -0.033483    0.094762
0.069512    -0.147042    0.095757
0.062234    -0.352077    0.101341
0.066495    -0.086914    0.098072
0.079166    0.120007    0.088349
0.064175    -0.388534    0.099852
0.06909    -0.234566    0.096081
0.067973    -0.068197    0.096938
0.076773    0.030737    0.090186
0.064286    0.104473    0.099767
0.071637    -0.212215    0.094127
0.073935    -0.036951    0.092363
0.074824    -0.084469    0.091681
0.07724    -0.025176    0.089827
-0.069113    -0.37743    0.096989
-0.062609    -0.056082    0.10198
-0.065877    -0.266237    0.099472
-0.071649    -0.342223    0.095043
-0.08139    -0.41857    0.087568
-0.074985    -0.265587    0.092483
-0.070069    -0.48216    0.096256
-0.071206    -0.47186    0.095383
-0.070574    -0.213259    0.095868
-0.076105    -0.477411    0.091624
-0.07113    -0.28954    0.095442
-0.079324    -0.355325    0.089154
-0.063402    -0.002022    0.101371
-0.07125    -0.502441    0.095349
-0.061859    -0.397568    0.102555
-0.091847    -0.24448    0.076754
-0.09631    -0.20634    0.070937
-0.091419    -0.158206    0.077311
-0.088261    -0.444517    0.081427
-0.094841    -0.539807    0.072852
-0.10045    -0.397118    0.065542
-0.088571    -0.315303    0.081023
-0.088637    -0.350376    0.080938
-0.088284    0.027348    0.081398
-0.093402    -0.41287    0.074728
-0.090315    -0.303923    0.078751
-0.090948    -0.357971    0.077925
-0.094138    -0.507798    0.073768
-0.089388    -0.005734    0.079959
-0.091306    -0.124563    0.077458
-0.10664    -0.357484    0.056736
-0.109091    -0.23731    0.050821
-0.106968    -0.138741    0.055945
-0.107796    -0.380553    0.053947
-0.114019    -0.404083    0.038925
-0.112612    -0.254338    0.04232
-0.110053    -0.5346    0.048498
-0.113183    -0.393973    0.040942
-0.106163    0.104438    0.057888
-0.10633    0.020953    0.057486
-0.107208    -0.277129    0.055367
-0.113066    -0.398806    0.041224
-0.115281    -0.466961    0.035877
-0.106525    -0.134218    0.057015
-0.120634    -0.486546    0.00999
-0.119029    -0.358807    0.022181
-0.1183    -0.46967    0.027717
-0.120414    -0.538436    0.011663
-0.120069    -0.269864    0.014282
-0.120826    -0.524508    0.008528
-0.118488    -0.472809    0.026293
-0.121634    -0.463024    0.002397
-0.120735    -0.377547    0.009225
-0.118808    0.018541    0.023859
-0.121433    -0.500245    0.003925
-0.119171    -0.078862    0.021103
-0.119618    -0.476584    0.01771
-0.118407    0.06923    0.026906
-0.121053    -0.506796    0.006805
-0.121668    -0.033105    -0.007132
-0.120555    -0.322634    -0.015585
-0.121814    0.045406    -0.006019
-0.118655    -0.519976    -0.030013
-0.121547    -0.222373    -0.008053
-0.118408    -0.524514    -0.031893
-0.122005    -0.269936    -0.004568
-0.120919    -0.202429    -0.012822
-0.121535    -0.40756    -0.008142
-0.121549    -0.48099    -0.008038
-0.120177    -0.396239    -0.018458
-0.12116    -0.528211    -0.010985
-0.121602    -0.221451    -0.007632
-0.118645    -0.489122    -0.030093
-0.122054    -0.246004    -0.004199
-0.111611    -0.319522    -0.049731
-0.112949    -0.43061    -0.0465
-0.113826    -0.148178    -0.044385
-0.114027    -0.522376    -0.0439
-0.116287    0.021214    -0.038443
-0.109255    -0.41425    -0.05542
-0.107265    -0.513845    -0.060224
-0.110775    -0.496945    -0.051749
-0.113541    -0.397534    -0.045071
-0.117503    -0.244764    -0.035508
-0.109183    -0.408219    -0.055593
-0.108528    -0.481877    -0.057174
-0.111014    -0.454721    -0.051173
-0.116507    -0.374018    -0.037911
-0.091027    -0.438802    -0.082816
-0.103204    -0.534603    -0.066947
-0.101742    -0.425642    -0.068853
-0.088498    -0.179733    -0.086112
-0.087374    -0.299023    -0.087578
-0.098805    -0.403196    -0.07268
-0.105037    -0.516403    -0.064559
-0.09472    -0.422919    -0.078004
-0.089224    -0.475486    -0.085166
-0.095412    -0.19496    -0.077102
-0.093572    -0.497687    -0.0795
-0.1    -0.536507    -0.071124
-0.103657    -0.490783    -0.066358
-0.096832    -0.253189    -0.075252
-0.090626    -0.383322    -0.083339
-0.062421    -0.111617    -0.107118
-0.064098    -0.331092    -0.105831
-0.078168    0.03839    -0.095035
-0.061833    -0.220208    -0.107569
-0.070311    -0.133759    -0.101064
-0.072953    -0.110184    -0.099037
-0.064392    0.096313    -0.105606
-0.071581    0.005665    -0.10009
-0.062231    -0.451273    -0.107264
-0.070364    -0.005966    -0.101023
-0.077779    -0.03197    -0.095333
-0.06254    0.034774    -0.107027
-0.066606    -0.019366    -0.103907
-0.064314    -0.060891    -0.105665
0.087019    -0.215398    0.081474
0.093389    -0.097548    0.073172
0.095134    -0.152588    0.070899
0.092048    -0.178788    0.07492
0.090337    -0.040369    0.077151
0.086977    -0.424622    0.081529
0.092905    -0.091468    0.073803
0.08635    -0.036364    0.082347
0.089603    -0.309136    0.078107
0.093214    0.023993    0.0734
0.086273    -0.326661    0.082447
0.096124    -0.103425    0.069608
0.087178    0.069235    0.081267
0.096061    -0.132767    0.06969
0.087835    -0.294035    0.08041
0.107526    -0.188032    0.051687
0.113602    -8.6e-05    0.037018
0.108562    0.095152    0.049185
0.108377    0.042512    0.049633
0.10586    -0.428274    0.055707
0.105415    -0.023089    0.056784
0.110286    0.020936    0.045024
0.106034    -0.12719    0.055288
0.112904    -0.034084    0.038703
0.105275    -0.074378    0.057121
0.106658    -0.092806    0.053783
0.107692    -0.341546    0.051286
0.109725    -0.087797    0.046378
0.106702    -0.390121    0.053675
0.108246    -0.316455    0.049949
0.117157    -0.427326    0.027232
0.119157    -0.14338    0.01204
0.119081    -0.037304    0.012621
0.119518    -0.058731    0.009296
0.117602    -0.323576    0.023855
0.117191    -0.284106    0.026975
0.117125    -0.017956    0.027476
0.117933    -0.361558    0.021338
0.120068    0.076301    0.005122
0.117558    -0.015184    0.024185
0.117458    -0.302758    0.024946
0.119706    0.098089    0.00787
0.118647    0.046405    0.015915
0.117857    -0.187126    0.021918
0.11725    0.137372    -0.028254
0.026688    0.133192    -0.120563
0.091232    0.140919    -0.079704
0.007202    -0.539888    0.112547
0.050268    -0.539888    0.075623
0.041545    -0.539888    0.045892
-0.031789    -0.539888    0.102648
-0.029407    -0.539888    0.092024
0.046518    -0.539888    0.050036
0.012565    -0.539888    0.116268
0.084087    0.074472    0.084574
0.08065    -0.269372    0.087211
0.085372    -0.149896    0.083588
0.075835    -0.232247    0.090906
0.066443    -0.534132    0.098112
0.074797    -0.464969    0.091702
0.067746    -0.409947    0.097112
0.070561    -0.482791    0.094952
0.078337    -0.251117    0.088986
0.080992    -0.037797    0.086948
0.085247    -0.407853    0.083684
0.084243    -0.520556    0.084454
0.072579    -0.522077    0.093403
0.066461    -0.536211    0.098098
0.073872    -0.349104    0.092412
0.048651    -0.539888    0.00642
-0.040403    -0.539888    0.071017
0.006351    -0.539888    0.030524
0.024195    -0.539888    0.036937
0.012075    -0.539888    -0.004843
-0.071071    -0.539888    0.064895
-0.060377    -0.539888    0.052314
-0.082486    -0.539888    0.06851
-0.069863    -0.539888    0.046863
-0.038326    -0.539888    0.028461
-0.109386    -0.539888    0.038945
-0.071254    -0.539888    0.008366
-0.038778    -0.539888    -0.00579
-0.005629    -0.539888    -0.024787
-0.096287    -0.539888    0.029885
-0.100244    -0.539888    -0.011228
-0.045038    -0.539888    -0.034175
-0.053639    -0.539888    -0.020981
-0.120173    -0.539888    0.00744
-0.104449    -0.539888    -0.026325
-0.082888    -0.539888    -0.052536
-0.091279    -0.539888    -0.04241
-0.10318    -0.539888    -0.052457
-0.112042    -0.539888    -0.043515
-0.077039    -0.443477    -0.095901
-0.070825    -0.479142    -0.100669
-0.079633    -0.114621    -0.09391
-0.085999    -0.493834    -0.089026
-0.073965    -0.418445    -0.09826
-0.080062    -0.539439    -0.093581
-0.080346    -0.216471    -0.093364
-0.086134    0.022926    -0.088922
-0.0736    -0.290826    -0.09854
-0.076392    -0.420168    -0.096398
-0.081741    -0.147955    -0.092293
-0.076587    -0.465319    -0.096248
-0.077704    -0.174506    -0.095391
-0.078293    -0.152569    -0.094939
-0.051287    -0.539888    -0.105837
-0.055966    -0.197991    -0.110138
-0.05382    -0.43119    -0.111027
-0.046494    -0.45768    -0.114061
-0.048916    -0.404307    -0.113058
-0.058312    -0.263872    -0.109166
-0.060019    0.008367    -0.108459
-0.049455    -0.146475    -0.112835
-0.058444    -0.180605    -0.109112
-0.051901    -0.188291    -0.111822
-0.057761    -0.104125    -0.109394
-0.052162    -0.184623    -0.111714
-0.058824    -0.13209    -0.108954
-0.036647    -0.470957    -0.11814
-0.034034    -0.499    -0.119223
0.086626    -0.522483    0.081986
0.096533    -0.448679    0.069075
0.09055    -0.511006    0.076873
0.101692    -0.021324    0.062352
0.10048    -0.462108    0.063931
0.096456    -0.421464    0.069175
0.096893    -0.221192    0.068606
0.08895    -0.467882    0.078958
0.103836    -0.302038    0.059557
0.097494    -0.43021    0.067823
0.095845    -0.231879    0.069971
0.099852    -0.256968    0.064749
0.103754    0.062056    0.059665
0.104323    -0.408412    0.058922
0.101501    0.009133    0.062601
0.113781    -0.461174    0.036585
0.116909    -0.145943    0.029034
0.116524    -0.468737    0.029963
0.116313    -0.093553    0.030473
0.112931    -0.119266    0.038637
0.112437    -0.342991    0.039831
0.114978    -0.463296    0.033695
0.111698    -0.525874    0.041614
0.115546    -0.3922    0.032324
0.112463    -0.329079    0.039766
0.114739    -0.391051    0.034273
0.11254    -0.46507    0.039582
0.111266    -0.374952    0.042657
0.107541    -0.389026    0.05165
0.113486    -0.50215    0.037298
0.119565    -0.353603    0.008942
0.118929    -0.449601    0.013772
0.120289    -0.302886    0.003446
0.120026    -0.505735    0.005442
0.121068    0.05432    -0.002472
0.119264    -0.213129    0.011226
0.119479    -0.490414    0.009593
0.120194    -0.109891    0.004161
0.12079    -0.472079    -0.000363
0.120972    0.045468    -0.001742
0.120559    -0.513963    0.001395
0.118595    -0.346958    0.016309
0.118716    -0.503258    0.01539
0.120161    -0.461898    0.004413
0.120124    -0.299688    -0.009692
0.11973    -0.01818    -0.012684
0.119168    -0.140344    -0.016954
0.118867    0.095405    -0.019241
0.120485    -0.144318    -0.006947
0.119323    -0.24356    -0.015772
0.119513    -0.265261    -0.014333
0.118559    0.104194    -0.021574
0.118879    -0.12969    -0.019148
0.11855    -0.053245    -0.021647
0.120992    -0.259665    -0.003096
0.119446    -0.274324    -0.014837
0.12049    -0.103916    -0.006912
0.118968    -0.063279    -0.018467
0.118594    0.128363    -0.021312
-0.051055    -0.013351    -0.112172
-0.032983    -0.208172    -0.119658
-0.039328    -0.201279    -0.11703
-0.035183    -0.026923    -0.118747
-0.054436    0.027871    -0.110772
-0.060135    0.131082    -0.108411
-0.035066    -0.426056    -0.118795
-0.032233    -0.445309    -0.119969
-0.032228    -0.01705    -0.119971
-0.033681    -0.04783    -0.119369
-0.056412    0.081379    -0.109953
-0.044417    0.031105    -0.114922
-0.043686    -0.05263    -0.115225
-0.039582    -0.094942    -0.116925
-0.045518    -0.082123    -0.114466
-0.014549    -0.014945    -0.122336
-0.015424    -0.015999    -0.122221
-0.011073    -0.187524    -0.122794
-0.017487    0.085926    -0.121949
-0.008548    -0.118257    -0.123126
-0.006393    0.038007    -0.12341
-0.013788    -0.054147    -0.122436
-0.013702    0.098792    -0.122448
-0.020302    -0.068045    -0.121579
-0.004154    -0.289545    -0.123705
-0.022559    -0.036137    -0.121281
-0.017421    -0.043752    -0.121958
-0.004791    -0.093125    -0.123621
-0.003005    -0.369043    -0.123856
0.030458    -0.24512    -0.120083
0.021351    0.099242    -0.121282
0.027304    -0.015019    -0.120498
0.026514    -0.290774    -0.120602
0.021286    0.056493    -0.12129
0.008959    0.1232    -0.122913
0.019255    -0.182055    -0.121558
0.024669    -0.310874    -0.120845
0.016659    -0.035035    -0.121899
0.017113    -0.14833    -0.12184
0.029033    -0.121427    -0.12027
0.016113    -0.204327    -0.121971
0.026115    0.044065    -0.120654
0.025734    0.050701    -0.120705
0.014726    0.086461    -0.122154
0.052125    -0.10885    -0.111229
0.054174    -0.224437    -0.11038
0.058038    0.105016    -0.10878
0.037445    0.02521    -0.11731
0.051722    -0.328888    -0.111396
0.051281    0.118064    -0.111579
0.057443    -0.295097    -0.109026
0.051912    0.002789    -0.111317
0.045745    -0.068452    -0.113872
0.046529    -0.185572    -0.113547
0.050493    0.003901    -0.111905
0.059171    -0.153408    -0.10831
0.051327    0.057002    -0.11156
0.055178    -0.163745    -0.109964
0.082166    0.057802    -0.091042
0.078828    -0.008954    -0.093603
0.064999    0.127026    -0.104214
0.074878    0.056948    -0.096634
0.076986    -0.142585    -0.095016
0.084605    -0.516236    -0.08917
0.084201    -0.320193    -0.08948
0.077989    0.01125    -0.094247
0.081059    0.063774    -0.091891
0.073691    -0.165625    -0.097545
0.085177    -0.168245    -0.088731
0.071253    0.011191    -0.099415
0.070069    0.011449    -0.100323
0.08284    -0.062145    -0.090524
0.079421    -0.141128    -0.093147
0.09162    0.01955    -0.080472
0.104699    0.043471    -0.063427
0.101288    -0.365962    -0.067873
0.104004    -0.05079    -0.064333
0.094703    -0.117243    -0.076455
0.091386    -0.044004    -0.080777
0.095728    0.132548    -0.075118
0.103728    -0.09882    -0.064693
0.101362    -0.386485    -0.067776
0.097856    0.014568    -0.072345
0.097841    -0.284192    -0.072364
0.102285    -0.192477    -0.066573
0.098275    -0.205192    -0.0718
0.098935    0.089351    -0.070939
0.091356    0.126091    -0.080817
0.113197    -0.131393    -0.042989
0.116912    -0.447682    -0.034019
0.111757    -0.05968    -0.046466
0.116831    -0.128316    -0.034216
0.110639    -0.120392    -0.049165
0.114356    0.002269    -0.040191
0.116571    -0.018148    -0.034843
0.111382    -0.193439    -0.047371
0.116332    -0.471521    -0.035421
0.112657    -0.081852    -0.044293
0.113576    -0.27642    -0.042075
0.10667    0.09489    -0.058747
0.113717    -0.207642    -0.041734
0.113629    0.127614    -0.041946
0.021247    -0.539888    0.084172
0.085729    -0.539888    0.039301
0.030717    -0.539888    0.072223
0.097659    -0.539888    0.0601
0.108316    -0.539888    0.03733
0.002988    -0.539888    0.065514
0.105095    -0.539888    -0.005159
0.083499    -0.539888    -0.000549
0.048244    -0.539888    0.02686
0.036142    -0.539888    0.111656
0.008107    -0.539888    0.020566
0.09374    -0.539888    -0.043575
0.096524    -0.539888    -0.034671
0.076614    -0.539888    -0.011161
0.077571    -0.539888    -0.022628
0.044938    -0.539888    -0.052745
0.064609    -0.539888    -0.064964
-0.006837    -0.539888    0.001041
0.054532    -0.539888    -0.053219
0.097093    -0.539888    -0.063741
-0.016939    -0.539888    -0.041808
-0.026503    -0.539888    -0.036633
0.016299    -0.539888    -0.050626
0.036216    -0.539888    -0.07707
0.053756    -0.539888    -0.073991
-0.066647    -0.539888    -0.040329
-0.085889    -0.539888    -0.026315
-0.012925    -0.539888    -0.076521
-0.044876    -0.539888    -0.082277
-0.060241    -0.539888    -0.077989
-0.021895    -0.539888    -0.105035
-0.036764    -0.539888    -0.106839
0.1202    -0.429911    -0.009109
0.119449    -0.506434    -0.014815
0.118161    -0.439867    -0.024602
0.117563    -0.028829    -0.029146
0.119719    -0.384451    -0.012769
0.117659    0.004034    -0.028416
0.117321    0.022313    -0.030978
0.119614    -0.531913    -0.013563
0.118903    -0.486351    -0.018963
0.119769    -0.378498    -0.012388
0.117275    -0.524017    -0.031329
0.119051    -0.245605    -0.01784
0.118241    -0.46459    -0.023992
0.116962    -0.29731    -0.033711
-0.015842    -0.224602    -0.122166
-0.015762    -0.48457    -0.122176
-0.024655    -0.454059    -0.121006
-0.00597    -0.438792    -0.123465
-0.024805    -0.299579    -0.120986
-0.01907    -0.147914    -0.121741
-0.025855    -0.216168    -0.120847
-0.014825    -0.319443    -0.1223
-0.027057    -0.258844    -0.120689
-0.028109    -0.164953    -0.120551
-0.027018    -0.083518    -0.120694
-0.007742    -0.529188    -0.123232
-0.026234    -0.147667    -0.120798
-0.02686    -0.390571    -0.120715
-0.029981    -0.052767    -0.120304
0.018416    -0.396698    -0.121668
0.017792    -0.520724    -0.12175
0.001757    -0.005344    -0.123861
0.013803    -0.338811    -0.122275
0.019615    -0.420991    -0.12151
0.002937    -0.300297    -0.123706
0.010373    -0.281636    -0.122727
0.010536    -0.186358    -0.122705
0.016601    -0.404197    -0.121907
0.025488    -0.483773    -0.120737
0.022988    -0.530871    -0.121066
0.022034    -0.384537    -0.121192
0.003395    -0.226962    -0.123646
0.015829    -0.351935    -0.122009
0.025031    -0.455968    -0.120797
0.047632    -0.333981    -0.11309
0.037478    -0.047902    -0.117296
0.03931    -0.215384    -0.116537
0.045857    -0.248803    -0.113825
0.033983    -0.222862    -0.118744
0.04467    -0.319868    -0.114317
0.050768    -0.537376    -0.111791
0.030917    0.089905    -0.120014
0.041639    -0.333086    -0.115573
0.041572    -0.321764    -0.1156
0.035251    -0.097672    -0.118219
0.037706    -0.423237    -0.117202
0.036388    -0.492513    -0.117748
0.054483    -0.534423    -0.110252
0.068349    -0.353208    -0.101643
0.066609    -0.164756    -0.102979
0.068158    -0.25108    -0.10179
0.074797    -0.522007    -0.096695
0.070599    -0.161111    -0.099917
0.06129    -0.050123    -0.10706
0.067931    -0.279829    -0.101964
0.061189    -0.362898    -0.107137
0.062844    -0.535177    -0.105867
0.076379    -0.344369    -0.095482
0.072186    -0.439384    -0.098699
0.067472    -0.301731    -0.102316
0.073277    -0.469662    -0.097862
0.063722    -0.370671    -0.105193
0.073384    -0.373167    -0.09778
0.096948    -0.434244    -0.073529
0.095579    -0.539531    -0.075313
0.08925    -0.420445    -0.083561
0.09562    -0.448759    -0.07526
0.087517    -0.353382    -0.085819
0.088563    -0.519267    -0.084456
0.088136    -0.025573    -0.085013
0.091781    -0.268883    -0.080262
0.09431    -0.237947    -0.076966
0.089189    -0.262406    -0.083641
0.097741    -0.337929    -0.072496
0.09758    -0.460126    -0.072705
0.087911    -0.180425    -0.085305
0.093933    -0.269825    -0.077459
0.089484    -0.194564    -0.083256
0.111699    -0.537357    -0.046607
0.113127    -0.495082    -0.043159
0.109699    -0.430533    -0.051436
0.106234    -0.369879    -0.059801
0.11001    -0.500792    -0.050684
0.105471    -0.16329    -0.061643
0.104972    -0.392395    -0.062847
0.105663    -0.22015    -0.06118
0.105849    -0.489523    -0.060729
0.112596    -0.446386    -0.044442
0.110965    -0.530408    -0.048377
0.111445    -0.368952    -0.047219
0.11248    -0.366266    -0.04472
0.106809    -0.082742    -0.058413
-0.020824    0.3654    0.016691
0.029633    0.366107    -0.000564
0.029697    0.365617    0.002187
0.028963    0.348737    0.006249
-0.006775    0.352741    0.025922
-0.01726    0.366107    -0.013883
0.004203    0.350272    0.026692
0.016241    0.361826    -0.026747
-0.103814    -0.534318    0.020018
-0.107265    -0.532185    0.040357
-0.103514    -0.55138    0.037111
-0.06481    -0.53253    0.01104
-0.085292    -0.563895    0.037697
-0.09062    -0.547398    0.05858
-0.053271    -0.533594    0.025654
-0.066212    -0.547385    0.057173
-0.052416    -0.541237    0.041026
-0.071329    -0.547015    -0.044176
-0.027476    -0.545547    -0.058465
-0.068965    -0.565027    -0.056282
-0.035478    -0.564392    -0.067285
-0.079748    -0.541274    -0.079227
-0.066265    -0.566377    -0.078193
-0.052284    -0.559836    -0.089872
-0.0563    -0.550289    -0.094361
0.032819    -0.541234    -0.088207
0.051032    -0.549315    -0.093804
0.035914    -0.564969    -0.059719
0.057192    -0.569418    -0.063723
0.07232    -0.55833    -0.074368
0.046236    -0.556151    -0.042315
0.079098    -0.540232    -0.068975
0.060595    -0.540548    -0.039682
0.108325    -0.552242    0.012577
0.101579    -0.550652    0.038826
0.1048    -0.543747    0.03962
0.092386    -0.54948    0.044102
0.074902    -0.559017    0.032939
0.066603    -0.54103    0.039785
0.078042    -0.534557    0.04689
0.058604    -0.539842    0.025425
0.01218    -0.571152    0.080038
-0.013934    -0.563654    0.085512
0.007283    -0.560317    0.107405
-0.019073    -0.555467    0.078723
-0.020899    -0.545021    0.092479
0.033749    -0.550234    0.087109
0.016306    -0.549958    0.058441
0.030645    -0.546585    0.070838
