-0.17953    -0.14074    -0.068944
-0.179035    -0.274344    -0.067442
-0.165965    -0.486759    -0.088905
-0.172988    -0.102411    -0.082357
-0.161485    -0.360922    -0.099928
-0.169913    -0.105934    -0.088265
-0.175868    -0.238713    -0.07425
-0.177881    -0.240403    -0.07031
-0.175666    -0.390639    -0.071839
-0.162428    -0.321065    -0.09883
-0.159202    -0.148481    -0.108281
-0.167248    -0.264359    -0.090516
-0.163005    -0.524085    -0.083448
-0.190252    -0.122149    -0.026083
-0.182761    -0.289125    -0.05396
-0.185978    -0.229558    -0.041508
-0.184386    -0.08886    -0.054435
-0.184211    -0.213806    -0.050274
-0.185926    -0.239187    -0.041362
-0.11268    0.016557    -0.072658
-0.159069    -0.041869    -0.071943
-0.15225    -0.334084    -0.113766
-0.144408    -0.397758    -0.1216
-0.14789    -0.250037    -0.119625
-0.155095    -0.125556    -0.113258
-0.154009    -0.490615    -0.109859
-0.153969    -0.145357    -0.114249
-0.170469    -0.526951    -0.06726
-0.186885    -0.496334    -0.026723
-0.181186    -0.498522    -0.052897
-0.189758    -0.203025    -0.025146
-0.18854    -0.211988    -0.030401
-0.18797    -0.483786    -0.022222
-0.187641    -0.503474    -0.022956
-0.166907    -0.036863    -0.037906
-0.179521    -0.058021    -0.049061
-0.114188    0.01497    -0.072156
-0.110316    0.006633    -0.08657
-0.125528    -0.34514    -0.14305
-0.152111    -0.083533    -0.117072
-0.130812    -0.118567    -0.140084
-0.136864    -0.210054    -0.132269
-0.13134    -0.410145    -0.135833
-0.127311    -0.097898    -0.144198
-0.146928    -0.512077    -0.114898
-0.162178    -0.545735    0.014005
-0.121871    -0.545735    -0.101221
-0.127372    -0.545735    -0.078336
-0.190286    -0.300752    -0.004612
-0.191108    -0.215568    -0.006784
-0.191209    -0.207259    -0.007422
-0.191388    -0.233104    -0.015676
-0.187837    -0.440431    0.021802
-0.187299    -0.476827    0.026605
-0.191448    -0.204279    -0.011873
-0.148399    -0.007904    -0.028366
-0.112403    0.026629    -0.063493
-0.107632    0.047332    -0.062094
-0.111714    -0.023578    -0.116609
-0.081465    0.098225    -0.076688
-0.081161    0.080805    -0.08303
-0.074045    0.096672    -0.085394
-0.104552    -0.353248    -0.156853
-0.119581    -0.361281    -0.147103
-0.110294    -0.476143    -0.15192
-0.122262    -0.198421    -0.147019
-0.10098    -0.416862    -0.15851
-0.112336    -0.369001    -0.151686
-0.169595    -0.545735    -0.037783
-0.138383    -0.545735    0.110026
-0.174961    -0.533438    -0.04602
-0.121948    -0.545735    0.016236
-0.124674    -0.545735    0.049077
-0.188186    -0.351758    0.030101
-0.189856    -0.276549    0.008557
-0.189634    -0.204778    0.025748
-0.189431    -0.213745    0.028393
-0.190699    -0.066991    0.027755
-0.190382    -0.172158    0.015908
-0.190896    -0.129183    0.012755
-0.18516    -0.055704    -0.015064
-0.102012    0.13151    -0.022934
-0.107834    0.112289    -0.017763
-0.116988    0.07395    -0.018781
-0.066585    0.237867    -0.043671
-0.062591    0.239798    -0.04866
-0.087819    -0.061602    -0.166187
-0.122515    -0.065204    -0.146871
-0.055038    0.114873    -0.092995
-0.075457    0.024596    -0.104254
-0.095929    -0.187641    -0.164069
-0.08543    -0.098809    -0.171719
-0.084623    -0.166787    -0.171553
-0.090854    -0.143454    -0.16778
-0.117786    -0.091599    -0.150975
-0.106265    -0.119945    -0.158102
-0.091355    -0.289679    -0.165984
-0.104347    -0.545735    -0.092721
-0.102613    -0.545735    0.088747
-0.116543    -0.545735    -0.134668
-0.176495    -0.531088    0.04233
-0.149734    -0.537565    0.097683
-0.118495    -0.545095    0.13031
-0.187287    -0.244845    0.038097
-0.18802    -0.248188    0.035715
-0.182518    -0.483549    0.046406
-0.186888    -0.365105    0.036026
-0.18563    -0.458603    0.037375
-0.189136    -0.152876    0.034858
-0.16033    -0.021879    0.018486
-0.105249    0.129257    0.008408
-0.112354    0.09872    0.013941
-0.10759    0.120104    0.005664
-0.112193    0.100253    -0.011245
-0.079849    -0.012331    -0.130211
-0.03927    0.236271    -0.070331
-0.050958    0.097794    -0.100234
-0.07446    -0.225877    -0.174451
-0.072719    -0.205752    -0.175188
-0.072437    -0.407445    -0.17348
-0.05527    -0.414626    -0.178913
-0.076342    -0.421706    -0.172103
-0.080712    -0.436366    -0.170573
-0.087245    -0.545735    -0.025747
-0.072959    -0.545735    -0.024562
-0.082121    -0.545735    -0.064329
-0.082345    -0.545735    0.078724
-0.17079    -0.516946    0.072556
-0.137568    -0.525788    0.119892
-0.185073    -0.078984    0.049587
-0.177035    -0.314515    0.068193
-0.181129    -0.109059    0.061073
-0.180216    -0.204976    0.06128
-0.178373    -0.267962    0.065299
-0.182889    -0.110896    0.055526
-0.174589    -0.316268    0.075783
-0.166677    -0.033302    0.03335
-0.080936    0.226568    0.017858
-0.110717    0.109252    -0.004882
-0.080476    0.231744    0.009116
-0.072784    -0.065229    -0.175273
-0.048411    0.033112    -0.11714
-0.031981    0.032964    -0.122435
-0.033823    0.241152    -0.074081
-0.051888    -0.072815    -0.183043
-0.044402    -0.133693    -0.184897
-0.042696    -0.11776    -0.185585
-0.041037    -0.21757    -0.185227
-0.046393    -0.40929    -0.181803
-0.065643    -0.082005    -0.178557
-0.054078    -0.545735    -0.139379
-0.058334    -0.545735    0.094571
-0.057769    -0.545735    -0.092772
-0.068309    -0.545735    -0.107283
-0.058491    -0.545735    0.04787
-0.16111    -0.398855    0.097336
-0.153207    -0.394677    0.109686
-0.162947    -0.486009    0.093128
-0.156867    -0.35213    0.104657
-0.162668    -0.499261    0.093355
-0.171234    -0.44903    0.080821
-0.127738    -0.469142    0.136418
-0.115491    -0.420461    0.148093
-0.114787    -0.318682    0.149888
-0.111218    -0.264007    0.15375
-0.117089    -0.151009    0.149701
-0.117291    -0.378052    0.14694
-0.077314    -0.377761    0.170317
-0.103359    -0.482935    0.155911
-0.080768    -0.259063    0.169661
-0.085248    -0.352215    0.166473
-0.082094    -0.41856    0.16747
-0.098428    -0.469838    0.158574
-0.086748    -0.458351    0.164697
-0.140034    -0.010594    0.066345
-0.111972    0.080911    0.036553
-0.109708    0.077555    0.046288
-0.068263    0.247775    -0.042186
-0.047041    0.020052    -0.121106
-0.048431    -0.001251    -0.13625
-0.022985    0.114507    -0.106266
-0.004386    -0.488722    -0.185792
-0.018689    -0.263911    -0.187018
-0.023611    -0.425237    -0.185408
-0.028133    -0.25313    -0.186655
-0.029955    -0.286258    -0.186285
-0.036482    -0.246182    -0.186312
-0.031261    -0.518788    -0.180827
-0.050146    -0.545735    0.131305
-0.049916    -0.545735    0.046029
-0.022151    -0.545735    0.157612
-0.038786    -0.545735    0.096897
-0.026908    -0.510834    0.181945
-0.162942    -0.242876    0.096911
-0.147636    -0.204722    0.121294
-0.16115    -0.226097    0.099957
-0.148951    -0.171392    0.119768
-0.155309    -0.25348    0.108612
-0.15189    -0.22627    0.114348
-0.139528    -0.407283    0.126413
-0.12917    -0.168504    0.13853
-0.131018    -0.085442    0.137794
-0.141149    -0.191704    0.127387
-0.147138    -0.213388    0.121702
-0.139109    -0.222905    0.128886
-0.102749    -0.099203    0.159854
-0.085048    -0.115777    0.168812
-0.099073    -0.23526    0.16046
-0.104909    -0.187625    0.157905
-0.101314    -0.073175    0.160838
-0.082008    -0.078195    0.170733
-0.107354    -0.313589    0.155455
-0.044718    -0.304324    0.18119
-0.058453    -0.156459    0.179482
-0.041438    -0.236506    0.182486
-0.03458    -0.170237    0.184545
-0.064076    -0.218699    0.177726
-0.059228    -0.257952    0.17844
-0.105141    0.019314    0.084248
-0.088491    0.162067    0.045018
-0.065179    0.267904    -0.026633
0.007042    -0.056634    -0.182936
-0.020427    -0.033925    -0.165946
-0.009251    0.038624    -0.124742
-0.008879    0.083793    -0.114912
0.003313    -0.276744    -0.187967
-0.015032    -0.113204    -0.188477
0.007416    -0.358153    -0.187472
-0.006971    -0.328086    -0.187035
0.008478    -0.374756    -0.187382
-0.009243    -0.075656    -0.189075
0.000319    -0.268393    -0.187894
-0.024002    -0.545735    0.008968
-0.02637    -0.545735    -0.10443
-0.014826    -0.545735    -0.050042
0.001387    -0.545735    -0.148835
-0.009557    -0.545735    0.064817
-0.027601    -0.309429    0.184861
-0.037378    -0.48915    0.181192
-0.024305    -0.357101    0.185166
-0.032486    -0.408055    0.182952
-0.018805    -0.458962    0.185483
-0.03764    -0.325506    0.182544
-0.025077    -0.145786    0.186818
-0.154687    -0.062898    0.107736
-0.116639    -0.047701    0.134373
-0.123944    -0.04321    0.123808
-0.097529    -0.062381    0.159712
-0.025473    -0.051703    0.177819
-0.018242    0.004742    0.143469
-0.092095    0.106998    0.064023
-0.103181    0.045759    0.074161
-0.081935    0.244313    -0.00145
-0.003694    -0.021339    -0.158067
-0.004998    0.197917    -0.090218
0.008485    0.067898    -0.119213
0.040541    -0.427845    -0.18094
0.047748    -0.448438    -0.179196
0.03462    -0.333798    -0.183044
0.05258    -0.501019    -0.177689
0.028287    -0.491976    -0.18304
0.019236    -0.285494    -0.186803
0.013277    -0.520057    -0.18224
0.016269    -0.545735    -0.029072
-0.010615    -0.545735    0.11621
0.005533    -0.545735    -0.028093
-0.003506    -0.545735    0.057257
-0.009632    -0.535911    0.176759
0.002959    -0.239178    0.186291
0.011076    -0.127831    0.186839
0.004079    -0.178385    0.186749
-0.000297    -0.07154    0.187861
0.012224    -0.217088    0.186031
-0.007149    -0.298008    0.186281
-0.132026    -0.038739    0.112556
-0.065638    0.001068    0.130868
-0.042877    -0.005122    0.1444
0.018201    0.015653    0.136554
-0.082741    0.116817    0.073937
-0.063861    0.172263    0.073082
-0.065814    0.275547    0.003684
0.024508    -0.0653    -0.186539
0.03322    -0.036762    -0.164828
0.02396    0.029615    -0.124837
0.015199    0.125526    -0.105791
0.056725    -0.126894    -0.180049
0.040401    -0.216233    -0.182813
0.059723    -0.37083    -0.177273
0.037183    -0.07833    -0.184713
0.039031    -0.198552    -0.183265
0.060512    -0.115949    -0.179322
0.043449    -0.268426    -0.181697
0.03346    -0.545735    0.001644
0.026676    -0.545735    -0.001445
0.038574    -0.545735    -0.126184
0.014241    -0.545735    -0.174763
0.028753    -0.545735    -0.161087
0.008333    -0.377777    0.184863
0.022224    -0.247111    0.185297
0.015526    -0.468504    0.183752
0.021473    -0.437801    0.183725
-0.002322    -0.498531    0.184358
0.021636    -0.253076    0.185275
0.013306    -0.044256    0.173461
0.023179    -0.009098    0.151465
-0.070088    0.060499    0.103708
-0.078437    0.095033    0.084915
-0.045826    0.09353    0.107455
-0.0278    0.215738    0.084065
-0.016836    0.107833    0.112626
-0.030716    0.043172    0.125103
-0.037876    0.04036    0.124222
0.008672    0.13294    0.107987
8.7e-05    0.052549    0.126892
-0.024204    0.2895    -0.065571
0.03211    -0.012257    -0.14805
0.033802    0.092654    -0.108933
0.06637    -0.457058    -0.173113
0.081598    -0.342868    -0.166366
0.07308    -0.458355    -0.169645
0.086282    -0.392524    -0.163478
0.066806    -0.386842    -0.173561
0.084834    -0.494414    -0.163247
0.063668    -0.534107    -0.165516
0.057058    -0.545735    -0.009301
0.051282    -0.545735    0.099121
0.056027    -0.545735    0.056535
0.043407    -0.545735    0.112367
0.035983    -0.523711    0.175864
0.051121    -0.296914    0.177784
0.037764    -0.299273    0.18204
0.030487    -0.170638    0.18551
0.052589    -0.067645    0.179345
0.031827    -0.448254    0.182622
0.034299    -0.187513    0.18414
0.031397    -0.033457    0.16502
-0.062855    0.075904    0.103399
-0.028095    0.123855    0.106345
-0.008243    0.217155    0.088305
-0.004299    0.16185    0.10196
0.032157    0.23011    0.080853
0.023932    0.104833    0.113086
0.060574    -0.044139    -0.162871
0.078718    -0.0593    -0.16489
0.041789    0.182148    -0.085695
0.039525    0.148619    -0.094773
0.014021    0.266305    -0.072482
0.084996    -0.250613    -0.1655
0.097499    -0.109813    -0.160411
0.098556    -0.086712    -0.160088
0.088484    -0.100868    -0.165139
0.080013    -0.122268    -0.169296
0.092518    -0.301581    -0.161139
0.064902    -0.510128    -0.172073
0.078125    -0.545735    -0.149798
0.082431    -0.545735    -0.000459
0.08331    -0.545735    0.010771
0.073015    -0.52841    0.162723
0.043281    -0.383643    0.179527
0.04358    -0.380018    0.179463
0.053597    -0.451129    0.175626
0.077495    -0.073534    0.171318
0.052637    -0.424158    0.176172
0.043765    -0.423502    0.179018
0.045836    -0.015713    0.149151
0.048085    0.044767    0.119544
0.037364    0.132692    0.102203
0.040368    0.078934    0.113943
-0.063526    0.286817    -0.025533
0.088163    -0.032385    -0.139856
0.072941    0.038483    -0.103555
0.01023    0.280514    -0.065803
0.103956    -0.497516    -0.152967
0.128016    -0.503018    -0.131053
0.107969    -0.470573    -0.149633
0.123543    -0.347765    -0.136902
0.11922    -0.284608    -0.141556
0.120629    -0.437075    -0.13852
0.085228    -0.545735    0.061188
0.103697    -0.545735    0.071503
0.083727    -0.545735    0.146845
0.081479    -0.545735    0.128818
0.109273    -0.098499    0.150713
0.079465    -0.20092    0.168861
0.077281    -0.253275    0.169739
0.108992    -0.148192    0.150394
0.108446    -0.157159    0.150656
0.091876    -0.176956    0.161117
0.071226    0.007396    0.122681
0.073153    -0.016404    0.138393
0.051588    0.093303    0.106693
-0.047517    0.296463    0.048929
0.095462    -0.035148    -0.137748
0.107883    -0.060667    -0.148972
0.060438    0.181094    -0.075252
0.078456    0.070876    -0.089721
0.126902    -0.346393    -0.133867
0.13636    -0.322241    -0.125557
0.108029    -0.104629    -0.153791
0.140228    -0.111502    -0.124471
0.127919    -0.352245    -0.132876
0.123587    -0.306985    -0.137332
0.126001    -0.223721    -0.136098
0.102225    -0.545735    -0.077023
0.111362    -0.545735    0.108282
0.109576    -0.545735    -0.053979
0.113843    -0.452325    0.144217
0.0914    -0.499374    0.158183
0.104049    -0.494807    0.150091
0.101705    -0.434608    0.152205
0.092041    -0.46314    0.158135
0.102387    -0.481885    0.151291
0.098865    -0.469756    0.153678
0.092358    -0.042216    0.144421
0.059686    0.084351    0.103829
0.067777    0.070752    0.102184
-0.007733    0.247626    0.083763
-0.055825    0.298495    0.016023
-0.051124    0.297579    -0.00639
0.126466    -0.037563    -0.111721
0.067578    0.173522    -0.070885
0.040844    0.271354    -0.059679
0.143277    -0.162371    -0.119749
0.140589    -0.451644    -0.119369
0.145035    -0.365552    -0.113815
0.148877    -0.216557    -0.110191
0.165052    -0.111465    -0.086702
0.139675    -0.473429    -0.120448
0.143684    -0.525569    -0.104019
0.13697    -0.545735    0.030895
0.13064    -0.545735    0.099995
0.125106    -0.305042    0.135298
0.126637    -0.362657    0.132888
0.136557    -0.162254    0.124489
0.124222    -0.348747    0.135722
0.133698    -0.284904    0.126092
0.129907    -0.146987    0.132004
0.114332    -0.049751    0.135022
0.116954    -0.046892    0.129593
0.076474    0.126987    0.079806
0.075402    0.139018    0.077129
0.026127    0.282844    0.058713
-0.051194    0.286065    -0.001558
0.135584    -0.049905    -0.113281
0.093447    0.11742    -0.058386
0.10108    0.056616    -0.069616
0.105301    0.06227    -0.060909
0.157371    -0.459219    -0.093165
0.155052    -0.342846    -0.098603
0.152781    -0.357777    -0.101898
0.162435    -0.29838    -0.087827
0.157926    -0.341592    -0.094155
0.155296    -0.39662    -0.097377
0.133143    -0.544186    -0.111328
0.146922    -0.545735    -0.005054
0.120481    -0.543263    0.12337
0.148559    -0.438398    0.107796
0.14441    -0.350802    0.113467
0.143805    -0.360306    0.114014
0.151139    -0.16641    0.10838
0.149209    -0.407318    0.107472
0.1481    -0.481566    0.107757
0.11958    -0.005662    0.090039
0.097681    0.086309    0.0695
0.050336    0.264079    0.057864
-0.058723    0.266913    -0.004821
0.147823    -0.038455    -0.08073
0.08627    0.177074    -0.046885
0.077642    0.210356    -0.047653
0.182363    -0.078256    -0.038664
0.166443    -0.437687    -0.078341
0.172666    -0.257497    -0.063941
0.17018    -0.201324    -0.073271
0.170052    -0.391655    -0.068356
0.17311    -0.164276    -0.065158
0.175741    -0.071726    -0.059524
0.145632    -0.545735    0.085355
0.145178    -0.539986    0.095124
0.166167    -0.108735    0.081166
0.167915    -0.148792    0.077031
0.154094    -0.224278    0.102473
0.153016    -0.11285    0.106631
0.159459    -0.098633    0.094381
0.166168    -0.206106    0.079361
0.156628    -0.051596    0.080564
0.110329    0.04462    0.064369
0.115717    0.045455    0.053519
0.098179    0.084953    0.069332
0.01991    0.291653    0.066816
-0.037994    0.25875    -0.050751
0.123617    0.015357    -0.053777
0.128766    0.008279    -0.052234
0.086153    0.206124    -0.034621
0.11113    0.095848    -0.030816
0.067105    0.249395    -0.052677
0.181067    -0.180041    -0.039867
0.173863    -0.336942    -0.057982
0.175713    -0.387609    -0.050789
0.181089    -0.258452    -0.037609
0.172359    -0.467616    -0.059032
0.177461    -0.347572    -0.04645
0.16738    -0.545735    -0.028167
0.164426    -0.291778    0.081158
0.171503    -0.475689    0.064007
0.166099    -0.304149    0.077679
0.170259    -0.374577    0.068296
0.168741    -0.318233    0.072287
0.169693    -0.233793    0.072002
0.171833    -0.217332    0.068153
0.117284    0.012641    0.072741
0.110441    0.086257    0.044917
0.044287    0.288983    0.05429
0.022628    0.298495    0.052264
-0.097351    0.112235    -0.007248
-0.075971    0.200263    -0.018602
-0.070557    0.21576    -0.025531
-0.067263    0.190087    -0.043964
-0.0733    0.113662    -0.062961
-0.034898    0.237901    -0.062033
-0.010651    0.262112    -0.062025
0.138334    0.004029    -0.031078
0.111909    0.106192    -0.021425
0.057232    0.279619    -0.036534
0.18278    -0.327349    -0.009274
0.181981    -0.492927    0.003425
0.183068    -0.178316    -0.029681
0.183197    -0.151932    -0.031663
0.181273    -0.420044    -0.024199
0.182478    -0.298803    -0.020612
0.165915    -0.545735    0.022281
0.176772    -0.331529    0.04773
0.177208    -0.205916    0.050755
0.174689    -0.19232    0.062904
0.178527    -0.195669    0.045086
0.179238    -0.206134    0.041388
0.176111    -0.154008    0.057885
0.176423    -0.067703    0.059907
0.172945    -0.055052    0.04246
0.111796    0.095935    0.033272
0.127428    0.040394    0.015784
0.077761    0.243426    0.044338
-0.043629    0.258228    0.04614
0.022555    0.285233    0.048089
-0.111537    0.046613    -0.008258
-0.105242    0.076278    0.000271
-0.088524    0.133049    -0.027049
-0.071647    0.207332    -0.028298
-0.080742    0.131226    -0.045569
-0.081022    0.132659    -0.044512
-0.046389    0.203501    -0.06324
-0.047557    0.19295    -0.065142
-0.069141    0.024059    -0.092346
-0.046702    0.11409    -0.084059
-0.019617    0.160252    -0.085035
0.138602    0.007707    -0.020451
0.090116    0.21821    -0.012207
0.099933    0.171407    -0.008916
0.081278    0.245286    -0.034253
0.003345    0.219483    -0.076368
0.183588    -0.320721    0.006331
0.182812    -0.393103    0.003027
0.18501    -0.201358    0.014769
0.18432    -0.122865    -0.01347
0.183433    -0.191921    -0.019683
0.184957    -0.130305    0.001091
0.174071    -0.53615    0.006817
0.181501    -0.391063    0.023555
0.176052    -0.46798    0.045582
0.183477    -0.174927    0.02311
0.184831    -0.115382    0.019255
0.183379    -0.177528    0.023456
0.181388    -0.417687    0.023012
0.181289    -0.390764    0.024545
0.133834    0.011214    0.033291
0.114775    0.103272    0.012345
-0.08587    0.156813    0.020562
-0.082996    0.172032    0.018417
-0.072084    0.192322    0.037405
-0.067822    0.162844    0.056892
-0.038685    0.201353    0.070989
-0.013243    0.204367    0.080446
-0.013501    0.155402    0.091097
-0.004311    0.221664    0.078224
0.02619    0.155364    0.088794
0.03189    0.154103    0.087618
0.056698    0.099121    0.087425
-0.144095    -0.022928    -0.015645
-0.149068    -0.032263    -0.023567
-0.147068    -0.048449    -0.065191
-0.05488    0.017115    -0.103819
-0.00641    0.224009    -0.075412
-0.014117    0.039428    -0.110974
0.183298    -0.065039    -0.022411
0.162487    -0.028557    0.011907
0.101909    0.165753    0.007894
0.131207    0.024635    0.0116
0.041392    0.29544    -0.036062
-0.001871    0.071483    -0.104917
-0.000579    0.043334    -0.110314
0.062922    0.285044    0.01506
-0.111696    0.039137    0.022901
-0.094493    0.105317    0.0322
-0.089677    0.10211    0.046177
-0.107251    0.024227    0.049476
-0.075301    0.05001    0.084247
-0.060351    0.155547    0.066849
-0.027556    0.065175    0.106872
-0.033992    0.139528    0.088762
-0.049861    0.110592    0.086948
-0.053328    0.080165    0.092464
-0.004238    0.063516    0.110892
-0.002975    0.193635    0.084033
0.017018    0.133239    0.095715
0.020725    0.149455    0.091403
0.048099    0.05835    0.101422
0.058109    0.041828    0.099564
0.081841    0.066773    0.074058
0.062446    0.130454    0.075823
-0.168799    -0.062212    0.015349
-0.122733    0.000146    -0.042122
-0.163617    -0.064525    -0.04622
-0.104212    -4.7e-05    -0.077441
-0.123362    -0.052033    -0.105369
-0.068559    -0.061312    -0.15278
-0.090144    -0.065601    -0.143829
-0.043702    -0.000643    -0.1212
0.030128    0.230289    -0.069711
0.061182    0.298495    -0.010743
-0.018349    -0.049147    -0.158103
-0.113328    0.018177    0.039577
-0.101793    0.019042    0.06309
-0.104517    -0.020281    0.097571
-0.031991    0.02063    0.115504
-0.064544    -0.014607    0.124027
0.011993    0.005282    0.128449
0.016144    0.017511    0.12123
0.063205    0.176473    0.062749
0.076144    0.002835    0.105208
0.095076    -0.012598    0.098167
-0.17087    -0.160021    0.012122
-0.169792    -0.282377    0.001156
-0.171047    -0.075978    -0.019004
-0.171269    -0.118645    0.018168
-0.171316    -0.096263    0.009843
-0.158411    -0.309732    -0.063044
-0.161509    -0.307863    -0.052176
-0.157403    -0.430861    -0.063264
-0.167875    -0.087888    -0.035789
-0.159706    -0.119619    -0.063714
-0.160689    -0.351263    -0.05387
-0.135684    -0.269257    -0.103832
-0.136209    -0.250329    -0.103231
-0.152591    -0.082899    -0.078247
-0.149764    -0.101004    -0.082717
-0.144983    -0.286168    -0.088007
-0.146866    -0.130295    -0.087143
-0.127787    -0.244445    -0.112195
-0.127196    -0.117173    -0.114107
-0.126686    -0.170612    -0.11404
-0.116001    -0.19215    -0.124191
-0.130991    -0.186772    -0.109689
-0.087994    -0.27673    -0.144059
-0.096953    -0.176535    -0.139928
-0.097218    -0.147335    -0.140033
-0.091967    -0.139631    -0.14303
-0.091539    -0.189316    -0.142838
-0.099466    -0.302962    -0.137431
-0.03684    -0.048538    -0.153791
0.030282    0.196818    -0.076215
0.03834    0.042331    -0.104146
0.036202    0.257526    -0.056324
0.065332    0.298495    0.015492
0.010225    0.000895    -0.126847
-0.148662    -0.040468    0.044929
-0.134468    -0.035283    0.070752
-0.099076    0.014329    0.073703
-0.105037    -0.05289    0.1242
-0.030931    -0.053688    0.158604
0.002302    -0.045771    0.156034
-0.01554    0.013146    0.123777
-0.082728    -0.026574    0.12107
0.03679    -0.033059    0.143898
0.073803    -0.035683    0.129853
0.061976    0.24386    0.043632
0.084513    0.102088    0.059685
0.078292    0.158903    0.049256
0.086973    -0.024564    0.11483
0.111406    -0.017144    0.08374
-0.170627    -0.127821    -0.021136
-0.16853    -0.407478    -0.021072
-0.170119    -0.2135    -0.011865
-0.168718    -0.411925    -0.005856
-0.169085    -0.363147    -0.005809
-0.170013    -0.206776    -0.02263
-0.16857    -0.346677    0.022687
-0.16232    -0.493364    0.04296
-0.165945    -0.45981    0.029624
-0.161045    -0.475723    0.048554
-0.169161    -0.285063    0.022232
-0.16739    -0.184681    -0.034834
-0.166279    -0.407944    -0.032603
-0.16166    -0.367032    -0.050014
-0.168906    -0.310252    -0.026032
-0.167381    -0.287613    -0.032031
-0.164448    -0.355073    -0.040512
-0.15244    -0.405556    -0.073762
-0.141585    -0.48892    -0.090721
-0.150298    -0.374232    -0.077811
-0.145488    -0.343744    -0.086316
-0.155554    -0.475644    -0.067516
-0.106697    -0.184499    -0.133307
-0.120321    -0.373826    -0.118085
-0.110404    -0.445083    -0.126966
-0.116736    -0.442348    -0.120845
-0.108812    -0.193188    -0.131162
-0.12346    -0.378482    -0.114987
-0.090521    -0.428591    -0.141335
-0.079916    -0.382909    -0.147648
-0.066691    -0.370457    -0.155137
-0.071955    -0.193071    -0.153735
-0.078291    -0.50505    -0.147498
-0.059308    -0.378091    -0.15744
-0.043888    -0.281149    -0.162089
-0.064583    -0.190581    -0.157574
-0.060674    -0.366201    -0.157188
-0.062022    -0.341027    -0.157045
-0.037304    -0.079541    -0.165326
0.027462    0.007991    -0.11959
0.043836    0.151415    -0.07961
0.049863    0.272998    -0.035193
-0.014539    -0.249802    -0.167524
-0.015265    -0.378989    -0.166554
-0.016758    -0.183976    -0.168056
-0.022354    -0.377912    -0.166666
0.01056    -0.160676    -0.167833
-0.016688    -0.122995    -0.168517
-0.162743    -0.270108    0.048122
-0.168108    -0.134649    0.03101
-0.161266    -0.071694    0.060049
-0.163398    -0.22797    0.046816
-0.168503    -0.079795    0.031125
-0.160378    -0.17856    0.060295
-0.142429    -0.228948    0.092379
-0.156062    -0.113025    0.069732
-0.147599    -0.101551    0.085072
-0.139054    -0.280086    0.097642
-0.141611    -0.101334    0.095806
-0.107924    -0.29407    0.130355
-0.117124    -0.162886    0.122292
-0.124554    -0.207111    0.114167
-0.120792    -0.093455    0.119261
-0.112506    -0.396246    0.12454
-0.112196    -0.262387    0.126297
-0.034048    -0.120911    0.164836
-0.038772    -0.300844    0.162095
-0.028749    -0.123133    0.166322
-0.035977    -0.278027    0.163066
-0.046366    -0.084095    0.161629
-0.032628    -0.097008    0.165426
0.0048    -0.101981    0.167215
0.013734    -0.36499    0.165372
0.007032    -0.380337    0.165159
0.002261    -0.29117    0.165759
0.003937    -0.247825    0.166108
-0.082337    -0.308342    0.145735
-0.072455    -0.085057    0.153581
-0.088733    -0.173027    0.143097
-0.091823    -0.14702    0.141479
-0.080818    -0.139694    0.148112
-0.075104    -0.290934    0.150205
0.047087    -0.302479    0.158062
0.034081    -0.218408    0.161995
0.03243    -0.214374    0.162443
0.038519    -0.192378    0.161077
0.056064    -0.258633    0.156136
0.077639    -0.07003    0.146525
0.079313    -0.264701    0.143913
0.088041    -0.311717    0.138636
0.067404    -0.092579    0.152042
0.094585    -0.4477    0.133812
0.090752    -0.345508    0.136832
0.092936    0.096305    0.047697
0.13435    -0.033588    0.062268
0.124075    -0.259582    0.107787
0.118653    -0.278948    0.11285
0.124416    -0.30852    0.106941
0.128563    -0.096793    0.10514
0.118125    -0.096178    0.115284
0.111481    -0.235521    0.120271
0.144389    -0.151913    0.078429
0.129519    -0.41441    0.099469
0.136563    -0.208644    0.090703
0.130031    -0.256568    0.100938
0.135839    -0.256306    0.091213
-0.161964    -0.519356    0.003803
-0.13229    -0.510879    -0.101435
-0.037835    -0.469372    -0.162146
-0.039849    -0.280494    -0.163114
-0.048512    -0.33891    -0.160471
-0.039309    -0.316571    -0.162968
-0.049913    -0.401017    -0.159632
-0.043265    -0.358286    -0.161644
0.034598    -0.034255    -0.144142
0.050723    0.15395    -0.074954
0.050541    0.076382    -0.091751
0.06165    0.239976    -0.044752
0.065903    0.237577    -0.039183
0.080313    0.193687    -0.029669
0.089456    0.170191    -0.011134
-0.003026    -0.442772    -0.165891
0.015862    -0.394685    -0.165981
0.013178    -0.371913    -0.166192
0.009424    -0.40347    -0.166008
-0.010339    -0.451553    -0.165931
0.0116    -0.255615    -0.167098
-0.157586    -0.426599    0.062183
-0.153261    -0.442086    0.069696
-0.140283    -0.46862    0.092544
-0.148582    -0.504416    0.077123
-0.154029    -0.27832    0.070835
-0.153295    -0.366581    0.070795
-0.135186    -0.298251    0.102242
-0.135596    -0.492841    0.09973
-0.133727    -0.431687    0.10231
-0.136127    -0.341965    0.100803
-0.12429    -0.427443    0.112072
-0.102801    -0.157392    0.134835
-0.093952    -0.308049    0.138804
-0.092097    -0.365204    0.139413
-0.095791    -0.25814    0.138141
-0.081648    -0.501369    0.144464
-0.094941    -0.351203    0.137837
-0.055599    -0.461603    0.15607
-0.048259    -0.306335    0.159362
-0.0538    -0.295059    0.157878
-0.055147    -0.378344    0.156847
-0.06548    -0.167842    0.155555
-0.014996    -0.483156    0.164067
-0.008094    -0.268343    0.165779
-0.007009    -0.445718    0.164464
-0.019804    -0.405128    0.164582
-0.026379    -0.49872    0.163784
-0.009469    -0.462935    0.164299
0.049848    -0.471683    0.156054
0.02543    -0.450436    0.162381
0.040441    -0.405165    0.158943
0.041492    -0.481649    0.158086
0.0365    -0.356803    0.160313
0.071802    -0.426345    0.146711
0.082602    -0.44395    0.140532
0.074596    -0.374384    0.145599
0.076413    -0.326504    0.144998
0.063682    -0.500458    0.150604
0.068913    -0.360205    0.148893
0.112685    -0.335796    0.118047
0.121027    -0.459529    0.108645
0.105334    -0.404597    0.124463
0.103563    -0.204881    0.128284
0.10063    -0.371695    0.129378
0.079981    0.195042    0.031903
0.094983    0.107106    0.03852
0.14022    -0.030724    0.038487
0.132928    -0.504419    0.092431
0.149082    -0.166544    0.070353
0.150178    -0.323382    0.066204
0.134091    -0.42713    0.091622
0.151278    -0.135576    0.067131
0.143878    -0.485076    0.074373
-0.152441    -0.513606    0.062907
-0.084752    -0.522145    -0.1353
0.022836    -0.108973    -0.167605
0.037585    -0.198964    -0.162711
0.03611    -0.227194    -0.162906
0.055879    -0.136275    -0.158017
0.036352    -0.096206    -0.163872
0.022108    -0.120278    -0.167722
0.064002    -0.038696    -0.136825
0.072768    0.114358    -0.066168
0.075901    0.104617    -0.065491
0.089772    0.092663    -0.05024
0.103901    0.031697    -0.047568
0.092382    0.127235    -0.031306
0.107161    0.046352    -0.032573
0.08068    0.221621    -0.007179
0.076902    0.216308    0.02837
0.076755    0.237642    0.014453
-0.028245    -0.521787    0.156117
0.074638    -0.50776    0.143414
0.117421    0.017818    0.023917
0.158199    -0.145546    0.043436
0.149935    -0.471114    0.063538
0.154909    -0.272644    0.051509
0.154708    -0.123513    0.056358
0.152526    -0.395886    0.056491
0.1265    -0.520806    0.09034
-0.141672    -0.526912    0.0326
-0.144801    -0.526912    -0.047793
-0.113792    -0.526912    -0.021666
-0.110884    -0.526912    -0.045477
-0.085611    -0.526912    -0.09383
-0.064772    -0.526912    0.03808
-0.088673    -0.526912    -0.058541
0.062075    -0.370372    -0.154411
0.027493    -0.484129    -0.163322
0.056575    -0.421067    -0.155571
0.029442    -0.417301    -0.163297
0.060397    -0.482155    -0.154004
0.045203    -0.403572    -0.158934
0.080948    -0.029108    -0.120093
0.095772    -0.005646    -0.089053
0.101907    0.011608    -0.066014
0.125935    -0.002512    -0.030052
0.089712    0.170468    0.012689
0.113408    0.040073    0.017358
-0.077896    -0.523929    0.137257
0.059275    -0.518696    0.146533
0.163321    -0.064556    0.013032
0.156876    -0.398456    0.041084
0.150008    -0.501679    0.062434
0.159487    -0.426938    0.03109
0.159855    -0.242563    0.034908
0.16079    -0.410818    0.026942
0.159916    -0.449715    0.028946
-0.126495    -0.526912    -0.01389
-0.118767    -0.526912    0.087724
-0.096082    -0.526912    -0.094684
-0.082663    -0.526912    0.034305
-0.03652    -0.526912    0.077001
-0.052936    -0.526912    0.044943
-0.04252    -0.526912    0.07908
-0.032245    -0.526912    -0.086564
-0.02503    -0.526912    0.010855
-0.035858    -0.526912    0.018527
-0.048788    -0.526912    -0.144131
0.083503    -0.165254    -0.143688
0.072794    -0.168978    -0.150047
0.068052    -0.29514    -0.151761
0.095377    -0.114818    -0.137046
0.069383    -0.151626    -0.152238
0.072387    -0.147014    -0.150485
0.103045    -0.027704    -0.099891
0.133475    -0.065638    -0.099054
0.09906    0.012285    -0.070331
0.140926    -0.033869    -0.041475
0.11886    0.017927    -0.003702
0.01138    -0.526912    0.117958
0.018575    -0.526912    -0.114726
0.011554    -0.526912    0.038035
0.005019    -0.526912    0.09511
-0.014895    -0.526912    0.031835
-0.011268    -0.526912    -0.019299
-0.023456    -0.526912    0.075183
0.031178    -0.526912    0.123489
0.019927    -0.526912    0.052114
0.037333    -0.526912    0.072778
0.047078    -0.526912    0.139127
0.064802    -0.526912    0.018537
0.066099    -0.526912    -0.011725
0.079882    -0.526912    0.049388
0.10756    -0.526912    0.031887
0.108991    -0.526912    0.03179
0.162113    -0.378971    0.016074
0.16306    -0.263305    0.011331
0.163406    -0.23527    0.002208
0.164093    -0.163889    -0.007818
0.163097    -0.260891    0.01005
0.148479    -0.516021    0.051193
0.125991    -0.526912    -0.057272
0.092917    -0.448695    -0.135558
0.078672    -0.45016    -0.144049
0.100887    -0.209475    -0.132919
0.088523    -0.26636    -0.139796
0.094537    -0.358245    -0.135392
0.116194    -0.284064    -0.116445
0.106519    -0.151075    -0.127858
0.114388    -0.083526    -0.120492
0.107141    -0.069814    -0.128105
0.105313    -0.411665    -0.126255
0.127634    -0.071657    -0.106983
0.14495    -0.126799    -0.078877
0.143782    -0.13796    -0.080796
0.13768    -0.353851    -0.088364
0.14316    -0.121816    -0.082163
0.132902    -0.204413    -0.099255
0.13911    -0.252406    -0.087382
0.155171    -0.263847    -0.053245
0.156056    -0.125705    -0.054023
0.1603    -0.094975    -0.038163
0.15913    -0.163192    -0.040679
0.159945    -0.077404    -0.040114
0.023043    -0.526912    -0.148057
0.052759    -0.526912    0.02902
0.039428    -0.526912    -0.045743
0.05099    -0.526912    -0.052609
0.082579    -0.526912    0.012753
0.087209    -0.526912    -0.004198
0.107703    -0.526912    -0.071735
0.1206    -0.526912    0.015568
0.162696    -0.368971    -0.018729
0.1629    -0.335247    -0.015112
0.163365    -0.255513    -0.005535
0.162143    -0.392844    0.006821
0.162097    -0.401735    0.005352
0.141168    -0.526912    -0.040273
0.130043    -0.296878    -0.102046
0.115886    -0.47119    -0.11472
0.131226    -0.12364    -0.102718
0.128281    -0.241681    -0.104462
0.131433    -0.230167    -0.101342
0.100779    -0.503932    -0.129917
0.151089    -0.362608    -0.064198
0.141128    -0.346208    -0.082304
0.145936    -0.48217    -0.071566
0.15313    -0.196637    -0.063129
0.153132    -0.199071    -0.063087
0.157255    -0.464934    -0.038743
0.156258    -0.361307    -0.045911
0.161544    -0.349001    -0.025349
0.153687    -0.455225    -0.053185
0.164228    -0.103338    -0.022338
0.16134    -0.387272    -0.024969
0.118638    -0.523454    -0.100154
0.114454    -0.511787    -0.111923
0.154488    -0.521611    -0.005207
