-0.121541    0.025379    -0.013662
-0.113615    0.040896    -0.026365
-0.086892    0.042464    -0.073857
-0.113278    0.021084    0.051976
-0.124428    0.01532    0.01288
-0.111791    0.046394    0.020259
-0.091394    0.026616    0.083807
-0.06355    0.039763    0.100695
-0.043628    0.031176    -0.109634
-0.071223    0.036095    0.096998
-0.007503    0.038755    -0.114417
-0.060212    0.027323    0.108976
-0.003092    0.030332    -0.118526
-0.022903    0.054869    -0.101619
-0.028773    0.026416    -0.116414
-0.064095    0.059281    -0.077562
-0.076739    0.014017    -0.095754
0.000768    0.057631    -0.101849
-0.020466    0.038376    0.117662
0.037176    0.043581    -0.105312
0.021194    0.029485    0.121025
0.018842    0.023371    -0.118372
-0.074069    0.062488    -0.064077
-0.016848    0.052604    0.109114
0.003431    0.065115    -0.093328
-0.092511    0.04314    -0.025602
-0.077927    0.031304    -0.053851
-0.033593    0.040989    -0.087268
-0.006158    0.041299    -0.093081
5e-06    0.049298    0.113607
0.064752    0.064205    -0.068932
0.047204    0.009499    -0.080926
-0.096386    0.010707    -0.002669
-0.09591    0.032699    0.01112
-0.086379    0.01696    -0.040395
-0.090667    0.054956    0.034833
-0.064624    0.016379    -0.068905
-0.043912    0.028995    -0.082999
-0.02541    0.006076    -0.090557
6.6e-05    0.020503    -0.093655
0.037577    0.047209    0.10744
0.027317    0.038839    -0.089152
0.058429    0.020037    -0.072314
-0.088517    0.028642    0.040022
-0.074698    0.015465    0.062847
-0.074077    0.006024    -0.049283
-0.056628    0.006024    -0.042761
-0.042217    0.006024    -0.059821
-0.040221    0.006024    0.008178
-0.057665    0.064047    0.079023
-0.006059    0.006024    -0.084087
-0.011819    0.006024    -0.015462
0.006061    0.006024    0.022455
0.02051    0.006024    -0.07088
0.057666    0.043235    0.101487
0.085315    0.038632    -0.077034
0.039317    0.006024    0.011764
0.046653    0.006024    0.039233
0.05579    0.006024    -0.014672
0.078461    0.017979    -0.050848
-0.080112    0.006024    0.021045
-0.057043    0.006024    0.045134
-0.037346    0.006024    0.068079
-0.02789    0.006024    0.025758
-0.017049    0.006024    -0.001112
-0.01139    0.006024    0.055027
0.021133    0.006024    -0.062577
0.01552    0.006024    0.070199
0.085455    0.019393    0.091407
0.072202    0.019815    -0.096679
0.037096    0.006024    0.077257
0.025877    0.006024    0.06707
0.060565    0.006024    0.038088
0.083027    0.056836    -0.044218
0.071024    0.006024    0.033042
-0.034312    0.019526    0.091754
-0.010185    0.024786    0.097337
0.091335    0.030128    0.079766
0.024699    0.006738    -0.119958
0.093363    0.062998    -0.026036
0.049481    0.008558    0.083971
0.078529    0.006024    0.006067
-0.018725    0.053729    0.096217
0.029367    0.021081    0.093088
0.094385    0.035904    0.072008
0.119207    0.020757    -0.026991
0.052307    0.063621    0.081801
0.092728    0.058359    -0.017118
0.108029    0.024502    0.058277
0.081875    0.01466    -0.090358
0.054025    0.06345    0.083073
0.094901    0.037075    -0.000516
0.111495    0.036039    0.039193
0.121918    0.019357    0.013475
0.086255    0.012078    0.041215
0.095012    0.061722    0.004487
0.085281    0.006781    -0.08863
0.088611    0.054315    0.035531
0.123973    0.009033    0.007964
-0.095494    -0.602167    0.112561
-0.080095    -0.675705    0.124379
-0.074823    -0.183641    0.128425
-0.095635    -0.749934    0.112453
-0.092961    -0.644495    0.114505
-0.087272    -0.595334    0.118871
-0.090734    -0.318774    0.116214
-0.097089    -0.427612    0.111336
-0.079558    -0.114993    0.124791
-0.097559    -0.292497    0.110976
-0.098159    -0.504417    0.110515
-0.099716    -0.44393    0.109321
-0.057166    -0.242521    0.13608
-0.062878    -0.427555    0.133716
-0.056075    -0.246208    0.136531
-0.063415    -0.275694    0.133493
-0.047691    -0.21228    0.140001
-0.07023    -0.574187    0.130673
-0.123255    -0.168375    0.081205
-0.107335    -0.16684    0.101958
-0.117148    -0.27669    0.089166
-0.10869    -0.137578    0.100191
-0.123271    -0.15315    0.081183
-0.11845    -0.241823    0.087468
-0.061064    -0.659272    0.134466
-0.04857    -0.711154    0.139637
-0.049385    -0.553067    0.139299
-0.05824    -0.73717    0.135635
-0.055297    -0.638052    0.136853
-0.041471    -0.367587    0.142575
-0.056973    -0.038146    0.134483
-0.127903    -0.164426    0.075145
-0.116271    -0.422859    0.090309
-0.122337    -0.382782    0.082401
-0.10762    -0.717969    0.101586
-0.125406    -0.473602    0.0784
-0.127014    -0.152641    0.076304
-0.030916    -0.43356    0.144903
-0.026386    -0.326234    0.145499
-0.014154    -0.218839    0.147108
-0.010875    -0.18174    0.147539
-0.03585    -0.467212    0.144254
-0.016246    -0.298594    0.146832
-0.029494    -0.028636    0.141677
-0.038486    -0.420754    -0.141776
-0.040532    -0.126347    -0.140929
-0.039653    -0.055652    -0.141293
-0.050933    -0.172505    -0.136625
-0.042977    -0.436142    -0.139917
-0.054531    -0.129224    -0.135136
-0.075998    -0.173771    -0.12549
-0.082384    -0.046495    -0.120588
-0.085742    -0.324651    -0.118011
-0.080943    -0.221499    -0.121694
-0.075352    -0.609998    -0.125985
-0.08529    -0.375653    -0.118358
-0.129209    -0.535876    0.072102
-0.130907    -0.614534    0.068012
-0.133157    -0.727889    0.062591
-0.010844    -0.717937    0.147543
-0.002102    -0.542599    0.148693
-0.019803    -0.544429    0.146364
-0.015536    -0.731739    0.146926
-0.023217    -0.738704    0.145915
-0.000331    -0.246616    0.148926
-0.062441    -0.515912    -0.131862
-0.073375    -0.409479    -0.127337
-0.072309    -0.742904    -0.127779
-0.072432    -0.599396    -0.127728
-0.060748    -0.596194    -0.132563
-0.0733    -0.148356    -0.127368
-0.03309    -0.532315    -0.142583
-0.025836    -0.651835    -0.143537
-0.012828    -0.695254    -0.145248
-0.029041    -0.228987    -0.143115
-0.037452    -0.208326    -0.142009
-0.013631    -0.730038    -0.145142
-0.052159    -0.016475    -0.12662
-0.092512    -0.596438    -0.112815
-0.097986    -0.394767    -0.108614
-0.102854    -0.612329    -0.104879
-0.096516    -0.268785    -0.109742
-0.090003    -0.382516    -0.114741
-0.097005    -0.619564    -0.109367
-0.133654    -0.30737    0.061373
-0.128803    -0.11347    0.07308
-0.133461    -0.538418    0.061858
-0.139042    -0.291957    0.048354
-0.137037    -0.407074    0.053207
-0.131506    -0.244131    0.06656
-0.124841    -0.174768    -0.077063
-0.116619    -0.218883    -0.087797
-0.122305    -0.561494    -0.080374
-0.118253    -0.407011    -0.085664
-0.110092    -0.066994    -0.096319
-0.126326    -0.343505    -0.075124
0.018734    -0.381503    0.146539
0.004781    -0.615544    0.148372
0.006531    -0.580712    0.148143
0.00364    -0.561509    0.148522
0.015322    -0.05797    0.146988
0.00987    -0.408915    0.147704
-0.023879    -0.302605    -0.143794
-0.001479    -0.451653    -0.146741
-0.032261    -0.115735    -0.142692
-0.016389    -0.403982    -0.14478
-0.013844    -0.154155    -0.145114
-0.002043    -0.263476    -0.146667
-0.030488    -0.024335    -0.136696
-0.10765    -0.716615    -0.099507
-0.110709    -0.630983    -0.095514
-0.105002    -0.755311    -0.102964
-0.114324    -0.566758    -0.090794
-0.117768    -0.736443    -0.086297
-0.110242    -0.402021    -0.096122
-0.142373    -0.577145    0.040289
-0.141557    -0.71754    0.042266
-0.142308    -0.729427    0.040445
-0.138465    -0.662075    -0.04768
-0.129719    -0.503243    -0.068786
-0.137743    -0.66972    -0.049422
-0.130631    -0.312046    -0.066585
-0.129501    -0.675502    -0.069313
-0.140554    -0.72045    -0.042638
0.035796    -0.109099    0.144298
0.033807    -0.677591    0.144559
0.018497    -0.568163    0.14657
0.033737    -0.643044    0.144568
0.020009    -0.536015    0.146372
0.019977    -0.562056    0.146376
0.008782    -0.032236    0.145351
0.021171    -0.618865    -0.144185
0.002459    -0.444043    -0.146643
0.010376    -0.691944    -0.145603
0.009103    -0.529445    -0.145771
0.004052    -0.343584    -0.146434
0.013242    -0.323094    -0.145227
-0.143275    -0.095351    0.035516
-0.143818    -0.265292    0.031421
-0.143511    -0.20534    0.033739
-0.145143    -0.390438    0.021428
-0.146002    -0.179749    0.01495
-0.145083    -0.326215    0.021883
-0.138452    -0.510297    -0.047711
-0.141594    -0.499751    -0.04013
-0.141893    -0.550887    -0.039408
-0.136552    -0.107127    -0.052296
-0.135001    -0.196659    -0.056039
-0.133819    -0.275616    -0.058892
0.05368    -0.076094    0.137639
0.062058    -0.198708    0.134172
0.053975    -0.222828    0.137518
0.041429    -0.287839    0.14271
0.062485    -0.127041    0.133996
0.050774    -0.297772    0.138842
0.064638    -0.019112    0.127949
0.021029    -0.061146    -0.144204
0.019065    -0.201318    -0.144462
0.031173    -0.136542    -0.142871
0.037762    -0.340768    -0.142005
0.033098    -0.359913    -0.142618
0.020413    -0.140008    -0.144285
-0.145789    -0.645558    0.016554
-0.144904    -0.548224    0.023229
-0.146352    -0.683109    0.012306
-0.147443    -0.636197    0.004079
-0.144633    -0.647126    0.025271
-0.14349    -0.674028    0.033897
-0.143344    -0.375905    -0.03296
-0.145551    -0.548477    -0.016316
-0.144325    -0.720597    -0.025565
-0.143836    -0.351043    -0.029253
-0.143665    -0.621479    -0.030543
-0.143349    -0.471627    -0.032927
0.066089    -0.484578    0.132504
0.073205    -0.321535    0.129559
0.041364    -0.70268    0.142736
0.045945    -0.620592    0.140841
0.072182    -0.566003    0.129983
0.050701    -0.572413    0.138872
0.072133    -0.034841    0.127951
0.073894    -0.05726    -0.12724
0.066024    -0.467305    -0.130497
0.065171    -0.310868    -0.13085
0.067888    -0.251994    -0.129726
0.073745    -0.597488    -0.127302
0.070524    -0.13728    -0.128635
0.059129    -0.53775    -0.13335
0.039222    -0.094259    -0.141589
0.046574    -0.456255    -0.138546
0.047678    -0.416321    -0.138089
0.057244    -0.534989    -0.134131
0.046608    -0.64518    -0.138532
-0.147317    -0.122249    -0.002958
-0.146884    -0.416515    -0.006197
-0.146711    -0.388311    -0.007491
-0.145387    -0.158185    -0.017422
-0.146198    -0.313309    -0.011327
-0.143886    -0.175007    -0.028861
0.079602    -0.076869    0.124975
0.087121    -0.188267    0.119204
0.076293    -0.448469    0.127515
0.097324    -0.195478    0.111374
0.08163    -0.544398    0.123419
0.078616    -0.286947    0.125732
0.088801    -0.023202    0.112999
0.077839    -0.692669    -0.124294
0.096694    -0.667398    -0.109824
0.074427    -0.314144    -0.126913
0.082151    -0.413843    -0.120985
0.095596    -0.661285    -0.110666
0.081444    -0.239619    -0.121528
0.083068    -0.572052    0.122315
0.091963    -0.465095    0.115489
0.10062    -0.466626    0.108844
0.102823    -0.739778    0.107153
0.103356    -0.260952    0.106745
0.094443    -0.532879    0.113585
0.098399    -0.340037    -0.108515
0.100376    -0.642162    -0.106997
0.10187    -0.670405    -0.105851
0.100127    -0.365075    -0.107188
0.099028    -0.108419    -0.108032
0.091266    -0.149789    -0.113989
0.092494    -0.039642    -0.111278
0.118079    -0.494782    0.088322
0.117714    -0.6716    0.088798
0.110256    -0.706191    0.09852
0.108594    -0.474834    0.100685
0.110245    -0.535946    0.098534
0.124801    -0.717989    0.07956
0.107423    -0.48105    -0.100173
0.11896    -0.208466    -0.085111
0.112848    -0.243908    -0.093091
0.119773    -0.121851    -0.08405
0.114152    -0.471988    -0.091388
0.109172    -0.185642    -0.09789
0.126671    -0.603109    0.077121
0.120014    -0.327865    0.085799
0.121903    -0.557409    0.083337
0.119917    -0.307926    0.085925
0.122646    -0.304789    0.082368
0.117021    -0.33645    0.089701
0.11742    -0.032751    0.085565
0.121061    -0.719963    -0.082368
0.124189    -0.265328    -0.078285
0.114829    -0.593076    -0.090504
0.118835    -0.499004    -0.085275
0.108428    -0.72853    -0.098861
0.116861    -0.668193    -0.087851
0.139655    -0.657398    0.047537
0.130447    -0.398601    0.069787
0.133512    -0.429264    0.062382
0.138307    -0.63093    0.050795
0.13644    -0.530012    0.055306
0.134016    -0.399312    0.061164
0.137241    -0.091991    -0.051318
0.131572    -0.2787    -0.064998
0.140623    -0.048963    -0.043155
0.14128    -0.118096    -0.041571
0.129664    -0.424235    -0.069605
0.133049    -0.05111    -0.061435
0.1359    -0.100022    0.056611
0.141486    -0.521276    0.043114
0.138913    -0.395425    0.04933
0.134214    -0.096087    0.060685
0.141219    -0.528769    0.043757
0.139513    -0.072067    0.047881
0.133923    -0.49718    -0.059329
0.137628    -0.368305    -0.050398
0.141365    -0.184003    -0.041378
0.143351    -0.262109    0.037057
0.143306    -0.628244    0.037398
0.14331    -0.632279    0.037372
0.136324    -0.026416    -0.042941
0.142332    -0.377122    -0.039039
0.140587    -0.387913    -0.04327
0.140596    -0.585358    -0.043249
0.145573    -0.413828    0.02015
0.145778    -0.632582    0.018586
0.145097    -0.488867    0.023772
0.145499    -0.449206    0.020706
0.143896    -0.552259    0.032913
0.146856    -0.719962    0.010381
0.143799    -0.566484    -0.031611
0.145305    -0.355204    -0.020147
0.144088    -0.573946    -0.029414
0.144843    -0.105086    -0.023666
0.145951    -0.200636    -0.015235
0.144639    -0.142346    -0.025223
0.146973    -0.237874    -0.007458
0.147644    -0.672612    -0.002344
0.145806    -0.661853    -0.016336
0.146825    -0.699847    -0.008582
0.144685    -0.741181    -0.024873
0.148035    -0.520371    0.000628
0.147577    -0.227957    0.004891
0.148003    -0.659001    0.001652
0.148014    -0.299956    0.001561
0.141789    -0.027288    -0.019351
-0.097806    -0.752703    0.110787
-0.085007    -0.497267    0.120609
-0.076674    -0.340543    0.127005
-0.085151    -0.426051    0.120499
-0.078655    -0.514781    0.125484
-0.080249    -0.68636    0.124261
-0.098371    -0.253651    0.110353
-0.099424    -0.200435    0.109544
-0.098184    -0.297734    0.110496
-0.103613    -0.45238    0.10633
-0.093684    -0.109056    0.11395
-0.092305    -0.201148    0.115009
-0.052815    -0.175382    0.13788
-0.071719    -0.211368    0.130057
-0.072369    -0.173746    0.129787
-0.055853    -0.219045    0.136623
-0.056599    -0.136104    0.136314
-0.068945    -0.376271    0.131205
-0.078264    -0.045226    -0.017961
-0.087166    -0.045226    0.088596
-0.078659    -0.045226    0.045217
-0.111441    -0.322861    0.096605
-0.111978    -0.104976    0.095905
-0.105425    -0.310063    0.104447
-0.104914    -0.308155    0.105113
-0.124177    -0.085258    0.080002
-0.116772    -0.346809    0.089655
-0.045893    -0.667134    0.140745
-0.064608    -0.682037    0.132999
-0.039046    -0.194318    0.143578
-0.039699    -0.240207    0.143308
-0.040538    -0.734359    0.142961
-0.040965    -0.456935    0.142784
-0.053491    -0.045226    0.033737
-0.039692    -0.045226    -0.093688
-0.038376    -0.045226    0.067696
-0.0507    -0.045226    -0.026112
-0.045682    -0.045226    0.035723
-0.067222    -0.045226    -0.026773
-0.06705    -0.045226    0.015539
-0.070949    -0.045226    0.055531
-0.060708    -0.045226    -0.075363
-0.103354    -0.045226    -0.034089
-0.098862    -0.045226    -0.011512
-0.101765    -0.045226    -0.012319
-0.126016    -0.577476    0.077605
-0.120243    -0.689829    0.08513
-0.113512    -0.601978    0.093905
-0.119642    -0.668857    0.085914
-0.124606    -0.708492    0.079443
-0.113883    -0.535922    0.093421
-0.112284    -0.045226    0.046434
-0.109842    -0.045226    -0.021641
-0.108622    -0.045226    -0.039077
-0.08604    -0.76287    0.044837
-0.075549    -0.76287    -0.046725
-0.039427    -0.76287    0.004917
-0.042643    -0.76287    0.027316
-0.019705    -0.408675    0.146377
-0.03346    -0.553261    0.144568
-0.024802    -0.212791    0.145707
-0.017472    -0.115958    0.146671
-0.036168    -0.625233    0.144212
-0.034552    -0.106218    0.144424
-0.025427    -0.045226    0.066469
-0.033121    -0.045226    -0.023688
-0.061578    -0.228175    -0.13222
-0.044216    -0.310712    -0.139405
-0.039384    -0.429332    -0.141404
-0.051777    -0.213914    -0.136275
-0.048458    -0.209539    -0.137649
-0.055447    -0.268439    -0.134757
-0.058918    -0.036102    -0.130301
-0.079937    -0.444711    -0.122466
-0.092112    -0.270861    -0.113122
-0.075627    -0.589283    -0.125774
-0.09902    -0.152614    -0.107821
-0.074625    -0.41658    -0.126543
-0.074492    -0.55854    -0.126645
-0.128209    -0.497687    0.074511
-0.131509    -0.42481    0.066561
-0.133042    -0.540734    0.062868
-0.112444    -0.045226    -0.090213
-0.115224    -0.045226    -0.022571
-0.055448    -0.76287    -0.09464
-0.070969    -0.76287    0.072162
-0.096823    -0.76287    0.028579
-0.092449    -0.76287    -0.054825
-0.107491    -0.76287    0.004568
-0.028985    -0.76287    -0.004832
-0.01362    -0.76287    -0.050713
-0.019687    -0.704912    0.14638
-0.019552    -0.535393    0.146397
-0.006113    -0.675118    0.148165
-0.019682    -0.63034    0.14638
-0.018029    -0.500983    0.146598
-0.016685    -0.460359    0.146775
-0.014555    -0.045226    -0.035442
-0.020183    -0.045226    -0.012191
-0.026084    -0.045226    -0.085097
-0.00882    -0.045226    -0.092693
-0.018762    -0.045226    0.050643
-0.062444    -0.599814    -0.131861
-0.073116    -0.545557    -0.127444
-0.061328    -0.602181    -0.132323
-0.064475    -0.56393    -0.13102
-0.068359    -0.471006    -0.129413
-0.050923    -0.54032    -0.136629
-0.031448    -0.68693    -0.142799
-0.023926    -0.383429    -0.143788
-0.030406    -0.306648    -0.142936
-0.023239    -0.450451    -0.143879
-0.03759    -0.45163    -0.141991
-0.015453    -0.677657    -0.144903
-0.076483    -0.019745    -0.115135
-0.086668    -0.506426    -0.117301
-0.100788    -0.17357    -0.106464
-0.083897    -0.630388    -0.119427
-0.102799    -0.382712    -0.10492
-0.095541    -0.333099    -0.110491
-0.099433    -0.754017    -0.107504
-0.135798    -0.354339    0.056198
-0.135875    -0.312872    0.056006
-0.139839    -0.080599    0.046411
-0.1321    -0.204565    0.065119
-0.13924    -0.346569    0.047879
-0.136744    -0.276853    0.053904
-0.129953    -0.760909    0.070311
-0.119784    -0.081794    -0.083665
-0.123922    -0.357721    -0.078263
-0.12742    -0.101311    -0.073696
-0.120784    -0.204991    -0.08236
-0.120678    -0.132172    -0.082498
-0.123546    -0.580994    -0.078753
-0.11249    -0.015632    0.092604
-0.113471    -0.76287    -0.065695
-0.008402    -0.76287    0.121491
-0.019347    -0.76287    0.001576
0.002091    -0.620196    0.148726
0.011546    -0.505875    0.147484
0.02    -0.122652    0.146373
0.02183    -0.065755    0.146133
0.023528    -0.081744    0.145909
0.030435    -0.080735    0.145002
-0.005728    -0.045226    -0.014664
-0.002119    -0.045226    0.055487
-0.006985    -0.045226    0.063355
-0.00074    -0.705767    -0.146838
-0.000279    -0.502182    -0.146899
-0.012637    -0.162888    -0.145273
-0.015642    -0.259866    -0.144878
-0.017071    -0.322991    -0.14469
-0.00667    -0.141263    -0.146058
-0.065738    -0.756859    -0.130498
-0.126399    -0.728256    -0.075029
-0.112569    -0.673288    -0.093084
-0.116085    -0.419617    -0.088494
-0.106875    -0.197498    -0.100519
-0.123104    -0.658682    -0.079331
-0.111025    -0.580159    -0.095101
-0.029384    -0.013447    0.144889
-0.137301    -0.657863    0.052581
-0.137877    -0.564165    0.051186
-0.137763    -0.640687    0.051461
-0.131186    -0.313282    -0.065245
-0.130498    -0.269891    -0.066906
-0.134345    -0.613567    -0.057621
-0.131921    -0.35867    -0.063473
-0.128333    -0.591769    -0.072131
-0.132112    -0.620705    -0.063011
-0.133381    -0.031002    0.051927
0.025257    -0.76287    -0.099412
0.009986    -0.76287    -0.059912
0.029019    -0.548202    0.145188
0.035045    -0.352994    0.144396
0.019915    -0.682571    0.146384
0.023944    -0.711598    0.145855
0.038356    -0.092763    0.143961
0.019895    -0.679302    0.146387
0.033738    -0.045226    0.069521
0.037785    -0.045226    0.019495
0.018579    -0.045226    0.145893
0.031892    -0.045226    0.139833
0.015423    -0.045226    0.062763
0.006222    -0.045226    -0.029239
0.012688    -0.045226    -0.045658
0.010819    -0.045226    -0.11199
0.033048    -0.710811    -0.142625
0.005044    -0.389727    -0.146304
0.00049    -0.518705    -0.146902
0.004924    -0.647992    -0.14632
0.013587    -0.331265    -0.145181
0.021261    -0.640226    -0.144173
-0.015919    -0.013528    0.134405
-0.108602    -0.015632    -0.089743
-0.143489    -0.445591    0.033902
-0.142819    -0.100567    0.038959
-0.145195    -0.188297    0.021032
-0.144562    -0.338342    0.025807
-0.144016    -0.514201    0.029925
-0.142987    -0.440036    0.037693
-0.129662    -0.76287    -0.054441
-0.133112    -0.059013    -0.060599
-0.134354    -0.278667    -0.0576
-0.137453    -0.408519    -0.050121
-0.136854    -0.291827    -0.051567
-0.136375    -0.261679    -0.052724
-0.132781    -0.197089    -0.061398
-0.139697    -0.034071    0.038189
0.021646    -0.76287    0.026563
0.03831    -0.76287    -0.066767
0.049561    -0.230189    0.139344
0.045631    -0.491419    0.14097
0.040895    -0.560436    0.142931
0.052742    -0.154365    0.138028
0.038592    -0.261947    0.143884
0.041779    -0.186778    0.142565
0.044013    -0.045226    0.011687
0.045814    -0.045226    0.053937
0.044202    -0.045226    0.082354
0.050999    -0.045226    0.024364
0.042678    -0.045226    0.052446
0.018432    -0.045226    0.002846
0.016481    -0.045226    -0.098153
0.011068    -0.015632    0.142359
0.037469    -0.376374    -0.142044
0.028852    -0.057616    -0.143176
0.024743    -0.465401    -0.143716
0.001574    -0.06047    -0.14676
0.037856    -0.176504    -0.141993
0.03604    -0.478805    -0.142232
-0.090166    -0.012716    -0.092552
-0.020023    -0.005591    0.133276
-0.147194    -0.716466    0.005958
-0.147098    -0.623637    0.00668
-0.145577    -0.733135    0.018152
-0.144675    -0.741712    0.02496
-0.145908    -0.558299    0.015659
-0.146922    -0.467106    0.008007
-0.147354    -0.761345    0.004752
-0.14749    -0.746478    -0.001694
-0.143715    -0.506416    -0.030166
-0.144814    -0.339659    -0.021875
-0.145576    -0.657486    -0.016126
-0.14372    -0.382446    -0.030123
-0.146869    -0.747413    -0.006374
0.046553    -0.76287    -0.133811
0.070345    -0.76287    -0.127257
0.039333    -0.762171    -0.141543
0.049826    -0.585278    0.139234
0.065172    -0.360064    0.132883
0.057944    -0.380656    0.135875
0.068787    -0.695005    0.131388
0.044448    -0.701099    0.14146
0.056075    -0.466992    0.136648
0.053667    -0.045226    0.06026
0.071227    -0.045226    -0.079359
0.067446    -0.045226    0.112093
0.051362    -0.045226    0.137333
0.06183    -0.425056    -0.132233
0.054659    -0.25324    -0.1352
0.062163    -0.232067    -0.132095
0.045164    -0.103143    -0.13913
0.055622    -0.136969    -0.134802
0.068447    -0.060618    -0.129494
0.053628    -0.498379    -0.135627
0.050505    -0.540663    -0.136919
0.057865    -0.623566    -0.133874
0.059598    -0.504544    -0.133156
0.063222    -0.564863    -0.131657
0.054506    -0.745812    -0.135264
0.014505    -0.010206    -0.136614
-0.143485    -0.042577    -0.025771
-0.035247    -0.008236    0.115958
-0.147415    -0.177932    -0.002228
-0.146375    -0.107045    -0.009997
-0.145531    -0.097806    -0.016308
-0.143794    -0.758374    -0.029568
-0.145874    -0.381708    -0.013826
-0.146124    -0.482587    -0.011979
-0.144371    -0.112291    -0.025135
-0.137315    -0.011308    0.015862
0.062207    -0.76287    0.012025
0.067141    -0.76287    0.074788
0.076178    -0.126323    0.127603
0.098344    -0.120313    0.110591
0.074264    -0.650154    0.129072
0.083211    -0.14414    0.122206
0.076163    -0.164421    0.127615
0.09591    -0.16626    0.112459
0.081587    -0.045226    -0.094357
0.084025    -0.045226    -0.073783
0.100333    -0.045226    -0.096379
0.089523    -0.5696    -0.115327
0.078846    -0.69656    -0.123522
0.083122    -0.63287    -0.12024
0.092671    -0.614532    -0.112911
0.087883    -0.573427    -0.116586
0.078427    -0.724816    -0.123843
0.060615    -0.025946    -0.127147
0.03355    -0.008236    0.118475
-0.137523    -0.021553    -0.023069
-0.055923    -0.008236    0.025721
-0.044752    -0.008236    0.056099
-0.047205    -0.008236    -0.076483
-0.07286    -0.008236    -0.02113
-0.075298    -0.008236    -0.040742
-0.01523    -0.008236    0.079331
-0.019076    -0.008236    0.040725
-0.022755    -0.008236    0.080723
-0.093902    -0.008236    0.033237
-0.128814    -0.006614    0.025705
0.085462    -0.76287    0.01368
0.088805    -0.76287    -0.009512
0.1041    -0.13217    0.106173
0.086059    -0.645988    0.12002
0.098695    -0.666927    0.110322
0.101498    -0.192078    0.108171
0.09941    -0.732372    0.109773
0.100007    -0.687792    0.109315
0.092424    -0.045226    0.112354
0.083072    -0.045226    0.086184
0.090198    -0.045226    0.04285
0.104082    -0.134448    -0.104153
0.099646    -0.312629    -0.107558
0.092194    -0.277393    -0.113277
0.092417    -0.30213    -0.113106
0.083802    -0.202005    -0.119718
0.102673    -0.556411    -0.105234
0.075858    -0.015632    0.120044
0.050162    -0.008236    0.125457
0.035181    -0.008236    0.026703
0.036265    -0.008236    -0.00873
0.041121    -0.008236    0.111583
0.007314    -0.008236    -0.024065
0.012065    -0.008236    -0.001314
0.004492    -0.008236    0.031343
-0.032132    -0.008236    -0.119255
-0.11103    -0.008236    -0.049772
-0.026217    -0.008236    -0.071255
-0.034976    -0.008236    0.021412
-0.023895    -0.008236    -0.059188
-0.054    -0.008236    -0.04507
-0.065444    -0.008236    -0.041683
-0.084703    -0.008236    -0.076752
-0.019836    0.004093    0.118159
0.013375    -0.008236    -0.09615
-0.006874    -0.008236    -0.047601
0.012417    -0.008236    -0.082489
-0.107036    -0.008236    0.008145
-0.115945    -0.008236    -0.019447
0.103044    -0.76287    0.017176
0.114797    -0.580335    0.092599
0.111222    -0.257661    0.09726
0.105711    -0.714699    0.104443
0.105679    -0.67182    0.104485
0.122698    -0.617194    0.082301
0.113437    -0.680786    0.094372
0.124309    -0.045226    -0.075369
0.106052    -0.045226    -0.011849
0.110594    -0.030705    0.093871
0.114779    -0.439159    -0.09057
0.115573    -0.400652    -0.089533
0.112885    -0.296389    -0.093043
0.110844    -0.502072    -0.095706
0.106611    -0.641323    -0.101233
0.11694    -0.274428    -0.087748
0.079867    -0.009147    0.109676
0.027765    0.003517    0.116885
0.047093    -0.008236    0.048863
0.069138    -0.008236    -0.090703
0.023688    -0.008236    -0.052774
0.028718    -0.008236    -0.041857
0.018352    -0.008236    -0.047256
0.021359    -0.008236    0.070267
-0.062287    0.006545    0.10249
-0.108552    -0.002331    0.07463
0.117742    -0.76287    -0.05573
0.120166    -0.451051    0.085601
0.114252    -0.109109    0.09331
0.12799    -0.648744    0.075403
0.122362    -0.474475    0.082738
0.118983    -0.435599    0.087143
0.121745    -0.092632    0.083542
0.117357    -0.045226    0.013028
0.126171    -0.045226    0.029132
0.108268    -0.737676    -0.099069
0.116336    -0.725446    -0.088537
0.124325    -0.696829    -0.078107
0.127011    -0.108654    -0.074601
0.124406    -0.193812    -0.078001
0.10683    -0.746111    -0.100948
0.079125    -0.015632    -0.116657
0.079988    -0.008236    0.100621
0.059354    -0.008236    0.019009
0.065568    -0.008236    0.011569
0.072629    0.001455    -0.092133
-0.096357    -0.002131    -0.06265
-0.063075    -0.002298    -0.095786
0.125847    -0.76287    -0.027645
0.131461    -0.239982    0.067338
0.129886    -0.583504    0.071143
0.137658    -0.662706    0.052362
0.129202    -0.183446    0.072795
0.129747    -0.44881    0.071478
0.137478    -0.752289    0.052798
0.131112    -0.045226    0.001718
0.134437    -0.033256    0.054486
0.136888    -0.129148    -0.05217
0.13198    -0.168363    -0.064014
0.13039    -0.202425    -0.067851
0.1312    -0.58022    -0.065896
0.128608    -0.639902    -0.072153
0.136896    -0.263669    -0.052151
0.095212    -0.008236    0.084727
0.082671    -0.008236    0.066396
0.053641    0.005138    0.107866
0.081601    -0.008236    -0.011895
0.043612    0.006528    0.11554
0.043656    0.000721    0.12574
0.14142    -0.266523    0.043273
0.140429    -0.178423    0.045667
0.137822    -0.356231    0.051966
0.131626    -0.116595    0.066938
0.129886    -0.074766    0.071142
0.131334    -0.115879    0.067644
0.141584    -0.045226    0.028696
0.130862    -0.010695    0.054832
0.134725    -0.695331    -0.057446
0.131695    -0.628089    -0.064711
0.132931    -0.550107    -0.061723
0.073914    -0.006884    0.096068
0.108332    -0.008236    -0.045251
-0.097618    -0.001588    -0.083963
0.141816    -0.76287    -0.039459
0.143239    -0.08615    0.037908
0.144648    -0.266326    0.027189
0.143852    -0.458459    0.033247
0.142584    -0.612536    -0.038428
0.138285    -0.691167    -0.04885
0.139085    -0.476609    -0.04691
0.127084    -0.014012    0.044251
0.098151    -0.008236    0.063544
0.099899    -0.008236    -0.06791
0.147756    -0.75578    0.003527
0.146005    -0.239388    0.016861
0.145019    -0.223485    0.024367
0.145195    -0.629115    0.023026
0.144056    -0.600038    0.031695
0.145393    -0.556106    0.021519
0.147186    -0.609019    0.007867
0.130005    -0.015632    -0.02885
0.147777    -0.059761    -0.001333
0.146122    -0.258214    -0.013929
0.143513    -0.675532    -0.03379
0.14521    -0.141528    -0.020874
0.144826    -0.403301    -0.023793
0.144443    -0.48509    -0.02671
0.114757    -0.005675    0.033502
0.096211    0.006237    -0.068475
0.147713    -0.539349    -0.001821
0.145546    -0.73167    -0.018314
0.147644    -0.362461    -0.002348
0.146488    -0.495093    -0.011147
0.147767    -0.546833    -0.001411
0.146302    -0.571302    -0.012562
0.146448    -0.076675    0.013487
0.147204    -0.150561    0.007729
0.145685    -0.071168    0.019298
0.143139    -0.029655    0.016294
0.11718    -0.008236    -0.04792
0.131664    -0.008236    -0.009058
-0.014613    -6.2e-05    -0.128114
0.125439    -0.007541    -0.045571
-0.041246    0.005549    -0.114938
0.116479    0.003628    0.058393
0.121717    0.005468    0.035508
-0.054646    -0.759986    0.137122
-0.075131    -0.76287    0.075281
-0.103346    -0.76287    0.104511
-0.053072    -0.76287    0.000158
-0.055904    -0.76287    0.101763
-0.041696    -0.015094    0.135467
-0.073738    -0.76287    -0.052869
-0.073738    -0.76287    -0.025528
-0.103602    -0.76287    -0.01693
-0.103803    -0.76287    -0.03076
-0.105701    -0.76287    0.006648
-0.026444    -0.76287    -0.070205
-0.020883    -0.76287    -0.034779
-0.073435    -0.011395    0.120649
-0.091434    -0.760125    -0.113643
-0.023562    -0.76287    0.151046
-0.028791    -0.76287    0.09108
-0.011608    -0.76287    0.052149
-0.068921    -0.755472    -0.129667
-0.051384    -0.008236    0.133311
-0.112052    -0.76287    -0.095251
0.006621    -0.76287    0.001515
0.013173    -0.76287    -0.115448
-0.012242    -0.015632    0.140866
-0.069628    -0.011489    0.129439
-0.142707    -0.76287    -0.036926
-0.066012    -0.761262    -0.136383
0.035201    -0.76287    -0.110998
0.018622    -0.76287    0.142504
0.001381    -0.758698    0.153302
-0.032111    -0.75635    -0.147838
-0.135598    -0.755472    -0.065607
-0.137386    -0.76287    -0.060936
0.05341    -0.76287    -0.096932
0.052763    -0.76287    -0.035744
0.049419    -0.76287    -0.002951
-0.057936    -0.013895    -0.115676
-0.075995    -0.005196    0.110024
-0.151374    -0.760942    -0.023012
0.070969    -0.76287    -0.007274
0.071413    -0.76287    0.011061
0.063127    -0.76287    -0.132943
-0.027935    -0.010238    -0.14046
-0.130419    -0.00919    0.000308
0.076882    -0.76287    0.103277
0.092762    -0.76287    -0.086329
0.064081    -0.01117    -0.122712
-0.111693    -0.003701    0.06986
0.101713    -0.76287    -0.066514
0.090073    -0.758278    0.12528
0.068706    -0.007964    0.116117
0.114098    -0.76287    -0.040761
0.108429    -0.762681    -0.09886
0.067674    -0.008236    -0.121734
0.127827    -0.76287    -0.012593
0.115668    -0.013798    0.082872
0.080848    0.000111    0.107227
0.124245    -0.756724    0.090057
-0.037293    0.006111    0.119257
0.14397    -0.762373    0.051757
-0.049818    0.002526    0.121246
0.1478    -0.755472    0.031331
0.142647    -0.015018    0.03874
0.147227    -0.760138    -0.038387
0.11372    -0.007941    -0.06748
0.150896    -0.76287    -0.007313
-0.107315    0.005356    -0.058668
-0.124498    0.004638    0.010341
0.125405    0.005802    -0.01282
0.084777    0.065212    0.042542
0.046737    0.071052    -0.067185
-0.00219    0.065212    -0.087544
-0.043425    0.065212    -0.071405
-0.027523    0.079049    0.082458
-0.085561    0.077128    0.000802
0.086037    0.065212    -0.024703
0.062127    0.071559    -0.053784
0.062929    0.080008    0.061431
0.033783    0.071154    0.079142
0.003313    0.080008    0.089202
-0.031577    0.069267    0.080777
-0.056231    0.072054    0.06601
-0.085002    0.073438    0.008273
0.055104    0.060636    -0.045418
0.036274    0.043014    -0.04334
0.065574    0.052876    -0.029276
0.061171    0.063654    0.041712
-0.015057    0.079736    -0.069781
0.063619    0.071728    0.037519
0.008009    0.043014    -0.068692
0.021137    0.078479    0.00351
-0.000655    0.043576    0.075795
0.009562    0.072614    0.075563
-0.044428    0.056796    -0.057269
-0.016404    0.045599    -0.013173
-0.000423    0.07459    0.075795
-0.020763    0.067574    -0.007184
-0.064917    0.071737    -0.033494
-0.019503    0.060384    -0.009324
-0.022946    0.07923    0.072474
-0.068304    0.043014    -0.018094
-0.075318    0.083642    -0.006771
0.07897    0.084432    -0.032786
-0.074272    0.043117    -0.003163
-0.074299    0.053873    0.008099
-0.053903    0.086707    0.060566
0.041027    0.079774    -0.058766
0.057767    0.048197    -0.042746
0.068174    0.084563    -0.02869
0.062789    0.043014    0.011265
0.032261    0.043014    0.004284
0.005186    0.083607    -0.072438
0.061384    0.068417    0.041346
0.064676    0.070691    0.035707
0.021137    0.063981    0.000616
0.068488    0.073459    0.028457
0.021137    0.086707    0.001557
0.073753    0.07733    0.002765
-0.014853    0.043014    -0.025786
-0.007994    0.056486    0.075777
-0.055813    0.072518    -0.0465
-0.000432    0.06949    -0.019602
-0.060847    0.076807    -0.04107
0.007767    0.086052    0.022811
-0.040208    0.043014    0.006328
-0.031372    0.052205    0.069579
-0.05078    0.043014    -0.022331
-0.025202    0.043014    0.04773
-0.070104    0.043957    -0.02276
-0.054381    0.053894    0.052672
-0.056969    0.077133    0.050066
-0.06159    0.05023    0.044045
0.087337    0.082357    -0.004255
-0.043877    0.087169    0.069776
-0.090054    0.081075    0.000859
-0.005095    0.087404    0.006559
0.00628    0.096383    0.026985
-0.000495    0.098458    -0.023193
-0.009015    0.114612    -0.021911
0.021483    0.094805    -0.000904
-0.020652    0.095856    -0.014082
-0.024986    0.135763    -0.006468
-0.001628    0.125084    -0.023198
-0.007583    0.137586    -0.022279
-0.012579    0.094805    0.024318
-0.01893    0.094805    0.011913
-0.026459    0.112084    0.000613
0.013242    0.120257    -0.027378
