0.065392    0.216447    0.072896
0.071049    0.221776    0.062801
0.039946    0.216132    0.089408
0.107185    0.178252    0.058921
0.029869    0.176572    0.120266
0.115162    0.174851    0.046288
-0.003588    0.188074    0.11568
0.108813    0.19531    0.015137
0.052367    0.156519    0.128624
-0.01433    0.178775    0.120716
0.10454    0.205051    0.001474
0.080718    0.151998    0.117829
-0.007723    0.1575    0.138258
-0.036348    0.16516    0.127608
0.128143    0.169321    -0.007619
0.130218    0.140552    0.08134
-0.048756    0.215272    0.086272
0.045655    0.278011    0.053231
0.12567    0.170206    -0.021237
0.106879    0.135822    0.116305
0.024489    0.136539    0.15491
-0.030116    0.236714    0.08192
0.096389    0.215159    -0.017426
0.15504    0.134426    0.034914
0.151291    0.133635    0.050737
-0.054155    0.149275    0.134503
0.012095    0.255019    0.078099
0.094684    0.198494    -0.052592
0.158694    0.132622    -0.020011
0.150172    0.12855    0.067109
-0.046719    0.143961    0.142816
-0.004118    0.256183    0.078645
0.069066    0.269207    0.024217
0.165423    0.126124    0.021217
0.104739    0.118112    0.141081
0.022845    0.120361    0.171731
-0.083704    0.141286    0.127672
-0.072562    0.235834    0.049109
-0.104229    0.180389    0.061665
0.098412    0.176362    -0.072818
0.121143    0.138385    -0.09537
0.126292    0.117293    0.125373
-0.035973    0.112339    0.179193
-0.107682    0.153771    0.091313
-0.020848    0.274734    0.068553
0.077346    0.257385    -0.005233
0.180444    0.11061    0.037852
0.155202    0.119657    -0.078108
0.090523    0.100225    0.175803
-0.110846    0.114543    0.141503
-0.127207    0.132976    0.097039
-0.106936    0.167358    0.074105
0.061756    0.206943    -0.081374
0.122721    0.121275    -0.121551
0.143453    0.098158    0.140729
0.012412    0.100395    0.19695
-0.132017    0.117149    0.118181
-0.149529    0.125624    0.076527
-0.116905    0.170212    0.051326
0.05027    0.185062    -0.10491
0.094297    0.130094    -0.132064
0.177949    0.106704    -0.062167
0.193195    0.091557    0.074519
-0.003582    0.100326    0.198201
-0.141896    0.09798    0.142967
-0.120512    0.17    0.043041
-0.098678    0.210103    0.022514
0.056038    0.226372    -0.0721
0.200044    0.094636    0.038742
0.089321    0.137866    -0.126265
0.12427    0.082474    0.178782
0.18714    0.091351    0.089746
0.032794    0.081321    0.21647
-0.100221    0.091637    0.182777
-0.189104    0.0996    0.059668
-0.160133    0.133183    0.005744
-0.066414    0.278078    -0.006579
0.009356    0.174941    -0.123106
0.07459    0.126714    -0.148331
0.200868    0.091154    -0.056066
0.213165    0.075174    0.069908
0.064205    0.080135    0.211412
-0.098144    0.082321    0.195018
-0.150832    0.088246    0.149819
-0.192165    0.10109    0.038392
-0.167766    0.121564    0.039368
-0.086738    0.233789    -0.01577
0.006027    0.203075    -0.10454
0.220867    0.077948    -0.016349
0.039828    0.136646    -0.151674
0.17871    0.064782    0.148885
0.233338    0.063455    0.014585
0.099367    0.077024    0.199632
-0.072701    0.06831    0.21848
-0.173449    0.079428    0.135836
-0.218434    0.082626    0.002918
-0.172644    0.121745    0.000215
-0.082257    0.240086    -0.023083
0.003775    0.230252    -0.08958
0.218502    0.069644    -0.067864
0.175661    0.090709    -0.111782
0.129016    0.047111    0.207809
0.209871    0.062521    0.104801
0.235145    0.056588    -0.031537
-0.01419    0.06645    0.231376
-0.118871    0.075518    0.190674
-0.210518    0.08079    0.064156
-0.138345    0.154573    -0.021199
-0.182811    0.109222    -0.03082
-0.06404    0.278078    -0.022689
-0.024695    0.198911    -0.104678
0.206109    0.060973    -0.115175
0.172727    0.086343    -0.1237
0.188061    0.073487    -0.123751
0.193864    0.043325    0.150725
0.239251    0.047797    0.041572
0.220921    0.046231    -0.102356
-0.001784    0.057821    0.238953
-0.177564    0.054023    0.161505
-0.225531    0.071335    0.023942
-0.139581    0.142022    -0.057351
-0.078479    0.208254    -0.064369
0.003275    0.24947    -0.080553
-0.05132    0.156768    -0.127714
0.029712    0.115215    -0.175608
0.197452    0.064581    -0.123614
0.078124    0.037097    0.23638
0.232757    0.031725    0.091745
0.242325    0.038602    -0.052387
-0.056305    0.06068    0.230057
-0.166024    0.04807    0.178693
-0.217885    0.058861    0.091147
-0.219011    0.080374    -0.015064
-0.145979    0.134422    -0.060418
-0.085715    0.193989    -0.069417
0.017166    0.259149    -0.074524
-0.062361    0.17348    -0.108847
0.186143    0.029643    -0.168801
0.036782    0.109287    -0.181468
0.132324    0.07909    -0.175512
0.112044    0.029566    0.225617
0.18348    0.025346    0.176236
0.246019    0.029556    0.053396
0.245436    0.024105    -0.068057
-0.067622    0.037318    0.240634
-0.200165    0.037859    0.146195
-0.23742    0.056516    0.015684
-0.205122    0.083921    -0.067131
-0.133147    0.118989    -0.112159
-0.046335    0.27022    -0.055256
-0.070379    0.208081    -0.073874
-0.04506    0.145647    -0.140686
-0.050809    0.126493    -0.158428
0.042288    0.105447    -0.185499
0.137236    0.069055    -0.182207
0.025472    0.011467    0.255831
0.230037    0.020397    0.10978
0.251891    0.006351    -0.059764
0.195355    0.020406    -0.162624
-0.082336    0.026805    0.23913
-0.217105    0.028469    0.130338
-0.235589    0.058455    -0.019636
-0.180979    0.089778    -0.106578
-0.147422    0.120947    -0.089912
0.010288    0.274986    -0.069406
-0.095222    0.136983    -0.122776
0.132173    0.004014    -0.223424
-0.083033    0.10436    -0.172166
-0.083744    0.129626    -0.140768
0.181299    0.014212    0.183839
0.036901    -0.000824    0.257226
0.230117    0.002704    0.120407
0.257156    -0.001186    -0.033292
0.204574    0.001262    -0.157969
-0.067268    0.014858    0.249376
-0.202249    0.019768    0.154997
-0.249583    0.034007    0.012563
-0.150604    0.088395    -0.148724
-0.120545    0.105073    -0.147007
0.100682    0.030637    -0.228741
-0.033897    0.099687    -0.193903
0.039957    0.089544    -0.205049
0.152745    -0.012646    0.211424
0.04765    -0.00764    0.256417
0.207265    -0.007481    0.157345
0.260594    -0.010343    0.013844
0.230666    -0.00981    -0.122128
0.146148    -0.00443    -0.214576
-0.172971    0.00528    0.192863
-0.225365    0.015543    0.124026
-0.230171    0.054722    -0.066812
-0.139529    0.090245    -0.154899
0.10174    0.017455    -0.233325
-0.088959    0.095137    -0.182049
0.045032    0.074609    -0.219391
0.157244    -0.019316    0.208616
-0.025254    -0.014313    0.259883
0.23023    -0.02236    0.126814
0.261405    -0.021998    -0.013428
0.205479    -0.022155    -0.160403
0.107779    -0.019698    -0.237104
-0.144805    -0.010474    0.217306
-0.246113    0.011059    0.076683
-0.248561    0.021644    -0.057418
-0.108088    0.092604    -0.17567
0.042299    0.015088    -0.251647
-0.008015    0.088855    -0.21004
0.012607    0.057099    -0.236845
0.113967    -0.03181    0.235472
-0.066694    -0.016894    0.254626
0.239765    -0.028945    0.103388
0.254004    -0.0357    -0.06468
0.199186    -0.039137    -0.167095
0.120643    -0.027138    -0.231979
-0.176134    -0.012103    0.193423
-0.232063    -0.009807    0.11987
-0.236208    0.034115    -0.079777
-0.147222    0.070774    -0.172752
0.023259    0.002676    -0.257083
-0.03701    0.075412    -0.219777
0.131443    -0.038796    0.22756
0.096047    -0.043076    0.241958
-0.012297    -0.043852    0.260902
0.247047    -0.044111    0.082763
0.257564    -0.042851    -0.033437
0.226233    -0.046358    -0.130936
0.082065    -0.047082    -0.246305
-0.200042    -0.024811    0.168895
-0.261095    -0.020288    0.015883
-0.234439    0.021714    -0.097119
-0.133756    0.073441    -0.180304
-0.001463    0.006043    -0.259157
0.031134    -0.026502    -0.258649
-0.031349    0.045418    -0.241396
0.194392    -0.053581    0.171188
0.017874    -0.059617    0.257099
-0.08198    -0.03075    0.248808
0.258631    -0.058717    0.004183
0.239873    -0.053167    -0.095017
0.175204    -0.059553    -0.188564
-0.131602    -0.033259    0.227973
-0.253538    -0.044293    0.064311
-0.239584    0.018561    -0.08674
-0.154581    0.053545    -0.18225
-0.025523    0.024405    -0.251152
-0.012019    -0.02157    -0.261073
-0.069968    0.054001    -0.229003
0.22797    -0.061183    0.119971
0.042087    -0.058825    0.254098
-0.077988    -0.070384    0.243357
0.252617    -0.052906    0.060267
0.226689    -0.067683    -0.117971
0.17222    -0.066957    -0.18867
-0.223321    -0.048466    0.135451
-0.261978    -0.03904    0.003272
-0.230428    0.013417    -0.11199
-0.153932    0.03616    -0.194106
-0.076527    0.040981    -0.23423
-0.09566    -0.009664    -0.24129
-0.033622    -0.036508    -0.257549
0.209735    -0.084573    0.135429
0.11163    -0.081137    0.224792
-0.056419    -0.071582    0.24906
-0.139546    -0.0601    0.216876
0.248239    -0.074476    -0.04892
0.193658    -0.072042    -0.163573
0.120555    -0.073304    -0.2234
-0.256814    -0.055539    0.023678
-0.237425    -0.009913    -0.105828
-0.168485    0.033454    -0.184316
-0.111923    0.012707    -0.230309
-0.071452    -0.034677    -0.251729
0.042397    -0.065539    -0.251359
0.186637    -0.078046    0.169861
0.096713    -0.091397    0.226491
-0.014657    -0.09157    0.246427
-0.133739    -0.087263    0.209792
0.247972    -0.086989    -0.012287
0.136382    -0.083377    -0.208626
-0.199065    -0.077108    0.154282
-0.25427    -0.06406    0.027728
-0.227977    -0.018228    -0.130306
-0.146492    0.005994    -0.211854
-0.121102    -0.031567    -0.231421
-0.026178    -0.064578    -0.253721
0.158787    -0.105624    0.178045
0.220551    -0.096064    0.103517
0.020104    -0.101103    0.240149
-0.103129    -0.09434    0.22215
0.216374    -0.101148    -0.104583
0.103965    -0.104733    -0.213993
-0.225673    -0.071527    0.118842
-0.257265    -0.048758    -0.031307
-0.210097    -0.00309    -0.151984
-0.18213    -0.011224    -0.187621
-0.148198    -0.060752    -0.208931
0.001342    -0.072589    -0.254784
0.172943    -0.101251    0.169543
0.244436    -0.095851    -0.006717
-0.00118    -0.107485    0.238807
-0.119115    -0.1091    0.205879
0.201552    -0.100907    -0.13148
-0.233214    -0.091957    0.079105
-0.253357    -0.069716    -0.023403
-0.202394    -0.010822    -0.162998
-0.179428    -0.055415    -0.186543
-0.001076    -0.079552    -0.251988
0.044097    -0.101074    -0.235891
0.210259    -0.115457    0.091662
0.09912    -0.109897    0.213683
-0.068648    -0.110062    0.226117
0.176159    -0.116121    -0.145118
-0.206929    -0.108317    0.117345
-0.250089    -0.073608    -0.037543
-0.211493    -0.036484    -0.151386
-0.190026    -0.080192    -0.162905
-0.112324    -0.098805    -0.214349
0.134112    -0.120038    0.180516
0.216147    -0.114117    0.081045
0.003935    -0.120196    0.226222
-0.179067    -0.111152    0.150829
0.115344    -0.112835    -0.20258
-0.237864    -0.106807    0.007751
-0.229484    -0.062874    -0.114164
-0.201024    -0.093727    -0.139188
-0.072361    -0.099919    -0.230185
0.018257    -0.112011    -0.231704
0.086854    -0.128841    0.198821
0.200262    -0.137612    0.062001
0.216898    -0.130078    0.002506
0.194208    -0.134739    -0.082247
-0.029218    -0.130752    0.213255
-0.083877    -0.123341    0.205402
0.174724    -0.128936    -0.127088
0.12319    -0.134896    -0.170838
0.014625    -0.121022    -0.222874
-0.239665    -0.09786    -0.033778
-0.230862    -0.084297    -0.091741
-0.083629    -0.114725    -0.213614
0.145442    -0.134688    0.155113
0.184481    -0.130999    0.112443
0.212794    -0.12844    0.044972
0.204023    -0.131287    -0.066654
0.020647    -0.139779    0.206207
-0.073752    -0.137906    0.195436
-0.119491    -0.143307    0.165268
0.122974    -0.143296    -0.161493
0.019644    -0.141689    -0.203492
-0.224166    -0.120338    -0.013654
-0.205246    -0.114849    -0.104285
-0.180968    -0.11823    -0.13529
0.084922    -0.167775    0.164474
0.178538    -0.168219    0.049266
0.191024    -0.156448    -0.0257
0.136378    -0.164138    -0.128548
0.015927    -0.162343    0.18828
-0.092616    -0.158065    0.169526
-0.164851    -0.144634    0.117907
0.085691    -0.157302    -0.171927
0.008259    -0.146863    -0.200415
-0.221724    -0.122702    0.016595
-0.223736    -0.12239    -0.002347
-0.020126    -0.124352    -0.219134
-0.148676    -0.12156    -0.166379
0.097394    -0.165619    0.159803
0.070992    -0.169856    0.168477
0.183422    -0.16668    0.023103
0.163499    -0.170621    -0.079538
0.009697    -0.171801    0.181621
-0.084313    -0.170305    0.162578
-0.14408    -0.161219    0.123385
0.087616    -0.170314    -0.160087
0.001967    -0.152689    -0.196637
-0.213187    -0.133407    0.007784
-0.201865    -0.126557    -0.082962
-0.12115    -0.140313    -0.166271
0.115723    -0.181023    0.131625
0.081669    -0.199162    0.142149
0.176349    -0.176387    0.021592
0.156287    -0.177773    -0.08372
0.044161    -0.182158    0.169895
-0.084338    -0.174124    0.15951
-0.147925    -0.166444    0.111644
0.075895    -0.193214    -0.147812
0.004767    -0.174868    -0.178978
-0.196229    -0.147352    0.041915
-0.193066    -0.153976    -0.025037
-0.072861    -0.148289    -0.184889
-0.162514    -0.154694    -0.106646
0.126534    -0.182243    0.120823
0.158245    -0.198933    0.041383
0.159315    -0.195092    -0.045564
-0.000173    -0.181953    0.175827
-0.097433    -0.180745    0.145894
0.100945    -0.190734    -0.133504
-0.044631    -0.17958    -0.170491
-0.191318    -0.150164    0.055401
-0.185127    -0.160588    -0.045618
-0.116609    -0.164171    -0.145377
-0.161763    -0.17242    -0.080042
0.131633    -0.209469    0.085095
0.054754    -0.202946    0.150765
0.149354    -0.202757    -0.056548
0.025129    -0.208891    0.154829
-0.063608    -0.216107    0.138726
0.104042    -0.219034    -0.109023
-0.015633    -0.18383    -0.171388
-0.103399    -0.187839    -0.134107
-0.175075    -0.173833    0.044597
-0.118648    -0.185912    -0.124064
-0.163292    -0.186789    -0.050755
0.113655    -0.207377    0.110545
0.0427    -0.226302    0.140902
0.11325    -0.225452    -0.092508
-0.007525    -0.207807    0.15779
-0.128052    -0.2053    0.093785
0.068846    -0.229202    -0.127112
-0.100694    -0.202757    -0.123651
-0.154911    -0.193663    0.059862
-0.117052    -0.198805    -0.113519
0.090436    -0.254319    0.097146
0.133628    -0.250377    0.009516
0.136357    -0.238731    -0.032404
0.022244    -0.23886    0.138259
-0.090476    -0.250725    0.099385
0.092979    -0.248687    -0.097636
-0.043632    -0.220934    -0.142816
-0.119076    -0.223298    -0.086994
-0.144159    -0.223026    0.038877
-0.136118    -0.201989    -0.08536
0.103616    -0.250512    0.084965
0.132101    -0.253592    -0.007654
0.115238    -0.240122    -0.077261
-0.049838    -0.243334    0.128402
0.078533    -0.246995    -0.109789
-0.003563    -0.232008    -0.143069
-0.112762    -0.242512    -0.078516
-0.144475    -0.229488    0.007374
-0.140334    -0.209818    -0.067485
0.115804    -0.265964    0.051133
0.047702    -0.271176    0.115181
0.013022    -0.260577    0.12856
-0.076657    -0.262962    0.102581
0.057949    -0.282148    -0.10483
-0.076213    -0.243705    -0.113648
0.019999    -0.272466    -0.121485
-0.142105    -0.233501    -0.008822
0.066601    -0.285185    0.098521
0.119706    -0.280003    -0.012922
0.10419    -0.276642    -0.063829
-0.046626    -0.287877    0.108027
0.059694    -0.287406    -0.101531
-0.057545    -0.28957    -0.10162
-0.119825    -0.271514    -0.034209
-0.142868    -0.233547    0.003959
0.108896    -0.293051    0.038471
0.106314    -0.29531    -0.041564
0.013257    -0.302798    0.11154
-0.069851    -0.295002    0.091215
-0.003092    -0.26474    -0.126988
-0.089479    -0.279179    -0.081249
0.009125    -0.294692    -0.113781
-0.126437    -0.263496    -0.014951
0.105787    -0.315793    0.019015
0.100036    -0.292374    -0.05856
-0.048721    -0.319507    0.095124
0.061674    -0.306108    -0.091558
-0.07028    -0.295574    -0.089523
-0.109813    -0.310734    -0.000672
-0.119846    -0.280046    0.012828
0.101728    -0.328747    0.018924
0.040512    -0.33081    0.094933
-0.044837    -0.337206    0.091263
0.036636    -0.332426    -0.094948
-0.05772    -0.308148    -0.093708
-0.10695    -0.315974    0.009705
-0.112913    -0.293772    0.022927
0.097234    -0.343535    0.022326
0.029687    -0.330355    0.09955
-0.060773    -0.33968    0.080338
-0.017155    -0.324345    -0.102535
-0.097412    -0.33686    -0.028332
0.005584    -0.342291    -0.099149
0.088118    -0.382316    0.024563
0.067413    -0.378002    -0.061836
-0.032358    -0.359819    0.090113
0.03292    -0.360659    -0.088583
-0.072601    -0.352449    -0.063881
-0.095062    -0.339728    0.033087
0.073784    -0.382408    0.053191
0.082616    -0.379519    -0.038203
-0.003689    -0.366385    0.094682
0.024451    -0.371058    -0.089826
-0.080816    -0.359895    -0.050348
-0.090843    -0.369613    0.024192
0.051808    -0.388818    0.072715
0.009683    -0.388818    0.041676
0.025025    -0.388818    0.011552
0.015394    -0.388818    0.005698
-0.007936    -0.388818    -0.007083
0.062807    -0.388818    -0.035874
-0.050103    -0.388818    -0.045381
0.04501    -0.388818    -0.07272
-0.053389    -0.375586    -0.074378
-0.092191    -0.377108    0.002399
0.040841    -0.388818    0.049396
-0.07032    -0.388818    0.033856
-0.004967    -0.388818    0.013823
-0.076692    -0.388818    0.023276
-0.019968    -0.388818    -0.010074
-0.005032    -0.388818    -0.042293
0.024015    -0.388818    0.086884
0.037498    0.197889    0.102131
0.07398    0.21349    0.066491
0.044406    0.222978    0.08347
0.110311    0.180973    0.046483
0.000631    0.169243    0.129753
0.119041    0.174712    0.0372
0.023598    0.210684    0.098697
0.109071    0.195696    0.011346
0.089493    0.162293    0.10014
-0.016113    0.180234    0.119469
0.102562    0.204944    0.017
0.076396    0.150351    0.122899
-0.015627    0.159386    0.135611
-0.034999    0.169543    0.124547
0.130873    0.164089    -0.017462
0.132883    0.140044    0.078646
-0.044271    0.209577    0.091532
-0.047268    0.166056    0.122345
0.12678    0.168459    -0.023015
0.078858    0.144879    0.127169
0.022225    0.137552    0.154255
-0.026125    0.232569    0.08577
0.105361    0.195262    -0.032035
0.150391    0.142779    -0.009459
0.157653    0.126247    0.05524
-0.06426    0.152332    0.127524
-0.073279    0.186533    0.090121
0.091031    0.209621    -0.043512
0.166272    0.127017    -0.006632
0.147334    0.126738    0.078833
-0.053445    0.139027    0.145009
-0.065518    0.241524    0.053718
0.065157    0.275146    0.027866
0.162736    0.130363    0.008211
0.111024    0.115055    0.140634
0.010142    0.119759    0.174093
-0.104983    0.136304    0.117197
-0.075953    0.228378    0.050687
-0.096363    0.183726    0.068146
0.100846    0.177298    -0.068472
0.107843    0.146086    -0.100911
0.132366    0.114483    0.122699
-0.026203    0.114519    0.177983
-0.117996    0.151311    0.081284
-0.001625    0.277104    0.070865
0.078055    0.253195    -0.013648
0.180466    0.113344    0.013885
0.169905    0.116638    -0.051571
0.085741    0.106564    0.169162
-0.051607    0.109325    0.179668
-0.126531    0.131027    0.101214
-0.064163    0.278078    0.019395
0.053034    0.203667    -0.090618
0.188797    0.10534    -0.021956
0.108309    0.102923    0.160917
0.018353    0.100939    0.195478
-0.09963    0.113627    0.151422
-0.133745    0.143033    0.070092
-0.113264    0.172334    0.055885
0.054816    0.182881    -0.10465
0.115778    0.127557    -0.118873
0.18181    0.104075    -0.061476
0.18365    0.094975    0.08748
-0.011638    0.101049    0.196223
-0.131656    0.101599    0.145094
-0.119115    0.163823    0.058726
-0.097581    0.216521    0.003727
0.057739    0.231038    -0.067917
0.204735    0.091981    0.026067
0.099495    0.137607    -0.118763
0.105423    0.093969    0.17689
0.200439    0.08487    0.076756
0.070165    0.088871    0.198605
-0.078175    0.096283    0.186231
-0.174086    0.099616    0.095877
-0.156215    0.133661    0.031751
-0.072999    0.269341    -0.002812
0.031371    0.179582    -0.116798
0.074715    0.125658    -0.149455
0.192794    0.089975    -0.079039
0.220667    0.067411    0.068579
0.070487    0.067955    0.219716
-0.070404    0.085752    0.202317
-0.171626    0.082555    0.133274
-0.191659    0.101362    0.039612
-0.167564    0.121807    0.038985
-0.08879    0.228537    -0.019879
0.010043    0.223647    -0.092152
0.220232    0.077555    -0.023661
0.148282    0.101194    -0.127056
0.164294    0.063814    0.168027
0.231752    0.065105    0.016167
0.091093    0.0667    0.212303
-0.085613    0.079552    0.203066
-0.186824    0.081085    0.116154
-0.214692    0.084962    0.011135
-0.166375    0.126748    -0.007963
-0.082758    0.238905    -0.023386
0.016842    0.210183    -0.098751
0.213013    0.065147    -0.090833
0.134534    0.104515    -0.137155
0.200706    0.071007    -0.107877
0.212    0.062347    0.099933
0.236881    0.049707    -0.049741
0.007021    0.04712    0.244691
-0.124631    0.066042    0.196134
-0.196628    0.080314    0.098719
-0.142105    0.149031    -0.028471
-0.173138    0.116707    -0.039154
-0.068439    0.263602    -0.030081
-0.027638    0.197442    -0.105207
0.215925    0.060688    -0.091924
0.107205    0.097543    -0.169169
0.195692    0.069082    -0.119791
0.197215    0.046715    0.143042
0.23984    0.049752    0.028185
0.232601    0.046579    -0.07362
-0.00015    0.053501    0.241763
-0.179406    0.062761    0.150557
-0.224908    0.070753    0.032356
-0.143194    0.142973    -0.04631
-0.078424    0.205792    -0.06694
0.003864    0.245713    -0.082105
-0.041699    0.172539    -0.118183
0.03923    0.119311    -0.169661
-0.026452    0.138968    -0.151251
0.084728    0.030615    0.236475
0.236557    0.038694    0.075227
0.245334    0.039957    -0.025355
0.036073    0.034184    0.2469
-0.146715    0.049025    0.192792
-0.216077    0.053958    0.103141
-0.21857    0.076855    -0.040714
-0.141351    0.137448    -0.064222
-0.091275    0.195484    -0.060653
0.008884    0.256002    -0.07698
-0.052872    0.178495    -0.108721
0.186099    0.038493    -0.162991
0.012545    0.116121    -0.17683
-0.063967    0.135311    -0.143285
0.099489    0.033335    0.229172
0.206186    0.023992    0.147539
0.251794    0.022779    0.030467
0.234705    0.029707    -0.088055
-0.052561    0.041859    0.241608
-0.194409    0.034804    0.155722
-0.243098    0.050211    0.001329
-0.19207    0.087634    -0.08769
-0.136352    0.117774    -0.11025
-0.053815    0.258977    -0.054901
-0.054215    0.199061    -0.093299
-0.057649    0.147168    -0.133937
0.16993    0.02174    -0.189167
0.046547    0.101717    -0.189665
0.132422    0.07295    -0.18184
0.078092    0.004738    0.247454
0.245283    0.010195    0.079209
0.254067    0.011404    -0.034179
0.202408    0.014066    -0.155867
-0.122888    0.036711    0.218004
-0.196642    0.024985    0.159319
-0.245808    0.026211    0.065335
-0.167409    0.094206    -0.116049
-0.12913    0.12108    -0.113527
0.01212    0.277083    -0.068376
-0.107506    0.135416    -0.115193
0.162103    0.041514    -0.185114
-0.025593    0.106008    -0.186987
-0.116384    0.121704    -0.125998
0.149487    0.002082    0.211825
0.007544    0.001198    0.260615
0.19323    0.004905    0.172468
0.259313    0.00302    -0.009378
0.222616    0.015501    -0.128978
-0.095005    0.019183    0.236791
-0.201147    0.014317    0.158529
-0.251948    0.024166    0.025011
-0.202129    0.067579    -0.111848
-0.117483    0.104044    -0.150986
0.120443    0.02745    -0.221946
-0.001618    0.09815    -0.200101
0.021676    0.091019    -0.205776
0.063969    0.06119    -0.226854
0.061821    -0.001681    0.254089
0.220915    -0.018785    0.140981
0.257619    -0.005421    0.033533
0.234554    -0.003371    -0.111449
0.144634    -0.017843    -0.217034
-0.162318    -0.001144    0.202932
-0.242515    0.017933    0.081164
-0.243937    0.040224    -0.035119
-0.114657    0.094892    -0.167373
0.071536    0.003422    -0.249392
-0.029325    0.090068    -0.205853
0.039773    0.074322    -0.220323
0.143095    -0.022187    0.219751
0.031855    -0.022952    0.259683
0.237139    -0.01165    0.107986
0.256084    -0.019761    -0.052519
0.214444    -0.011411    -0.147366
0.130587    -0.009169    -0.226783
-0.14044    -0.006019    0.220223
-0.230543    0.001328    0.120219
-0.248777    0.023388    -0.050386
-0.184524    0.067443    -0.136572
0.064866    0.009558    -0.249982
-0.035195    0.08285    -0.213298
0.021602    0.066336    -0.229379
0.10653    -0.034336    0.238342
-0.058047    -0.010943    0.255303
0.251672    -0.040882    0.072243
0.254109    -0.038823    -0.062041
0.187313    -0.042233    -0.182177
0.086233    -0.025437    -0.246373
-0.164427    -0.01674    0.202855
-0.229999    -0.005801    0.12405
-0.259102    0.002807    -0.011362
-0.144835    0.076838    -0.168261
0.003672    0.01726    -0.256217
-0.04627    0.080062    -0.214678
0.157903    -0.043354    0.206817
0.071132    -0.041361    0.252419
-0.010365    -0.032101    0.262067
0.245555    -0.044286    0.08633
0.259778    -0.045474    -0.015086
0.21848    -0.03659    -0.142271
0.081321    -0.042096    -0.247026
-0.169063    -0.029702    0.199572
-0.261551    -0.012982    0.008123
-0.233079    0.023853    -0.098148
-0.118006    0.072111    -0.193774
-0.015768    0.01249    -0.255752
0.064486    -0.039785    -0.253232
-0.036392    0.048421    -0.238927
0.216231    -0.065687    0.138069
0.022324    -0.057736    0.256957
-0.093137    -0.04108    0.243329
0.254434    -0.052499    0.047197
0.23783    -0.051097    -0.101216
0.151893    -0.048783    -0.209627
-0.162535    -0.043034    0.203293
-0.233267    -0.024827    0.119901
-0.235063    0.018292    -0.097817
-0.169927    0.050226    -0.172965
-0.033947    0.031757    -0.247052
-0.06741    -0.013231    -0.253135
-0.078767    0.053064    -0.225962
0.238173    -0.064992    0.093013
0.031107    -0.061379    0.25494
-0.108716    -0.063611    0.232342
0.249876    -0.064425    0.060448
0.228822    -0.068262    -0.112467
0.13805    -0.055598    -0.218238
-0.182028    -0.059176    0.184555
-0.260854    -0.045683    0.007903
-0.249729    0.000243    -0.073456
-0.128486    0.038467    -0.212457
-0.075867    0.040413    -0.234752
-0.086083    -0.00862    -0.245171
-0.016457    -0.046662    -0.259022
0.164618    -0.081824    0.188867
0.106993    -0.075113    0.229344
-0.020283    -0.071718    0.253761
-0.1504    -0.061541    0.208124
0.251806    -0.074056    -0.023121
0.18382    -0.087057    -0.166441
0.086767    -0.074262    -0.236979
-0.252995    -0.048727    0.064924
-0.244407    -0.014245    -0.089842
-0.147127    0.027166    -0.203901
-0.128526    0.004109    -0.225609
-0.08495    -0.03752    -0.245901
0.000944    -0.053229    -0.259721
0.19643    -0.086955    0.151192
0.095965    -0.087074    0.228689
-0.00621    -0.090678    0.247902
-0.128674    -0.091059    0.211748
0.250713    -0.079169    -0.015621
0.192238    -0.090246    -0.153357
-0.188665    -0.070806    0.172014
-0.252305    -0.064064    0.042644
-0.238804    -0.024503    -0.105425
-0.132009    0.015597    -0.220131
-0.119545    -0.028493    -0.232321
-0.025797    -0.062363    -0.254294
0.155755    -0.104063    0.181542
0.227816    -0.107949    0.067484
0.040032    -0.096951    0.240019
-0.09246    -0.099329    0.223356
0.215882    -0.101617    -0.105042
0.117232    -0.109067    -0.205705
-0.235759    -0.077095    0.088628
-0.258245    -0.054865    -0.01291
-0.192414    -0.005177    -0.175293
-0.156823    -0.022773    -0.208156
-0.15266    -0.063464    -0.204707
0.027476    -0.084875    -0.246347
0.185451    -0.103173    0.151364
0.238324    -0.105372    -0.009697
0.037213    -0.102499    0.237057
-0.147399    -0.103436    0.188424
0.203131    -0.106758    -0.123702
-0.242855    -0.082293    0.066019
-0.252628    -0.057586    -0.050701
-0.209942    -0.015874    -0.153798
-0.17042    -0.063205    -0.191157
-0.040033    -0.085847    -0.244298
-0.13244    -0.091126    -0.20771
0.168944    -0.116411    0.155146
0.08594    -0.115531    0.212877
-0.083457    -0.111784    0.21807
0.223537    -0.111381    -0.069432
-0.22171    -0.096338    0.100294
-0.254389    -0.071414    -0.011656
-0.196121    -0.029305    -0.172322
-0.208732    -0.064117    -0.14733
-0.112505    -0.105685    -0.209842
0.136103    -0.1198    0.179296
0.201038    -0.119927    0.101929
0.045914    -0.118343    0.222619
-0.138087    -0.116884    0.181552
0.114346    -0.111336    -0.20466
-0.241409    -0.101569    0.004725
-0.235476    -0.068786    -0.096084
-0.215092    -0.079084    -0.130968
-0.065411    -0.101592    -0.231985
0.001869    -0.117217    -0.228466
0.076727    -0.131211    0.200713
0.203096    -0.125288    0.084084
0.215999    -0.129451    0.01365
0.199024    -0.130853    -0.07974
-0.03692    -0.133881    0.209406
-0.076143    -0.131153    0.201011
0.18507    -0.123806    -0.121177
0.126261    -0.129759    -0.174298
0.051431    -0.140209    -0.200649
-0.240778    -0.095892    -0.034306
-0.227551    -0.07819    -0.106171
-0.088634    -0.112828    -0.21365
0.12707    -0.145608    0.156847
0.179119    -0.133159    0.116245
0.202468    -0.139911    0.044459
0.189028    -0.145741    -0.068927
0.048318    -0.131815    0.209779
-0.068996    -0.135955    0.199303
-0.13609    -0.135043    0.161888
0.12533    -0.142419    -0.160678
0.026689    -0.139931    -0.204157
-0.226237    -0.116942    -0.024663
-0.211884    -0.111814    -0.096407
-0.178886    -0.11966    -0.135591
0.06504    -0.152949    0.18529
0.176388    -0.146938    0.098063
0.195919    -0.147602    -0.041661
0.149351    -0.160368    -0.116499
-0.028079    -0.150466    0.196072
-0.080261    -0.153436    0.178572
-0.17393    -0.1327    0.12368
0.088725    -0.165961    -0.163322
0.025786    -0.157027    -0.190071
-0.208737    -0.134591    0.033429
-0.218791    -0.121101    -0.048795
-0.036136    -0.124345    -0.217034
-0.129231    -0.121255    -0.181647
0.108086    -0.158946    0.158196
0.048314    -0.167405    0.17995
0.182406    -0.170928    0.005301
0.166559    -0.167887    -0.077751
0.047117    -0.164132    0.182758
-0.068186    -0.165442    0.173385
-0.149884    -0.146622    0.134611
0.074998    -0.168096    -0.167195
0.03865    -0.171591    -0.17686
-0.210469    -0.136405    0.007794
-0.202265    -0.134996    -0.062189
-0.144257    -0.135016    -0.154534
0.104833    -0.180911    0.140075
0.063465    -0.17654    0.166374
0.171394    -0.183117    0.024086
0.143799    -0.195957    -0.081494
0.033838    -0.177706    0.174314
-0.079805    -0.187699    0.151376
-0.131734    -0.171632    0.126065
-0.030652    -0.165129    -0.183022
0.03984    -0.188419    -0.165047
-0.200299    -0.146015    0.019029
-0.190935    -0.15714    -0.022218
-0.070934    -0.147208    -0.186605
-0.154542    -0.150404    -0.122557
0.150995    -0.187905    0.079568
0.172018    -0.179918    0.036052
0.153438    -0.197461    -0.055539
-0.018716    -0.188726    0.16873
-0.113119    -0.200115    0.11722
0.091762    -0.187705    -0.143152
-0.046076    -0.17797    -0.171407
-0.181608    -0.162365    0.053848
-0.183422    -0.163351    -0.041972
-0.118192    -0.169143    -0.139249
-0.170041    -0.169913    -0.065195
0.122099    -0.217866    0.089414
0.049926    -0.200705    0.154189
0.139576    -0.209105    -0.070411
0.026324    -0.211016    0.153412
-0.100063    -0.204572    0.123906
0.092305    -0.207399    -0.126648
-0.027304    -0.193307    -0.163339
0.026832    -0.218712    -0.147672
-0.164338    -0.190077    0.041366
-0.108849    -0.179221    -0.137329
-0.16275    -0.180481    -0.063293
0.139744    -0.224268    0.047833
0.043374    -0.217824    0.146015
0.119292    -0.227888    -0.082282
-0.003553    -0.20572    0.159549
-0.105556    -0.226602    0.102537
-0.015203    -0.206827    -0.156249
-0.085605    -0.200497    -0.136904
-0.155214    -0.193391    0.059616
-0.117671    -0.199744    -0.111662
0.086375    -0.250493    0.102679
0.13961    -0.239319    0.006548
0.139549    -0.234905    -0.02285
0.026106    -0.231752    0.141345
-0.083321    -0.239448    0.111998
0.09432    -0.242864    -0.100285
-0.055597    -0.214205    -0.142141
0.01291    -0.233934    -0.140864
-0.154355    -0.210627    0.017258
-0.126482    -0.215859    -0.084524
0.105509    -0.25941    0.075171
0.135418    -0.24707    -0.007505
0.100221    -0.259453    -0.080914
-0.041172    -0.237113    0.135367
0.067716    -0.25092    -0.115607
-0.02219    -0.232219    -0.14051
-0.11703    -0.242563    -0.072911
-0.14766    -0.22348    0.010233
-0.13089    -0.220613    -0.073704
0.114986    -0.284569    0.032664
0.054856    -0.264382    0.115309
0.022092    -0.26564    0.12522
-0.068586    -0.265288    0.107539
0.060666    -0.274208    -0.107317
-0.069861    -0.24495    -0.117733
0.012675    -0.268142    -0.124283
-0.134985    -0.246601    -0.012595
0.089573    -0.276005    0.084436
0.123787    -0.273727    -0.002143
0.094922    -0.290512    -0.06633
-0.050208    -0.290019    0.105569
0.035214    -0.279522    -0.115439
-0.084889    -0.263937    -0.094633
-0.116747    -0.275051    -0.037755
-0.126079    -0.259623    -0.030224
0.10354    -0.308448    0.037557
0.103424    -0.303831    -0.040878
0.002136    -0.30286    0.112983
-0.067429    -0.29206    0.09435
-0.012006    -0.276975    -0.120626
-0.098077    -0.284307    -0.066503
0.024618    -0.297355    -0.110816
-0.121092    -0.280863    0.000372
0.108944    -0.30439    0.025088
0.094142    -0.310481    -0.056005
-0.050887    -0.322266    0.0932
0.036656    -0.310754    -0.102264
-0.062884    -0.299128    -0.093659
-0.114602    -0.291468    -0.015068
0.056654    -0.32719    0.087766
0.098076    -0.350544    0.001367
0.032907    -0.326465    0.099358
-0.044137    -0.32791    0.094283
0.043353    -0.332828    -0.092048
-0.081855    -0.312862    -0.070671
-0.106008    -0.316365    0.015818
0.05599    -0.348943    0.080839
0.098825    -0.345139    -0.005805
0.021098    -0.331928    0.101055
-0.061203    -0.347858    0.077211
-0.006698    -0.326917    -0.10321
-0.098172    -0.336656    -0.026642
-0.102806    -0.315849    0.032668
0.087631    -0.379737    0.027094
0.072131    -0.373095    -0.057308
-0.042626    -0.357681    0.086324
0.027479    -0.357765    -0.091467
-0.07563    -0.345976    -0.062818
-0.093517    -0.353643    0.026958
0.070897    -0.373534    0.059886
0.080168    -0.385618    -0.040906
-0.023828    -0.387242    0.087676
0.028888    -0.365722    -0.089151
-0.073105    -0.368512    -0.057552
-0.087965    -0.36621    0.033395
0.037875    -0.388818    0.072878
0.004928    -0.388818    0.037358
-0.016605    -0.388818    0.000706
0.082849    -0.388818    0.008449
0.01235    -0.388818    -0.00464
0.035713    -0.388818    -0.02396
0.055061    -0.388818    -0.058672
0.012119    -0.388818    -0.072326
-0.05073    -0.378747    -0.075616
-0.089347    -0.36478    0.03081
-0.063352    -0.388818    0.055087
0.0549    -0.388818    0.025214
-0.006526    -0.388818    0.018965
0.031255    -0.388818    -0.016506
-0.049263    -0.388818    -0.019368
0.04552    -0.388818    -0.043066
-0.050719    -0.388818    -0.065662
