0.04804    0.139561    0.090157
0.098691    0.135169    0.03557
0.10596    0.134497    0.009961
0.10351    0.142886    0.012959
0.067612    0.140177    -0.08185
0.042737    0.134661    -0.100617
0.004889    0.134942    -0.109484
-0.02253    0.136439    -0.10596
0.062054    0.145747    -0.091615
-0.058869    0.134617    -0.093216
0.025868    0.146292    -0.109676
-0.091316    0.137177    -0.056864
0.038913    0.149171    0.102306
0.008038    0.148343    -0.113888
-0.057571    0.146161    -0.096974
-0.104741    0.137835    0.009565
-0.104919    0.14051    0.006566
-0.103689    0.142535    0.020546
-0.10307    0.142794    0.025659
0.08036    0.152901    0.078302
0.112383    0.153117    0.009028
0.113463    0.153931    0.001634
0.113986    0.154182    -0.004118
0.043286    0.15518    0.102497
-0.043217    0.142906    0.093873
-0.10125    0.15028    -0.054535
0.079495    0.167969    0.078017
0.083522    0.154628    -0.079839
0.083347    0.179732    0.070721
0.112787    0.167984    -0.005587
-0.107257    0.150159    0.034617
0.050423    0.175411    0.09733
0.100718    0.17996    -0.048391
0.012085    0.160972    -0.115371
0.087594    0.188595    0.0627
0.109497    0.180956    -0.016679
0.073011    0.168568    -0.088265
-0.060354    0.146855    0.090486
0.096486    0.189003    0.04964
0.060624    0.186264    -0.094533
-0.013348    0.165241    -0.115037
0.036989    0.201494    0.097721
0.091835    0.189323    -0.062214
-0.00599    0.171634    -0.115436
0.089233    0.214044    0.050307
0.105125    0.207424    -0.006972
0.02005    0.191799    -0.109996
0.080031    0.217219    0.060888
0.096093    0.213833    -0.039881
0.005156    0.192279    -0.111774
-0.079908    0.152164    0.079706
0.099304    0.220315    0.016647
0.038278    0.212016    -0.099226
-0.113228    0.154667    0.015458
0.098969    0.226946    0.001256
0.03767    0.222069    -0.096078
-0.091078    0.155823    -0.072025
0.09206    0.233608    0.026591
0.054481    0.231122    -0.083675
-0.077247    0.176114    -0.084785
-0.109201    0.157294    0.033048
0.096549    0.233937    -0.00025
-0.000415    0.22889    -0.102077
-0.103805    0.167718    -0.048793
-0.078607    0.155383    0.081348
0.086458    0.255406    -0.009172
0.015596    0.234892    -0.097717
-0.105363    0.176656    -0.041972
-0.078249    0.169402    0.080101
0.088429    0.251168    0.004264
0.003895    0.244282    -0.095316
-0.106892    0.178508    -0.037492
-0.060868    0.157575    0.094606
0.024213    0.26636    0.075255
0.046909    0.262717    -0.071239
-0.085489    0.197367    -0.06952
-0.093557    0.184844    0.058066
0.052636    0.281743    0.046334
0.081187    0.266275    -0.00088
-0.003444    0.245351    -0.095206
-0.10741    0.200257    -0.014735
-0.064301    0.192865    0.085896
0.019069    0.27529    0.071628
0.073271    0.276065    -0.020421
-0.027764    0.244389    -0.091596
-0.10524    0.203105    0.020291
-0.019824    0.162994    0.109199
0.02059    0.2358    0.091415
0.069633    0.28533    -0.003222
-0.034863    0.245908    -0.087884
-0.104191    0.209257    0.015477
-0.030108    0.196728    0.102175
-0.011215    0.29759    0.057431
0.063766    0.291121    0.010241
-0.018608    0.267656    -0.081616
-0.102702    0.220903    0.000501
-0.01314    0.192206    0.105766
0.004106    0.305859    0.051329
-0.033191    0.291965    0.054332
0.028078    0.292722    -0.060432
-0.100429    0.227545    -0.004768
-0.037899    0.217767    0.092962
0.04931    0.30609    0.017424
-0.041334    0.246317    0.079816
0.053386    0.304175    -0.016348
-0.060426    0.24925    -0.070492
-0.073769    0.235072    0.060414
0.043584    0.31543    0.009464
-0.025752    0.23823    0.089839
0.051079    0.30833    0.002534
-0.043381    0.262297    -0.075449
-0.078189    0.240874    0.050836
0.019058    0.194834    0.104214
-0.067679    0.259833    0.049904
0.046976    0.310675    -0.01822
-0.08113    0.253689    -0.038737
-0.069828    0.253932    0.051861
-0.007751    0.300887    -0.060377
-0.077601    0.253527    0.04206
0.008309    0.316117    -0.046758
0.011926    0.32271    0.034286
-0.044937    0.288996    -0.053282
-0.050889    0.308282    0.012461
-0.074612    0.277272    0.010331
-0.073671    0.276289    -0.023905
-0.061289    0.286552    -0.036623
0.030339    0.325501    0.018109
-0.01114    0.326377    0.033021
-0.025217    0.330567    0.024089
-0.026048    0.33282    -0.028679
-0.001782    0.339099    0.036209
-0.041645    0.341255    0.00541
0.035833    0.341867    0.025187
0.097424    0.156153    0.056503
0.099484    0.167107    0.050766
0.068962    0.174688    0.085152
0.102534    0.168884    -0.048009
0.049705    0.183758    0.096279
0.094981    0.16342    -0.064025
0.094493    0.186585    0.054316
0.108185    0.182883    -0.024138
0.02826    0.168322    -0.112645
0.063933    0.198967    0.083466
0.102262    0.189808    -0.040359
0.002173    0.172662    -0.115479
0.099521    0.197765    0.037298
0.076134    0.18715    -0.08253
-0.045178    0.156144    -0.107482
0.102896    0.20792    0.01754
0.028902    0.186893    -0.109522
0.059427    0.224084    0.077764
0.10018    0.210848    -0.032279
0.004977    0.19702    -0.110785
0.062971    0.22432    0.074913
0.089343    0.224879    -0.046639
-0.024245    0.190805    -0.109762
0.099033    0.218238    0.023863
0.072185    0.21684    -0.076365
-0.061638    0.178034    -0.096528
0.094575    0.233233    0.017676
0.02943    0.227827    -0.09732
-0.094745    0.164195    -0.065971
0.066638    0.246232    0.060308
0.089239    0.244331    -0.027388
-0.050874    0.203113    -0.097209
-0.111527    0.156888    0.027409
0.042549    0.250033    0.076686
0.048502    0.252334    -0.076655
-0.076697    0.196972    -0.080428
-0.10681    0.178978    0.032536
0.084754    0.252748    0.022296
0.041608    0.254414    -0.080097
-0.083793    0.191835    -0.073688
-0.085922    0.180405    0.068994
0.013785    0.255784    0.083312
0.05723    0.268902    -0.058434
-0.066938    0.211717    -0.08322
-0.101613    0.189968    0.040071
0.055341    0.279468    0.045182
0.082801    0.263651    -0.001956
-0.016103    0.248192    -0.092089
-0.110249    0.19371    -0.003308
-0.056308    0.198954    0.090346
0.012885    0.279332    0.069859
0.075672    0.273475    -0.015126
-0.04492    0.242124    -0.085391
-0.105674    0.205131    0.013013
-0.024762    0.167401    0.108183
0.009299    0.240367    0.091074
0.069004    0.284287    -0.012739
-0.026573    0.249607    -0.089434
-0.093563    0.213278    0.044552
-0.004686    0.16142    0.111251
0.013615    0.234571    0.092879
0.06209    0.29358    0.009199
-0.04612    0.247977    -0.08207
-0.100398    0.227817    -5.5e-05
-0.024781    0.190818    0.104589
-0.014387    0.299734    0.055292
-0.022826    0.286029    0.063238
0.006772    0.280662    -0.075019
-0.098807    0.229754    -0.011591
-0.05057    0.2213    0.08649
0.043797    0.30983    0.022748
-0.045208    0.251542    0.075514
0.056013    0.29929    -0.021206
-0.081693    0.243801    -0.049352
-0.077741    0.231178    0.057898
0.040178    0.318069    0.011283
-0.026997    0.233015    0.091642
0.05021    0.309266    0.003247
-0.047093    0.262519    -0.072413
-0.080217    0.245117    0.045387
0.017432    0.195971    0.104194
-0.063171    0.266417    0.049711
0.035602    0.319973    -0.022859
-0.081149    0.245696    -0.048731
-0.070239    0.258741    0.047545
-0.010295    0.301161    -0.059799
-0.087234    0.255129    0.009893
0.000465    0.310993    -0.052575
-0.083148    0.265039    0.001192
-0.023823    0.303244    -0.053905
-0.063305    0.294652    0.004898
-0.073712    0.280392    0.002164
-0.070932    0.280225    -0.023941
-0.058529    0.292796    -0.031326
-0.058994    0.295269    -0.025409
-0.038815    0.319446    -0.019977
-0.036832    0.329123    0.000651
0.029761    0.334917    0.017632
-0.024923    0.337233    -0.031121
-0.011555    0.340553    -0.041792
-0.044172    0.341924    0.009606
0.034011    0.341484    -0.035574
0.007199    0.342831    -0.050615
0.04159    0.345266    -0.008951
-0.009412    0.345266    -0.050468
-0.018569    0.345266    -0.038926
0.035194    0.349492    -0.015928
-0.005315    0.351529    0.039843
0.017668    0.351529    -0.040587
0.012621    0.34269    0.044536
0.029744    0.345266    0.031401
0.035375    0.345266    0.01528
0.030965    0.345266    -0.026704
0.020251    0.345266    -0.036834
0.006335    0.350135    0.035069
-0.031685    0.351529    -0.028087
0.004141    0.351529    -0.046897
-0.017957    0.357345    0.038779
0.017534    0.357841    -0.043503
-0.007342    0.365877    0.040968
-0.011502    0.365716    -0.045602
0.003402    0.373187    0.040888
-0.023688    0.37548    -0.039932
0.006334    0.381112    0.040307
-0.031042    0.382127    -0.034084
0.031033    0.392187    0.027782
-0.024107    0.391766    0.034454
-0.006424    0.391329    -0.045865
0.019893    0.398058    0.036444
0.037881    0.400779    -0.024809
0.030751    0.405283    -0.034201
-0.037706    0.408713    -0.025882
-0.034699    0.412009    0.022328
-0.01014    0.413304    -0.037969
-0.017701    0.413304    0.027245
-0.038769    0.413304    -0.016233
-0.003444    0.413304    0.016085
0.019162    0.413304    -0.012933
0.019716    0.352884    -0.043244
-0.045784    0.354083    0.001581
0.037235    0.36279    0.020652
-0.044195    0.362321    -0.01223
0.038083    0.372168    0.017905
-0.044514    0.371751    -0.004681
0.034667    0.380114    0.022686
-0.044475    0.38049    -0.001638
0.031201    0.385155    -0.032388
-0.002903    0.388798    0.041024
-0.031952    0.389558    -0.033532
0.03114    0.399448    0.028346
0.034887    0.401441    -0.028883
0.038351    0.405014    -0.023885
-0.00597    0.40821    -0.045969
0.003999    0.412296    -0.044299
-0.00685    0.413304    -0.028269
-0.022149    0.413304    0.016089
-0.027141    0.413304    -0.00266
-0.007215    0.413304    -0.002762
0.018737    0.413304    -0.023916
0.016599    -0.271172    0.053021
0.043689    -0.266308    -0.01812
0.015866    -0.274232    0.064202
0.064115    -0.273545    0.007803
0.025722    -0.266769    -0.042598
-0.043796    -0.271289    0.037039
0.040739    -0.273666    -0.054096
-0.001025    -0.271672    -0.062546
-0.01496    -0.262359    0.034086
-0.04102    -0.262623    0.002083
0.062387    -0.275644    0.049561
0.067244    -0.275532    0.044236
-0.06479    -0.273555    -0.01942
-0.062736    -0.274347    -0.033097
-0.036635    -0.262363    -0.018569
-0.012827    -0.275826    -0.081365
0.001843    -0.273891    0.085456
0.066192    -0.275409    -0.051841
0.065279    -0.271179    0.062227
-0.055556    -0.274703    -0.06845
-0.032227    -0.271737    0.082921
0.09097    -0.271198    0.003585
-0.087915    -0.27374    -0.01353
0.085967    -0.267419    0.037051
0.091149    -0.263997    0.029971
0.090586    -0.263524    0.032086
0.032096    -0.270493    -0.018619
-0.050506    -0.260968    0.084028
0.041627    -0.268515    -0.087283
0.092973    -0.257023    0.035551
-0.092858    -0.257282    0.038984
0.017861    -0.251065    0.099713
0.101676    -0.252437    -0.016341
-0.096797    -0.263388    0.016171
0.054252    -0.264655    -0.082628
0.022769    -0.273421    0.024763
-0.064768    -0.262063    -0.077598
0.092516    -0.245776    0.049407
0.009214    -0.242654    0.104137
0.073734    -0.238996    0.076624
-0.036912    -0.239711    0.099295
0.105935    -0.23931    0.015909
-0.054804    -0.237823    0.092622
0.106146    -0.237738    0.018053
-0.078098    -0.237847    0.074823
0.10103    -0.237525    -0.040968
-0.106652    -0.240801    -0.023227
0.054788    -0.246007    -0.09341
-0.089875    -0.250485    -0.057383
-0.005559    -0.243492    -0.109743
0.000373    -0.278561    -0.036974
-0.060288    -0.24405    -0.091321
0.100857    -0.224483    0.043608
-0.019604    -0.219429    0.108099
0.083921    -0.218078    0.071714
-0.01668    -0.218988    0.108521
-0.034203    -0.278501    -0.011037
0.016294    -0.217295    0.108549
-0.026329    -0.282403    -0.014939
0.010712    -0.212828    0.10964
-0.004896    -0.28345    -0.028433
0.010467    -0.21219    0.109711
0.00647    -0.284497    -0.025263
-0.002082    -0.223958    -0.115058
0.019675    -0.28562    6.8e-05
0.040679    -0.223452    -0.106329
0.017323    -0.286265    -0.005867
-0.004172    -0.204367    0.11079
-0.019977    -0.286061    -0.002123
-0.103609    -0.202688    0.044079
0.112949    -0.20085    -0.00134
-0.051794    -0.213924    -0.103359
0.002419    -0.196931    0.110969
0.00405    -0.288059    -0.007598
-0.111691    -0.197644    0.019546
0.103877    -0.198928    -0.045209
0.093971    -0.192216    0.059459
-0.079647    -0.204104    -0.084306
-0.095553    -0.191638    0.059438
0.095454    -0.19596    -0.062888
0.065035    -0.186099    0.089342
-0.017227    -0.19784    -0.114337
-0.073889    -0.19638    -0.088788
-0.053463    -0.181447    0.097876
0.100441    -0.185008    -0.053416
0.064524    -0.17882    0.089737
-0.112113    -0.18478    -0.022118
-0.095102    -0.178904    0.060022
0.08929    -0.179893    -0.070843
0.095489    -0.175968    0.057461
-0.096067    -0.185135    -0.063818
0.077876    -0.180379    -0.084745
0.046661    -0.184039    -0.105258
-0.101061    -0.169719    -0.05565
0.059291    -0.170611    -0.098837
0.083995    -0.165664    0.072572
-0.08875    -0.168475    -0.073432
-0.000224    -0.173934    -0.116382
0.051774    -0.162434    0.097827
-0.018184    -0.173246    -0.114211
-0.114191    -0.162467    0.001158
0.017215    -0.160586    0.107861
-0.112262    -0.160139    0.003275
-0.087123    -0.1591    -0.071076
-0.078025    -0.157433    0.075518
0.087004    -0.155993    -0.066062
0.100129    -0.154758    0.035506
0.078989    -0.15348    -0.075259
-0.068165    -0.151956    0.08143
-0.078413    -0.149195    -0.078881
0.033176    -0.150004    -0.105323
0.104938    -0.146208    0.024659
0.016865    -0.145575    0.104292
-0.109922    -0.144311    -0.001301
-0.039935    -0.142572    -0.103754
0.0546    -0.137986    0.091844
0.097776    -0.139441    -0.048315
-0.052543    -0.136108    0.093456
-0.109932    -0.136819    -0.004027
-0.022579    -0.134879    -0.109111
0.094729    -0.130573    0.05013
0.074582    -0.130771    -0.081421
-0.080501    -0.129006    0.071074
-0.087299    -0.127869    -0.067345
0.049435    -0.125701    -0.098661
0.104898    -0.124413    0.021053
0.019161    -0.122591    0.103214
-0.108315    -0.123642    -0.009958
-0.052933    -0.119568    0.09187
0.037162    -0.118632    -0.102822
0.099291    -0.116275    -0.040659
0.105929    -0.115644    0.006198
0.069302    -0.113256    0.078314
0.032837    -0.112268    -0.104307
-0.063246    -0.110573    -0.089358
-0.099371    -0.108886    -0.043885
-0.107723    -0.10651    -0.010011
-0.09598    -0.105744    0.047285
-0.073755    -0.104032    0.076694
0.050287    -0.269144    0.012404
0.037809    -0.272668    0.046641
0.024163    -0.273721    0.058847
-0.018363    -0.271431    0.053645
0.029839    -0.268321    -0.043485
0.055892    -0.275551    0.047672
0.047039    -0.27354    -0.048076
0.014836    -0.27221    -0.062153
-0.046861    -0.266769    0.011124
0.02805    -0.275829    0.071442
0.058214    -0.274788    -0.042519
-0.030245    -0.275839    0.069998
-0.03373    -0.275828    0.069789
-0.022816    -0.275737    0.075799
-0.065787    -0.275756    0.03954
0.038936    -0.275831    -0.072005
-0.029554    -0.262981    0.021604
-0.071514    -0.275821    -0.03554
-0.055036    -0.274731    0.063572
-0.002961    -0.274701    -0.08874
0.087713    -0.273584    -0.00659
0.035669    -0.266537    -0.005454
-0.00673    -0.268353    0.091939
0.064165    -0.267451    0.067583
0.030552    -0.270842    -0.089404
0.052539    -0.270054    -0.078931
0.097571    -0.262905    0.001329
0.063858    -0.257556    0.075005
-0.082625    -0.270356    0.041777
0.002326    -0.257207    0.099009
0.101148    -0.256498    -0.006169
0.007509    -0.269952    0.033531
-0.073741    -0.249319    0.073315
0.080045    -0.260697    -0.060394
-0.09343    -0.268098    0.018862
-0.019565    -0.263464    -0.098618
0.08864    -0.244739    0.055577
-0.012207    -0.243219    0.103706
0.106672    -0.243394    -0.000265
-0.067043    -0.240858    0.082221
0.106567    -0.240165    0.008781
-0.081895    -0.238895    0.069407
0.106365    -0.239194    -0.017894
-0.085518    -0.237962    0.065209
0.080236    -0.243485    -0.072494
-0.109284    -0.239215    -0.006333
0.062068    -0.24584    -0.08796
-0.096865    -0.248993    -0.044258
0.005338    -0.247289    -0.108105
0.033169    -0.277586    -0.010745
-0.070705    -0.247451    -0.081678
0.096244    -0.225105    0.053916
-0.018007    -0.223616    0.107759
0.110475    -0.224204    0.007252
-0.077513    -0.220644    0.079789
0.108323    -0.221689    0.026408
-0.057803    -0.221011    0.094696
0.098213    -0.220534    0.051543
-0.049681    -0.214086    0.099108
0.085826    -0.213454    0.069793
-0.009399    -0.21495    0.1098
-0.034102    -0.279344    -0.007156
-0.024462    -0.208687    0.108181
-0.025006    -0.284206    -0.005972
-0.014661    -0.207688    0.109446
-0.006281    -0.284758    -0.025027
0.014552    -0.205943    0.109286
-0.002099    -0.286642    -0.019398
-0.03071    -0.204699    0.107132
-0.012042    -0.282111    0.024082
-0.112381    -0.208935    -0.019369
0.111206    -0.203203    0.012417
-0.034463    -0.212405    -0.110762
0.020261    -0.199346    0.108522
0.004497    -0.288073    -0.006603
-0.111925    -0.19718    0.017845
0.103797    -0.198299    -0.045401
-0.006519    -0.286667    0.013103
-0.092317    -0.203862    -0.06872
-0.050448    -0.191103    0.099104
0.111192    -0.191816    -0.017841
-0.001953    -0.28802    0.004973
-0.114071    -0.190268    0.00224
-0.084199    -0.185613    0.074081
0.082687    -0.191521    -0.079354
0.101624    -0.183373    0.045546
-0.014477    -0.193465    -0.114721
-0.084565    -0.191344    -0.07897
-0.012067    -0.177372    0.109816
0.111361    -0.177477    0.011354
-0.108034    -0.181967    -0.038598
-0.095877    -0.174076    0.059015
0.101089    -0.173248    -0.051857
0.027622    -0.180858    -0.112869
-0.073882    -0.170422    0.083664
0.111253    -0.170791    -0.017335
0.025955    -0.178745    -0.11308
-0.087404    -0.165961    0.069913
0.095878    -0.166029    -0.062315
-0.05655    -0.172265    -0.10165
-0.089392    -0.163828    -0.072569
-0.090639    -0.162894    -0.07092
0.083393    -0.160802    0.072107
0.110246    -0.159893    0.004679
-0.111405    -0.159144    0.001828
-0.044779    -0.158399    -0.103002
-0.051369    -0.156261    0.093748
0.078226    -0.154848    -0.076705
0.070368    -0.153294    0.078355
0.094801    -0.152662    -0.053069
-0.076561    -0.149995    0.075327
-0.096898    -0.148997    -0.052826
0.006847    -0.147913    -0.11062
0.102244    -0.144713    0.031812
0.017809    -0.143857    0.104257
-0.10246    -0.142991    0.03519
-0.071697    -0.140977    -0.084858
0.090767    -0.139005    0.056361
0.105233    -0.137886    -0.028813
-0.003906    -0.13719    0.106387
-0.108824    -0.134937    0.007689
-0.034312    -0.133085    -0.106107
0.05147    -0.13116    0.092974
0.078919    -0.1282    -0.076343
-0.063222    -0.1281    0.085702
-0.088135    -0.126488    -0.066031
0.027872    -0.127038    -0.107605
0.098917    -0.122107    0.037679
0.050623    -0.121786    -0.097686
0.091166    -0.119802    0.053668
0.043625    -0.118902    0.094966
-0.030603    -0.116211    -0.106055
-0.095858    -0.114375    -0.052345
-0.089371    -0.113649    0.05747
-0.107171    -0.112815    0.007648
-0.003033    -0.111315    0.104815
0.085701    -0.108543    -0.065676
0.103253    -0.10627    -0.031617
0.060027    -0.105007    0.085962
0.079975    -0.103728    0.068637
-0.041931    -0.10278    0.096654
0.092368    0.1118    -0.061581
0.09659    0.132754    -0.053034
0.09161    -0.015763    -0.063116
0.097663    0.023511    -0.050861
0.102725    0.014019    -0.040612
0.103298    -0.054037    -0.039451
0.093066    -0.086602    -0.060168
0.084312    -0.037562    -0.07227
0.080035    -0.076853    -0.077141
0.081986    -0.073819    -0.074919
0.104064    0.133009    -0.036325
0.105482    0.068279    -0.029218
0.104837    0.13258    -0.032452
0.076516    0.111949    -0.081148
0.07976    0.124216    -0.077454
0.082576    0.105338    -0.074247
0.109089    -0.001193    -0.011142
0.10523    -0.047099    -0.030479
0.108298    -0.102768    -0.015109
0.107033    -0.039619    -0.021447
0.065238    0.01843    -0.091049
0.071427    0.064147    -0.08692
0.067262    0.100799    -0.089699
0.105338    -0.047254    0.024468
0.101666    0.053275    0.035306
0.100221    0.082308    0.039569
0.097862    0.010006    0.046316
0.084488    0.123917    0.066356
0.088771    0.04998    0.059938
0.108403    0.037031    0.0022
0.107648    0.106643    0.01383
0.10871    0.075629    -0.002533
0.103661    -0.034534    0.029418
0.09955    -0.028143    0.041552
0.102693    -0.019946    0.032272
0.099451    -0.080459    0.041843
0.085468    -0.035504    0.064887
0.091625    -0.079588    0.055662
0.086121    0.002419    0.063909
0.05718    -0.001653    -0.096425
0.052592    0.065936    -0.099486
0.067591    -0.083705    -0.089479
0.075704    -0.100759    0.07569
0.081075    0.034836    0.070975
0.067397    -0.05337    0.082985
0.108178    0.017962    0.00566
0.108217    -0.047282    0.005058
0.10912    -0.093878    -0.008849
0.107819    0.054322    0.011197
0.043636    0.035104    -0.10426
0.046198    -0.028946    -0.103392
0.027864    0.08709    -0.109604
0.066347    0.043138    0.083907
0.060192    -0.06481    0.089311
0.068412    0.048576    0.082093
0.021878    0.018246    -0.111632
0.028702    -0.082352    -0.10932
0.021607    0.002326    -0.111724
0.049635    0.12287    0.094588
0.036088    -0.075775    0.101278
0.035597    0.088712    0.101521
0.045903    -0.059784    0.096431
0.045992    -0.092114    0.096388
0.041511    -0.039217    0.098601
0.045128    -0.060935    0.096814
-0.004774    0.132572    -0.113943
0.006298    0.037783    -0.113225
0.007902    0.080529    -0.11312
0.018927    -0.026677    0.105331
0.024078    0.041134    0.104303
0.025846    -0.018253    0.10395
0.006996    -0.099481    -0.113179
0.000558    -0.059285    -0.113597
-0.005569    -0.055552    -0.113995
0.015652    0.091803    0.105985
0.006669    -0.088138    0.107778
0.01734    0.008088    0.105648
0.010158    -0.002274    0.107082
-0.018195    -0.023998    -0.112452
-0.023274    0.126043    -0.111439
-0.022614    0.107345    -0.111571
0.003945    -0.068713    0.107924
0.00359    -0.095791    0.107901
-0.001636    -0.046353    0.107562
-0.034902    0.011867    -0.10912
-0.019301    -0.080481    -0.112231
-0.031157    -0.096063    -0.109867
0.002813    0.11462    0.107851
-0.021614    0.029489    0.106266
-0.012172    0.087656    0.106878
-0.018655    0.026984    0.106458
-0.049295    0.121913    -0.102856
-0.046714    0.130122    -0.104131
-0.050847    0.043208    -0.102089
-0.036036    -0.042001    0.101914
-0.027586    -0.026358    0.104777
-0.035698    -0.060306    0.102028
-0.048936    -0.048621    -0.103033
-0.061631    0.079995    -0.096763
-0.058844    -0.041934    -0.09814
-0.041391    0.108215    0.100099
-0.038386    0.093484    0.101117
-0.049718    -0.073703    0.097278
-0.065748    0.126966    -0.093996
-0.073717    0.056285    -0.086998
-0.064064    0.100013    -0.095473
-0.070283    0.045186    -0.090013
-0.052017    0.022092    0.096198
-0.05381    0.078621    0.095002
-0.051524    0.071379    0.096527
-0.071813    -0.041712    -0.08867
-0.072435    -0.075635    -0.088123
-0.083986    0.024859    -0.077981
-0.061301    0.057875    0.090004
-0.07286    -0.06974    0.082291
-0.05574    0.119346    0.093714
-0.089471    0.041641    -0.070813
-0.08961    -0.021894    -0.070606
-0.091502    -0.077397    -0.06777
-0.085817    0.05293    -0.07629
-0.085036    0.02919    0.069567
-0.085867    0.121419    0.06862
-0.082533    0.094861    0.072417
-0.101019    0.047481    -0.053506
-0.092427    0.049433    -0.066384
-0.089039    0.086847    -0.071461
-0.082703    -0.090817    0.072225
-0.088023    0.021209    0.066164
-0.09386    -0.07483    0.059515
-0.103846    0.06359    -0.046327
-0.102251    -0.08491    -0.051036
-0.105538    0.013284    -0.041333
-0.097693    0.018568    0.052294
-0.098013    0.008005    0.051647
-0.100651    0.025805    0.046307
-0.100046    0.026247    0.04753
-0.104307    0.075684    -0.044966
-0.1067    0.040817    -0.037901
-0.109306    -0.056365    -0.03021
-0.106777    -0.072582    0.033904
-0.104725    -0.016829    0.038058
-0.101875    -0.027367    0.043827
-0.111837    -0.094273    -0.014183
-0.111404    0.041731    -0.020856
-0.111584    -0.044216    -0.018085
-0.110793    0.062092    0.015474
-0.108254    -0.053555    0.028195
-0.108722    0.034143    0.025854
-0.111422    0.091681    0.01232
-0.112422    0.113432    -0.00518
-0.112658    0.063265    -0.001541
-0.111724    0.090195    -0.015926
-0.110705    -0.074607    0.015913
-0.111288    -0.010202    0.012992
-0.111425    -0.050728    0.012305
0.09143    -0.041446    -0.063481
0.091109    -0.020506    -0.064131
0.101054    0.099488    -0.043995
0.099175    -0.053443    -0.0478
0.096442    -0.080116    -0.053333
0.103483    -0.01222    -0.039075
0.101945    0.02443    -0.04219
0.084639    -0.084384    -0.071897
0.089763    -0.094144    -0.066061
0.080653    -0.007149    -0.076437
0.103834    -0.086791    -0.037477
0.103755    0.131872    -0.037872
0.104838    0.076026    -0.032447
0.1068    0.04121    -0.022616
0.094803    -0.105114    -0.010684
0.076919    0.092235    -0.080689
0.072195    0.127525    -0.086069
0.072521    0.007317    -0.085699
0.082442    -0.105114    -0.066564
0.077182    -0.105114    -0.042964
0.101426    0.135866    0.026904
0.088815    0.135866    0.020036
0.108966    -0.092054    -0.011761
0.105204    -0.058874    -0.03061
0.105496    -0.059406    -0.029147
0.102788    -0.105114    0.005537
0.093622    -0.105114    0.018318
0.068137    0.011307    -0.089115
0.067992    0.104112    -0.089212
0.062012    0.023931    -0.093201
0.062053    0.023059    -0.093174
0.080725    0.135866    -0.049896
0.071742    -0.105114    0.014384
0.078554    -0.105114    0.062543
0.068701    -0.105114    0.043851
0.107135    -0.034166    0.019162
0.104373    0.094951    0.027315
0.103843    0.068021    0.028878
0.106726    0.015485    0.020368
0.090728    0.100253    0.057005
0.085964    0.09362    0.064144
0.086215    0.085007    0.063768
0.108744    0.034781    -0.003055
0.109176    -0.069798    -0.009704
0.108565    0.117848    -0.000296
0.100336    -0.009679    0.03923
0.100526    -0.068724    0.03867
0.100417    -0.010267    0.038991
0.083158    0.076237    0.068348
0.08687    -0.014974    0.062786
0.082596    0.030287    0.069191
0.081952    -0.090987    0.070156
0.05383    -0.075396    -0.09866
0.063901    -0.103509    -0.091941
0.063516    -0.043417    -0.092198
0.058393    0.135866    -0.010695
0.059432    0.135866    -0.014605
0.06768    0.135866    0.08058
0.073937    0.135866    0.029941
0.080969    -0.020061    0.071067
0.068775    -0.013345    0.081775
0.077369    -0.053357    0.074229
0.060854    -0.105114    0.041764
0.057549    -0.105114    0.050052
0.065514    -0.105114    -0.00626
0.052291    -0.105114    -0.060956
0.107359    0.033086    0.018275
0.108151    -0.020946    0.006077
0.107481    -0.1002    0.016404
0.03488    0.043402    -0.107227
0.040607    -0.017389    -0.105287
0.043514    0.013117    -0.104302
0.034292    0.135866    0.098915
0.041146    0.135866    0.015805
0.048298    0.135866    -0.077312
0.071416    0.116789    0.079456
0.065152    -0.035026    0.084956
0.066089    0.09171    0.084133
0.047851    -0.105114    0.029554
0.044113    -0.105114    0.084612
0.042194    -0.105114    0.044704
0.038454    -0.105114    0.040524
0.045958    -0.105114    0.040596
0.033428    -0.06347    -0.107719
0.034463    -0.003939    -0.107368
0.041509    -0.072976    -0.104981
0.03586    0.135866    -0.055718
0.043502    0.135866    -0.062581
0.035186    0.135866    -0.058944
0.042012    0.029883    0.098353
0.034168    -0.016844    0.102227
0.040813    0.022985    0.098945
0.052532    -0.057872    0.093157
0.051663    0.009281    0.093587
0.052615    -0.017163    0.093116
0.033913    -0.105114    0.011054
0.027616    -0.105114    -0.020313
0.035771    -0.105114    0.012978
0.023817    -0.105114    -0.063685
0.03065    -0.105114    -0.027741
0.01742    0.110243    -0.112503
-0.001624    0.131866    -0.113739
0.016205    0.124211    -0.112582
0.019219    0.035743    -0.112386
0.019473    0.135866    0.091968
0.016501    0.135866    -0.040633
0.026876    0.135866    0.03537
0.014985    -0.096226    0.106118
0.032808    0.121233    0.10256
0.032748    -0.073361    0.102572
0.017582    -0.105114    0.066384
0.024501    -0.105114    0.073888
0.024868    -0.105114    -0.010915
0.020561    -0.105114    0.064935
0.015212    -0.105114    0.043024
-0.008597    0.083922    -0.114191
-0.008094    0.073755    -0.114159
-0.005811    -0.001604    -0.11401
-0.001797    0.034982    -0.11375
0.004793    0.135866    0.085612
0.004539    0.135866    -0.080122
0.007043    0.135866    -0.010147
0.010464    0.108101    0.107021
0.032546    0.133772    0.102612
0.006452    0.135269    0.107822
0.00828    -0.105114    -0.100379
0.010681    -0.105114    -0.035369
0.001888    -0.105114    0.051426
0.008335    -0.105114    -0.030477
0.007928    -0.105114    -0.087063
0.008458    -0.105114    -0.07814
-0.012847    0.085049    -0.113518
-0.009772    0.081403    -0.114131
-0.021997    0.066582    -0.111694
-0.011985    0.135866    0.007635
-0.010025    0.135866    -0.051416
-0.00929    0.135866    0.050828
-0.006681    -0.007592    0.107235
-0.000284    -0.056465    0.10765
-0.001708    -0.080819    0.107558
-0.00959    -0.105114    0.013842
0.000561    -0.105114    0.105787
-0.020797    -0.105114    0.081649
-0.015544    -0.105114    0.036036
0.000231    -0.105114    0.074559
-0.011743    -0.105114    0.039375
-0.029131    0.029907    -0.110271
-0.02909    -0.07581    -0.110279
-0.030412    0.05247    -0.110016
-0.019186    0.135866    -0.02338
-0.02111    0.135866    -0.071859
-0.015015    0.135866    -0.091644
-0.001819    0.094526    0.10755
-0.005321    0.132339    0.107323
-0.020515    0.103085    0.106337
-0.022368    -0.105114    0.086719
-0.026684    -0.105114    -0.064862
-0.026491    -0.105114    0.034796
-0.030497    -0.105114    -0.003085
-0.016028    -0.105114    -0.104986
-0.016445    -0.105114    -0.062407
-0.042685    0.049916    -0.106121
-0.044325    0.042534    -0.10531
-0.040165    -0.035913    -0.107365
-0.042535    0.135866    0.053863
-0.041221    0.135866    -0.046639
-0.031416    0.135866    0.068115
-0.037833    -0.07402    0.101305
-0.02845    -0.079284    0.104484
-0.0355    -0.069742    0.102095
-0.042177    -0.105114    0.042461
-0.039207    -0.105114    0.016453
-0.046041    -0.105114    0.023495
-0.034118    -0.105114    -0.000769
-0.033142    -0.105114    0.061126
-0.0357    -0.105114    -0.042984
-0.060037    0.003527    -0.09755
-0.061685    0.013097    -0.096737
-0.060219    0.080008    -0.09746
-0.050976    0.135866    -0.016058
-0.045682    0.135866    -0.021737
-0.035237    0.084483    0.102184
-0.047024    -0.057884    0.098191
-0.03516    0.09199    0.10221
-0.056467    -0.105114    -0.053557
-0.048067    -0.105114    0.028013
-0.052437    -0.105114    0.0129
-0.051367    -0.105114    -0.05422
-0.054902    -0.105114    -0.039145
-0.071144    0.124968    -0.089257
-0.077109    0.067005    -0.08402
-0.066918    0.091236    -0.092968
-0.064091    0.135866    -0.063347
-0.063107    0.135866    -0.073188
-0.05336    -0.069833    0.095302
-0.055644    0.07522    0.093779
-0.062205    -0.100909    0.089401
-0.065167    -0.09966    0.087425
-0.062652    -0.105114    0.068447
-0.061904    -0.105114    -0.002615
-0.060798    -0.105114    0.033438
-0.058921    -0.105114    0.03624
-0.083541    -0.026775    -0.078371
-0.076726    -0.074096    -0.084356
-0.069927    -0.067417    -0.090325
-0.071614    0.135866    -0.077881
-0.077233    0.135866    -0.045185
-0.056845    0.082367    0.092977
-0.075275    0.053101    0.08068
-0.068697    0.047581    0.085069
-0.072775    -0.105114    -0.026155
-0.072981    -0.105114    -0.02697
-0.078114    -0.105114    0.005183
-0.090972    -0.004071    -0.068564
-0.089083    0.002031    -0.071396
-0.091114    -0.055168    -0.068352
-0.092621    -0.086888    -0.066093
-0.085662    0.135866    0.063832
-0.075347    0.123241    0.080603
-0.077519    -0.047077    0.078129
-0.077035    0.107048    0.078681
-0.083478    -0.105114    0.044648
-0.084808    -0.105114    0.026286
-0.080463    -0.105114    0.01324
-0.092414    0.110164    -0.066403
-0.092293    0.039495    -0.066584
-0.097991    0.111172    -0.058045
-0.095967    -0.105114    -0.015104
-0.0918    -0.105114    -0.060662
-0.098622    0.135866    -0.030373
-0.094346    -0.015301    0.058961
-0.087224    -0.007678    0.067075
-0.082821    -0.049608    0.07209
-0.104797    0.036741    -0.043518
-0.103455    0.064585    -0.047482
-0.106803    -0.059566    -0.037597
-0.100048    -0.105114    -0.006408
-0.102548    0.135866    -0.023628
-0.103513    0.073063    0.040512
-0.096449    0.096255    0.054813
-0.098962    0.106428    0.049726
-0.108438    0.094281    -0.03277
-0.109799    0.017582    -0.028754
-0.10725    0.092251    -0.036277
-0.110564    -0.105114    -0.021893
-0.105982    0.091675    0.035514
-0.097758    -0.096938    0.052163
-0.100885    -0.038512    0.045832
-0.111375    0.061634    -0.021297
-0.112018    -0.074253    -0.011406
-0.111926    -0.094551    -0.012819
-0.112119    -0.000209    -0.009842
-0.107988    0.077117    0.029529
-0.107851    0.093567    0.030219
-0.109721    0.053084    0.020847
-0.112225    0.069257    -0.008212
-0.112341    -0.011235    -0.006428
-0.112314    0.017359    -0.006845
-0.111845    -0.076539    0.010201
-0.108863    -0.063371    0.025145
-0.110316    -0.025677    0.017865
-0.112754    0.084824    0.005646
0.090852    0.135866    -0.05996
0.085611    0.135866    0.006123
0.078701    0.135866    -0.023106
0.055938    0.135866    -0.045132
0.059827    0.135866    0.007401
0.067461    0.135866    0.032123
0.047214    0.135866    -0.043433
0.045666    0.135866    0.029471
0.047559    0.135866    0.036768
0.031513    0.135866    -0.101019
0.031301    0.135866    -0.059598
0.021783    0.135866    0.054879
0.022521    0.135866    0.003836
0.018767    0.135866    -0.01374
0.005359    0.135866    0.019865
0.004265    0.135866    -0.072938
0.002719    0.135866    0.005308
-0.006193    0.135866    -0.021244
-0.011159    0.135866    -0.053557
-0.005286    0.135866    0.040183
-0.033565    0.135866    -0.074896
-0.020949    0.135866    0.061152
-0.028107    0.135866    0.03134
-0.046712    0.135866    0.085476
-0.048877    0.135866    0.09624
-0.027186    0.135866    0.089126
-0.055192    0.135866    -0.010145
-0.052238    0.135866    -0.041498
-0.0656    0.135866    0.015873
-0.061836    0.135866    0.071399
-0.075937    0.135866    -0.039176
-0.075737    0.135866    -0.057267
-0.092399    0.135866    0.049021
-0.094347    0.135866    -0.026693
-0.101648    0.135866    0.030426
