-0.112662    -0.737    -0.019653
-0.117109    -0.654277    0.00217
-0.116777    -0.497353    0.004691
-0.11715    -0.719395    0.001863
-0.116251    -0.729171    0.008687
-0.115493    -0.657935    0.014447
-0.11593    -0.529935    0.01113
-0.116642    -0.389796    0.005717
-0.115457    -0.557624    0.014719
-0.115373    -0.621397    0.015357
-0.116884    -0.730767    0.003882
-0.115548    -0.587887    0.01403
-0.113483    -0.468952    -0.028883
-0.114924    -0.576644    -0.017938
-0.113611    -0.531877    -0.027912
-0.116243    -0.711334    -0.007912
-0.114281    -0.628838    -0.022817
-0.114145    -0.647143    -0.023853
-0.113828    -0.586068    -0.026262
-0.116476    -0.638555    -0.006146
-0.11469    -0.502777    -0.01971
-0.113812    -0.536413    -0.026379
-0.114795    -0.680677    -0.018912
-0.10574    -0.737    0.003863
-0.113137    -0.515026    0.03121
-0.112966    -0.373963    0.031623
-0.112045    -0.522817    0.033847
-0.109016    -0.457008    0.041159
-0.107811    -0.516978    0.044068
-0.107309    -0.611503    0.045279
-0.110158    -0.450242    0.038402
-0.112083    -0.390393    0.033756
-0.107915    -0.581095    0.043816
-0.113208    -0.381106    0.03104
-0.11197    -0.71737    0.034029
-0.106962    -0.624367    0.046118
-0.113603    -0.312661    0.028803
-0.114415    -0.500365    0.022635
-0.116455    -0.345926    0.007139
-0.114951    -0.3689    0.018559
-0.114446    -0.442778    0.022401
-0.115584    -0.278221    0.013756
-0.11392    -0.348007    0.02639
-0.113859    -0.530608    0.026859
-0.11354    -0.261211    0.029282
-0.114712    -0.353118    0.02038
-0.113997    -0.415317    0.025807
-0.114364    -0.320647    -0.022188
-0.116402    -0.546875    -0.006707
-0.114117    -0.27434    -0.024065
-0.116616    -0.602614    -0.005085
-0.115096    -0.323985    -0.016628
-0.114909    -0.363435    -0.01805
-0.116033    -0.568897    -0.009509
-0.115864    -0.283042    -0.010795
-0.116305    -0.301754    -0.007447
-0.114723    -0.264401    -0.019459
-0.115707    -0.528748    -0.011991
-0.105861    -0.239992    -0.047944
-0.110748    -0.286243    -0.036146
-0.110619    -0.517245    -0.036456
-0.107166    -0.461811    -0.044793
-0.110642    -0.569381    -0.036402
-0.111771    -0.352918    -0.033678
-0.10816    -0.422194    -0.042393
-0.106223    -0.319431    -0.047069
-0.110686    -0.29174    -0.036297
-0.105694    -0.372404    -0.048346
-0.112813    -0.243349    -0.031161
-0.106614    -0.343236    -0.046125
-0.107496    -0.672124    -0.043996
-0.107898    -0.637002    -0.043026
-0.105424    -0.432708    -0.048999
-0.110152    -0.735939    -0.037586
-0.107039    -0.569098    -0.0451
-0.109261    -0.667782    -0.039735
-0.104386    -0.650002    -0.051503
-0.109171    -0.703852    -0.039953
-0.102511    -0.29756    -0.05603
-0.107118    -0.549322    -0.044909
-0.106781    -0.584799    -0.045722
-0.094255    -0.737    0.024898
-0.090301    -0.737    0.069683
-0.102163    -0.355384    0.057703
-0.109729    -0.261448    0.039438
-0.103231    -0.317239    0.055125
-0.102468    -0.5099    0.056968
-0.101967    -0.611474    0.058176
-0.111781    -0.298497    0.034484
-0.107482    -0.432479    0.044863
-0.1034    -0.622472    0.054718
-0.102959    -0.29166    0.055783
-0.10317    -0.318939    0.055272
-0.101938    -0.388441    0.058247
-0.105903    -0.204611    0.012264
-0.096386    -0.175173    0.020894
-0.102312    -0.191057    0.010228
-0.095885    -0.174527    -0.022467
-0.112383    -0.225116    -0.006547
-0.099842    -0.18727    -0.019967
-0.103343    -0.239307    -0.01254
-0.106208    -0.218895    -0.032051
-0.086754    -0.17519    -0.046781
-0.095611    -0.303973    -0.065955
-0.093527    -0.294851    -0.06867
-0.094757    -0.287568    -0.067067
-0.100387    -0.298256    -0.05973
-0.098079    -0.413317    -0.062738
-0.097099    -0.303319    -0.064015
-0.09278    -0.311503    -0.069644
-0.088894    -0.251822    -0.074709
-0.098493    -0.55803    -0.062198
-0.096071    -0.317233    -0.065355
-0.091432    -0.433994    -0.071402
-0.088257    -0.274444    -0.075539
-0.09166    -0.737    -0.023774
-0.091381    -0.737    -0.020557
-0.095334    -0.662016    0.067149
-0.097567    -0.649959    0.064239
-0.100622    -0.483761    0.060258
-0.098263    -0.332378    0.063332
-0.098588    -0.709776    0.062908
-0.091899    -0.630292    0.071625
-0.098543    -0.730786    0.062966
-0.096595    -0.63281    0.065505
-0.095722    -0.477334    0.066643
-0.095493    -0.618337    0.066941
-0.099167    -0.489992    0.062153
-0.113287    -0.239307    -0.00612
-0.086412    -0.169103    0.043949
-0.092895    -0.182314    0.038043
-0.091501    -0.151215    0.006191
-0.087604    -0.138752    0.008846
-0.093867    -0.18078    0.034564
-0.081369    -0.145419    0.038655
-0.112921    -0.224306    -0.000707
-0.09059    -0.15178    -0.013498
-0.094535    -0.175243    -0.028037
-0.09672    -0.189562    -0.033323
-0.097141    -0.239307    0.041783
-0.094282    -0.239307    0.039944
-0.086076    -0.178329    -0.050108
-0.067127    -0.142535    -0.058209
-0.10012    -0.718152    -0.060077
-0.090239    -0.480078    -0.072956
-0.083848    -0.400552    -0.081285
-0.09149    -0.700181    -0.071325
-0.087914    -0.560759    -0.075986
-0.084195    -0.316736    -0.080833
-0.088626    -0.689056    -0.075059
-0.090312    -0.723265    -0.072861
-0.091024    -0.621963    -0.071933
-0.090545    -0.451334    -0.072557
-0.083468    -0.336854    -0.08178
-0.08534    -0.239307    0.008865
-0.090668    -0.239307    0.008126
-0.091815    -0.232879    -0.067922
-0.092951    -0.223126    -0.061919
-0.087278    -0.234013    -0.074361
-0.078556    -0.737    0.084339
-0.069707    -0.737    0.0705
-0.073311    -0.737    0.027188
-0.090788    -0.50096    0.073073
-0.089414    -0.239807    0.074863
-0.085191    -0.510783    0.080366
-0.090636    -0.495743    0.073271
-0.085258    -0.452429    0.080279
-0.089965    -0.540734    0.074146
-0.091309    -0.312171    0.072393
-0.09022    -0.484892    0.073813
-0.089625    -0.396117    0.074588
-0.09138    -0.270888    0.072302
-0.093662    -0.272534    0.069327
-0.079102    -0.152467    0.048038
-0.074909    -0.152563    0.053549
-0.053394    -0.096511    0.001079
-0.076237    -0.125083    0.022327
-0.068078    -0.110883    -0.008454
-0.075325    -0.125083    -0.028434
-0.056366    -0.103043    -0.020555
-0.074668    -0.169155    0.061556
-0.08762    -0.227487    0.071722
-0.066943    -0.125083    -0.023016
-0.070924    -0.124898    -0.044838
-0.066387    -0.733607    -0.09509
-0.070225    -0.532997    -0.092145
-0.075003    -0.450161    -0.088479
-0.07048    -0.607212    -0.091949
-0.079626    -0.579475    -0.084932
-0.075892    -0.686729    -0.087798
-0.069643    -0.53852    -0.092591
-0.078903    -0.540997    -0.085487
-0.079023    -0.564894    -0.085395
-0.075778    -0.495166    -0.087885
-0.082882    -0.385258    -0.082434
-0.075058    -0.239307    0.060445
-0.075153    -0.239307    0.067886
-0.060798    -0.239307    0.093195
-0.067059    -0.213981    -0.085564
-0.063867    -0.206054    -0.085193
-0.060533    -0.131582    -0.061258
-0.071229    -0.737    -0.050939
-0.06475    -0.737    -0.036206
-0.060481    -0.737    0.085989
-0.065208    -0.737    0.017229
-0.074592    -0.601385    0.089627
-0.072937    -0.732171    0.090896
-0.061264    -0.312128    0.099854
-0.074589    -0.694279    0.089629
-0.059795    -0.283003    0.100981
-0.064915    -0.633671    0.097053
-0.076791    -0.703428    0.087939
-0.069957    -0.673061    0.093183
-0.064554    -0.39406    0.09733
-0.067064    -0.579518    0.095403
-0.079776    -0.733867    0.085649
-0.082033    -0.601884    0.083917
-0.070987    -0.383875    0.092393
-0.062843    -0.312339    0.098643
-0.076959    -0.322924    0.08781
-0.075552    -0.274051    0.08889
-0.082556    -0.429594    0.083516
-0.082357    -0.245881    0.083668
-0.079032    -0.457238    0.08622
-0.074723    -0.332221    0.089527
-0.065417    -0.284681    0.096668
-0.06452    -0.337538    0.097356
-0.061885    -0.125083    0.034361
-0.069085    -0.125083    0.033756
-0.056415    -0.108055    0.034488
-0.04938    -0.093539    -0.005967
-0.047646    -0.130335    0.071535
-0.061644    -0.155421    0.069719
-0.038241    -0.09233    -0.029249
-0.05928    -0.556049    -0.100543
-0.07209    -0.279288    -0.090714
-0.0613    -0.626861    -0.098993
-0.079418    -0.294183    -0.085092
-0.065838    -0.434647    -0.095511
-0.066879    -0.292265    -0.094712
-0.062109    -0.416207    -0.098373
-0.060689    -0.411058    -0.099462
-0.061348    -0.338114    -0.098957
-0.06911    -0.501088    -0.093001
-0.064556    -0.36132    -0.096495
-0.066787    -0.217745    0.087945
-0.074151    -0.221024    0.08346
-0.066562    -0.20604    0.083953
-0.071848    -0.239307    -0.06514
-0.061205    -0.239307    -0.022517
-0.067384    -0.239307    0.020293
-0.057404    -0.192116    -0.085194
-0.057101    -0.153247    -0.071599
-0.049611    -0.737    0.057813
-0.057047    -0.737    -0.049782
-0.058859    -0.737    0.060479
-0.040187    -0.737    0.079654
-0.050527    -0.737    0.065153
-0.047951    -0.283882    0.106214
-0.054468    -0.547034    0.103515
-0.054836    -0.388722    0.103363
-0.048996    -0.323955    0.105782
-0.052032    -0.298611    0.104524
-0.043157    -0.376397    0.1082
-0.031416    -0.240845    0.113062
-0.045545    -0.46928    0.107211
-0.047193    -0.483636    0.106528
-0.039119    -0.311469    0.109872
-0.04645    -0.435951    0.106836
-0.046101    -0.125083    -0.058772
-0.055993    -0.125083    -0.057409
-0.041158    -0.01084    0.00595
-0.042779    -0.03755    0.004325
-0.034239    0.036053    0.019806
-0.03884    -0.049971    0.020433
-0.039943    0.007716    -0.006925
-0.04316    -0.052634    -0.006627
-0.033799    0.061064    -0.016623
-0.039855    -0.026534    -0.013955
-0.051178    -0.125083    0.048666
-0.047851    -0.125083    0.006485
-0.044752    -0.107977    0.048438
-0.030608    0.011817    -0.025841
-0.025999    0.092369    -0.02494
-0.054743    -0.647608    -0.102568
-0.035827    -0.713084    -0.110404
-0.05157    -0.5412    -0.103882
-0.032763    -0.717965    -0.111673
-0.056608    -0.360616    -0.101795
-0.055948    -0.405178    -0.102069
-0.047036    -0.705333    -0.105761
-0.039491    -0.604034    -0.108886
-0.057654    -0.6038    -0.101362
-0.053393    -0.631618    -0.103127
-0.045006    -0.536446    -0.106601
-0.058002    -0.45979    -0.101218
-0.027743    -0.133242    0.082181
-0.029392    -0.136623    0.082531
-0.054622    -0.239307    0.06265
-0.047122    -0.239307    0.008022
-0.045395    -0.239307    0.021189
-0.04313    -0.239307    0.0231
-0.034547    -0.20814    -0.101413
-0.049351    -0.187978    -0.089121
-0.040925    -0.179005    -0.08987
-0.032142    -0.737    -0.009145
-0.049612    -0.737    -0.080855
-0.037556    -0.737    -0.107251
-0.040307    -0.737    -0.090905
-0.039316    -0.494899    0.10979
-0.056636    -0.736743    0.102617
-0.045144    -0.550981    0.107377
-0.04494    -0.716294    0.107461
-0.035854    -0.695517    0.111224
-0.033409    -0.726479    0.112237
-0.05152    -0.656001    0.104736
-0.046756    -0.556088    0.106709
-0.055763    -0.705474    0.102979
-0.036343    -0.384593    0.111022
-0.038733    -0.565958    0.110032
-0.033746    -0.402886    0.112097
-0.036982    -0.218916    0.104528
-0.027866    -0.183599    0.097514
-0.038053    -0.089728    0.020816
-0.032501    -0.044922    0.029071
-0.032953    -0.082521    0.031705
-0.03895    0.039367    0.002643
-0.033174    0.1121    0.012004
-0.033126    0.0995    0.01384
-0.033446    0.016957    0.022533
-0.037741    0.065773    -0.000432
-0.033576    0.111344    -0.010303
-0.041835    -0.049939    -0.012367
-0.036439    -0.037657    -0.022484
-0.037527    -0.125083    0.000932
-0.040489    -0.125083    -0.002804
-0.03212    -0.092292    0.036628
-0.024784    -0.07307    -0.036815
-0.025345    -0.040688    -0.034255
-0.040297    -0.298366    -0.108552
-0.038157    -0.514322    -0.109438
-0.04746    -0.300659    -0.105585
-0.031162    -0.390407    -0.112336
-0.03558    -0.607796    -0.110506
-0.041263    -0.530877    -0.108152
-0.034172    -0.489537    -0.111089
-0.052247    -0.271237    -0.103602
-0.036178    -0.364491    -0.110258
-0.049312    -0.276746    -0.104818
-0.041066    -0.293691    -0.108233
-0.032329    -0.594488    -0.111853
-0.039147    -0.239307    -0.0075
-0.032213    -0.239307    -0.006591
-0.045788    -0.239307    -0.08066
-0.038171    -0.239307    -0.103731
-0.043273    -0.239307    0.009375
-0.027562    -0.174759    -0.094108
-0.039908    -0.134325    -0.076642
-0.02952    -0.737    -0.048418
-0.020002    -0.737    0.026894
-0.029592    -0.737    -0.053171
-0.021192    -0.737    0.044677
-0.025444    -0.737    0.028862
-0.02506    -0.411734    0.114112
-0.023428    -0.52335    0.114327
-0.028018    -0.264885    0.113722
-0.014781    -0.340714    0.115466
-0.009691    -0.30544    0.116137
-0.011598    -0.366487    0.115885
-0.028106    -0.285346    0.113711
-0.028099    -0.437935    0.113712
-0.021334    -0.447253    0.114603
-0.013145    -0.371353    0.115682
-0.015159    -0.2429    0.115416
-0.017631    -0.140693    0.087017
-0.01876    -0.132131    0.084431
-0.027893    -0.089728    -0.019835
-0.026944    0.024148    0.029593
-0.033496    0.127313    0.00889
-0.035585    0.121393    -0.003204
-0.037403    -0.125083    -0.058192
-0.025765    -0.125083    -0.060821
-0.023709    -0.125083    0.056092
-0.020049    0.052013    0.033051
-0.029497    -0.05042    0.03254
-0.023023    0.086523    -0.027666
-0.022547    -0.046813    -0.036804
-0.031134    -0.112955    -0.063176
-0.029797    -0.529275    -0.112657
-0.021755    -0.437018    -0.113716
-0.016679    -0.520961    -0.114384
-0.01752    -0.621023    -0.114273
-0.029293    -0.345634    -0.112723
-0.018859    -0.656322    -0.114097
-0.026419    -0.503257    -0.113102
-0.021448    -0.721855    -0.113756
-0.009592    -0.70354    -0.115317
-0.028115    -0.498426    -0.112878
-0.010146    -0.603776    -0.115244
-0.029173    -0.239307    -0.031228
-0.022328    -0.239307    0.081969
-0.013372    -0.239307    0.038256
-0.020933    -0.239307    0.065354
-0.028623    -0.239307    0.094326
-0.026548    -0.239307    0.023423
-0.019885    -0.220373    -0.108572
-0.018882    -0.163966    -0.092646
-0.007092    -0.737    -0.036454
-0.019156    -0.737    -0.079768
-0.000637    -0.737    0.007604
-0.003495    -0.737    -0.086588
-0.001656    -0.737    0.072334
-0.006412    -0.53984    0.116568
-0.004515    -0.65246    0.116818
-0.010252    -0.591313    0.116063
-0.003201    -0.597642    0.116992
-0.006326    -0.644119    0.11658
-0.013003    -0.576888    0.1157
-0.00738    -0.51298    0.116441
-0.019875    -0.707388    0.114795
-0.013093    -0.556506    0.115688
-0.000955    -0.441337    0.117287
-0.009709    -0.490475    0.116134
-0.007041    -0.587642    0.116486
-0.005706    -0.212909    0.109146
-0.002246    -0.187906    0.102484
-0.02076    -0.203177    0.104392
-0.008137    -0.125083    0.055698
-0.018779    -0.125083    -0.043294
-0.010639    -0.095843    0.05142
-0.020099    0.119431    -0.00686
-0.042496    0.137815    0.01361
-0.034017    0.127074    -0.018574
-0.020282    -0.089728    -0.015182
-0.015454    0.051742    0.035169
-0.016468    -0.046429    -0.039463
-0.013333    -0.078522    -0.042575
-0.018059    -0.093587    -0.045792
-0.020874    -0.262195    -0.113831
-0.015892    -0.403308    -0.114487
-0.015054    -0.430583    -0.114598
-0.005619    -0.391261    -0.115839
-0.000989    -0.513851    -0.116449
-0.007614    -0.467207    -0.115577
-0.00638    -0.447538    -0.115739
-0.00982    -0.376841    -0.115286
-0.001036    -0.580912    -0.116443
-0.021007    -0.358955    -0.113814
-0.020743    -0.249399    -0.113849
-0.01086    0.043691    0.037526
-0.013792    -0.030434    0.0405
-0.013029    -0.239307    -0.075943
-0.003354    -0.239307    0.03707
-0.013791    -0.239307    -0.073383
-0.010811    -0.239307    -0.08538
-0.001006    -0.239307    -0.090254
-0.004802    -0.177405    -0.098325
-0.005537    -0.1301    -0.084762
0.013679    -0.737    -0.006705
0.024654    -0.737    0.089411
0.004305    -0.737    0.076475
0.010917    -0.737    0.017726
0.010894    -0.737    0.075748
0.003617    -0.378745    0.116832
0.024107    -0.257882    0.114133
0.004926    -0.343027    0.11666
0.003732    -0.639322    0.116817
0.004279    -0.634418    0.116745
0.000439    -0.320697    0.117251
0.000738    -0.639644    0.117212
0.022977    -0.257799    0.114282
0.003255    -0.439743    0.11688
0.002555    -0.50154    0.116972
0.023249    -0.315448    0.114246
0.002304    -0.426483    0.117005
0.000813    -0.209106    0.108604
0.013871    -0.141359    0.087597
-0.011461    -0.125083    -0.076871
-0.010809    -0.125083    -0.072907
-0.005671    -0.092214    0.048092
-0.012431    0.119431    0.016484
-0.033516    0.140432    0.004176
-0.027086    0.138721    0.022626
-0.019634    0.138721    0.030444
-0.032389    0.138721    -0.024984
-0.029987    0.185191    -0.015236
-0.024852    0.140343    -0.022461
-0.013481    -0.089728    -0.015536
-0.023015    0.130307    -0.032671
-0.013303    -0.011487    -0.038799
-0.009135    -0.100116    -0.055474
0.015324    -0.730159    -0.114458
0.007238    -0.639543    -0.115522
0.016278    -0.71548    -0.114332
0.00328    -0.487384    -0.116043
0.007378    -0.370409    -0.115504
-0.00025    -0.41611    -0.116508
0.014333    -0.722992    -0.114588
0.000439    -0.548437    -0.116417
0.004827    -0.450361    -0.11584
0.001326    -0.64674    -0.1163
0.007031    -0.693534    -0.115549
-0.009277    -0.030002    0.041747
-0.007765    0.08368    0.03596
0.006091    -0.239307    0.04528
0.000323    -0.239307    -0.071719
0.024861    -0.239307    0.084499
-0.000181    -0.239307    0.00028
0.023845    -0.239307    0.086916
0.008482    -0.208302    -0.106532
0.008511    -0.175651    -0.097234
0.009827    -0.210757    -0.107054
0.025594    -0.737    -0.026856
0.005357    -0.737    -0.104027
0.02556    -0.737    -0.094956
0.023403    -0.737    -0.084631
0.028794    -0.737    -0.097181
0.022576    -0.565948    0.114335
0.028541    -0.474741    0.113549
0.024389    -0.35428    0.114096
0.027491    -0.488379    0.113688
0.010417    -0.712208    0.115937
0.028292    -0.563821    0.113582
0.023352    -0.735265    0.114233
0.01846    -0.471479    0.114877
0.01726    -0.736403    0.115035
0.023988    -0.539395    0.114149
0.011898    -0.63987    0.115742
0.019327    -0.151459    0.089754
0.017376    -0.159422    0.092278
0.026514    -0.220651    0.108505
0.018726    -0.125083    -0.00058
0.01673    -0.125083    -0.020405
0.006026    -0.110046    0.067501
0.006516    -0.125083    -0.024166
0.014213    -0.125083    -0.0657
0.013631    -0.125083    -0.023663
-0.01068    -0.089728    0.040986
-0.003928    -0.063026    0.044189
-0.008596    -0.066863    0.043777
-0.014633    0.146389    0.042597
-0.044637    0.169988    0.004674
-0.033678    0.161023    0.00295
-0.027583    0.177962    0.019733
-0.017267    0.180819    0.029479
-0.033546    0.170271    -0.003118
-0.034661    0.171119    -0.027894
-0.025219    0.141089    -0.036525
-0.011516    -0.089728    0.03629
-0.008156    0.035889    -0.037593
-0.005828    0.011812    -0.039167
-0.004269    -0.112703    -0.069921
0.026174    -0.534421    -0.11303
0.013359    -0.369392    -0.114716
0.020617    -0.284314    -0.113761
0.02259    -0.408059    -0.113502
0.026643    -0.343655    -0.112968
0.02835    -0.505006    -0.112743
0.008729    -0.243431    -0.115326
0.005386    -0.255068    -0.115766
0.026468    -0.559772    -0.112991
0.014549    -0.344962    -0.11456
0.019691    -0.445715    -0.113883
-0.002892    0.119431    -0.002091
0.022468    -0.239307    -0.063978
0.022047    -0.239307    -0.051225
0.029007    -0.239307    -0.060413
0.019158    -0.239307    -0.087682
0.014248    -0.239307    -0.052239
0.020244    -0.171985    -0.094646
0.02156    -0.172526    -0.094626
0.0332    -0.737    0.101316
0.040887    -0.737    -0.025881
0.036014    -0.737    0.057543
0.034783    -0.737    0.019582
0.035107    -0.737    0.021152
0.035646    -0.521372    0.110983
0.048629    -0.336638    0.105605
0.042377    -0.464793    0.108195
0.045719    -0.442696    0.106811
0.031168    -0.704913    0.112837
0.03912    -0.499953    0.109544
0.051372    -0.305883    0.10447
0.037575    -0.364698    0.110184
0.046427    -0.354409    0.106518
0.050763    -0.341166    0.104722
0.03379    -0.243583    0.111751
0.022099    -0.128654    0.082789
0.032316    -0.1414    0.082451
0.025816    -0.125083    -0.016084
0.021925    -0.125083    -0.069558
0.015598    -0.110174    0.066382
0.014455    -0.112725    -0.0685
0.000694    -0.089728    -0.04464
0.000778    -0.011456    0.041785
-0.031306    0.166413    0.032685
-0.007234    0.119431    -0.002515
-0.026144    0.19858    0.001862
-0.035917    0.182235    -0.00525
-0.024646    0.17497    -0.036964
-0.011769    0.127858    -0.036805
-0.004517    0.081887    -0.035649
0.002367    -0.101792    -0.058099
0.049934    -0.651317    -0.104232
0.033091    -0.519412    -0.111209
0.043724    -0.658851    -0.106805
0.032912    -0.530202    -0.111284
0.038411    -0.648298    -0.109006
0.045855    -0.70212    -0.105922
0.031884    -0.352273    -0.11171
0.038942    -0.453016    -0.108786
0.040832    -0.697815    -0.108003
0.031077    -0.590926    -0.112044
0.042726    -0.652917    -0.107218
0.001076    0.119431    -0.01025
0.03359    -0.239307    -0.048305
0.044019    -0.239307    0.035034
0.04948    -0.239307    0.087729
0.04708    -0.239307    0.05161
0.025648    -0.173308    -0.09413
0.057769    -0.737    -0.008538
0.04475    -0.737    -0.079015
0.048775    -0.737    -6.1e-05
0.050325    -0.737    -0.099624
0.040381    -0.714632    0.109021
0.047824    -0.626262    0.105939
0.046304    -0.450723    0.106569
0.04005    -0.636825    0.109159
0.050109    -0.450125    0.104993
0.051198    -0.511104    0.104541
0.042311    -0.620674    0.108222
0.052927    -0.463874    0.103826
0.036453    -0.626292    0.110648
0.034571    -0.683148    0.111428
0.054227    -0.333841    0.103287
0.041058    -0.157239    0.083669
0.046842    -0.228527    0.103052
0.042699    -0.222895    0.103048
0.031932    -0.111882    0.062086
0.038076    -0.125083    0.015544
0.032678    -0.125083    -0.074832
0.013015    -0.090039    0.04421
0.007941    -0.026209    0.041618
0.006646    -0.014592    0.041177
0.018365    -0.0944    -0.046296
0.003488    -0.031306    -0.041641
0.003408    -0.033178    -0.04175
-0.001376    0.153421    0.033903
-0.022432    0.19858    0.024349
-0.023202    0.182235    -0.030491
0.040258    -0.34269    -0.10824
0.047027    -0.412693    -0.105436
0.058024    -0.604443    -0.100881
0.05666    -0.49495    -0.101446
0.05157    -0.383598    -0.103554
0.0489    -0.24613    -0.10466
0.045299    -0.323568    -0.106152
0.040155    -0.357526    -0.108283
0.057841    -0.300829    -0.100956
0.054699    -0.286865    -0.102258
0.047541    -0.463902    -0.105223
0.048675    -0.416457    -0.104753
0.003729    0.122527    -0.033509
0.006821    -0.005279    -0.039832
0.036638    -0.239307    -0.079366
0.036731    -0.183023    -0.092507
0.034365    -0.168811    -0.089145
0.074585    -0.737    0.068213
0.063906    -0.737    0.092804
0.058338    -0.737    0.094927
0.062012    -0.737    0.028979
0.060917    -0.3142    0.099513
0.064504    -0.319912    0.09676
0.064604    -0.443481    0.096683
0.061753    -0.262997    0.098871
0.076551    -0.321051    0.087516
0.077671    -0.329636    0.086656
0.058663    -0.4083    0.101242
0.076055    -0.334356    0.087896
0.077884    -0.304674    0.086493
0.062412    -0.527262    0.098366
0.061229    -0.496885    0.099273
0.046534    -0.141988    0.075926
0.053611    -0.168153    0.079805
0.046172    -0.125083    0.056025
0.045588    -0.125083    0.010196
0.030959    -0.137003    -0.080839
0.042706    -0.179021    -0.088809
0.024707    -0.111529    -0.063832
0.013315    -0.089728    0.016012
0.017838    -0.089327    0.041824
0.015233    -0.009403    0.038387
0.008856    0.099184    0.034893
0.014994    -0.089728    -0.022801
0.012503    -0.067245    -0.041954
0.010874    0.072775    -0.034716
-0.000602    0.19858    -0.023475
-0.015966    0.19858    0.019868
-0.003655    0.182235    -0.043682
0.059201    -0.477101    -0.099995
0.060346    -0.639066    -0.099117
0.063972    -0.428947    -0.096336
0.068907    -0.489665    -0.092549
0.064227    -0.559367    -0.09614
0.062235    -0.540282    -0.097668
0.060993    -0.604376    -0.098621
0.058402    -0.684473    -0.100609
0.077847    -0.652304    -0.08569
0.074023    -0.724374    -0.088623
0.063633    -0.619559    -0.096595
0.002946    0.175295    0.033592
0.057527    -0.239307    -0.009424
0.05307    -0.239307    0.036414
0.056743    -0.239307    -0.061493
0.055459    -0.239307    0.01138
0.081452    -0.737    -0.074518
0.07033    -0.737    -0.040069
0.07539    -0.737    -0.010952
0.079931    -0.552391    0.084922
0.071449    -0.628342    0.091431
0.078006    -0.338869    0.086399
0.072177    -0.728369    0.090873
0.076043    -0.593405    0.087905
0.079715    -0.610519    0.085088
0.07433    -0.663096    0.08922
0.063738    -0.69579    0.097348
0.080214    -0.591149    0.084705
0.082208    -0.556584    0.083175
0.081848    -0.406118    0.083451
0.058467    -0.239307    0.031798
0.058818    -0.239307    -0.054172
0.075351    -0.239307    0.040047
0.074635    -0.239307    0.034809
0.063139    -0.200239    0.083909
0.07746    -0.231242    0.083949
0.062826    -0.22569    0.093204
0.048322    -0.114735    0.054356
0.028229    -0.086118    0.035256
0.027511    -0.0398    0.032759
0.051453    -0.125083    -0.008984
0.059322    -0.217749    -0.092234
0.060497    -0.190574    -0.081665
0.052305    -0.18525    -0.086056
0.03384    -0.097711    -0.0413
0.019922    0.036531    0.033561
0.023236    -0.089728    -0.012313
0.019915    -0.043171    -0.037523
0.012532    0.149102    0.031136
-0.004457    0.19858    -0.019332
-0.002794    0.139154    -0.032885
-0.006548    0.173097    -0.043577
0.075531    -0.593317    -0.087467
0.078863    -0.384329    -0.08491
0.076156    -0.371367    -0.086987
0.067653    -0.244254    -0.093511
0.070413    -0.246442    -0.091394
0.064672    -0.2927    -0.095798
0.073277    -0.441418    -0.089196
0.079294    -0.413048    -0.084579
0.07658    -0.368184    -0.086661
0.079677    -0.254645    -0.084285
0.080137    -0.479816    -0.083933
0.062452    -0.275108    -0.097502
0.005746    0.138721    -0.040336
0.085241    -0.737    0.013311
0.088145    -0.737    0.013098
0.083798    -0.354598    0.08115
0.090411    -0.603335    0.072533
0.086183    -0.707843    0.078042
0.082563    -0.32457    0.082759
0.092032    -0.615784    0.07042
0.085081    -0.34134    0.079478
0.085661    -0.706588    0.078722
0.085234    -0.623855    0.079279
0.085645    -0.670421    0.078742
0.090448    -0.63867    0.072485
0.087768    -0.629102    0.075977
0.08376    -0.536205    0.0812
0.066621    -0.239307    -0.082314
0.080064    -0.239307    -0.017918
0.072096    -0.239307    -0.038909
0.068985    -0.15974    0.063566
0.079433    -0.214869    0.075509
0.043586    -0.100128    0.036015
0.028443    0.039526    0.026087
0.032361    -0.078494    0.031101
0.06063    -0.125083    0.012475
0.054687    -0.135353    -0.066478
0.051273    -0.135963    -0.069314
0.055579    -0.12296    -0.05923
0.020959    -3.4e-05    -0.034337
0.028368    -0.047415    -0.03177
0.018612    0.128254    0.02853
0.024031    0.150662    0.03766
0.0157    0.19858    -0.008525
0.084148    -0.521359    -0.079862
0.086074    -0.408415    -0.077353
0.082381    -0.447291    -0.082165
0.088628    -0.313139    -0.074024
0.087086    -0.428319    -0.076033
0.091338    -0.413436    -0.070492
0.089184    -0.346593    -0.073299
0.086114    -0.311245    -0.077301
0.088237    -0.338043    -0.074534
0.088846    -0.305509    -0.073739
0.089452    -0.432478    -0.07295
0.008613    0.151507    -0.031929
0.096783    -0.737    0.022021
0.100289    -0.737    0.000258
0.094296    -0.345338    0.06747
0.09569    -0.275483    0.065653
0.089997    -0.382676    0.073072
0.089434    -0.339934    0.073806
0.095297    -0.576469    0.066166
0.094432    -0.365259    0.067292
0.08679    -0.348694    0.077251
0.091577    -0.443827    0.071013
0.090741    -0.27817    0.072103
0.094791    -0.562284    0.066824
0.098423    -0.285486    0.062092
0.085234    -0.239307    -0.022719
0.100332    -0.239307    0.057908
0.081179    -0.183531    0.058706
0.079972    -0.164307    0.051364
0.044749    -0.098525    0.031635
0.0369    -0.089728    -0.007661
0.033342    -0.007131    0.023702
0.067377    -0.125083    -0.03205
0.071198    -0.16523    -0.062394
0.084447    -0.228307    -0.074373
0.092989    -0.230442    -0.06423
0.02093    0.095325    -0.028085
0.023825    0.126853    0.024617
0.028571    0.146481    0.034177
0.001015    0.182235    -0.043926
0.097844    -0.555426    -0.062013
0.09439    -0.550053    -0.066514
0.088856    -0.709151    -0.073726
0.100643    -0.378741    -0.058365
0.093925    -0.736982    -0.067121
0.097542    -0.481483    -0.062407
0.091683    -0.490652    -0.070042
0.097768    -0.474627    -0.062112
0.0906    -0.580245    -0.071454
0.099694    -0.606803    -0.059602
0.099476    -0.641842    -0.059886
0.099756    -0.239307    -0.039319
0.100227    -0.239307    -0.036689
0.014508    0.170195    -0.029486
0.105289    -0.737    0.023897
0.102621    -0.661937    0.054688
0.106413    -0.61722    0.045533
0.106368    -0.726701    0.045643
0.106781    -0.621984    0.044644
0.103721    -0.508471    0.052032
0.102083    -0.519666    0.055988
0.10146    -0.384791    0.05749
0.102372    -0.5402    0.05529
0.10247    -0.57409    0.055052
0.108449    -0.621259    0.040618
0.102817    -0.446249    0.054214
0.095288    -0.211307    0.051739
0.086629    -0.17785    0.047966
0.099514    -0.232159    0.056917
0.05337    -0.102332    0.024688
0.028603    0.022583    -0.026501
0.026436    0.072351    -0.025057
0.037309    -0.046329    0.021723
0.032461    0.076373    0.01669
0.089056    -0.203566    -0.056895
0.072213    -0.149017    -0.053554
0.055647    -0.110681    -0.038316
0.034502    0.16059    0.027901
0.018251    0.19457    -0.027286
0.104096    -0.521007    -0.050295
0.110686    -0.309613    -0.034388
0.101357    -0.644528    -0.056905
0.106676    -0.284261    -0.044067
0.110403    -0.246441    -0.03507
0.100892    -0.641207    -0.058028
0.106116    -0.299291    -0.045418
0.107682    -0.260872    -0.041637
0.105489    -0.521315    -0.046931
0.102414    -0.421255    -0.054354
0.107214    -0.318648    -0.042769
0.109895    -0.239307    0.030889
0.021936    0.138721    -0.037373
0.111581    -0.737    0.006821
0.109761    -0.551357    0.037452
0.106019    -0.299289    0.046486
0.111301    -0.664754    0.033732
0.104182    -0.316621    0.050919
0.109198    -0.37761    0.03881
0.105596    -0.267878    0.047506
0.110723    -0.637505    0.035129
0.11236    -0.477211    0.031176
0.111809    -0.667275    0.032507
0.105539    -0.284289    0.047643
0.106875    -0.390859    0.044418
0.098509    -0.192994    0.030456
0.097673    -0.19024    0.030443
0.064907    -0.110024    0.018695
0.036808    -0.028158    -0.019621
0.03634    -0.009374    -0.01819
0.032929    0.041684    -0.019222
0.035854    -0.039776    -0.022397
0.034412    0.081609    0.011264
0.07531    -0.125083    0.034448
0.090064    -0.161851    -0.027043
0.082818    -0.147457    -0.033919
0.081585    -0.159152    -0.04552
0.095042    -0.195566    -0.039892
0.098649    -0.200103    -0.034531
0.027195    0.154963    0.019207
0.026894    0.19858    -0.003327
0.02116    0.154993    -0.025054
0.110147    -0.654879    -0.035688
0.11118    -0.603602    -0.033193
0.111334    -0.443507    -0.032821
0.111565    -0.568454    -0.032265
0.10535    -0.630477    -0.047267
0.103851    -0.70867    -0.050885
0.108188    -0.633021    -0.040417
0.112078    -0.298878    -0.031026
0.111942    -0.728431    -0.031355
0.112365    -0.351233    -0.030332
0.108699    -0.409165    -0.039183
0.104155    -0.239307    -0.037888
0.113363    -0.442002    0.024616
0.114192    -0.567987    0.018315
0.114022    -0.496456    0.019604
0.114233    -0.545753    0.018002
0.112774    -0.316242    0.029089
0.113614    -0.639044    0.02271
0.112743    -0.630451    0.029324
0.112823    -0.399762    0.028714
0.113464    -0.672152    0.023845
0.112723    -0.502357    0.029478
0.116067    -0.724428    0.004068
0.106168    -0.214771    0.02621
0.105796    -0.21344    0.026154
0.094292    -0.169437    0.018386
0.037896    0.007637    -0.012111
0.035887    0.028131    -0.014166
0.03603    0.061161    0.010098
0.043652    -0.063009    0.001864
0.083185    -0.128362    -0.013097
0.096064    -0.178236    -0.023119
0.06387    -0.108414    -0.013829
0.031333    0.139181    0.010909
0.033488    0.127207    -0.018126
0.022854    0.181834    -0.037733
0.02801    0.189558    -0.017314
0.11587    -0.281316    -0.004735
0.112732    -0.372407    -0.028574
0.113722    -0.582776    -0.021055
0.113091    -0.370117    -0.025849
0.113015    -0.629914    -0.02643
0.112651    -0.294884    -0.029193
0.113316    -0.632311    -0.024136
0.113239    -0.501429    -0.024725
0.114259    -0.295291    -0.016972
0.11382    -0.243365    -0.02031
0.113272    -0.33325    -0.024473
0.113357    -0.68114    -0.023825
0.1152    -0.603059    -0.009826
0.115635    -0.609615    -0.006518
0.114991    -0.491811    -0.011411
0.115608    -0.539997    -0.006724
0.114247    -0.539022    -0.017064
0.114157    -0.713719    -0.017751
0.11639    -0.634097    -0.000783
0.115066    -0.705645    -0.010845
0.114207    -0.571846    -0.017371
0.115602    -0.557257    -0.006768
0.114193    -0.436955    0.018305
0.116106    -0.534217    0.003779
0.114919    -0.287838    0.012795
0.114177    -0.427739    0.018434
0.115053    -0.319032    0.011777
0.115806    -0.34296    0.006054
0.114837    -0.474588    0.013419
0.113983    -0.353147    0.019905
0.116001    -0.413673    0.00457
0.11591    -0.48797    0.005262
0.115808    -0.434172    0.006042
0.116323    -0.595092    0.002128
0.113623    -0.229655    0.001761
0.096793    -0.174199    0.00968
0.07864    -0.120792    0.005606
0.039918    0.000626    -0.003939
0.038785    0.007313    -0.009872
0.036594    0.065966    -0.003055
0.034951    0.103173    0.001486
0.040976    0.138721    -0.005536
0.067367    -0.110953    -0.008425
0.109317    -0.224335    -0.022138
0.096014    -0.171871    -0.00973
0.105907    -0.20998    -0.016995
0.03321    0.14633    0.000344
0.030019    0.167345    -0.013248
0.02758    0.158916    -0.017875
0.044118    0.145569    -0.001775
0.033014    0.141597    -0.001145
0.03017    0.145244    -0.012883
0.031104    0.164829    -0.010629
-0.022151    0.149799    0.025732
-0.032979    0.188013    0.008261
-0.032263    0.164534    -0.00974
-0.028515    0.200744    -0.009012
-0.016642    0.154862    -0.02893
0.010009    0.187601    0.032181
0.00107    0.14292    -0.033007
0.014617    0.203333    0.020547
0.016117    0.143622    -0.028819
0.024532    0.187685    0.022677
0.02699    0.152681    -0.018643
0.033018    0.159367    -0.001117
-0.024601    0.199364    -0.020563
0.007639    0.151868    0.032975
-0.008278    0.20119    0.028342
-0.00508    0.203331    -0.024298
0.025614    0.139678    0.021268
0.032344    0.192293    0.007074
