0.030057    0.423059    -0.008266
-0.015493    0.418081    0.008113
-0.033725    0.419703    0.004642
0.017197    0.436254    -0.036817
-0.053282    0.398154    -0.006263
0.051359    0.415287    -0.068159
0.032125    0.436254    -0.074747
-0.073722    0.390335    -0.033771
0.035887    0.401728    -0.101082
-0.012206    0.436254    -0.100241
-0.016736    0.436254    -0.105831
-0.065897    0.399081    -0.095839
-0.041183    0.417339    -0.116557
-0.011472    0.394462    0.007763
0.032394    0.436146    -0.010255
0.049712    0.41969    -0.038184
0.007465    0.436254    -0.032501
-0.066281    0.393712    -0.019965
-0.022267    0.436254    -0.048945
-0.072144    0.425786    -0.029549
0.041391    0.40936    -0.093366
-0.00088    0.436254    -0.089831
-0.076744    0.408758    -0.07164
-0.072271    0.417458    -0.084679
-0.005259    0.403778    -0.122268
-0.033495    0.410361    -0.119431
-0.117964    0.372744    -0.07573
-0.111165    0.364075    -0.09324
-0.120474    0.379392    -0.013751
-0.144852    0.374868    -0.024327
-0.086765    0.386932    -0.037284
-0.043771    0.373183    -0.12712
-0.076043    0.386977    -0.089784
-0.055638    0.356049    -0.134564
-0.028036    0.377728    -0.129093
-0.083545    0.386977    -0.085876
-0.109388    0.346981    -0.10868
-0.052084    0.385949    -0.112481
-0.028032    0.330325    -0.121474
-0.013805    0.378998    -0.122897
-0.023111    0.358079    -0.142899
-0.022037    0.386977    -0.085014
-0.077358    0.366084    -0.098493
-0.092232    0.279404    -0.087884
-0.076894    0.297563    -0.098824
-0.114048    0.340352    -0.109241
-0.054152    0.293734    -0.111707
-0.052447    0.276931    -0.112345
0.00949    0.369673    -0.125139
0.008493    0.300781    -0.125044
-0.006624    0.344078    -0.123588
-0.002398    0.302948    -0.123995
-0.0687    0.386977    -0.053357
-0.043129    0.386977    -0.070433
-0.0203    0.386977    -0.117948
-0.099278    0.259452    -0.080921
-0.099888    0.307447    -0.080182
-0.161771    0.350965    -0.016347
0.014889    0.386437    -0.124522
-0.013211    0.37843    -0.038246
-0.039173    0.386977    -0.029197
-0.107617    0.329131    -0.070805
-0.117324    0.306382    -0.05903
-0.161922    0.337473    -0.03954
0.030789    0.386977    -0.121471
0.027226    0.320078    -0.122458
0.022431    0.386977    -0.054659
0.028078    0.386977    -0.079673
-0.122791    0.296919    -0.049612
-0.129788    0.262038    -0.034259
-0.037328    0.334474    -0.152903
0.045871    0.337617    -0.119338
0.011893    0.257445    -0.125024
0.027536    0.381947    -0.048635
-0.044777    0.383515    -0.004056
-0.13218    0.326273    -0.029009
-0.135299    0.327017    -0.022166
-0.163086    0.330577    -0.043852
-0.083782    0.348866    -0.013373
-0.118669    0.332516    0.00067
-0.144226    0.34227    0.002998
-0.021529    0.352365    -0.029027
-0.153134    0.328722    0.010017
0.057967    0.258109    -0.114624
0.060949    0.267292    -0.113264
0.022466    0.380411    -0.047036
0.015854    0.386388    -0.028371
-0.083875    0.30774    -0.145307
-0.018503    0.327377    -0.158185
0.08167    0.353134    -0.053084
0.115579    0.372101    -0.091644
0.080308    0.324564    -0.104442
0.078288    0.345305    -0.105362
0.019779    0.378589    -0.045906
0.024922    0.378404    -0.00179
-0.042697    0.386977    -0.004561
-0.077313    0.313804    -0.146007
-0.042835    0.330395    -0.016061
0.027393    0.332606    -0.033084
0.00891    0.358163    -0.037691
0.122668    0.373529    -0.083688
0.090399    0.338203    -0.097394
0.088727    0.287417    -0.098773
-0.044295    0.377633    -0.029147
-0.018029    0.370751    0.028635
-0.135326    0.300843    -0.10582
-0.078577    0.303727    -0.148476
0.159919    0.334065    -0.064214
0.145395    0.340414    -0.085363
0.113917    0.367605    -0.064571
0.112592    0.318863    -0.079101
0.107195    0.304058    -0.083549
0.040743    0.37699    -0.043544
0.037442    0.370921    0.015409
0.021646    0.386977    -0.004017
-0.103076    0.292574    -0.135906
0.03458    0.32357    -0.158716
-0.015525    0.364157    -0.033724
-0.027696    0.355368    0.064043
-0.003722    0.354108    0.060825
0.005563    0.37185    -0.036851
-0.177439    0.304118    -0.032682
0.095831    0.332697    -0.134091
0.029251    0.320176    -0.028959
0.098008    0.377713    -0.063723
0.057896    0.360869    0.034166
-0.047561    0.352763    0.012086
-0.096812    0.281929    -0.142428
-0.0336    0.297303    -0.165593
-0.119479    0.310675    0.00962
-0.027966    0.302891    -0.007941
-0.139525    0.311775    0.013743
-0.126551    0.298445    0.016856
-0.105538    0.31831    0.002903
0.003244    0.334671    0.090558
0.007161    0.337864    0.085105
-0.038837    0.344011    0.049875
-0.146119    0.279413    -0.098682
-0.028593    0.292905    -0.167006
0.124904    0.312057    -0.047434
0.053611    0.324474    0.093457
0.021508    0.332258    0.08978
0.052559    0.359239    0.007639
-0.011715    0.348587    0.002824
-0.153278    0.270894    -0.091191
-0.186421    0.297963    0.012693
0.152544    0.318765    -0.090106
0.022725    0.297338    -0.017099
0.142245    0.306337    -0.048816
-0.018958    0.31432    0.121766
-0.032943    0.325378    0.075407
-0.03424    0.343101    0.020321
-0.009407    0.338662    0.023142
-0.0039    0.358079    -0.019532
-0.180899    0.29114    -0.028976
0.087203    0.307967    -0.147274
-0.077519    0.289267    0.009742
0.123889    0.290977    -0.03754
0.046716    0.30895    0.112644
-0.024486    0.317613    0.112037
-0.03115    0.309305    0.083173
0.021521    0.325711    0.038697
0.027511    0.35696    -0.024828
-0.074103    0.264759    -0.156116
0.117082    0.304869    -0.130712
0.083618    0.28734    -0.026577
0.064727    0.291254    0.126475
0.073149    0.305304    0.096823
0.050503    0.318845    0.04276
-0.008608    0.315753    0.060989
-0.137173    0.229818    -0.111757
-0.152592    0.128063    -0.093053
-0.136737    0.214671    -0.112286
-0.143288    0.158532    -0.10434
-0.155177    0.164893    -0.089917
-0.111439    0.112288    -0.134193
-0.115738    0.226763    -0.131127
-0.126199    0.05998    -0.123665
-0.124312    0.155915    -0.125011
-0.117166    0.1425    -0.130108
-0.183955    0.277155    -0.022553
0.077036    0.294739    -0.155317
-0.074793    0.283903    0.011815
0.004347    0.283785    -0.00639
0.011231    0.285736    -0.009065
0.14833    0.286319    -0.041041
-0.093417    0.264795    0.026752
0.028473    0.282758    0.142428
0.020391    0.285345    0.141985
0.076205    0.298716    0.11006
0.028116    0.301374    0.071613
0.02427    0.305363    0.06727
-0.145536    0.016648    -0.101612
-0.134776    0.171939    -0.114666
-0.138885    0.021579    -0.109681
-0.134199    0.064832    -0.115366
-0.141736    0.0122    -0.106222
-0.166979    0.108796    -0.070461
-0.170072    0.130776    -0.063675
-0.167068    0.068502    -0.070266
-0.171605    0.175783    -0.060313
-0.174687    0.175825    -0.05355
-0.107028    0.085848    -0.13734
-0.104733    0.101386    -0.138977
-0.121237    0.0325    -0.127204
-0.096102    0.18081    -0.145134
-0.095509    0.15205    -0.145557
-0.059988    0.217471    -0.161684
-0.067195    0.17014    -0.15899
-0.069434    0.128736    -0.158153
-0.081471    0.090293    -0.153652
-0.085985    0.111144    -0.151965
0.014688    0.272316    -0.173298
-0.129314    0.25951    0.037982
0.183639    0.286236    -0.051895
0.072905    0.269512    0.095769
0.055902    0.291819    0.076139
-0.153416    -0.034638    -0.092054
-0.142891    -0.042898    -0.104821
-0.149937    -0.117226    -0.096273
-0.150167    -0.0366    -0.095994
-0.139531    -0.05361    -0.108897
-0.155718    -0.055641    -0.089261
-0.171843    0.046682    -0.059791
-0.16852    0.055956    -0.067081
-0.181723    0.038509    -0.038114
-0.170775    0.0873    -0.062134
-0.179186    0.086149    -0.043679
-0.104928    -0.024181    -0.138838
-0.125524    -0.02619    -0.124146
-0.125827    -0.187129    -0.12393
-0.108856    -0.017246    -0.136036
-0.127447    -0.036253    -0.122774
-0.116292    -0.127807    -0.130732
-0.039273    0.081102    -0.169429
-0.042041    0.085055    -0.168394
-0.075855    0.033234    -0.155752
-0.046255    0.052373    -0.166819
-0.056299    0.150942    -0.163064
0.131421    0.289106    -0.123185
0.009175    0.264073    0.003469
-0.115649    0.259163    0.03502
0.056613    0.259853    0.154062
0.069646    0.28228    0.083383
-0.002661    0.279519    0.102796
-0.15222    -0.260961    -0.093504
-0.139087    -0.214548    -0.109436
-0.150481    -0.261439    -0.095614
-0.146199    -0.254573    -0.100808
-0.137043    -0.101026    -0.111915
-0.132089    -0.278386    -0.117925
-0.178265    -0.00113    -0.0457
-0.174989    -0.019708    -0.052887
-0.174529    -0.051346    -0.053896
-0.170038    -0.104922    -0.06375
-0.162632    -0.132413    -0.079999
-0.169919    -0.069486    -0.06401
-0.18526    0.204268    -0.022114
-0.184075    0.048667    -0.029196
-0.185503    0.242613    -0.020663
-0.184999    0.167642    -0.023674
-0.184547    0.236961    -0.026377
-0.098127    -0.124488    -0.143689
-0.098712    -0.283116    -0.143272
-0.091823    -0.120447    -0.148186
-0.098072    -0.232795    -0.143729
-0.091664    -0.073062    -0.1483
-0.090773    -0.04667    -0.148935
-0.027474    0.066756    -0.170663
-0.008301    0.222978    -0.172509
-0.004602    0.206455    -0.172865
-0.015715    0.208956    -0.171795
-0.012299    0.191689    -0.172124
-0.08572    -0.274537    -0.152064
-0.067792    -0.152281    -0.158767
-0.077791    -0.135808    -0.155028
-0.071729    -0.176266    -0.157295
-0.066825    -0.104431    -0.159128
-0.082196    -0.121203    -0.153381
0.127731    0.25553    -0.019147
-0.074228    0.255659    0.027408
0.154084    0.26542    -0.030737
0.004548    0.254445    0.169883
0.002672    0.261184    0.118722
-0.143526    -0.321547    -0.104051
-0.140331    -0.293051    -0.091068
-0.058573    -0.293051    -0.13303
-0.110239    -0.293051    -0.118981
-0.179874    -0.159394    -0.042171
-0.165725    -0.266513    -0.073213
-0.171425    -0.28703    -0.060708
-0.17101    -0.175668    -0.061618
-0.1795    -0.116881    -0.042992
-0.179352    -0.190723    -0.043316
-0.189455    0.059522    0.002954
-0.188897    0.121395    -0.000382
-0.185663    0.045529    -0.019709
-0.191476    0.102809    0.015033
-0.116233    -0.318    -0.130774
-0.108071    -0.303615    -0.136596
-0.05867    -0.293051    -0.150386
-0.012855    0.060362    -0.17207
-0.012101    0.126898    -0.172143
-0.016564    0.011665    -0.171713
-0.012616    0.040781    -0.172093
-0.01818    0.070244    -0.171557
-0.05525    -0.124438    -0.163456
-0.053672    -0.202813    -0.164046
-0.07849    -0.272284    -0.154767
-0.040511    -0.103261    -0.168967
-0.041077    -0.288387    -0.168755
0.084127    0.267534    -0.156001
0.18081    0.263956    -0.065701
0.084049    0.252103    0.144038
0.06304    0.264944    0.101604
-0.137931    -0.327989    -0.110838
-0.162647    -0.339045    -0.079966
0.02118    -0.293051    -0.132265
0.007204    -0.293051    -0.123833
0.013996    -0.293051    -0.127275
0.059845    -0.293051    -0.153238
0.009927    -0.293051    -0.161023
-0.135058    -0.293051    -0.082125
-0.105131    -0.293051    -0.073832
-0.095709    -0.293051    -0.094843
-0.153732    -0.293051    -0.054782
-0.183162    -0.064698    -0.034652
-0.185997    -0.139581    -0.017709
-0.186177    -0.103152    -0.016633
-0.186031    -0.056557    -0.017509
-0.183246    -0.069828    -0.034152
-0.183736    -0.189149    -0.031224
-0.188137    0.18221    0.051318
-0.19084    0.143412    0.023246
-0.190226    0.195455    0.029625
-0.189422    0.155322    0.037971
-0.190609    0.138141    0.025646
-0.09255    -0.326918    -0.147667
-0.034577    -0.293051    -0.164895
0.019395    0.144742    -0.173304
0.048578    0.208474    -0.16842
0.025832    0.236843    -0.172227
0.047501    0.217116    -0.1686
0.014442    0.215886    -0.174133
-0.018721    -0.078547    -0.171505
-0.031068    -0.210795    -0.170316
-0.0101    -0.066187    -0.172335
-0.003068    0.001341    -0.173013
-0.026434    -0.090385    -0.170763
-0.016758    -0.163367    -0.171694
-0.054615    -0.299202    -0.163693
0.158458    0.253832    -0.025166
-0.162518    0.251546    0.050455
0.036257    0.250981    0.004939
0.102626    0.24791    -0.008346
-0.028731    0.242969    0.025259
-0.181542    0.244287    0.059664
0.005458    0.223979    0.188167
0.0205    0.221807    0.18587
-0.010431    0.243068    0.136389
-0.17491    -0.334159    -0.05306
-0.181629    -0.308555    -0.03832
0.067976    -0.306783    -0.163752
0.088874    -0.141749    -0.154228
0.100304    -0.141074    -0.149019
0.103501    -0.26149    -0.147563
0.090394    -0.185405    -0.153536
0.106875    -0.2453    -0.146025
0.097497    -0.130131    -0.150298
0.028488    -0.329696    -0.171782
0.042369    -0.161577    -0.169459
0.054904    -0.191951    -0.167361
0.043307    -0.145023    -0.169302
0.05502    -0.252054    -0.167342
0.054521    -0.129165    -0.167425
0.045929    -0.2927    -0.168863
0.010931    -0.293051    -0.086232
-0.00616    -0.293051    -0.089282
0.010477    -0.293051    -0.09509
0.040391    -0.293051    -0.11859
0.084549    -0.293051    -0.101694
-0.184218    -0.292682    -0.028343
-0.189597    -0.111305    0.003804
-0.188276    -0.242052    -0.004091
-0.188273    -0.185049    -0.004108
-0.191086    -0.102349    0.0127
-0.186839    -0.206522    -0.012678
-0.18783    0.024327    0.054509
-0.187815    0.026146    0.05466
-0.187499    0.038632    0.057951
-0.186648    0.120224    0.066782
-0.010167    -0.317172    -0.172329
-0.024719    -0.311639    -0.170928
0.000147    -0.145487    -0.173322
-0.002865    -0.08529    -0.173032
-0.017178    -0.261874    -0.171654
-0.016676    -0.2093    -0.171702
0.003954    -0.085732    -0.173689
0.008166    -0.031358    -0.174094
0.034844    0.050533    -0.170718
0.058253    0.074531    -0.166801
0.040529    0.078482    -0.169767
0.034849    0.028511    -0.170718
0.049573    0.033981    -0.168254
-0.050888    -0.320036    -0.165087
0.106991    0.225184    0.005729
-0.012145    0.230982    0.029385
0.009519    0.232838    0.023152
0.151248    0.229503    -0.007355
0.041612    0.242282    0.009475
-0.026095    0.226529    0.035561
0.042796    0.226244    0.178322
-0.011896    0.225001    0.16657
0.053482    0.235541    0.12708
-0.130336    -0.363035    -0.119617
-0.185133    -0.293194    -0.022875
0.097362    -0.345563    -0.15036
0.039538    -0.358564    -0.169933
0.075206    -0.103683    -0.160457
0.076204    -0.153243    -0.160002
0.084565    0.001928    -0.156192
0.08752    -0.049267    -0.154846
0.087834    -0.118646    -0.154702
0.069132    -0.15156    -0.163225
0.118442    -0.164681    -0.137593
0.126641    -0.261992    -0.130835
0.130687    -0.236551    -0.127499
0.118706    -0.225105    -0.137375
0.114514    -0.285166    -0.140831
0.119212    -0.10838    -0.136958
0.005174    -0.328788    -0.173806
0.018899    -0.21974    -0.173387
0.016114    -0.256049    -0.173853
0.038803    -0.080832    -0.170056
0.018953    -0.220795    -0.173378
0.017109    -0.047828    -0.173686
0.026536    -0.143956    -0.172109
-0.153223    -0.293051    -0.033845
-0.133744    -0.293051    -0.027786
0.124234    -0.293051    -0.102739
-0.022192    -0.293051    -0.047917
-0.092676    -0.293051    -0.045721
-0.152475    -0.293051    -0.022826
0.129676    -0.323082    -0.128333
0.118577    -0.299722    -0.137482
-0.190715    -0.205425    0.02454
-0.188753    -0.007325    0.044921
-0.190729    -0.012078    0.024401
-0.190194    -0.027952    0.029956
-0.189831    -0.066198    0.033728
-0.18636    0.061211    0.067595
0.081734    0.221112    -0.157482
0.085681    0.24982    -0.155683
0.082273    0.13306    -0.157237
0.075492    0.174309    -0.160327
0.099373    0.208708    -0.149444
-0.099595    0.220245    0.057273
-0.071672    0.220729    0.050448
-0.006561    0.2234    0.033327
0.091039    0.221292    0.012443
0.006778    0.223331    0.030302
-0.025404    0.214725    0.044461
0.19375    0.235258    -0.031802
0.195142    0.224868    -0.028078
0.190262    0.143525    -0.041132
0.193176    0.138962    -0.033336
0.159714    0.195686    -0.097714
0.162512    0.189143    -0.093791
0.171024    0.190586    -0.081857
0.175074    0.109827    -0.076179
0.161875    0.153964    -0.094684
0.086046    0.201219    0.180639
-0.014426    0.216426    0.155611
-0.003391    0.219741    0.150676
-0.191141    -0.348783    0.013031
0.11195    -0.352569    -0.142944
0.131468    -0.345621    -0.126855
0.094291    0.11718    -0.15176
0.098861    0.160306    -0.149677
0.075117    0.063723    -0.160498
0.097229    0.116796    -0.150421
0.08696    0.078069    -0.1551
0.124474    -0.024582    -0.132621
0.14257    -0.008476    -0.117704
0.141922    -0.063144    -0.118238
0.132478    -0.14326    -0.126023
0.126998    -0.08911    -0.13054
0.139597    -0.191502    -0.120154
-0.009888    -0.293051    -0.044985
-0.001739    -0.293051    -0.029809
0.026037    -0.293051    -0.064073
0.101466    -0.293051    -0.08045
0.12252    -0.293051    -0.07801
0.155139    -0.293051    -0.087413
-0.056826    -0.293051    -0.026434
0.15518    -0.340096    -0.10407
-0.188293    -0.282675    0.049697
-0.188406    -0.283624    0.048522
-0.188666    -0.265031    0.045827
-0.187304    -0.095858    0.059977
-0.188055    -0.139303    0.052173
-0.190909    -0.288138    0.022529
-0.183293    0.124234    0.075796
-0.181243    0.190223    0.081278
0.141355    0.081529    -0.118705
0.148982    0.04659    -0.112418
0.140333    0.079636    -0.119548
0.135841    0.235859    -0.123251
0.119092    0.205887    -0.137058
-0.087452    0.20955    0.062833
-0.103056    0.209126    0.066767
-0.117424    0.199694    0.07746
0.066557    0.19863    0.035817
-0.045724    0.201782    0.059274
0.200509    0.152733    0.009681
0.200479    0.127807    0.009374
0.189318    0.111446    -0.043657
0.184177    0.056517    -0.057406
0.182722    0.079219    -0.061296
0.191916    0.057175    -0.036708
0.183557    0.103005    -0.059063
0.198292    0.121937    -0.013342
0.200452    0.087083    0.009081
0.198119    0.126477    -0.015148
0.201095    0.031676    0.01576
0.168311    0.05978    -0.08566
0.171248    0.017213    -0.081544
0.159354    0.010044    -0.098218
0.154791    0.051354    -0.104616
0.154412    0.184815    -0.105146
0.007998    0.189773    0.203214
0.001157    0.186184    0.206222
0.088005    0.197162    0.161173
0.062687    0.211805    0.140288
-0.190393    -0.296577    0.027889
0.029552    -0.362166    -0.171379
0.110337    0.097109    -0.144275
0.129673    0.118345    -0.128335
0.122024    0.16264    -0.13464
0.110427    0.208569    -0.1442
0.159097    -0.165073    -0.098579
0.152995    -0.278291    -0.107134
0.16221    -0.206523    -0.094215
0.166844    -0.171686    -0.087717
0.161402    -0.276978    -0.095347
0.161868    -0.145188    -0.094694
-0.157542    -0.293051    0.028662
-0.165173    -0.293051    0.028469
-0.133609    -0.293051    0.010497
-0.186388    -0.293051    0.040847
-0.036358    -0.293051    0.004032
-0.0181    -0.293051    -0.010927
0.023265    -0.293051    -0.030669
-0.071587    -0.293051    -0.007872
0.172278    -0.334692    -0.080099
-0.18578    -0.184718    0.069146
-0.179855    -0.106842    0.084991
-0.181165    -0.111125    0.081486
-0.176073    -0.05108    0.095105
-0.175395    -0.076954    0.096916
-0.176261    -0.087779    0.094601
-0.181493    0.059132    0.08061
-0.173985    0.152607    0.100688
0.136902    0.175786    0.040226
-0.017589    0.186769    0.065842
0.145469    0.186522    0.028423
0.073125    0.193285    0.038935
0.113673    0.186202    0.036057
0.202139    0.131839    0.026605
0.201131    0.184486    0.016144
0.19226    -0.05978    -0.035788
0.194515    -0.003528    -0.029756
0.194232    -0.108989    -0.030513
0.187948    -0.129858    -0.04732
0.195408    -0.02089    -0.027367
0.199266    -0.079303    -0.003231
0.201899    -0.224435    0.024115
0.198051    -0.004265    -0.015853
0.19981    -0.034254    0.00242
0.199716    -0.024313    0.001442
0.200675    -0.132336    0.011398
0.162303    -0.053397    -0.094084
0.168585    -0.181049    -0.085277
0.173358    -0.083693    -0.078586
0.169709    -0.03636    -0.083701
0.178838    -0.227552    -0.070902
0.162014    -0.116644    -0.094489
0.018819    0.172886    0.207037
0.043428    0.159007    0.205061
-0.002551    0.205765    0.158894
0.068201    0.196259    0.147434
-0.187344    -0.304526    0.059552
0.161572    -0.360775    -0.094883
0.152939    -0.293051    -0.039962
0.136282    -0.293051    -0.033667
0.176652    -0.293051    -0.017601
-0.050545    -0.293051    0.025233
0.019004    -0.293051    0.018217
0.023399    -0.293051    -0.003769
0.031496    -0.293051    0.013856
0.024669    -0.293051    -0.002852
0.182665    -0.336804    -0.061449
-0.173638    -0.234924    0.101615
-0.16989    -0.073116    0.11164
-0.17214    -0.173464    0.105621
-0.178444    -0.160883    0.088763
-0.173956    -0.175743    0.100766
-0.168808    -0.240623    0.114533
-0.170578    0.109498    0.1098
-0.170213    0.060906    0.110775
-0.171529    0.061482    0.107255
0.200323    0.027705    0.041823
0.196982    0.047938    0.06179
0.195035    0.002728    0.073424
0.196424    0.007545    0.065124
0.186186    -0.201867    -0.052032
0.185801    -0.122036    -0.053061
0.18515    -0.20036    -0.054804
0.188669    -0.2426    -0.045392
0.183048    -0.064046    -0.060425
0.198311    -0.243411    -0.013146
0.198187    -0.123548    -0.014434
0.197704    -0.036005    -0.019458
0.197796    -0.212566    -0.018495
0.198478    -0.240581    -0.011413
0.201001    -0.245292    0.014787
0.199851    -0.189844    0.044647
0.201643    -0.154605    0.033939
0.200874    -0.098281    0.038529
0.197158    -0.183087    0.060737
0.198907    -0.262727    0.050288
0.2023    -0.05357    0.030012
0.056106    0.144433    0.206024
0.013341    0.143928    0.216033
0.092199    0.155556    0.179339
0.062328    0.164283    0.163223
-0.137367    -0.369158    -0.108774
-0.18598    -0.328527    0.068612
-0.037272    -0.363611    -0.169326
-0.140756    -0.293051    0.062808
-0.176536    -0.293051    0.06984
0.107967    -0.293051    0.006141
-0.152672    -0.293051    0.076557
-0.063758    -0.293051    0.046579
-0.076471    -0.293051    0.076339
-0.09965    -0.293051    0.08805
0.197074    -0.347758    -0.022912
0.182862    -0.300426    -0.060923
-0.150517    -0.018383    0.140416
-0.16835    -0.165707    0.115414
-0.161867    -0.054982    0.124503
-0.159005    -0.011405    0.128516
-0.158394    -0.103228    0.129372
-0.168371    0.088054    0.115385
-0.077921    0.174266    0.091212
0.010497    0.177851    0.067519
-0.141313    0.178242    0.102209
-0.106016    0.177888    0.094384
-0.148141    0.183339    0.099121
0.19441    -0.012122    0.077158
0.196357    -0.087426    0.065521
0.195945    -0.07271    0.067983
0.19693    -0.080943    0.062099
0.198093    -0.130046    0.055147
0.194113    -0.024391    0.078931
0.157797    -0.293051    0.013798
0.120592    -0.293051    0.047248
-0.01549    -0.293051    0.06648
0.064868    -0.293051    0.050574
0.114449    -0.293051    0.035888
0.021608    -0.293051    0.068636
0.166842    -0.293051    -0.000335
0.200052    -0.313929    0.004934
-0.008928    -0.293051    0.117596
0.055907    -0.293051    0.095498
0.119211    -0.293051    0.060992
0.087864    -0.293051    0.088982
0.127495    -0.293051    0.059003
0.142113    -0.293051    0.089791
0.16193    -0.293051    0.045909
0.195557    -0.331426    0.070301
0.02854    0.137986    0.213774
0.090314    0.150452    0.171173
0.000535    0.150575    0.182191
-0.170204    -0.331872    0.110799
0.140469    -0.367688    -0.117809
0.199273    -0.320662    -0.003164
-0.147083    -0.290786    0.145231
-0.148558    -0.156851    0.143163
-0.159254    -0.266271    0.128166
-0.141382    -0.280154    0.153223
-0.148953    -0.233436    0.142609
-0.146639    -0.115103    0.145853
-0.140435    0.083213    0.154551
-0.141071    0.034048    0.153659
-0.166257    0.022956    0.118349
-0.1677    0.028339    0.116325
0.124346    0.164708    0.054084
0.039841    0.158978    0.079713
-0.066787    0.165451    0.097417
0.13203    0.16716    0.049691
-0.104104    0.158915    0.113012
-0.123066    -0.374603    -0.120887
0.197234    0.100907    0.06028
0.177798    -0.282504    0.115486
0.191265    -0.160414    0.085938
0.189185    -0.128763    0.090502
0.186306    -0.126444    0.096818
0.192805    -0.071102    0.082558
0.184675    -0.163752    0.100398
-0.099187    -0.293051    0.100275
-0.100834    -0.293051    0.122861
0.041883    -0.293051    0.084256
0.117373    -0.293051    0.052612
-0.135609    -0.293051    0.14077
0.155564    -0.293051    0.041823
-0.032777    -0.293051    0.093964
0.200403    -0.324443    0.041345
-0.063532    -0.293051    0.14272
-0.084784    -0.293051    0.161705
0.082123    -0.293051    0.108437
-0.085829    -0.293051    0.1656
-0.043863    -0.293051    0.159649
0.173601    -0.357874    0.124698
0.090915    0.10717    0.203806
0.010088    0.12045    0.220555
0.025588    0.143665    0.1787
-0.159151    -0.32456    0.128312
-0.160869    -0.334007    0.125902
-0.126237    -3.2e-05    0.167233
-0.13224    -0.149032    0.162285
-0.125615    -0.090253    0.167745
-0.125372    -0.04709    0.167946
-0.122047    -0.113136    0.170687
-0.125166    -0.092031    0.168116
-0.153491    0.096092    0.136247
-0.148822    0.111298    0.142793
0.192834    0.148032    0.056081
0.126336    0.164782    0.053545
0.02454    0.147048    0.095985
0.094887    0.149378    0.077256
0.113462    0.163739    0.057632
0.194522    0.043854    0.076489
0.176521    -0.218858    0.118289
0.18054    -0.035887    0.109471
0.174108    -0.196267    0.123585
0.18628    -0.048627    0.096875
0.180255    -0.113151    0.110096
0.189562    -0.010926    0.089674
0.034401    -0.293051    0.149315
0.026563    -0.293051    0.157899
0.163208    -0.293051    0.127096
-0.037409    -0.293051    0.175139
0.179084    -0.302064    0.112666
0.197437    -0.360432    0.058407
-0.11671    -0.294519    0.175086
-0.113807    -0.243616    0.177479
-0.099636    -0.233144    0.18916
-0.110606    -0.212349    0.180117
-0.113001    -0.218619    0.178144
-0.101558    -0.256645    0.187576
-0.123283    -0.238932    0.169668
0.090927    0.117212    0.17383
0.000526    0.133394    0.220372
0.066442    0.13843    0.170931
-0.14086    -0.304402    0.153955
0.196671    -0.369697    -0.010031
-0.100378    0.066912    0.188549
-0.110286    0.039178    0.180382
0.0308    0.137371    0.106309
0.083148    0.142349    0.088014
0.092891    0.144366    0.08325
0.061318    0.142943    0.092313
-0.129913    0.066246    0.164202
-0.126959    0.070081    0.166638
0.017208    0.127413    0.121868
0.145874    0.139296    0.077341
0.189563    0.144873    0.060298
-0.006828    0.132185    0.121465
0.188373    0.024016    0.092283
0.18215    0.024522    0.105939
0.183271    0.029888    0.103477
0.169971    -0.189241    0.130108
0.169171    -0.107828    0.131078
0.160745    -0.126185    0.1413
0.15905    -0.023573    0.143357
0.163706    -0.005998    0.137708
0.161059    -0.166223    0.14092
0.062319    -0.293051    0.162529
-0.039504    -0.293051    0.184213
-0.002145    -0.293051    0.17347
0.162864    -0.332356    0.138729
-0.104717    -0.340825    0.184972
-0.099516    -0.357713    0.189259
-0.098185    -0.221187    0.190043
-0.079585    -0.246862    0.19852
-0.094142    -0.102865    0.191885
-0.097756    -0.079702    0.190238
-0.094009    -0.130744    0.191946
0.146434    -0.359547    0.158581
0.038081    0.073972    0.216505
-0.187424    -0.371468    0.006265
0.193592    -0.366432    0.076304
-0.081282    0.040338    0.197746
-0.077498    0.086067    0.199471
0.018736    0.1215    0.12915
-0.111379    0.116059    0.167156
-0.08833    0.104979    0.17806
-0.062022    0.115954    0.155915
0.098124    0.125182    0.105969
0.175494    0.019843    0.120543
0.146839    -0.269413    0.158171
0.154745    -0.158297    0.14858
0.141075    -0.249042    0.165163
0.148553    -0.077481    0.15609
0.145621    -0.062429    0.159648
0.151275    0.017833    0.152789
0.157114    0.039239    0.145705
0.098238    -0.293051    0.155307
0.019002    -0.293051    0.190178
-0.066515    -0.299619    0.204477
-0.05307    -0.324903    0.210605
0.166208    -0.355498    0.134673
-0.08923    -0.355135    0.194124
-0.054373    -0.258168    0.210011
-0.063051    -0.214894    0.206056
-0.060785    -0.069078    0.207088
-0.068678    -0.086401    0.203491
-0.087073    -0.033059    0.195107
-0.064737    -0.056757    0.205287
0.051289    0.0176    0.213983
0.051173    0.016131    0.214026
0.032417    0.107856    0.167904
0.021767    0.068278    0.217251
0.023103    0.129778    0.181884
0.145253    -0.377158    -0.108139
-0.07124    0.023168    0.202323
-0.066229    0.064689    0.204607
-0.061859    0.08661    0.203062
0.018084    0.109714    0.146559
-0.05613    -0.378202    -0.156331
0.176588    0.048123    0.118141
0.128622    -0.081321    0.17466
0.133654    -0.169244    0.171071
0.120749    -0.009633    0.180275
0.125295    -0.117142    0.177032
0.1338    -0.093616    0.170966
0.137062    -0.039436    0.16864
0.161469    0.080529    0.140422
0.026294    -0.293051    0.207858
-0.043996    -0.293051    0.211018
-0.024288    -0.343417    0.215668
0.116098    -0.318264    0.183592
0.138407    -0.326241    0.167681
-0.029893    -0.141    0.21473
-0.011116    -0.238595    0.217872
-0.033754    -0.270262    0.214084
-0.036986    -0.086129    0.213543
-0.045099    -0.258503    0.212185
-0.046867    -0.053501    0.21189
0.038579    0.075395    0.202374
0.068773    0.003509    0.207445
0.091599    0.101144    0.176739
0.023857    0.081558    0.192916
-0.009222    0.097139    0.178151
0.025    0.003957    0.216939
0.072282    0.123214    0.169492
0.192577    -0.376658    -0.016954
-0.015556    0.090536    0.185563
0.125837    0.113518    0.116112
-0.11396    -0.381521    -0.121172
0.13914    0.110856    0.116938
0.120115    -0.246333    0.180728
0.103928    -0.068753    0.192272
0.1152    -0.179534    0.184233
0.098416    -0.262476    0.196204
0.135363    -0.273302    0.169851
0.116406    -0.171172    0.183372
0.100649    0.034781    0.194611
0.156129    0.09557    0.137196
0.128913    0.037565    0.174452
0.132793    0.029015    0.171685
-0.03124    -0.319571    0.214504
-0.019689    -0.299878    0.216437
0.098169    -0.343206    0.19638
-0.006979    -0.224164    0.218564
-0.024243    -0.150003    0.215675
-0.019801    0.000113    0.216419
-0.002621    -0.282572    0.219293
-0.032486    -0.043671    0.214296
-0.029951    -0.067723    0.21472
0.092275    -0.218813    0.198657
0.088278    0.002068    0.200152
0.061665    -0.069781    0.210103
0.088301    -0.220468    0.200143
0.093956    -0.260935    0.198029
0.07725    -0.017692    0.204275
0.09799    0.095887    0.15007
0.031161    0.08814    0.178933
0.121316    0.080747    0.172106
0.025529    0.118502    0.178481
0.046423    0.09899    0.156593
-0.032009    0.077601    0.214064
0.0056    -0.028244    0.218807
0.03346    -0.046945    0.216125
0.046694    -0.228878    0.214851
0.036052    -0.113606    0.215875
0.016115    -0.049417    0.217795
0.071759    0.119167    0.168127
0.183467    -0.380792    -0.035023
-0.01437    0.011895    0.217327
-0.046772    0.013783    0.211906
0.052319    -0.293051    0.207642
0.016301    -0.316213    0.217777
0.05497    -0.294309    0.212606
-0.00083    -0.20218    0.219426
0.031818    -0.28269    0.216283
0.009083    -0.270233    0.218472
0.011294    -0.197199    0.218259
0.035586    -0.285875    0.21592
0.0349    -0.215011    0.215986
0.068992    -0.208168    0.207363
0.064226    -0.17183    0.209145
0.053415    -0.220155    0.213188
0.060934    -0.14321    0.210376
0.066941    -0.142892    0.20813
0.076774    -0.191482    0.204453
-0.016523    0.029271    0.216967
-0.019078    0.064674    0.21654
0.14318    -0.381256    -0.105554
0.011889    -0.297607    0.218202
0.04762    -0.354924    0.214762
0.079457    -0.335609    0.20345
0.050749    -0.362025    0.213956
0.171587    -0.382584    -0.061902
0.063618    -0.363145    0.209053
0.083195    -0.384807    -0.142826
0.133782    -0.380032    0.161345
-0.180199    -0.381529    0.038344
0.080605    -0.369854    0.200903
-0.017943    -0.387598    -0.154426
0.171778    -0.38716    -0.044257
-0.061144    -0.373154    0.203219
0.066558    -0.388136    -0.144445
-0.014651    -0.372974    0.21395
-0.15587    -0.381456    0.117274
0.070234    -0.388278    0.18721
-0.173734    -0.387236    0.030339
0.180652    -0.389382    0.021682
-0.038797    -0.391312    -0.13944
0.074787    -0.389955    -0.135824
-0.013231    -0.381657    0.208135
-0.124212    -0.387885    0.146025
0.111139    -0.390704    0.156142
-0.134909    -0.389475    0.125813
0.143443    -0.390915    0.120979
-0.078927    -0.391606    -0.115623
0.075206    -0.391413    -0.127877
-0.136864    -0.391606    -0.045657
0.017162    -0.391606    -0.136877
0.168938    -0.391431    -0.006052
-0.093866    -0.391606    -0.068478
-0.143615    -0.391606    -0.027069
-0.117692    -0.391378    0.136275
-0.011074    -0.391606    -0.132849
0.01955    -0.391606    -0.119562
0.126992    -0.391606    -0.059098
0.005358    -0.391606    -0.117809
0.157757    -0.391606    -0.023612
0.062155    -0.391606    0.013497
0.14431    -0.391606    -0.000559
0.161743    -0.391606    0.037097
0.093243    -0.391606    0.039021
0.027028    -0.391606    0.025246
0.127932    -0.391606    0.077897
0.150989    -0.391606    0.08109
0.073518    -0.391606    0.045884
0.122906    -0.391606    0.104336
0.076512    -0.391606    0.073437
0.035396    -0.391606    0.064743
0.058406    -0.391606    0.095624
0.078586    -0.391606    0.143567
0.027519    -0.391606    0.092004
0.072158    -0.391606    0.153116
0.036171    -0.391606    0.150532
-0.106471    -0.391606    -0.02117
-0.119772    -0.391606    0.002077
0.072921    -0.391606    -0.032165
0.083034    -0.391606    -0.014474
0.01034    -0.391606    0.019489
0.13672    -0.391606    -0.018054
0.142439    -0.391606    -0.027726
0.10778    -0.391606    -0.048575
-0.003613    -0.391606    -0.022093
-0.013138    -0.391606    -0.063675
0.090257    -0.391606    -0.053991
-0.011056    -0.391606    -0.107082
0.072517    -0.391606    -0.061012
0.021309    -0.391606    0.158548
0.010864    -0.391606    0.066357
-0.080362    -0.391606    -0.003081
-0.042405    -0.391606    0.009791
-0.07263    -0.391606    -0.009486
-0.129253    -0.391606    0.031011
-0.092151    -0.391606    -0.000825
0.001743    -0.391606    0.021173
-0.124774    -0.391606    0.04695
-0.081907    -0.391606    0.032866
-0.01588    -0.391606    -0.022088
-0.066772    -0.391606    -0.043488
-0.056705    -0.391606    -0.084284
-0.101674    -0.391606    0.07536
-0.024386    -0.391606    0.029569
-0.131476    -0.391606    0.109023
-0.080793    -0.391606    0.080642
-0.074562    -0.391606    0.095047
-0.076487    -0.391606    0.120473
-0.081497    -0.391606    0.159931
-0.091012    -0.391606    0.116585
-0.063955    -0.391606    0.134737
-0.040016    -0.391606    0.111081
-0.015283    -0.391606    0.14071
0.00124    -0.391606    0.070515
-0.013466    -0.391606    0.182907
