-0.180982    -0.294782    0.049512
-0.1824    -0.311268    -0.02196
-0.188316    -0.251718    -0.009204
-0.176009    -0.269035    -0.07937
-0.172131    -0.293857    0.078954
-0.188319    -0.218012    -0.028728
-0.180518    -0.235532    -0.062525
-0.153395    -0.282801    -0.122684
-0.159133    -0.330101    0.001242
-0.148725    -0.331703    -0.05891
-0.16332    -0.30235    0.090995
-0.151219    -0.32752    0.06319
-0.158668    -0.316099    0.085763
-0.188316    -0.232137    -0.0334
-0.162903    -0.285844    -0.106209
-0.162421    -0.245263    -0.107044
-0.105745    -0.362161    0.026793
-0.158134    -0.322238    -0.080128
-0.165979    -0.27003    0.089605
-0.146248    -0.323311    0.086331
-0.149684    -0.322926    0.08157
-0.176492    -0.181382    -0.077564
-0.122789    -0.296182    -0.158595
-0.124846    -0.337749    -0.09021
-0.116246    -0.278664    -0.165141
-0.05856    -0.370071    0.043974
-0.153223    -0.250545    0.111691
-0.094661    -0.338919    0.114965
-0.18149    -0.213326    0.047619
-0.188315    -0.174383    -0.00594
-0.167135    -0.201037    -0.098875
-0.125664    -0.239153    -0.155719
-0.103255    -0.326469    -0.144774
-0.124872    -0.328709    -0.118015
-0.127989    -0.262328    -0.153393
-0.045473    -0.370071    0.07002
-0.031896    -0.370071    0.063109
-0.0922    -0.312926    0.163954
-0.064934    -0.367485    0.082476
-0.18507    -0.184945    0.034271
-0.178789    -0.143311    -0.068984
-0.122674    -0.219455    -0.15871
-0.082922    -0.340085    -0.135453
-0.044152    -0.370071    -0.004583
-0.097819    -0.26171    -0.179744
-0.036819    -0.359672    0.117401
-0.081869    -0.286699    0.177675
-0.08594    -0.325861    0.149173
-0.067681    -0.338635    0.136996
-0.183886    -0.17254    0.038683
-0.183834    -0.128565    -0.050143
-0.13621    -0.191861    -0.145169
-0.092362    -0.224674    -0.182896
-0.059442    -0.333559    -0.162063
-0.055818    -0.370071    -0.052954
-0.034081    -0.370071    0.010469
-0.027185    -0.328007    0.172619
-0.026926    -0.32106    0.183764
0.040675    -0.320105    0.191636
-0.090868    -0.271781    0.172482
-0.119443    -0.242208    0.150655
-0.182225    -0.15283    0.044877
-0.11756    -0.169118    -0.163826
-0.052138    -0.289599    -0.204081
-0.044417    -0.358845    -0.12577
-0.003305    -0.370071    0.047263
-0.056072    -0.266074    -0.203026
0.029613    -0.367456    0.118714
-0.024749    -0.266034    0.200142
-0.119839    -0.226653    0.150259
-0.148563    -0.18066    0.119759
-0.119726    -0.160563    -0.161659
-0.053904    -0.208297    -0.203608
-0.013612    -0.350656    -0.151427
-0.011165    -0.325817    -0.191688
0.025822    -0.370071    0.076869
-0.002994    -0.370071    0.009424
-0.024761    -0.266037    -0.211423
0.06195    -0.341799    0.153508
0.053988    -0.306867    0.20058
0.025519    -0.26207    0.205424
-0.12177    -0.198526    0.148329
-0.166995    -0.146696    0.087847
-0.080179    -0.165045    -0.189932
0.023372    -0.292457    -0.216708
0.020381    -0.350912    -0.155476
0.020626    -0.370071    -0.08078
0.02919    -0.370071    0.06831
-0.011152    -0.370071    -0.072901
0.027351    -0.273807    -0.216708
0.082689    -0.339679    0.151327
0.041323    -0.269661    0.205421
0.037669    -0.240949    0.205422
-0.129867    -0.163065    0.140235
-0.158996    -0.128586    0.101695
-0.053034    -0.184397    -0.203841
0.007843    -0.212924    -0.216705
0.033092    -0.341896    -0.169362
0.045993    -0.370071    -0.081446
0.019696    -0.370071    -0.11032
0.064186    -0.370071    0.058199
0.050638    -0.370071    0.023853
0.082603    -0.290372    0.196832
0.141349    -0.301952    0.167966
-0.051378    -0.205649    0.193012
0.055313    -0.212017    0.20415
-0.095812    -0.173275    0.169629
-0.06553    -0.148018    -0.198394
-0.006613    -0.199947    -0.21629
0.060265    -0.304489    -0.211405
0.103035    -0.370071    0.064135
0.05405    -0.370071    -0.072721
0.057851    -0.282262    0.203469
0.103558    -0.317591    0.17998
0.124642    -0.294277    0.179251
0.083625    -0.220754    0.196558
0.020941    -0.192064    0.205425
-0.078831    -0.16991    0.179428
-0.115967    -0.145758    0.15413
0.002033    -0.197111    -0.216703
0.052057    -0.22827    -0.216295
0.072438    -0.363466    -0.127427
0.075111    -0.370071    -0.063071
0.077524    -0.370071    -0.032121
0.072879    -0.370071    -0.047358
0.100665    -0.257749    -0.20328
0.131472    -0.26153    0.175305
0.167875    -0.256724    0.147728
-0.023877    -0.166393    0.200375
0.093192    -0.163577    0.193992
-0.096486    -0.149539    0.169239
-0.04693    -0.126654    -0.205478
0.100065    -0.217075    -0.203441
0.09574    -0.338164    -0.159135
0.098824    -0.370071    -0.058748
0.129769    -0.368509    0.054467
0.160199    -0.327026    0.120831
0.105087    -0.265907    -0.201816
0.186435    -0.29822    0.129162
0.18739    -0.209878    0.128207
-0.023688    -0.155876    0.200426
0.081302    -0.150734    0.197181
-0.087962    -0.121465    0.174158
-0.144979    -0.11359    -0.13746
0.066118    -0.192087    -0.21253
0.138833    -0.273379    -0.182341
0.104911    -0.354307    -0.125175
0.105807    -0.370071    -0.067217
0.145963    -0.367524    0.014586
0.190262    -0.324375    0.085627
0.121873    -0.233815    -0.192129
0.191835    -0.290968    0.123639
0.199911    -0.21696    0.109646
-0.04521    -0.141164    0.194663
0.05231    -0.127381    0.204955
0.132685    -0.13616    0.174605
-0.180207    -0.11023    -0.063688
0.056722    -0.163617    -0.215046
0.14746    -0.190955    -0.177363
0.157293    -0.310417    -0.161799
0.102904    -0.370071    -0.087654
0.195062    -0.332679    0.038693
0.158116    -0.234087    -0.168762
0.206349    -0.266681    0.09849
0.21706    -0.241678    0.079928
0.190825    -0.155466    0.12477
0.015666    -0.119136    -0.218882
0.113158    -0.184946    -0.197158
0.167268    -0.298531    -0.159615
0.161632    -0.234829    -0.165248
0.15538    -0.319097    -0.154199
0.157358    -0.3608    -0.000315
0.220956    -0.299227    0.069783
0.207081    -0.173764    0.09722
0.225485    -0.269487    0.053245
0.219902    -0.193991    0.074097
-0.188315    -0.106098    -0.008128
0.074968    -0.124204    -0.210161
0.116566    -0.153792    -0.195191
0.201107    -0.255016    -0.118849
0.19296    -0.311725    -0.120678
0.198217    -0.33427    0.001844
0.211429    -0.325693    0.013321
0.203659    -0.180647    -0.114431
0.228023    -0.253659    0.043766
0.22903    -0.171717    0.040002
-0.188313    -0.099143    0.006459
-0.135889    -0.101303    -0.145489
0.153649    -0.157846    -0.173228
0.208402    -0.28028    -0.106218
0.218235    -0.232474    -0.089195
0.169137    -0.343144    -0.075693
0.171301    -0.342964    -0.072502
0.227627    -0.311823    -0.023419
0.22406    -0.147307    0.058568
0.233822    -0.225341    0.020792
0.233815    -0.202406    -0.010809
-0.161689    -0.103631    0.097034
0.226751    -0.290333    -0.0598
0.221471    -0.212254    -0.079489
0.190044    -0.331869    -0.073508
0.205982    -0.322412    -0.070299
0.224325    -0.137881    -0.068846
0.233813    -0.244439    -0.02112
0.233812    -0.187257    -0.026044
-0.141778    -0.097349    0.12833
0.106183    -0.117236    -0.204421
0.229825    -0.27477    -0.048334
0.230243    -0.198127    -0.046775
0.233819    -0.142688    0.005331
-0.102123    -0.104954    0.165987
-0.187515    -0.06755    0.025152
-0.02961    -0.104484    -0.210123
0.227761    -0.119381    0.052844
-0.188316    -0.068792    -0.009008
-0.159719    -0.067436    -0.111725
-0.144665    -0.072147    -0.13671
-0.003468    -0.099933    0.205431
-0.188315    -0.052343    -0.005133
-0.16625    -0.075341    0.089136
-0.166318    -0.055132    -0.10029
-0.117761    -0.077599    -0.163625
0.103755    -0.096445    0.19116
-0.188314    -0.019924    0.001538
-0.183511    -0.014952    -0.051346
-0.176969    -0.015071    0.064479
0.145308    -0.107683    -0.178605
-0.137069    -0.050034    -0.144309
0.233817    -0.111078    -0.004539
-0.103864    -0.064365    0.164982
-0.18832    0.028686    -0.031141
-0.162029    -0.055778    0.096445
-0.180947    0.004539    0.049643
0.134247    -0.100277    -0.184988
-0.047297    -0.073247    -0.20538
0.218259    -0.10339    0.07785
-0.013329    -0.069613    0.2032
-0.07075    -0.072267    0.184091
-0.188318    0.025237    -0.020495
-0.177531    0.027279    -0.073685
-0.181342    0.019113    0.048172
-0.157889    0.027721    -0.114897
0.027994    -0.077979    -0.216709
-0.049455    -0.064555    -0.204801
0.225905    -0.09908    0.051675
-0.053551    -0.078157    0.19243
0.108381    -0.071597    0.188643
-0.124892    -0.035821    0.145208
-0.188317    0.050333    -0.01488
-0.168789    0.010231    0.08474
-0.18507    0.042962    0.03427
0.138783    -0.093303    -0.18237
-0.09864    -0.020185    -0.17927
-0.032412    -0.058668    -0.209371
0.210658    -0.088941    0.091022
0.153661    -0.068176    0.161947
0.035582    -0.058758    0.205422
0.082743    -0.055428    0.196794
-0.066782    -0.031001    0.186381
-0.136974    0.00433    0.133132
-0.188084    0.076542    -0.034266
-0.15659    0.021915    0.105861
-0.14896    0.073514    -0.13037
0.207659    -0.085891    -0.107505
-0.001113    -0.036776    -0.216703
-0.023643    -0.032292    -0.211723
-0.135837    0.071452    -0.145542
0.212413    -0.066319    0.087981
-0.037975    -0.022966    0.1966
0.000506    -0.026849    0.20543
0.10629    -0.046432    0.189851
0.174128    -0.023935    0.141474
-0.115205    0.018843    0.154891
-0.178853    0.094389    -0.068744
-0.156919    0.087213    -0.116578
0.20288    -0.082018    -0.115779
0.041762    -0.048371    -0.216711
-0.059696    -0.004505    -0.201763
-0.115152    0.04601    -0.166235
0.212538    -0.050273    0.087764
0.206091    -0.018714    0.098936
0.029856    0.014434    0.205423
0.096374    0.018625    0.193139
0.173051    -0.000452    0.142551
-0.080024    0.022281    0.178739
-0.188319    0.100983    -0.026333
-0.17411    0.086986    0.075139
0.108552    -0.081521    -0.199816
0.089344    -0.049628    -0.206311
0.005584    0.02004    -0.216704
-0.022917    0.021685    -0.211918
0.23252    -0.071515    0.026969
0.220906    -0.022295    0.070346
-0.058319    -0.006156    0.191153
0.011068    0.034247    0.205428
0.121593    0.009448    0.181012
0.152751    0.00545    0.162858
-0.099423    0.062374    0.167544
-0.133821    0.080546    0.136283
-0.166088    0.087871    0.089417
0.233816    -0.065272    -0.008786
0.169374    -0.059953    -0.157509
0.204135    -0.058481    -0.113606
0.073582    -0.032644    -0.210532
0.036983    0.003458    -0.21671
-0.027485    0.038586    -0.210693
0.228921    -0.046014    0.04041
0.226276    0.006498    0.050291
0.029371    0.052904    0.205424
0.0961    0.04001    0.193213
0.183164    0.059548    0.132434
0.201357    0.043595    0.10714
-0.187084    0.103678    0.020858
-0.167529    0.118026    0.068288
0.233818    -0.036523    -3.8e-05
0.171741    -0.016378    -0.155143
0.200301    -0.023344    -0.120245
0.23382    -0.023097    0.010844
0.06823    -0.006177    -0.211965
-0.094631    0.088837    -0.181585
-0.130268    0.106955    -0.147148
-0.031817    0.072567    0.198249
-4.2e-05    0.061088    0.20543
0.138338    0.078277    0.171339
0.163038    0.075296    0.152567
0.224664    0.039983    0.056312
-0.168883    0.134965    -0.015353
-0.14274    0.124979    0.106892
0.13004    -0.010273    -0.187415
0.215529    -0.005503    -0.093879
0.232736    0.020858    -0.03748
0.08257    0.016273    -0.208125
0.045025    0.067404    -0.216712
-0.112575    0.108399    -0.163865
0.164635    0.08654    0.15097
0.232414    0.070956    0.027365
-0.158892    0.136806    -0.062478
-0.147154    0.137967    -0.089823
0.160805    -0.001958    -0.166075
0.206419    0.014627    -0.109652
0.233811    -0.00818    -0.033464
0.053376    0.060102    -0.215942
-0.12015    0.128163    -0.141429
0.113917    0.088945    0.185446
0.233822    0.03949    0.020395
-0.064197    0.122709    0.175883
-0.128066    0.163344    -0.037667
-0.142364    0.13404    0.09311
-0.13809    0.140469    -0.100238
0.136793    0.06509    -0.183518
0.167732    0.048683    -0.159151
0.232726    0.050227    -0.037515
0.091339    0.049955    -0.205777
-0.105846    0.129716    -0.153984
0.099853    0.106004    0.189778
0.216247    0.101263    0.08121
0.233817    0.065458    -0.004209
-0.130417    0.163907    -0.01554
-0.124844    0.161917    -0.057571
-0.144996    0.143886    0.067256
-0.106099    0.165122    -0.085334
0.134249    0.073933    -0.184986
0.192921    0.078019    -0.133022
0.221029    0.084549    -0.081136
-0.017628    0.119921    -0.203973
0.042602    0.123181    0.194809
0.151815    0.105315    0.160946
0.233822    0.094819    0.021037
-0.086899    0.18439    -0.002034
-0.092504    0.180177    -0.042609
-0.083239    0.169191    0.094321
0.198948    0.087687    -0.122586
0.032064    0.112421    -0.211276
-0.076881    0.168431    -0.113494
0.201914    0.129019    0.076791
-0.062684    0.154329    0.137666
-0.0654    0.190302    0.028051
-0.08418    0.182743    -0.047222
0.111608    0.094461    -0.198052
0.073222    0.10697    -0.207719
-0.056669    0.148425    -0.162145
0.066091    0.136032    0.180258
0.200468    0.138446    0.060797
-0.032815    0.152701    0.154586
-0.056502    0.189972    0.046585
0.152681    0.114034    -0.165415
0.073859    0.118606    -0.20175
-0.053739    0.160112    -0.144589
-0.055462    0.180723    -0.096339
0.056331    0.155389    0.156508
0.084296    0.166483    0.131446
0.177116    0.147365    0.080503
0.205995    0.141091    0.027975
-0.004688    0.155111    0.158558
0.13131    0.119015    -0.176745
0.214676    0.118943    -0.071728
0.045546    0.149021    -0.18004
-0.035144    0.151278    -0.167339
0.039239    0.159997    0.153098
0.091227    0.168418    0.124256
0.127936    0.169197    0.095112
0.157122    0.171245    0.044237
-0.019002    0.180257    0.108113
0.132819    0.136724    -0.161753
0.112292    0.131079    -0.178803
0.092695    0.140204    -0.180468
0.002594    0.184573    -0.113254
0.03992    0.17702    0.123647
0.114842    0.173598    0.098077
0.126735    0.186023    0.013084
0.202493    0.145271    -0.005014
0.181665    0.128209    -0.124435
0.11574    0.140985    -0.16656
0.078309    0.172147    -0.13685
0.048908    0.185558    -0.10892
0.12492    0.17796    0.07103
0.187898    0.153116    -0.040556
0.146166    0.146228    -0.134488
0.168882    0.156285    -0.080608
0.123427    0.166112    -0.117123
0.09792    0.173396    -0.122741
0.153606    0.165433    -0.080968
0.121124    0.185342    -0.049473
-0.188313    -0.29503    0.003748
-0.186403    -0.302982    -0.012788
-0.188313    -0.271195    0.005601
-0.186034    -0.279593    -0.041923
-0.177285    -0.313084    -0.048326
-0.177511    -0.310398    0.041233
-0.180714    -0.240176    -0.061795
-0.164548    -0.27109    -0.103357
-0.125812    -0.351736    0.007931
-0.152635    -0.330205    -0.053227
-0.164304    -0.30262    0.08903
-0.106237    -0.359503    0.040758
-0.1183    -0.351842    0.041326
-0.179326    -0.206109    -0.066981
-0.151895    -0.294008    -0.125285
-0.157886    -0.257226    -0.114903
-0.145762    -0.338787    -0.025608
-0.099152    -0.364887    -0.046461
-0.173135    -0.283057    0.077216
-0.180318    -0.237577    0.051988
-0.152176    -0.321588    0.081373
-0.178803    -0.182253    -0.068933
-0.146756    -0.213215    -0.13419
-0.118064    -0.345326    -0.078616
-0.130886    -0.273178    -0.150495
-0.088935    -0.370071    -0.025828
-0.148302    -0.276839    0.12021
-0.110801    -0.324286    0.130697
-0.175264    -0.213701    0.070837
-0.082529    -0.363939    0.071548
-0.186366    -0.172786    -0.040685
-0.140412    -0.21678    -0.140965
-0.108512    -0.329127    -0.133724
-0.105851    -0.345513    -0.099201
-0.131383    -0.244443    -0.149998
-0.033807    -0.370071    0.089522
-0.062516    -0.370071    0.008292
-0.124174    -0.275382    0.145926
-0.085546    -0.34533    0.110117
-0.186459    -0.169926    0.029089
-0.178444    -0.139497    -0.070272
-0.109853    -0.214922    -0.171536
-0.087913    -0.337138    -0.13688
-0.064804    -0.370071    -0.016506
-0.106386    -0.252062    -0.174795
-0.046117    -0.352644    0.124531
-0.003798    -0.321919    0.188587
-0.112998    -0.255107    0.157097
-0.091286    -0.317549    0.160867
-0.174719    -0.16231    0.072868
-0.182761    -0.132134    -0.054149
-0.154038    -0.161428    -0.121571
-0.094303    -0.242124    -0.181774
-0.060122    -0.331638    -0.165085
-0.026145    -0.370071    0.014187
-0.001392    -0.370071    0.092917
-0.080509    -0.258211    -0.189742
-0.040567    -0.331891    0.162844
0.005041    -0.353233    0.140624
-0.100142    -0.265005    0.16713
-0.13627    -0.235089    0.133835
-0.187077    -0.161111    0.026786
-0.124249    -0.169754    -0.157135
-0.065482    -0.210105    -0.198422
-0.041262    -0.354794    -0.134796
0.008248    -0.370071    0.044673
-0.040008    -0.280755    -0.207334
0.01409    -0.362827    0.125845
-0.035059    -0.275314    0.197381
-0.06749    -0.264616    0.185972
-0.151805    -0.190786    0.114146
-0.126369    -0.152404    -0.155013
-0.030908    -0.241406    -0.209775
-0.052167    -0.300186    -0.203492
-0.016705    -0.331702    -0.180819
-0.033003    -0.348111    -0.150285
-0.019378    -0.370071    -0.056103
-0.020631    -0.268674    -0.212531
0.085972    -0.319183    0.183126
0.064033    -0.305151    0.198745
0.044746    -0.247415    0.20542
-0.094991    -0.227606    0.170102
-0.168802    -0.146701    0.084719
-0.077831    -0.162088    -0.191289
-0.007913    -0.234229    -0.215942
0.010902    -0.341063    -0.170641
0.035279    -0.370071    -0.016758
0.018339    -0.370071    -0.075261
0.036038    -0.370071    0.057566
0.026803    -0.270829    -0.216708
0.076281    -0.339551    0.153248
0.037818    -0.279496    0.205422
-0.020084    -0.238546    0.201391
-0.071016    -0.207748    0.183938
-0.150693    -0.143655    0.116071
-0.094254    -0.161767    -0.181803
0.021184    -0.240669    -0.216707
0.029947    -0.32073    -0.201958
0.043929    -0.370071    -0.090801
0.025098    -0.370071    -0.103068
0.065349    -0.370071    0.073881
0.089254    -0.370071    0.092789
0.011746    -0.256087    -0.216705
0.10775    -0.313164    0.181116
-0.05654    -0.228688    0.19163
0.00322    -0.21378    0.205429
-0.083019    -0.182686    0.177011
-0.103954    -0.120194    -0.177291
-0.022246    -0.170354    -0.212098
0.076074    -0.315451    -0.201756
0.104619    -0.370071    0.053665
0.114202    -0.370071    0.069037
0.056503    -0.253072    -0.215105
0.102311    -0.362595    0.100659
0.12456    -0.314732    0.170531
0.090037    -0.234483    0.194838
0.020283    -0.202563    0.205426
0.099404    -0.179869    0.192327
-0.11221    -0.148489    0.157885
-0.040353    -0.151997    -0.207242
0.062942    -0.243048    -0.213381
0.081072    -0.31779    -0.197901
0.068251    -0.370071    -0.10229
0.054254    -0.370071    -0.115422
0.119971    -0.370071    0.042541
0.129624    -0.348323    0.105024
0.116441    -0.264022    0.183988
0.186487    -0.246608    0.12911
-0.041559    -0.167168    0.195641
0.060795    -0.181405    0.20268
0.118614    -0.184274    0.182733
-0.008636    -0.142673    -0.215748
0.032499    -0.164375    -0.216709
0.112869    -0.313307    -0.189492
0.130281    -0.370071    0.024424
0.168406    -0.332128    0.099611
0.168207    -0.327862    0.110997
0.108715    -0.259337    -0.199722
0.158024    -0.316182    0.145853
0.165808    -0.239084    0.149796
-0.015744    -0.143099    0.202553
0.050216    -0.15091    0.205419
0.124174    -0.16066    0.179521
-0.150338    -0.113638    -0.129626
0.050502    -0.168243    -0.216712
0.150432    -0.290313    -0.175647
0.110574    -0.348986    -0.131368
0.113607    -0.351433    -0.125276
0.176645    -0.343765    0.041466
0.175129    -0.3349    0.079419
0.141515    -0.23858    -0.180793
0.194692    -0.307202    0.11078
0.194971    -0.216669    0.118205
-0.039667    -0.12546    0.196147
0.026026    -0.138046    0.205424
0.107241    -0.137794    0.189302
-0.188314    -0.111251    0.001408
0.045023    -0.143754    -0.216712
0.122523    -0.199034    -0.191754
0.153228    -0.308074    -0.167464
0.108572    -0.370071    -0.076247
0.20187    -0.328844    0.0361
0.172617    -0.22055    -0.154268
0.204926    -0.298463    0.100955
0.219437    -0.23522    0.07581
0.18955    -0.149556    0.126046
-0.16197    -0.10769    -0.107824
0.138122    -0.163092    -0.182751
0.191359    -0.287182    -0.135534
0.189292    -0.206428    -0.1376
0.155003    -0.320149    -0.152284
0.185019    -0.342841    0.01509
0.231833    -0.301043    0.025762
0.197301    -0.186885    0.114168
0.22008    -0.246551    0.073431
0.22334    -0.188686    0.061254
-0.031702    -0.119364    0.200455
-0.109789    -0.108747    -0.1716
0.116787    -0.15969    -0.195063
0.201745    -0.268056    -0.117745
0.191913    -0.205326    -0.134767
0.156011    -0.34625    -0.088856
0.20575    -0.329375    -0.028275
0.19165    -0.162838    -0.135222
0.228184    -0.268902    0.043164
0.227035    -0.21994    0.047455
-0.115627    -0.112485    0.15447
-0.030052    -0.113142    -0.21012
0.171163    -0.129694    -0.155722
0.216686    -0.298073    -0.091876
0.210007    -0.239893    -0.10344
0.163824    -0.347601    -0.071168
0.170459    -0.344253    -0.06999
0.159246    -0.359075    -0.026589
0.217551    -0.139361    -0.090378
0.233818    -0.27722    -0.000278
0.23382    -0.197438    0.01435
-0.176013    -0.088688    -0.079354
0.223397    -0.287342    -0.072306
0.220459    -0.233752    -0.083263
0.2169    -0.311645    -0.072982
0.187324    -0.33798    -0.047312
0.226678    -0.140069    -0.06007
0.23382    -0.247452    0.012177
0.233819    -0.214586    0.00473
-0.07629    -0.109928    0.180894
0.023929    -0.114202    -0.218337
0.233202    -0.249437    -0.03574
0.231518    -0.175067    -0.042022
0.230222    -0.136903    -0.046856
-0.014167    -0.110189    0.202975
-0.162043    -0.090589    0.09642
-0.069998    -0.103224    -0.195813
0.233813    -0.147099    -0.020932
-0.188317    -0.067245    -0.017342
-0.178572    -0.068504    0.058502
-0.142834    -0.080365    -0.138542
-0.031811    -0.10113    0.198251
-0.188313    -0.057117    0.003146
-0.173353    -0.078313    0.076839
-0.151412    -0.061943    -0.12612
-0.015345    -0.095048    -0.213949
0.104441    -0.109783    0.190919
-0.117694    -0.081225    0.152404
-0.178279    -0.01381    -0.070891
-0.184457    -0.022539    0.036556
-0.149058    -0.038447    -0.1302
-0.005662    -0.089155    -0.216545
0.224262    -0.106984    0.057814
0.082613    -0.088332    0.196829
-0.188316    -0.000444    -0.00873
-0.155727    -0.048417    0.107355
-0.183869    -0.008415    0.038748
-0.171829    0.02571    -0.090741
-0.056378    -0.07295    -0.202944
0.161151    -0.106021    0.154455
0.109487    -0.090778    0.188005
-0.076409    -0.07436    0.180825
-0.18831    0.028311    0.02178
-0.187457    0.017295    -0.03661
-0.182412    0.016792    0.04418
-0.150557    0.016699    -0.127603
0.003702    -0.074553    -0.216704
-0.029185    -0.062961    -0.210237
0.201973    -0.100994    0.106073
0.126316    -0.084808    0.178284
0.116003    -0.063388    0.184241
-0.120403    -0.035268    0.149695
-0.188319    0.039949    -0.030575
-0.173646    -0.009074    0.076332
-0.187299    0.036637    0.025956
0.194161    -0.099304    -0.130874
0.212451    -0.099193    -0.099209
-0.051865    -0.02175    -0.204154
-0.116564    0.035141    -0.164823
0.190734    -0.08354    0.124861
0.047438    -0.027726    0.20542
0.095494    -0.043862    0.193375
-0.07416    -0.027852    0.182123
-0.125344    -0.000382    0.144756
-0.184969    0.082811    -0.045903
-0.146139    0.02828    0.123956
-0.14932    0.048561    -0.129747
0.166176    -0.091564    -0.160706
0.007807    -0.039658    -0.216705
-0.079678    0.006444    -0.190222
-0.138803    0.047688    -0.142575
0.219146    -0.071525    0.076314
0.175612    -0.041092    0.139989
0.003754    -0.022615    0.205429
0.062623    -0.039613    0.20219
0.173923    -0.035583    0.141679
-0.089535    0.001966    0.173251
-0.188318    0.09572    -0.022583
-0.18364    0.084948    0.039601
0.189238    -0.080633    -0.137654
0.024034    -0.020408    -0.216708
-0.085536    0.026634    -0.186838
-0.123279    0.075706    -0.158105
0.200611    -0.053714    0.108432
0.206428    -0.020455    0.098352
0.001282    -0.010097    0.20543
0.102901    0.002942    0.191389
0.184033    0.013428    0.131565
-0.071249    0.021722    0.183803
-0.141307    0.054266    0.1288
-0.147159    0.049492    0.12219
0.137248    -0.067389    -0.183256
0.221191    -0.063426    -0.080531
0.005975    -0.007881    -0.216704
-0.096306    0.038045    -0.180618
0.224278    -0.067667    0.057752
0.229449    -0.051231    0.038438
-0.054756    0.022806    0.192107
-0.004151    0.000955    0.205431
0.118437    0.010568    0.182835
0.164467    0.002601    0.151137
-0.072228    0.039255    0.183238
-0.110732    0.051063    0.159362
-0.170959    0.085288    0.080984
0.233814    -0.074331    -0.020031
0.182329    -0.045469    -0.14456
0.205779    -0.051318    -0.11076
0.099739    -0.037643    -0.203528
0.043389    -0.003151    -0.216712
-0.058035    0.06166    -0.2025
0.231704    -0.051914    0.030014
0.2247    0.014745    0.056174
0.032092    0.051863    0.205423
0.056395    0.037722    0.20386
0.181013    0.046791    0.134585
0.21912    0.049965    0.076358
-0.134293    0.091604    0.135811
-0.175663    0.122234    0.030134
0.233821    -0.054987    0.016064
0.156679    -0.048035    -0.170199
0.204933    -0.025257    -0.112225
0.223082    -0.034541    -0.07348
0.058161    -0.000221    -0.214661
0.043549    0.040695    -0.216712
-0.122707    0.110739    -0.152136
-0.043615    0.076439    0.19509
0.001573    0.083795    0.20543
0.148715    0.082511    0.165345
0.165463    0.083393    0.150141
0.222777    0.038835    0.063359
-0.131864    0.096058    0.138239
-0.146662    0.124827    0.100248
0.142258    0.001403    -0.180364
0.191276    0.030394    -0.135617
0.23125    0.005045    -0.043021
0.233821    -0.01009    0.017942
0.043253    0.052079    -0.216712
-0.119727    0.120868    -0.148222
0.135834    0.086692    0.172786
0.230494    0.081572    0.034537
-0.166579    0.137843    0.015785
-0.16378    0.132665    0.04572
0.170445    0.014846    -0.156439
0.208227    0.016609    -0.106522
0.233819    0.03301    0.009323
0.068361    0.039115    -0.21193
-0.018718    0.098794    -0.213044
0.059706    0.092399    0.202972
0.23382    0.066708    0.013813
-0.099477    0.109668    0.16277
-0.152066    0.148726    -0.01799
-0.155326    0.128736    0.079136
-0.120681    0.165181    0.043818
0.143183    0.057718    -0.179831
0.191291    0.079652    -0.135602
0.220323    0.036721    -0.083769
0.064737    0.082048    -0.2129
-0.018735    0.101206    -0.213002
0.045135    0.113302    0.199563
0.179954    0.119502    0.12314
0.233812    0.047734    -0.029356
-0.151368    0.149217    -0.021266
-0.121235    0.165892    0.03784
-0.116453    0.160765    0.068543
-0.100372    0.167053    -0.089749
0.112035    0.068726    -0.197806
0.19775    0.047363    -0.12466
0.225714    0.070279    -0.063665
-0.024317    0.123015    -0.200638
-0.101277    0.157026    -0.112095
0.106659    0.114081    0.182441
0.216564    0.112389    0.065612
-0.106652    0.176989    0.00261
-0.099063    0.178015    -0.040431
-0.0855    0.165635    0.099233
0.178002    0.093986    -0.148885
0.013038    0.118457    -0.208367
-0.091901    0.146599    -0.142509
0.160248    0.131283    0.132028
-0.030087    0.134995    0.178569
-0.083439    0.185686    -0.010614
-0.072197    0.189059    -0.026784
0.127814    0.09719    -0.1887
0.066522    0.114392    -0.205815
-0.062163    0.156699    -0.145345
0.000521    0.137764    0.183761
0.203611    0.136656    0.054581
-0.029404    0.156045    0.150562
-0.050762    0.161207    0.13322
-0.058287    0.190752    0.002018
-0.001672    0.190752    0.064672
0.206334    0.102134    -0.108834
0.012459    0.137761    -0.195038
-0.012406    0.146409    -0.180625
0.018423    0.151418    0.165335
0.053715    0.15697    0.154874
0.143161    0.150971    0.116647
0.166241    0.153991    0.080441
0.223126    0.12335    0.004897
-0.006743    0.146554    0.170642
-0.031912    0.190752    0.031713
-0.027041    0.190752    -0.009611
0.17414    0.117204    -0.141807
0.091294    0.128135    -0.191317
0.06792    0.132954    -0.193591
-0.026764    0.168744    -0.143798
0.029284    0.167802    0.141968
0.125278    0.151582    0.132316
0.160763    0.156483    0.082824
0.174561    0.164856    -0.013466
-0.031902    0.179348    0.104956
0.006869    0.190752    0.06557
0.190167    0.131114    -0.10508
0.046595    0.161933    -0.160731
-0.028276    0.180548    -0.114638
0.022955    0.181897    -0.121943
0.04212    0.173359    0.133174
0.131865    0.1769    0.064654
0.171015    0.167342    -0.017826
0.162144    0.173248    0.007937
-0.008682    0.190752    -0.020153
0.19882    0.139217    -0.07582
0.060554    0.187504    -0.100425
0.013319    0.190752    -0.006076
-0.003467    0.189016    -0.099349
0.062138    0.185799    0.093427
0.113151    0.18703    0.042986
0.172267    0.16575    -0.029281
0.140216    0.15296    -0.126862
0.167165    0.162732    -0.064927
0.13173    0.154632    -0.131973
0.036117    0.190752    0.01738
0.075395    0.190752    0.063434
0.022059    0.190752    -0.044561
0.053257    0.190752    -0.022039
0.094291    0.190752    0.04754
0.082615    0.190752    -0.003068
0.134926    0.181707    -0.03831
0.148812    0.171864    -0.070933
0.098695    0.183554    -0.087918
0.11517    0.184779    -0.062784
0.006123    0.190752    0.078901
-0.03051    0.190752    0.070457
-0.015646    0.190752    0.01233
0.00245    0.190752    0.054001
0.010857    0.190752    0.004969
0.01456    0.190752    -0.022037
0.038127    0.190752    0.029271
0.023189    0.190752    -0.062498
0.037756    0.190752    -0.053851
0.049189    0.190752    -0.091561
0.079618    0.190752    0.025682
0.09171    0.190752    0.022615
0.081918    0.190752    -0.058385
0.063608    0.346354    0.11426
0.106108    0.346809    0.090385
0.126299    0.347769    0.073514
0.009168    0.334809    0.116104
0.132988    0.324211    0.060653
-0.005885    0.318291    0.113254
0.132284    0.285007    0.043614
0.118494    0.240586    0.041529
-0.008245    0.27253    0.101198
0.118698    0.269814    0.048366
0.016589    0.228076    0.088809
0.019597    0.195691    0.084668
0.102482    0.219828    0.048908
0.10181    0.212475    0.04123
0.025891    0.241837    0.092145
0.07321    0.237476    0.082552
0.06971    0.220145    0.075957
0.090169    0.341705    0.099188
0.08877    0.332382    0.093367
0.082837    0.340524    0.099377
-0.009806    0.343777    0.122693
-0.020568    0.330531    0.119337
0.122423    0.287922    0.056532
-0.011788    0.268204    0.103576
0.124454    0.280198    0.052076
-0.013645    0.255558    0.096248
0.113901    0.259561    0.048832
0.026452    0.190752    0.081492
-0.00281    0.198241    0.083402
0.090664    0.203847    0.056896
0.104271    0.207644    0.036834
0.040081    0.234137    0.089604
0.08728    0.194588    0.051667
0.060106    0.235518    0.086357
-0.04703    0.331168    -0.106088
-0.023176    0.331322    -0.113715
-0.047947    0.328973    -0.100136
-0.086834    0.343259    -0.077864
-0.081956    0.328482    -0.07654
-0.09401    0.311684    -0.060327
-0.075461    0.296659    -0.068834
0.055234    0.262056    -0.113034
0.050578    0.255361    -0.107399
-0.063837    0.23402    -0.053983
0.03607    0.242367    -0.103484
-0.060768    0.228476    -0.054743
0.016224    0.19358    -0.09625
-0.0377    0.232656    -0.08511
0.041435    0.201111    -0.09196
-0.016783    0.204968    -0.09306
0.001103    0.235754    -0.100471
0.001182    0.207985    -0.094393
-0.011244    0.333586    -0.119219
-0.032317    0.328611    -0.108347
-0.070768    0.346775    -0.088138
0.041177    0.34388    -0.130202
-0.086124    0.316993    -0.07021
0.064107    0.272779    -0.115387
-0.085772    0.28325    -0.053245
0.061737    0.232234    -0.100674
-0.063461    0.215629    -0.05183
0.044084    0.231108    -0.10381
-0.045717    0.211922    -0.07056
-0.05786    0.201101    -0.046723
0.026593    0.230133    -0.099665
0.028649    0.241837    -0.104282
-0.029982    0.219014    -0.08733
0.008695    0.207837    -0.095691
-0.002509    0.198057    -0.091573
0.018483    0.200226    0.008314
0.032995    0.232982    -0.00129
0.003453    0.209137    -0.003639
0.02398    0.273312    -0.024518
0.035877    0.221787    -0.000779
0.027315    0.219091    0.004654
0.014482    0.216105    0.005498
0.004803    0.210999    -0.013912
0.019825    0.267709    0.004593
0.007638    0.275687    -0.003437
0.0202    0.268638    -0.003587
0.031931    0.268638    -0.018329
0.002919    0.27354    -0.004109
0.007658    0.238824    -0.005893
0.003742    0.233394    0.012273
0.005702    0.213073    0.002994
-0.288546    -0.101249    0.086414
-0.30018    -0.141756    0.090435
-0.301753    -0.091902    0.082783
-0.305702    -0.155978    0.086162
-0.307731    -0.105613    0.080623
-0.263801    -0.014757    0.075677
-0.258251    -0.247767    0.088455
-0.241626    -0.265238    0.057535
-0.243124    0.059619    0.049748
-0.252744    -0.008864    0.06384
-0.298319    -0.150782    0.0676
-0.30153    -0.119589    0.066054
-0.231144    0.081157    0.049562
-0.219646    0.053765    0.057856
-0.247783    -0.284641    0.072556
-0.292653    -0.091963    0.061005
-0.206506    0.110166    0.055494
-0.145379    0.156788    0.043455
-0.287658    -0.225735    0.074743
-0.151602    0.179601    0.038268
-0.156558    0.15992    0.021575
-0.155233    0.142459    0.044266
-0.16464    0.130671    0.032378
-0.097475    0.206553    0.006297
-0.125961    0.195779    0.038212
-0.12604    0.192283    0.039439
-0.103936    0.190444    0.025012
-0.057043    0.218812    0.021672
-0.010127    0.234947    0.011573
-0.292041    -0.123339    0.089061
-0.293295    -0.078512    0.086049
-0.273289    -0.19639    0.083229
-0.284216    -0.050294    0.082506
-0.26245    -0.223198    0.075156
-0.273581    0.005336    0.063299
-0.285013    -0.210452    0.093063
-0.275955    -0.204045    0.070352
-0.240037    0.06653    0.059195
-0.251345    0.02309    0.07225
-0.244674    -0.270303    0.082828
-0.273146    -0.246822    0.068016
-0.26015    0.033674    0.062212
-0.246135    0.034138    0.071118
-0.286984    -0.231932    0.083978
-0.289417    -0.209202    0.070449
-0.18726    0.13719    0.047484
-0.149083    0.163591    0.019198
-0.26258    -0.017481    0.053997
-0.227592    0.051303    0.043564
-0.18418    0.145309    0.042749
-0.16632    0.150179    0.050316
-0.240808    -0.293456    0.064262
-0.101405    0.222848    0.018119
-0.135409    0.162477    0.028297
-0.098101    0.210838    0.006786
-0.082049    0.231632    0.005589
-0.06935    0.234961    0.004901
-0.037985    0.219952    0.013944
-0.010744    0.226453    -0.003913
-0.190429    -0.305233    0.051336
-0.20536    -0.296995    0.045483
-0.231611    -0.295751    0.047942
-0.19801    -0.301936    0.067291
-0.234569    -0.284699    0.055918
-0.226447    -0.282211    0.047148
-0.217252    -0.322699    0.0525
