0.071743    -0.4992    -0.087407
0.036988    -0.504079    -0.108737
0.102174    -0.49779    -0.048308
0.104119    -0.49536    -0.043188
-0.038812    -0.503625    -0.107758
0.064356    -0.507069    -0.098577
0.075093    -0.486396    -0.080481
0.11181    -0.502562    -0.022912
-0.082046    -0.497112    -0.078469
0.111586    -0.496832    0.016359
-0.093332    -0.500878    -0.0646
0.109442    -0.49757    0.030517
-0.099335    -0.494943    -0.054665
-0.091651    -0.509056    -0.081676
-0.015837    -0.484835    -0.106362
0.115955    -0.5092    -0.04279
0.098714    -0.501694    0.057691
-0.107189    -0.48942    -0.032539
-0.034603    -0.509226    -0.119826
0.080054    -0.487648    0.077014
-0.113253    -0.493535    -0.002221
0.046053    -0.479817    -0.117281
0.038546    -0.494871    -0.120391
0.048168    -0.476036    -0.116405
0.086555    -0.428208    -0.092359
0.087003    -0.413871    -0.092014
0.082754    -0.424227    -0.095275
0.097493    -0.478121    -0.079833
0.098724    -0.479652    -0.078228
0.099897    -0.488566    -0.0767
0.121122    -0.501124    -0.036639
0.118567    -0.504862    -0.042806
0.111496    -0.46925    -0.059877
0.119684    -0.483776    -0.04011
0.011213    -0.506699    -0.125596
0.013146    -0.504582    -0.125341
0.027451    -0.458857    -0.123458
-0.000896    -0.407082    -0.126954
-0.01666    -0.489837    -0.124878
-0.008629    -0.458629    -0.125936
-0.04719    -0.440142    -0.11681
-0.040911    -0.45376    -0.119411
-0.048758    -0.501652    -0.116161
-0.08209    -0.474636    -0.095784
-0.065485    -0.500676    -0.108526
-0.074897    -0.507104    -0.101304
-0.07297    -0.459502    -0.102783
-0.101156    -0.5076    -0.075059
-0.106449    -0.461079    -0.068161
-0.09753    -0.461283    -0.079784
-0.117569    -0.432635    -0.045216
-0.118844    -0.47677    -0.042138
-0.115067    -0.48955    -0.051256
0.074852    -0.50114    0.085362
0.053162    -0.4831    -0.08539
0.054988    -0.384492    -0.11358
0.035757    -0.430197    -0.121546
0.033267    -0.408059    -0.122577
0.075256    -0.416986    -0.101028
0.07923    -0.378528    -0.097979
0.066553    -0.445782    -0.107707
0.076592    -0.38921    -0.100004
0.109649    -0.466523    -0.063991
0.101741    -0.381099    -0.074297
0.109249    -0.492933    -0.064512
0.117883    -0.448062    -0.044457
0.120417    -0.454996    -0.038339
0.120809    -0.384819    -0.037393
0.124688    -0.501008    -0.017439
0.123664    -0.493922    -0.025213
0.125754    -0.496837    -0.009338
0.01601    -0.375593    -0.124964
0.009879    -0.439372    -0.125771
0.009959    -0.402787    -0.125761
0.009189    -0.431582    -0.125862
-0.027153    -0.467557    -0.123497
-0.026207    -0.383647    -0.123621
-0.028438    -0.439811    -0.123328
-0.049108    -0.414426    -0.116016
-0.053124    -0.434239    -0.114353
-0.034358    -0.373006    -0.122125
-0.087731    -0.471424    -0.091456
-0.070736    -0.408826    -0.104497
-0.089665    -0.413725    -0.089972
-0.091751    -0.445218    -0.087316
-0.100692    -0.423907    -0.075663
-0.097193    -0.393668    -0.080224
-0.119712    -0.382595    -0.040043
-0.115082    -0.433793    -0.051219
-0.11515    -0.439579    -0.051056
-0.113845    -0.394707    -0.054205
-0.124272    -0.385578    -0.020598
-0.12349    -0.373929    -0.026534
-0.124993    -0.426778    -0.01512
0.099925    -0.507017    0.062254
0.083186    -0.483153    -0.0573
0.126853    -0.471552    -0.00099
0.126018    -0.443404    -0.007335
0.122971    -0.377731    -0.030479
0.121443    -0.509241    0.028028
-0.122993    -0.502157    -0.030316
-0.126894    -0.410266    -0.000676
-0.125633    -0.461885    -0.010257
0.052695    -0.488822    0.098402
0.015359    -0.483071    -0.097817
0.032879    -0.483071    -0.081063
-0.015693    -0.483071    -0.069743
0.065502    -0.483071    -0.053195
-0.086418    -0.483696    -0.059123
0.125498    -0.482184    0.01108
0.126869    -0.379214    0.000663
0.126945    -0.404493    9e-05
-0.120945    -0.509187    0.025613
-0.126511    -0.391305    0.003384
-0.126891    -0.381257    0.000501
-0.125944    -0.373994    0.007691
0.039199    -0.486414    0.10218
0.074289    -0.483071    -0.029338
-0.055781    -0.483071    -0.028668
0.090926    -0.483071    -0.027129
0.037197    -0.483071    -0.087986
-0.045065    -0.483071    -0.08478
0.02628    -0.483071    -0.052556
-0.067713    -0.483071    -0.065442
-0.040154    -0.483071    -0.061427
-0.103651    -0.504199    0.049062
0.051592    0.07105    -0.114987
0.04911    0.047113    -0.116015
0.083517    0.035838    -0.09469
0.06368    0.028412    -0.109911
0.101585    0.05986    -0.0745
0.094749    0.046986    -0.083408
0.11343    0.030827    -0.055207
0.115435    0.04893    -0.050368
0.125917    -0.389494    0.007896
0.125874    -0.3991    0.008225
0.125337    -0.420074    0.012306
0.032118    0.067119    -0.122843
0.027302    0.031085    -0.123477
-0.003092    0.10886    -0.126665
-0.004341    0.076037    -0.1265
-0.008264    0.083179    -0.125984
-0.049642    0.038971    -0.115795
-0.036444    0.090579    -0.121261
-0.069716    0.030456    -0.10528
-0.079808    0.045807    -0.097536
-0.109531    0.063858    -0.064145
-0.100343    0.049951    -0.076118
-0.121088    0.068495    -0.036721
-0.116126    0.040304    -0.048698
-0.124532    0.038807    -0.018624
-0.124994    0.050002    -0.015114
-0.123869    -0.447168    0.023451
-0.124889    -0.446584    0.015705
-0.123578    -0.463173    0.025668
-0.124768    0.035989    0.016628
-0.1227    0.080137    0.032331
0.02391    -0.490171    0.109498
0.086222    -0.483071    -0.016175
0.051224    -0.483071    -0.0161
0.01149    -0.483071    -0.019744
0.093392    -0.483071    0.020749
0.083768    -0.483071    0.018294
-0.026356    -0.483071    0.017492
0.079647    -0.483071    0.017311
-0.006572    -0.483071    -0.043559
-0.081455    -0.483071    -0.048175
-0.028926    -0.483071    -0.035427
0.085519    -0.483071    0.043107
-0.022968    -0.483071    0.046574
0.089525    -0.483071    0.033718
0.030778    -0.483071    0.056656
0.062647    -0.483071    0.059653
-0.045677    -0.483071    0.054422
0.055946    0.102484    -0.113184
0.075714    0.080328    -0.100677
0.094777    0.102003    -0.083372
0.103499    0.099143    -0.072006
0.112052    0.101688    -0.058533
0.116412    0.077974    -0.048008
0.123256    0.055889    -0.028316
0.124254    0.073173    -0.020733
0.118752    -0.471093    0.042155
0.114746    -0.463771    0.051828
0.118056    -0.478082    0.043836
0.017972    0.090214    -0.124706
-0.019953    0.142209    -0.124445
-0.026798    0.141934    -0.123544
-0.022764    0.110598    -0.124075
0.016625    0.103763    -0.124883
0.009467    0.103021    -0.125825
0.000701    0.095777    -0.12698
-0.075365    0.08391    -0.100945
-0.097266    0.071093    -0.080129
-0.094644    0.094424    -0.083545
-0.115933    0.096514    -0.049165
-0.110016    0.089284    -0.063449
-0.122885    0.071836    -0.031137
-0.123918    0.064308    -0.023289
-0.124672    0.095701    0.017357
-0.12611    0.061754    0.006433
-0.120057    -0.380736    0.039005
-0.114511    -0.406677    0.052394
-0.11929    -0.439334    0.040857
-0.121313    0.051367    0.035973
-0.117147    0.097001    0.04603
0.003935    -0.500194    0.113508
-0.039961    -0.483071    -0.014499
-0.083007    -0.483071    -0.022758
0.051267    -0.483071    -0.003303
-0.09777    -0.483071    -0.016194
0.008992    -0.483071    0.025904
-0.068219    -0.483071    0.03495
0.095437    -0.483071    0.026051
-0.086173    -0.483071    0.024186
-0.002773    -0.483071    0.003798
-0.035224    -0.483071    0.015952
0.012027    -0.483071    0.010927
0.053037    -0.483071    0.076358
-0.026232    -0.483071    0.063237
0.04018    -0.483071    0.070403
-0.092427    -0.490355    0.063207
0.040812    0.065611    -0.119452
0.040758    0.137052    -0.119475
0.044123    0.108589    -0.118081
0.076231    0.127266    -0.10028
0.069628    0.060366    -0.105347
0.069623    0.132499    -0.105351
0.110465    0.134559    -0.062366
0.125942    0.103264    -0.00791
0.126177    0.106263    -0.006126
0.11399    -0.461843    0.053651
0.115047    -0.415916    0.0511
0.116048    -0.38686    0.048683
-0.017656    0.146517    -0.124429
-0.055245    0.08615    -0.113474
-0.052827    0.101137    -0.114475
-0.082525    0.116324    -0.095451
-0.087278    0.113128    -0.091804
-0.078118    0.111894    -0.098832
-0.10576    0.121552    -0.06906
-0.11837    0.125484    -0.043283
-0.122686    0.13498    0.032443
-0.110234    -0.39177    0.062718
-0.112194    -0.504536    0.057988
-0.11126    -0.430946    0.060241
-0.113622    -0.440434    0.054539
-0.112103    0.051797    0.058207
-0.117    0.04029    0.046385
-0.00491    -0.501136    0.113599
-0.006235    -0.483071    0.090931
-0.008917    -0.483071    0.074058
-0.039824    -0.483071    0.077478
-0.07816    -0.495502    0.081969
0.109401    0.144284    -0.064315
0.119144    0.14017    -0.041414
0.122849    0.02838    0.031205
0.126726    0.031349    0.001748
0.105165    -0.408242    0.069631
0.109049    -0.408822    0.064569
0.106525    -0.441636    0.067858
0.089527    -0.509356    0.089788
-0.120376    0.143892    -0.038438
-0.096475    0.133393    -0.081159
-0.123191    0.135329    -0.028806
-0.121463    0.122966    0.03561
-0.103624    -0.452721    0.07164
-0.106296    -0.461191    0.068157
-0.102864    -0.421063    0.07263
-0.103017    -0.448217    0.07243
-0.108646    0.049514    0.065094
-0.099512    0.075179    0.076999
-0.01384    -0.496367    0.111798
-0.023285    -0.483071    0.092427
-0.059772    -0.491227    0.095324
0.126131    0.14198    -0.006474
0.122779    0.058995    0.031735
0.125085    0.10641    0.014215
0.090026    -0.466609    0.08936
0.093525    -0.455835    0.0848
0.097557    -0.453436    0.079545
-0.011213    0.157357    -0.12257
-0.118766    0.148612    -0.040416
-0.089877    -0.417745    0.089555
-0.093691    -0.451117    0.084585
-0.096489    -0.468299    0.080938
-0.094548    -0.415785    0.083468
-0.096265    0.050816    0.081229
-0.097998    0.040516    0.078971
-0.101992    0.146454    0.073269
-0.022795    -0.483297    0.100544
0.073393    0.152614    -0.100531
0.123179    0.113609    0.028692
0.121279    0.031999    0.036055
0.116194    0.054797    0.048331
0.076653    -0.42376    0.099754
0.08132    -0.46156    0.096172
0.074539    -0.385511    0.101376
0.070477    -0.469658    0.104493
0.076167    -0.46345    0.100127
0.082834    -0.49832    0.09501
-0.060858    0.161949    -0.106362
0.071194    0.158996    -0.099725
-0.125809    0.149378    0.001959
-0.07724    -0.453272    0.099303
-0.07991    -0.428611    0.097254
-0.079546    -0.477366    0.097534
-0.080395    0.146444    0.096503
0.087826    0.15942    -0.086454
0.126339    0.141873    0.00469
0.120279    0.111579    0.038471
0.116794    0.112406    0.046883
0.056935    -0.423301    0.112571
0.057495    -0.454348    0.112339
0.051158    -0.412941    0.114964
-0.001637    0.170724    -0.118616
-0.094735    0.156144    -0.079119
-0.120435    0.156623    0.028298
-0.06574    -0.377324    0.108127
-0.068882    -0.429497    0.105717
-0.088167    -0.374786    0.090919
-0.078782    0.066966    0.09812
-0.069833    0.055286    0.104987
-0.072241    0.032819    0.103139
-0.077017    0.131209    0.099474
0.092752    0.159927    -0.079776
0.119504    0.134666    0.04034
0.101188    0.046106    0.074813
0.106211    0.094175    0.068268
0.03412    -0.483359    0.122021
0.047202    -0.505485    0.116602
0.038984    -0.410441    0.120006
-0.07153    0.164038    -0.097212
0.07002    0.16821    -0.09611
-0.124243    0.155478    0.002095
-0.057585    -0.484633    0.112302
-0.061366    -0.41933    0.110736
-0.05975    -0.408501    0.111405
-0.044108    -0.463455    0.117884
-0.067623    0.09357    0.106683
-0.067745    0.069626    0.106589
0.124077    0.148856    0.015912
0.090733    0.102189    0.088439
0.098925    0.080169    0.077763
0.066779    0.086459    0.10733
0.067115    0.037037    0.107072
0.064513    0.109034    0.109069
0.032937    0.045351    0.122511
0.036929    0.052557    0.120857
0.04638    0.072584    0.116943
0.019386    -0.394875    0.124316
0.014868    -0.374256    0.124911
0.025302    -0.391777    0.123537
-0.092056    0.169652    -0.074255
0.073214    0.173051    -0.09076
-0.119033    0.163229    0.022269
-0.040072    -0.457979    0.119556
-0.036025    -0.375471    0.121232
-0.040791    -0.406777    0.119258
-0.039761    -0.399185    0.119685
-0.032879    0.116614    0.122535
-0.055168    0.051444    0.113303
-0.042875    0.060872    0.118395
0.111959    0.168376    -0.040046
0.093877    0.118548    0.084342
0.087333    0.080541    0.091559
0.079424    0.110979    0.097627
0.061885    0.069878    0.110521
0.056566    0.086474    0.112724
0.020689    -0.480645    0.124144
0.014993    -0.494316    0.124894
0.010297    -0.417245    0.125513
0.025786    0.041912    0.123473
0.025631    0.034472    0.123494
0.011617    0.066649    0.125339
-0.090891    0.174827    -0.071376
0.069324    0.175704    -0.091869
-0.106079    0.169364    0.05293
-0.029886    -0.475746    0.122934
-0.030575    -0.481616    0.122843
-0.020045    -0.488964    0.124229
-0.022376    0.150032    0.122902
-0.040035    0.0876    0.119571
-0.041786    0.083218    0.118846
0.110769    0.147484    0.060103
0.081646    0.124641    0.095923
0.055995    0.144796    0.11296
0.025811    0.120496    0.12347
0.03128    0.107053    0.12275
0.028532    0.079952    0.123112
-0.027899    -0.378542    0.123195
-0.000728    -0.394469    0.126772
-0.01898    -0.423132    0.124369
-0.107287    0.17736    -0.039185
0.086935    0.179567    -0.072164
-0.085728    0.172757    0.079808
-0.011238    0.142692    0.125389
-0.027199    0.09938    0.123287
-0.019534    0.083223    0.124296
-0.032196    0.129067    0.12263
0.118342    0.155526    0.036791
-0.006618    0.057061    0.125997
-0.000145    0.090971    0.126849
-0.044309    0.182285    -0.101887
0.006037    0.185823    -0.108728
-0.109108    0.18371    0.013755
-0.058211    0.165269    0.105736
0.117498    0.165688    0.025835
-0.039221    0.186394    -0.100841
-0.001004    0.18845    -0.107487
-0.109266    0.184662    0.007385
-0.032326    0.168273    0.115061
0.114517    0.175645    0.0114
0.047788    0.156513    0.113396
-0.103219    0.19065    -0.017881
0.074267    0.193935    -0.070476
-0.0524    0.177409    0.101639
0.110236    0.183238    -0.007956
0.06257    0.159007    0.106135
-0.101563    0.191841    -0.022411
0.072989    0.195299    -0.070164
-0.045024    0.177918    0.104385
0.104114    0.189331    -0.019997
0.079661    0.163254    0.091194
-0.095967    0.197392    0.024698
0.080996    0.196929    -0.056987
-0.053069    0.191197    0.090485
0.092608    0.197522    -0.03324
-0.044362    0.198792    -0.086563
-0.0921    0.198768    0.030716
-0.081754    0.200192    0.049951
-0.013845    0.175557    0.114157
0.097074    0.199314    -0.000436
-0.061078    0.203659    -0.068274
-0.006543    0.208038    -0.085316
-0.058126    0.203523    0.070568
0.040583    0.178428    0.105915
0.097475    0.198846    0.001095
-0.084857    0.206559    -0.023474
0.009334    0.210332    -0.081169
-0.034145    0.197107    0.092579
0.041934    0.181291    0.103431
0.08701    0.205956    0.014391
-0.077451    0.213117    -0.000472
0.037417    0.209736    -0.074019
0.003988    0.18578    0.108825
0.077088    0.209694    -0.030056
-0.028961    0.213189    -0.07114
-0.061019    0.213563    0.045343
-0.004686    0.199618    0.096065
0.069746    0.189738    0.079311
0.090638    0.196788    0.039887
-0.050691    0.213723    0.056542
0.033604    0.190857    0.099061
0.071651    0.207488    0.047927
-0.025843    0.215282    0.068306
0.048637    0.195934    0.087961
0.063803    0.198727    0.073115
0.027131    0.203686    0.087407
0.044923    0.212248    0.064149
0.039567    0.219301    -0.055
0.041676    0.216527    0.057704
0.060718    0.218256    -0.03347
0.009908    0.221707    -0.064411
-0.033196    0.222452    0.055505
-0.064109    0.22107    -0.016297
-0.038261    0.224203    -0.049831
0.039299    0.222141    0.051205
0.057343    0.223455    0.027008
0.037173    0.228744    -0.046409
0.013104    0.230715    -0.057026
0.014022    0.230373    0.05689
-0.005946    0.231373    0.057402
0.0311    0.231647    0.048687
0.038691    0.236775    0.039806
-0.023244    0.239341    0.049076
0.045148    0.237619    0.031236
-0.023367    0.243238    0.047872
0.051623    0.243347    0.014391
0.0525    0.242889    0.009816
0.051893    0.245086    -0.010825
-0.013072    0.251183    0.050842
0.016435    0.250847    0.049623
0.019005    0.262319    -0.048655
-0.031335    0.269157    -0.041765
-0.052251    0.275709    -0.0026
-0.037811    0.274219    0.036254
-0.005097    0.256398    0.051807
0.027223    0.262032    0.044717
0.051195    0.25675    0.010419
0.007264    0.283589    -0.051725
0.040015    0.259198    -0.033586
-0.046642    0.266147    -0.02372
-0.048882    0.278003    0.018109
-0.027186    0.267335    0.044745
0.009001    0.267543    0.051293
0.037519    0.269671    0.036634
0.052219    0.282008    -0.002841
-0.003545    0.377942    -0.052215
0.018628    0.333748    -0.048811
0.044313    0.271271    -0.027984
-0.030453    0.298259    -0.042443
-0.042117    0.347601    -0.030846
-0.051022    0.298104    -0.011934
-0.04851    0.305594    0.019006
-0.040842    0.346431    0.032304
-0.024749    0.330722    0.046071
0.001283    0.384483    0.052309
0.017976    0.326339    0.048877
0.040961    0.32655    0.032148
0.051358    0.320655    0.009181
0.051677    0.332217    -0.00696
-0.005762    0.40678    -0.051923
0.024568    0.401888    -0.04635
0.026981    0.398021    -0.045107
-0.022493    0.392017    -0.04721
-0.043463    0.384165    -0.029092
-0.047725    0.338215    -0.021105
-0.051836    0.373017    0.005547
-0.043801    0.369261    0.028448
-0.027114    0.378065    0.0448
-0.00234    0.311731    0.05217
0.024139    0.312794    0.046324
0.028841    0.383131    0.043475
0.047641    0.341826    0.021103
0.051203    0.33357    0.010352
0.048515    0.349931    -0.019199
-0.050079    0.41112    0.01516
-0.050835    0.415982    0.007833
0.046435    0.41909    -0.018786
0.053672    -0.169105    -0.114126
0.037036    -0.357409    -0.121016
0.052871    -0.210993    -0.114457
0.061746    -0.226599    -0.110781
0.052135    -0.222659    -0.114762
0.047768    -0.20661    -0.116571
0.060148    -0.155354    -0.111443
0.052871    -0.182787    -0.114457
0.0624    -0.008167    -0.11051
0.085282    -0.196573    -0.093335
0.082717    -0.365647    -0.095303
0.078264    -0.297973    -0.098721
0.084754    -0.198825    -0.09374
0.07053    -0.279593    -0.104655
0.079926    -0.279007    -0.097445
0.086752    -0.370134    -0.092208
0.080305    -0.333424    -0.097155
0.085829    -0.182412    -0.092916
0.085441    -0.125896    -0.093213
0.090068    -0.216188    -0.089509
0.096098    -0.147067    -0.081651
0.095998    -0.09538    -0.081782
0.091904    -0.094315    -0.087116
0.105782    -0.331875    -0.069031
0.105892    -0.33736    -0.068887
0.094341    -0.097535    -0.08394
0.091619    -0.094504    -0.087487
0.094462    -0.218165    -0.083783
0.119402    -0.35417    -0.040791
0.111336    -0.112818    -0.060263
0.113997    -0.267205    -0.053838
0.114728    -0.342171    -0.052074
0.110225    -0.209188    -0.062945
0.114542    -0.265931    -0.052523
0.116528    -0.272728    -0.047728
0.116848    -0.347416    -0.046956
0.112139    -0.328532    -0.058324
0.02678    -0.300164    -0.123546
0.013862    -0.204408    -0.125247
0.012562    -0.225434    -0.125418
0.015228    -0.307168    -0.125067
0.030123    -0.065809    -0.123106
0.018953    -0.17404    -0.124576
0.0114    -0.258535    -0.125571
0.018095    -0.248339    -0.124689
0.032501    -0.211873    -0.122792
0.020109    -0.264053    -0.124424
-0.011922    -0.338923    -0.125502
-0.002818    -0.204026    -0.126701
-0.010106    -0.329462    -0.125741
-0.016903    -0.180485    -0.124846
-0.016181    -0.362733    -0.124941
-0.011606    -0.172846    -0.125544
-0.017016    -0.225976    -0.124831
-0.019012    -0.293912    -0.124569
-0.01239    -0.137572    -0.125441
-0.037752    -0.096389    -0.120719
-0.039801    -0.233983    -0.119871
-0.038675    -0.059371    -0.120337
-0.038203    -0.189172    -0.120533
-0.037854    -0.103983    -0.120677
-0.034177    -0.199572    -0.1222
-0.055535    -0.321485    -0.113354
-0.048682    -0.296794    -0.116192
-0.039058    -0.348651    -0.120179
-0.03905    -0.179534    -0.120182
-0.0787    -0.34359    -0.098386
-0.071369    -0.360333    -0.104012
-0.068474    -0.234173    -0.106232
-0.067898    -0.340235    -0.106675
-0.06432    -0.297959    -0.109421
-0.075054    -0.329641    -0.101184
-0.066695    -0.048793    -0.107598
-0.072275    -0.250558    -0.103316
-0.073058    -0.21031    -0.102715
-0.109913    -0.230693    -0.063647
-0.106811    -0.063908    -0.06769
-0.105089    -0.100574    -0.069934
-0.107522    -0.210694    -0.066762
-0.10486    -0.11564    -0.070233
-0.104152    -0.310295    -0.071155
-0.104049    -0.134755    -0.071289
-0.108532    -0.256039    -0.065447
-0.096319    -0.365285    -0.081363
-0.114088    -0.357225    -0.05362
-0.117967    -0.242102    -0.044255
-0.12113    -0.044764    -0.036619
-0.121347    -0.05959    -0.036095
-0.114149    -0.285319    -0.053472
-0.1211    -0.19703    -0.036692
-0.118988    -0.222751    -0.041791
-0.112515    -0.307976    -0.057418
-0.121571    -0.360224    -0.035554
-0.119142    -0.268776    -0.041417
-0.124662    -0.274863    -0.017634
-0.125861    -0.192987    -0.00853
-0.122776    -0.363109    -0.03196
-0.125802    -0.272834    -0.008972
-0.124444    -0.238004    -0.01929
-0.125806    -0.196607    -0.008946
-0.124846    -0.221217    -0.016233
-0.126778    -0.344337    -0.001559
-0.126467    -0.078352    -0.003923
0.048434    -0.062936    -0.116295
0.037407    -0.093716    -0.120863
0.04675    -0.083214    -0.116993
0.037693    -0.275693    -0.120744
0.037751    -0.292142    -0.12072
0.033175    -0.091916    -0.122615
0.036864    -0.229003    -0.121087
0.053803    -0.054089    -0.114071
0.052804    -0.106622    -0.114485
0.03385    -0.190044    -0.122336
0.073269    -0.088401    -0.102553
0.07291    -0.073774    -0.102829
0.068199    -0.030229    -0.106444
0.066874    -0.277949    -0.107461
0.06724    -0.149274    -0.107179
0.06719    -0.102247    -0.107218
0.082551    -0.024382    -0.095431
0.065108    -0.315257    -0.108816
0.084681    -0.043975    -0.093797
0.107389    -0.118938    -0.066937
0.106315    -0.030897    -0.068335
0.105564    -0.028105    -0.069315
0.102966    -0.170955    -0.0727
0.109585    -0.280944    -0.064074
0.098062    -0.009038    -0.079092
0.107718    -0.052793    -0.066507
0.098912    -0.030831    -0.077983
0.097194    -0.006617    -0.080222
0.106023    -0.167896    -0.068717
0.120861    -0.073528    -0.037267
0.116923    -0.156799    -0.046775
0.118688    -0.029127    -0.042514
0.12161    -0.193571    -0.035461
0.122563    -0.072703    -0.033159
0.113989    -0.031552    -0.053858
0.121706    -0.255017    -0.035228
0.122367    -0.266709    -0.033633
0.119935    -0.006643    -0.039504
0.123345    -0.30254    -0.027636
0.125543    -0.318147    -0.010943
0.123742    -0.105012    -0.024627
0.12395    -0.229123    -0.023045
0.125084    -0.208331    -0.014425
0.123795    -0.320044    -0.024217
0.123996    -0.139023    -0.02269
0.123614    -0.133631    -0.025595
0.125156    -0.276333    -0.013879
0.029823    0.028124    -0.123145
0.017043    -0.084787    -0.124828
0.010155    -0.126654    -0.125735
0.004675    -0.248365    -0.126456
0.002171    -0.219897    -0.126786
0.001612    -0.065929    -0.12686
0.019529    -0.024705    -0.124501
0.003507    -0.283237    -0.12661
0.007854    -0.229751    -0.126038
0.004762    -0.310481    -0.126445
-0.029069    -0.233745    -0.123244
-0.01978    -0.124412    -0.124468
-0.028834    -0.249919    -0.123275
-0.03222    -0.347123    -0.122829
-0.024818    -0.047994    -0.123804
-0.013681    -0.02324    -0.125271
-0.021044    -0.099826    -0.124301
-0.029232    -0.059655    -0.123223
-0.027401    -0.244612    -0.123464
-0.044825    0.0062    -0.11779
-0.061665    -0.322037    -0.110815
-0.036364    -0.004704    -0.121295
-0.062954    -0.223439    -0.110281
-0.05763    -0.219862    -0.112486
-0.047246    -0.143942    -0.116787
-0.046722    -0.099748    -0.117004
-0.050386    -0.179038    -0.115487
-0.054684    -0.147697    -0.113706
-0.056828    -0.044867    -0.112818
-0.087492    -0.313927    -0.09164
-0.080148    -0.101577    -0.097275
-0.083347    -0.161674    -0.09482
-0.088816    -0.335669    -0.090623
-0.085544    -0.12614    -0.093134
-0.086387    -0.273535    -0.092487
-0.065221    0.016551    -0.108729
-0.088179    -0.20407    -0.091113
-0.082474    -0.229357    -0.09549
-0.096946    -0.11511    -0.080546
-0.095652    -0.220197    -0.082232
-0.090974    -0.139323    -0.088328
-0.098488    -0.185368    -0.078536
-0.095947    -0.079763    -0.081847
-0.093785    -0.209838    -0.084664
-0.092258    -0.248726    -0.086655
-0.099593    -0.149902    -0.077096
-0.094869    -0.014831    -0.083252
-0.112024    -0.136552    -0.058601
-0.114064    -0.06703    -0.053678
-0.114046    -0.213732    -0.053721
-0.111765    -0.21164    -0.059227
-0.110954    -0.021367    -0.061185
-0.112582    -0.223215    -0.057256
-0.113383    -0.008219    -0.055321
-0.112058    -0.223673    -0.05852
-0.114616    -0.025948    -0.052345
-0.111174    -0.109375    -0.060654
-0.123876    -0.102639    -0.023608
-0.124133    -0.212838    -0.021656
-0.124101    -0.039682    -0.021899
-0.1239    -0.07664    -0.02342
-0.124617    -0.170155    -0.017974
-0.12527    -0.070136    -0.013016
-0.122925    -0.317215    -0.030827
-0.125086    -0.100841    -0.014414
-0.124839    -0.095606    -0.01629
-0.12487    0.013622    0.015852
-0.125523    -0.119651    0.010888
-0.125535    -0.224831    0.010798
-0.126442    -0.165163    0.003907
-0.126696    -0.089308    0.001978
-0.125238    -0.11671    0.013058
-0.123831    0.002303    0.023747
-0.126863    -0.034527    0.00071
-0.124066    -0.05185    0.021955
-0.12451    -0.074261    0.018582
0.126467    -0.001456    -0.003919
0.125516    -0.049684    -0.011145
0.12634    -0.054086    -0.004886
0.126237    0.025999    -0.005674
0.126285    -0.203721    -0.005307
0.123413    -0.040696    -0.027122
0.123597    0.017207    -0.025722
0.126844    -0.143169    -0.001061
0.123243    0.011903    -0.028414
-0.122788    -0.164961    0.031666
-0.123369    -0.183516    0.027254
-0.125715    -0.357255    0.009429
-0.123826    -0.178723    0.023784
-0.124005    -0.142861    0.022421
-0.123092    -0.170194    0.029359
-0.123183    -0.35251    0.028669
-0.123634    -0.219022    0.025238
-0.125699    -0.276137    0.009552
0.125288    -0.236311    0.012675
0.126393    -0.176445    0.004281
0.125676    -0.345929    0.009728
0.126868    -0.357335    0.00067
0.123306    -0.345059    0.027732
0.125603    -0.327356    0.010281
0.125797    -0.326914    0.008805
0.122943    -0.371409    0.030491
0.12662    -0.137323    0.002556
0.126772    -0.294043    0.001402
-0.116574    -0.025726    0.047415
-0.119623    -0.036155    0.040054
-0.11855    -0.160021    0.042643
-0.118179    0.002248    0.043538
-0.110199    0.020728    0.062803
-0.121684    -0.056429    0.035078
-0.120809    0.022499    0.03719
-0.120071    -0.085305    0.038972
-0.115719    -0.071046    0.049478
0.125334    -0.07003    0.012326
0.125829    -0.002944    0.008565
0.126079    -0.013302    0.006669
0.12545    0.001786    0.011444
0.123708    -0.218143    0.024676
0.123222    -0.095773    0.028371
0.123306    -0.255582    0.027734
0.125597    -0.034188    0.01033
0.124208    -0.107795    0.020882
0.122978    -0.126625    0.030226
-0.111104    -0.335284    0.060618
-0.120825    -0.331804    0.037152
-0.117329    -0.226804    0.045591
-0.1135    -0.178485    0.054835
-0.115915    -0.194972    0.049004
-0.111722    -0.090783    0.059127
-0.115597    -0.17985    0.049771
-0.111017    -0.282003    0.06083
-0.114106    -0.310519    0.053372
0.116339    -0.293136    0.047982
0.122043    -0.203623    0.034211
0.119079    -0.237688    0.041367
0.115578    -0.298815    0.049819
0.122473    -0.105931    0.033173
0.113366    -0.357698    0.055159
0.111974    -0.331308    0.058518
0.114868    -0.262365    0.051532
0.110998    -0.347703    0.060876
0.114659    -0.269593    0.052037
-0.096217    -0.008859    0.081293
-0.109124    -0.029271    0.064471
-0.099859    -0.152309    0.076546
-0.104058    -0.012498    0.071073
-0.101111    0.000834    0.074914
-0.10919    -0.354314    0.064386
-0.104609    -0.173278    0.070355
-0.098251    -0.021431    0.078642
-0.095345    -0.053584    0.082429
0.111211    -0.161348    0.060361
0.114482    -0.126199    0.052464
0.115925    -0.060696    0.048982
0.118378    0.000743    0.043057
0.117601    -0.095675    0.044935
0.110771    -0.188532    0.061423
0.113844    0.015066    0.054005
0.115583    -0.020048    0.049807
0.117722    -0.032828    0.044643
-0.092597    -0.203404    0.08601
-0.102361    -0.36685    0.073285
-0.094273    -0.369339    0.083826
-0.102336    -0.294983    0.073318
-0.092413    -0.306655    0.086249
-0.093518    -0.147442    0.08481
-0.104299    -0.352622    0.070759
-0.089868    -0.063505    0.089566
-0.09442    -0.14573    0.083634
-0.090712    -0.104647    0.088466
0.108829    -0.216203    0.064855
0.10574    -0.310118    0.068881
0.102284    -0.330545    0.073385
0.104044    -0.327355    0.071091
0.106612    -0.329566    0.067745
0.10609    -0.276653    0.068425
0.105889    -0.113961    0.068687
0.109614    -0.32994    0.063833
0.096297    -0.252878    0.081188
-0.082978    -0.349937    0.0949
-0.074761    -0.207882    0.101206
-0.081079    -0.114781    0.096357
-0.076499    -0.305145    0.099872
-0.087635    -0.015835    0.091327
-0.086907    -0.037815    0.091885
-0.086356    -0.219724    0.092308
-0.089585    0.014722    0.089831
-0.084383    -0.327634    0.093822
-0.073068    -0.230373    0.102504
0.099029    -0.006147    0.077627
0.102549    -0.069966    0.07304
0.089919    -0.175211    0.0895
0.094297    -0.026576    0.083795
0.095108    -0.112949    0.082738
0.093598    -0.261135    0.084706
0.107209    -0.013974    0.066967
0.100984    -0.083929    0.07508
0.089848    -0.303293    0.089593
0.066412    -0.229869    0.107612
0.064649    -0.025427    0.108965
0.067161    -0.209925    0.107037
0.079367    -0.366391    0.097671
0.065572    -0.191828    0.108257
0.079931    -0.291157    0.097239
0.070598    -0.169945    0.1044
0.069587    -0.279096    0.105176
0.06792    -0.248891    0.106455
-0.065187    -0.236483    0.108552
-0.079045    -0.115864    0.097918
-0.067901    -0.080192    0.106469
-0.080424    -0.084713    0.09686
-0.072328    -0.047411    0.103072
-0.087925    0.003415    0.091104
-0.069938    -0.031782    0.104906
-0.072354    -0.153125    0.103052
-0.086371    0.005178    0.092297
-0.064491    -0.246717    0.109086
0.082904    -0.105118    0.094957
0.083462    -0.127079    0.094529
0.079025    -0.065111    0.097933
0.089128    -0.207593    0.090181
0.080597    -0.051935    0.096727
0.079583    0.002887    0.097505
0.079353    -0.135019    0.097682
0.089319    -0.359911    0.090035
0.079142    -0.105778    0.097844
0.057277    -0.071983    0.112429
0.04906    -0.075542    0.115833
0.062454    -0.150142    0.110285
0.059836    -0.257271    0.11137
0.051655    -0.002064    0.114758
0.057316    -0.121269    0.112413
0.044184    -0.11021    0.117852
0.061205    -0.092034    0.110802
0.061091    -0.259296    0.110849
0.043329    0.009535    0.118206
0.054459    -0.296644    0.113597
0.038576    -0.126312    0.120175
0.042966    -0.116018    0.118357
0.054277    -0.278911    0.113672
0.044686    -0.308322    0.117644
0.033254    -0.260037    0.12238
0.036363    -0.306847    0.121092
0.036727    -0.025442    0.120941
0.046143    -0.372098    0.117041
-0.051651    -0.33605    0.11476
-0.056909    -0.267237    0.112582
-0.041454    -0.309715    0.118983
-0.057804    -0.306195    0.112211
-0.036721    -0.35826    0.120943
-0.061423    -0.21851    0.110712
-0.047217    -0.19128    0.116596
-0.052968    -0.271211    0.114214
-0.061277    -0.33115    0.110772
0.010856    -0.09448    0.125439
0.025122    -0.252444    0.123561
0.032821    -0.018166    0.122547
0.028148    -0.077403    0.123162
0.017134    -0.148481    0.124612
0.006417    -0.03903    0.126023
0.024876    -0.021607    0.123593
0.015376    0.001282    0.124844
0.026856    -0.098289    0.123333
0.020629    -0.015447    0.124152
-0.050568    -0.001798    0.115208
-0.048592    0.004365    0.116027
-0.036534    -0.183901    0.121021
-0.039053    -0.114788    0.119978
-0.033563    -0.359316    0.122252
-0.049131    -0.086858    0.115803
-0.054975    -0.074661    0.113383
-0.039874    -0.060191    0.119638
-0.043179    -0.153018    0.118269
0.001458    -0.368594    0.126676
0.009373    -0.335131    0.125634
0.000467    -0.154049    0.126806
0.008432    -0.148426    0.125758
0.02056    -0.233294    0.124161
0.005434    -0.223685    0.126153
0.001914    -0.050598    0.126616
0.013304    -0.34528    0.125117
0.008892    -0.280012    0.125697
0.010138    -0.340837    0.125533
-0.029704    -0.034377    0.122958
-0.02891    -0.225258    0.123062
-0.011659    -0.265404    0.125333
-0.013948    -0.279328    0.125032
-0.010642    -0.285819    0.125467
-0.026541    -0.302387    0.123374
-0.017571    -0.30066    0.124555
-0.021832    -0.26697    0.123994
-0.025482    -0.189654    0.123514
-0.013414    -0.127864    0.125102
-0.00818    -0.20871    0.125791
-0.003836    -0.259159    0.126363
-0.015034    0.019947    0.124889
-0.024084    -0.02196    0.123697
-0.01453    -0.077525    0.124955
-0.019144    -0.085804    0.124348
-0.013838    -0.021262    0.125046
-0.013921    -0.033669    0.125035
-0.001105    0.372857    -0.052537
0.008322    0.29168    -0.051586
0.030058    0.327645    -0.042745
-0.014027    0.366822    -0.050717
-0.04101    0.338524    -0.032289
-0.052282    0.354916    -0.002364
-0.051037    0.367642    0.011618
-0.037872    0.354804    0.036175
-0.02575    0.303398    0.045657
-0.002789    0.290739    0.052111
0.0194    0.327759    0.048287
0.045381    0.395676    0.026388
0.050219    0.337426    0.01488
0.051247    0.325027    -0.010222
-0.010527    0.398074    -0.051296
0.002522    0.406519    -0.05235
0.030076    0.358688    -0.042732
-0.018659    0.408262    -0.048798
-0.033544    0.346653    -0.040071
-0.04751    0.370463    -0.021623
-0.051806    0.404858    0.005775
-0.050313    0.359522    0.014654
-0.033857    0.387124    0.039627
-0.000351    0.371615    0.052432
0.010477    0.359571    0.051098
0.031955    0.396588    0.041087
0.042212    0.386707    0.030519
0.051327    0.32935    0.00941
0.046595    0.40677    -0.023833
0.040513    0.370824    -0.032936
0.034355    0.414389    0.038833
0.009481    0.420127    -0.048522
-0.001368    0.422864    -0.045584
0.042727    0.423539    0.003766
-0.007068    0.423928    -0.027128
-0.011096    0.423928    0.014034
0.001477    0.423928    0.016255
-0.000398    0.420897    -0.048984
0.03559    0.423095    -0.027256
0.008358    0.423854    0.039236
0.013918    0.423928    -0.010056
0.003754    0.423928    0.037811
-0.009408    0.423928    -0.003182
