0.053479    0.146645    0.024555
0.05895    0.126047    0.001412
0.058007    0.124907    0.004085
0.040562    0.128204    0.042781
0.058071    0.127985    -0.008885
0.038612    0.124907    0.005019
0.036684    0.174226    0.060539
0.058048    0.165746    -0.009034
0.026578    0.126831    0.052492
0.046235    0.137058    -0.036247
0.063706    0.174226    -0.004319
0.022551    0.151396    0.054258
0.027151    0.124907    -0.038731
0.018242    0.174226    0.061345
0.058409    0.186042    0.006288
0.027904    0.183238    0.051911
0.01495    0.124907    -0.04484
0.02028    0.16595    -0.055148
0.058689    0.17744    -0.026793
0.067354    0.17744    0.018777
0.002431    0.135125    0.059055
0.00845    0.124907    0.041182
0.034861    0.193979    0.010381
0.032978    0.190877    -0.04867
0.023316    0.193979    -0.002973
0.005233    0.124907    -0.007657
0.027601    0.174226    -0.056658
0.023307    0.193979    -0.006026
-0.011297    0.146643    0.057854
-0.005739    0.124907    0.045148
-0.01396    0.174226    0.058767
0.015475    0.193979    0.04083
-0.022611    0.129037    0.054238
-0.00144    0.156308    -0.059207
-0.010603    0.19326    0.057931
0.000689    0.193979    0.015519
-0.021951    0.124907    -0.006123
0.002095    0.17744    -0.062984
-0.004982    0.193979    0.04533
-0.033656    0.1338    0.048172
-0.021212    0.164934    -0.054845
-0.009553    0.193979    -0.049773
-0.034929    0.17744    0.059847
-0.032068    0.124907    -0.001462
-0.046182    0.174226    0.048225
-0.018616    0.193979    0.053094
-0.036698    0.124907    -0.025419
-0.023482    0.181254    -0.053849
-0.025763    0.193979    -0.024785
-0.042001    0.124907    0.027525
-0.035641    0.193979    0.027024
-0.059931    0.17744    0.037376
-0.04802    0.138245    -0.033862
-0.052002    0.17744    -0.038154
-0.045001    0.193979    -0.007676
-0.056908    0.168313    0.016506
-0.050203    0.179383    -0.030894
-0.066237    0.17744    -0.005641
-0.055549    0.174226    -0.042312
-0.061642    0.174226    -0.003438
-0.05879    0.142355    0.004171
-0.070406    0.174822    0.015344
-0.010848    0.212312    0.071152
-0.017272    0.281431    0.07044
-0.011126    0.275693    0.071121
-0.000272    0.184183    -0.010614
0.014957    0.293808    0.070465
0.006449    0.237485    0.071762
-0.000317    0.315858    0.063413
-0.028669    0.223579    0.066008
-0.009569    0.184183    -0.035959
-0.012344    0.184183    -0.060457
0.010704    0.184183    -0.053504
0.019478    0.191002    0.069775
0.012687    0.250305    0.070811
0.019282    0.315858    0.031572
-0.015729    0.315858    -0.0506
0.014204    0.315858    -0.054259
0.003438    0.315858    -0.024418
-0.030887    0.266644    0.065142
-0.020166    0.184183    0.033556
-0.017552    0.208821    -0.070069
-0.007014    0.21175    -0.071676
0.00682    0.194643    -0.071598
0.014603    0.184183    -0.044606
0.022993    0.272842    0.068442
0.02555    0.260951    0.067321
0.018045    0.315858    -0.062922
-0.009918    0.319226    0.051093
0.014605    0.319226    -0.040183
0.009438    0.319226    0.010149
-0.018424    0.315858    0.024289
-0.001761    0.211117    -0.072477
0.016517    0.205503    -0.070523
0.00249    0.310237    -0.072078
-0.042047    0.186941    0.058345
-0.031995    0.184183    -0.041809
-0.026847    0.248717    -0.066752
0.020184    0.184183    0.014339
0.028174    0.184183    -0.026939
0.037092    0.304763    0.06226
0.025263    0.315858    0.049362
0.02145    0.319226    0.05804
0.020327    0.300225    -0.069264
0.03387    0.304259    -0.063977
-0.013657    0.319226    -0.006822
0.012165    0.319226    -0.034086
0.018988    0.319226    -0.063797
0.01771    0.319226    -0.065076
-0.034094    0.315858    -0.005038
0.026322    0.200734    -0.066924
-0.048688    0.267814    0.053463
-0.041192    0.184183    0.033505
-0.029515    0.239955    -0.065582
-0.021013    0.184889    -0.06931
0.03663    0.184183    0.023394
0.038372    0.256201    0.061401
0.041865    0.315858    0.015998
0.040697    0.319226    -0.042137
0.040784    0.241774    -0.059274
0.019707    0.318787    -0.068164
-0.025399    0.319226    0.038082
-0.04089    0.315858    0.054935
-0.028735    0.319226    -0.006699
-0.05342    0.222729    0.048343
-0.047069    0.184183    0.002604
-0.039546    0.299789    -0.060461
0.039689    0.184183    -0.03831
0.049496    0.240451    0.052497
0.048569    0.260434    0.053239
0.046336    0.319226    0.050805
0.046535    0.292682    -0.055046
0.049918    0.250607    -0.052559
-0.04597    0.319226    0.045538
-0.058986    0.267535    0.041389
-0.061192    0.280017    0.038632
-0.055848    0.184183    -0.016703
-0.050806    0.269802    -0.051448
-0.049487    0.319226    -0.036194
0.051381    0.184183    0.011165
0.058345    0.211176    0.042048
0.058572    0.315858    -0.038245
0.055979    0.265405    -0.045146
0.051791    0.224751    -0.050378
-0.062889    0.252373    0.035657
-0.059652    0.315858    -0.039163
-0.061241    0.185898    -0.038108
-0.052157    0.319226    0.025656
0.06278    0.273953    0.036015
0.058902    0.270193    0.04129
0.060732    0.315858    -0.016518
0.060593    0.227296    -0.039381
-0.066198    0.240721    0.02811
-0.069248    0.234984    0.021155
-0.055085    0.298992    -0.046483
-0.066063    0.184183    -0.007914
0.068184    0.210792    0.023095
0.066324    0.184183    -0.026694
0.064335    0.288763    -0.032358
0.06328    0.285178    -0.034766
-0.069706    0.21485    0.019933
-0.064834    0.188357    -0.031675
-0.067674    0.184183    -0.016432
0.066257    0.285855    0.028031
0.068453    0.251034    -0.022968
0.067701    0.209911    -0.024683
-0.072237    0.199254    0.003335
-0.070355    0.289933    -0.017532
-0.068496    0.313369    -0.022296
0.070539    0.307636    0.016376
0.071351    0.285948    -0.009147
0.070145    0.315858    -0.002728
-0.072162    0.311562    -0.00173
-0.070593    0.18692    -0.01589
0.071634    0.262779    0.006493
0.071771    0.303374    0.005259
0.072398    0.190367    -0.002281
0.090213    -0.44649    0.096624
0.092575    -0.423133    0.087717
0.091534    -0.522911    0.091643
0.093311    -0.426646    0.08494
0.093727    -0.465772    0.08337
0.088358    -0.467348    0.101569
0.088943    -0.44495    0.100028
0.062417    -0.582979    0.059642
0.102577    -0.522142    0.039532
0.103101    -0.540737    0.036188
0.087805    -0.404777    0.075905
0.078883    -0.448596    0.126528
0.085906    -0.503747    0.108029
0.076691    -0.563524    0.081721
0.065271    -0.584308    0.034246
0.100901    -0.456438    0.050223
0.102276    -0.49382    0.041454
0.081861    -0.56624    0.045089
0.083817    -0.398817    0.073507
0.073462    -0.463935    0.137524
0.076468    -0.494255    0.131554
0.074588    -0.506183    0.135288
0.069496    -0.565124    0.099159
0.052768    -0.586137    -0.00147
0.104418    -0.492344    0.017768
0.10498    -0.543456    0.006933
0.094166    -0.408111    0.060011
0.079253    -0.572005    0.013148
0.074288    -0.372209    0.07962
0.077341    -0.237329    0.068105
0.076215    -0.259712    0.072352
0.077909    -0.330379    0.065964
0.078401    -0.190625    0.064108
0.070512    -0.227457    0.092927
0.066501    -0.238729    0.103492
0.063202    -0.313734    0.112183
0.065593    -0.343516    0.105884
0.068156    -0.321133    0.099132
0.06408    -0.463271    0.156156
0.065447    -0.471322    0.153441
0.061929    -0.568089    0.110739
0.051846    -0.279017    0.136535
0.059158    -0.207074    0.122014
0.059382    -0.149197    0.121569
0.055513    -0.306845    0.129252
0.054858    -0.324973    0.130553
0.048545    -0.586137    0.047197
0.05687    -0.586137    -0.051929
0.104753    -0.49796    0.011314
0.104944    -0.489522    0.007632
0.100663    -0.550413    0.017248
0.092575    -0.401583    0.038554
0.073196    -0.284145    0.083737
0.071784    -0.138005    0.089062
0.074065    -0.254725    0.080459
0.076236    -0.09185    0.072272
0.075406    -0.114809    0.075404
0.08086    -0.208062    0.05053
0.079687    -0.34662    0.058013
0.079322    -0.322739    0.060341
0.079256    -0.152438    0.06076
0.079767    -0.204508    0.057502
0.066571    -0.178504    0.103308
0.062189    -0.253198    0.11485
0.065461    -0.150105    0.106233
0.062362    -0.24023    0.114395
0.068097    -0.162936    0.09929
0.055131    -0.474144    0.170239
0.057558    -0.467605    0.166454
0.059249    -0.555405    0.146251
0.045294    -0.392532    0.154416
0.058826    -0.082445    0.122673
0.055089    -0.10169    0.130094
0.051339    -0.185517    0.137542
0.049569    -0.288585    0.141056
0.057487    -0.11636    0.125333
0.043611    -0.586137    -0.094864
0.070058    -0.571195    -0.076806
0.075192    -0.575755    -0.019039
0.105246    -0.52614    -0.00181
0.10433    -0.51524    -0.019476
0.105225    -0.464185    -0.00221
0.100851    -0.549913    -0.023271
0.082659    -0.263214    0.039053
0.083035    -0.216223    0.03666
0.08295    -0.254452    0.037196
0.081932    -0.311871    0.043695
0.083352    -0.3272    0.034637
0.076846    -0.072605    0.068555
0.0806    -0.072605    0.025449
0.066533    -0.072605    0.062996
0.068076    -0.066168    0.112948
0.049861    -0.477912    0.178458
0.05802    -0.534531    0.165733
0.045337    -0.398177    0.162195
0.044805    -0.335896    0.149751
0.041614    -0.331473    0.154727
0.044863    -0.331248    0.14966
0.039735    -0.29651    0.157658
0.052041    -0.072605    0.083585
0.053245    -0.072605    0.093889
0.058679    -0.068665    0.129537
0.0383    -0.586137    -0.086472
0.054473    -0.579801    -0.09738
0.076604    -0.568625    -0.062146
0.063474    -0.571958    -0.095768
0.095007    -0.550793    -0.060973
0.104716    -0.462345    -0.012033
0.103929    -0.421534    -0.027207
0.093251    -0.399302    0.006365
0.084404    -0.144103    0.022333
0.085009    -0.16185    0.010668
0.084801    -0.190623    0.014677
0.084458    -0.25001    0.021293
0.084931    -0.106442    0.012166
0.089067    -0.053796    0.078924
0.087536    -0.067977    0.028949
0.061445    -0.072605    -0.04945
0.080389    -0.053439    0.107412
0.043567    -0.519765    0.184345
0.037957    -0.4849    0.184345
0.01975    -0.478245    0.184345
0.03159    -0.476845    0.184345
0.006181    -0.483155    0.184345
0.045102    -0.536564    0.184345
0.054122    -0.547861    0.169541
0.023241    -0.400153    0.17324
0.019241    -0.411051    0.181414
0.029515    -0.586137    -0.133769
0.031615    -0.586137    0.055852
0.035533    -0.104839    0.164211
0.036182    -0.22013    0.1632
0.035665    -0.278612    0.164006
0.041885    -0.072605    0.103119
0.039809    -0.072605    0.063291
0.059391    -0.072605    0.017753
0.064384    -0.050969    0.147716
0.055726    -0.557037    -0.149618
0.045521    -0.581653    -0.115151
0.093015    -0.528385    -0.086056
0.096562    -0.460818    -0.072679
0.087192    -0.493873    -0.10464
0.087231    -0.477051    -0.104537
0.103625    -0.534422    -0.032846
0.103057    -0.4655    -0.03647
0.102607    -0.50204    -0.039342
0.085144    -0.374549    0.008057
0.085384    -0.337317    0.003431
0.085525    -0.327262    0.000721
0.084309    -0.365516    0.024155
0.085365    -0.336465    0.003798
0.089755    -0.066217    0.011649
0.074159    -0.103029    -0.080108
0.076541    -0.083233    -0.071123
0.077795    -0.278164    -0.066393
0.076213    -0.194151    -0.072359
0.078743    -0.293131    -0.062818
0.092605    -0.014449    0.087601
0.091561    -0.009944    0.091539
0.094183    -0.014787    0.081652
0.102322    -0.034474    0.041159
0.099543    0.050842    0.058883
0.083493    -0.163351    -0.033733
0.080829    -0.122204    -0.050727
0.081294    -0.093211    -0.04776
0.083627    -0.119213    -0.03288
0.083868    -0.168742    -0.031343
0.099276    -0.051839    -0.033625
0.103986    -0.03047    0.026108
0.104602    -0.018664    0.014225
0.069756    -0.333109    -0.094918
0.069173    -0.078077    -0.096456
0.068397    -0.275779    -0.098498
0.067047    -0.143039    -0.102055
0.070547    -0.137581    -0.092834
0.079187    0.031603    0.125728
0.079752    0.061014    0.124239
0.078774    -0.040852    0.126815
-0.026965    -0.491732    0.184345
0.00437    -0.441331    0.184345
-0.010661    -0.442524    0.184345
-0.003174    -0.421791    0.184345
-0.028171    -0.419829    0.184345
-0.001226    -0.460273    0.184345
0.006782    -0.558833    0.172147
0.021039    -0.556813    0.174167
0.009644    -0.563882    0.167097
-0.002101    -0.396706    0.170655
0.028183    -0.586137    -0.085192
-0.009838    -0.291189    0.164594
0.023812    -0.292012    0.164594
-0.005906    -0.257327    0.164594
0.03156    -0.196223    0.164594
0.018441    -0.238131    0.164594
0.034109    -0.296449    0.164594
0.021549    -0.164717    0.164594
0.027608    -0.326714    0.164594
0.020354    -0.313189    0.164594
0.019215    -0.308657    0.164594
0.01923    -0.243966    0.164594
0.021248    -0.172027    0.164594
0.046443    -0.072605    -0.142789
0.041118    -0.072605    -0.086535
0.055924    -0.130298    -0.128437
0.051715    -0.167738    -0.136794
0.050844    -0.079386    -0.138524
0.054342    -0.143686    -0.131577
0.058898    -0.073674    -0.122531
0.072366    -0.010598    0.139701
0.071036    -0.002519    0.142342
0.064212    0.071465    0.155893
0.047053    -0.563238    -0.152077
0.072928    -0.500908    -0.138585
0.078241    -0.429294    -0.128034
0.091488    -0.439816    -0.091816
0.093245    -0.474703    -0.08519
0.098692    -0.480607    -0.06431
0.099097    -0.513722    -0.061728
0.086481    -0.45331    -0.106514
0.081742    -0.442954    -0.118998
0.082568    -0.464006    -0.116822
0.08491    -0.187829    -0.012579
0.085267    -0.253595    -0.00569
0.085258    -0.240709    -0.005867
0.084792    -0.155943    -0.014851
0.085471    -0.133117    -0.001753
0.085486    -0.07232    -0.005588
0.076068    -0.340639    -0.072908
0.071482    -0.360217    -0.090202
0.07308    -0.196269    -0.084176
0.073647    -0.252445    -0.082038
0.075072    -0.369575    -0.076662
0.081734    -0.316045    -0.044953
0.082486    -0.329812    -0.040156
0.083266    -0.352063    -0.035183
0.080522    -0.360811    -0.052686
0.081306    -0.268811    -0.047686
0.079863    -0.064315    -0.082852
0.088936    -0.060011    -0.060003
0.09793    0.082167    0.067519
0.093782    0.042591    0.083162
0.08087    0.076942    0.121294
0.088503    0.046957    0.101188
0.10276    0.067511    0.038368
0.103572    0.073721    0.033188
0.084149    -0.330164    -0.02724
0.084659    -0.319948    -0.017415
0.084201    -0.301797    -0.026245
0.084589    -0.237739    -0.018766
0.084519    -0.291452    -0.020107
0.104813    0.048085    0.010152
0.1048    0.022932    0.010404
0.105208    0.044046    0.00255
0.061561    -0.200574    -0.116505
0.062762    -0.265069    -0.113343
0.065092    -0.223192    -0.107204
0.063928    -0.283587    -0.11027
0.062834    -0.17605    -0.113151
0.078407    -0.010295    0.127703
0.077032    0.036827    0.130435
-0.047289    -0.476039    0.182469
-0.047229    -0.448057    0.182562
-0.04946    -0.439792    0.179084
0.02437    -0.585024    0.145955
0.026971    -0.586137    0.051304
-0.047493    -0.40899    0.173857
0.048833    -0.049341    0.175793
-0.032278    -0.07843    0.164594
0.008501    -0.078532    0.164594
-0.017806    -0.273821    0.164594
-0.01153    -0.212257    0.164594
-0.023238    -0.198273    0.164594
-0.032041    -0.266702    0.164594
-0.021971    -0.220963    0.164594
0.002279    -0.205852    0.164594
0.003663    -0.182734    0.164594
-0.0178    -0.084327    0.164594
-0.018413    -0.210511    0.164594
0.023478    -0.072605    -0.0973
0.017317    -0.072605    -0.00219
0.01236    -0.072605    -0.013362
0.025037    -0.072605    -0.087788
0.000471    -0.072605    -0.026874
-0.010584    -0.072605    -0.09897
-0.00932    -0.072605    -0.121787
0.028151    -0.072605    -0.132323
0.010702    -0.072605    -0.004358
0.005676    -0.072605    -0.141896
0.02739    -0.072605    -0.089742
0.030312    -0.072605    0.013714
0.043345    -0.074129    -0.152028
0.045318    -0.288067    -0.148951
0.043755    -0.200561    -0.151389
0.046156    -0.333897    -0.147643
0.04679    -0.167524    -0.146574
0.049235    -0.333069    -0.141719
0.046824    -0.332292    -0.146507
0.047306    -0.12259    -0.145549
0.051286    -0.270275    -0.137646
0.059455    -0.056982    -0.147475
0.063567    0.022923    0.157082
0.054865    0.040749    0.170654
0.059489    -0.485394    -0.163442
0.061928    -0.441691    -0.159638
0.06984    -0.430795    -0.144716
0.074998    -0.425454    -0.134473
0.070859    -0.456622    -0.142694
0.088317    -0.398765    -0.052067
0.086754    -0.39534    -0.045456
0.105238    0.007995    -0.001959
0.104906    0.016611    -0.008363
0.07918    -0.390552    -0.066809
0.094986    -0.006648    -0.078623
0.092188    -0.022143    -0.089177
0.101812    0.019191    -0.04441
0.099572    -0.044579    -0.058701
0.070075    0.113571    0.062674
0.077008    0.090565    0.11693
0.095093    0.091919    0.045214
0.091955    0.098237    0.010334
0.082521    -0.026837    -0.116946
0.089748    0.074063    -0.097907
0.088853    0.046894    -0.100266
0.068585    0.086877    0.143934
-0.059026    -0.531218    0.164164
-0.062446    -0.466938    0.158831
0.009364    -0.586137    0.129686
-0.004827    -0.586137    0.125018
0.001391    -0.586137    0.062092
-0.006685    -0.586137    0.138625
-0.005896    -0.586137    0.048684
0.00877    -0.586137    -0.037438
0.015222    -0.586137    -0.033618
-0.042385    -0.559343    0.166573
-0.027141    -0.586137    0.059758
-0.003164    -0.555852    -0.175127
0.033044    -0.556158    -0.174822
-0.01296    -0.55658    -0.174399
0.048333    0.046242    0.180841
0.05169    -0.006696    0.175605
0.006232    -0.070809    0.165941
-0.001339    -0.072605    0.146793
-0.013604    -0.072605    0.121002
-0.006169    -0.072605    0.005357
-0.034064    -0.072605    -0.107247
-0.027552    -0.072605    0.079899
-0.00573    -0.072605    0.120899
-0.029042    -0.072605    -0.065881
-0.015341    -0.072605    0.080024
0.008687    -0.072605    0.085047
-0.028833    -0.072605    -0.119705
-0.01156    -0.072605    0.15498
-0.025702    -0.072605    -0.100189
-0.004329    -0.072605    0.131477
-0.037065    -0.235477    0.161823
-0.039657    -0.088541    0.15778
-0.035415    -0.243507    0.164396
-0.004364    -0.125905    -0.164594
0.008696    -0.168808    -0.164594
0.018165    -0.205074    -0.164594
0.02282    -0.180641    -0.164594
-0.000901    -0.073026    -0.164594
0.018544    -0.172313    -0.164594
0.014111    -0.078803    -0.164594
0.022379    -0.283394    -0.164594
0.021848    -0.173036    -0.164594
0.020191    -0.211689    -0.164594
-0.000188    -0.126343    -0.164594
-0.008725    -0.118661    -0.164594
-0.033801    -0.071856    -0.165156
0.038834    -0.202293    -0.159063
0.038529    -0.291766    -0.15954
0.045278    -0.36339    -0.149014
0.039079    -0.066013    -0.167841
0.075815    0.002413    -0.132851
0.076862    0.065463    -0.130773
0.071767    0.022971    -0.14089
0.044039    0.099887    0.160707
0.051869    -0.450088    -0.175326
0.060275    -0.435562    -0.162217
0.104287    0.017295    -0.020306
0.104064    -0.008558    -0.024612
0.104683    0.06376    -0.012658
0.09355    0.054819    -0.084039
0.092902    0.04829    -0.086481
0.0991    0.052052    -0.061709
0.09978    0.047111    -0.057372
0.058868    0.12314    0.067601
0.070158    0.116031    0.048576
0.055584    0.114032    0.107239
0.076658    0.113201    0.016357
0.093393    0.096379    -0.018484
0.079788    -0.015625    -0.124146
0.079035    0.063156    -0.126129
0.045228    0.118393    0.120245
-0.065057    -0.525489    0.154216
-0.074105    -0.438253    0.136248
-0.001817    -0.586137    -0.036306
-0.011083    -0.586137    0.02959
-0.010798    -0.586137    -0.05084
-0.016984    -0.586137    -0.094427
0.00306    -0.586137    -0.134246
-0.00517    -0.586137    -0.038427
-0.002687    -0.586137    -0.054198
-0.045674    -0.572893    0.134323
-0.028743    -0.586137    0.04058
-0.037574    -0.342034    0.161029
-0.040496    -0.378085    0.156472
-0.043837    -0.212449    0.15126
-0.057364    -0.398771    0.142495
-0.010013    -0.578553    -0.152426
-0.039767    -0.438844    -0.184345
-0.02552    -0.513192    -0.184345
0.028361    -0.535259    -0.184345
0.018554    -0.515565    -0.184345
-0.000656    -0.537169    -0.184345
-0.035042    -0.52972    -0.184345
0.010109    -0.504768    -0.184345
0.00664    -0.009022    0.184345
0.031025    0.009823    0.184345
0.015963    -0.00449    0.184345
0.007713    -0.035953    0.184345
-0.021481    -0.042251    0.184345
-0.01923    -0.008289    0.184345
-0.014112    -0.053816    0.178686
-0.024584    -0.047505    0.183419
-0.036092    -0.072605    0.136177
-0.037856    -0.072605    0.104725
-0.042065    -0.072605    0.113657
-0.045744    -0.06863    0.153809
-0.005901    -0.271411    -0.164594
-0.023994    -0.294473    -0.164594
-0.024587    -0.224921    -0.164594
-0.033416    -0.217462    -0.164594
-0.028953    -0.297373    -0.164594
0.007044    -0.288008    -0.164594
-0.011348    -0.189551    -0.164594
0.025989    -0.383932    -0.164594
-0.000866    -0.339207    -0.164594
-0.012824    -0.222881    -0.164594
0.015357    -0.388045    -0.164594
0.021287    -0.049731    -0.181749
-0.001014    -0.053064    -0.17925
0.059482    -0.410073    -0.156662
0.055002    -0.001884    -0.170439
0.056599    0.0075    -0.167949
0.065966    0.042502    -0.152411
0.069007    0.069806    -0.146371
0.042484    -0.453307    -0.184345
-0.002556    -0.458728    -0.184345
0.040988    -0.482504    -0.184345
0.000188    -0.416883    -0.184345
-0.011304    -0.45442    -0.184345
0.038964    -0.458082    -0.184345
0.016195    -0.453557    -0.184345
0.086494    0.090369    -0.09128
0.092169    0.096003    -0.037495
0.053287    0.124907    0.06931
0.044412    0.128828    0.047651
0.046235    0.124907    0.015499
0.044567    0.124907    -0.03573
0.043723    0.130494    0.003047
0.072959    0.116934    -0.015589
0.076645    0.092842    -0.111468
0.03703    0.124907    0.032648
0.040579    0.125533    0.107228
-0.077592    -0.447828    0.129322
-0.078197    -0.519302    0.128122
-0.051003    -0.576383    0.115981
-0.031278    -0.586137    -0.070028
-0.035589    -0.586137    0.078943
-0.047511    -0.168648    0.145143
-0.052378    -0.230814    0.135478
-0.048041    -0.351906    0.144091
-0.05303    -0.218225    0.134183
-0.050894    -0.1274    0.138425
-0.052773    -0.083003    0.134693
-0.05638    -0.544043    -0.168292
-0.047062    -0.483346    -0.182822
-0.042689    -0.003163    0.184345
-0.031012    0.021209    0.184345
-0.005871    0.063576    0.184345
-0.005196    0.080946    0.184345
0.007868    0.062599    0.184345
0.006649    0.047142    0.184345
-0.03777    0.008976    0.184345
-0.04332    -0.212342    -0.152067
-0.044251    -0.165205    -0.150615
-0.035793    -0.086089    -0.163807
-0.045126    -0.29743    -0.149249
-0.052935    -0.072605    0.010758
-0.050536    -0.072605    0.089038
-0.050951    -0.068688    0.144844
0.037966    -0.397782    -0.171461
-0.039133    -0.273418    -0.158596
-0.036146    -0.152112    -0.163257
-0.03536    -0.223681    -0.164482
0.02637    0.042828    -0.184345
0.021346    -0.006964    -0.184345
0.038516    0.016603    -0.184345
0.034361    -0.020729    -0.184345
0.02823    -0.021964    -0.184345
0.021506    0.006635    -0.184345
0.036433    -0.01633    -0.184345
-0.046102    -0.003783    -0.18432
-0.062151    -0.04541    -0.159291
0.047411    0.010361    -0.182279
0.053035    0.06428    -0.173507
0.069192    0.092813    -0.129532
0.02557    0.124907    -0.076528
0.017431    0.095334    0.174415
0.034334    0.106256    0.163494
0.012648    0.116118    0.153631
-0.02522    -0.402322    -0.174866
0.027086    -0.413978    -0.183609
0.083877    0.101545    -0.054602
0.047588    0.124907    -0.048855
0.058415    0.124907    -0.025094
0.032322    0.12895    0.081181
0.04391    0.12384    -0.110358
0.035548    0.124907    -0.115402
0.037499    0.124907    -0.102728
-0.087787    -0.42005    0.103074
-0.082947    -0.420719    0.115822
-0.053188    -0.581934    0.094752
-0.042213    -0.586137    0.056262
-0.041725    -0.586137    -0.084806
-0.054293    -0.549594    -0.166063
-0.059328    -0.162483    0.121676
-0.050936    -0.348299    0.138341
-0.057637    -0.24141    0.125035
-0.059038    -0.160428    0.122252
-0.055554    -0.219116    0.129171
-0.077227    -0.412377    0.125431
-0.052399    -0.432114    -0.174499
-0.057936    -0.502593    -0.165864
-0.049963    0.017117    0.178298
-0.051829    0.005336    0.175388
-0.060761    0.034008    0.161458
-0.059311    0.028107    0.163719
-0.050412    -0.041634    0.177599
-0.053966    -0.272573    -0.132324
-0.04941    -0.208251    -0.141371
-0.049362    -0.248946    -0.141468
-0.049849    -0.224392    -0.1405
-0.05349    -0.294937    -0.13327
-0.058874    -0.072605    -0.089355
-0.056994    -0.072605    -0.010975
-0.076876    0.067687    0.130744
-0.076585    0.052769    0.131323
-0.049197    -0.394072    -0.150468
-0.001499    0.023145    -0.184345
-0.02079    0.065348    -0.184345
0.002251    0.08505    -0.184345
-0.030965    0.027716    -0.184345
-0.018652    0.027909    -0.184345
0.014985    0.059823    -0.184345
-0.061487    0.050317    -0.160326
-0.063651    -0.024534    -0.156952
0.056175    0.08586    -0.167767
0.040306    0.114827    -0.137947
0.023523    0.124907    0.006567
0.020876    0.124907    0.083846
0.014618    0.124907    -0.117938
0.020078    0.124907    -0.115749
0.020259    0.124907    -0.042944
0.013283    0.124907    0.073255
0.008237    0.124907    -0.03003
0.025217    0.124907    -0.133192
-0.016681    0.119    0.150749
-0.008724    0.114824    0.154925
0.057877    0.125134    -0.060527
0.043993    0.129975    -0.024676
0.019973    0.134724    0.020731
0.035062    0.125822    -0.114592
-0.088696    -0.483376    0.10068
-0.087658    -0.497994    0.103413
-0.075038    -0.557816    0.105152
-0.049011    -0.586137    0.066257
-0.034307    -0.58254    -0.135446
-0.0668    -0.163477    0.102706
-0.065597    -0.100263    0.105875
-0.064666    -0.104507    0.108327
-0.065083    -0.09072    0.10723
-0.061724    -0.161903    0.116076
-0.070436    -0.061548    0.116494
-0.067054    -0.536781    -0.15025
-0.070931    -0.526746    -0.142551
-0.039744    0.103458    0.16079
-0.067529    -0.002253    0.149307
-0.069372    0.030302    0.145647
-0.070988    0.078399    0.142437
-0.059053    -0.286971    -0.122222
-0.053428    -0.208787    -0.133393
-0.051857    -0.089141    -0.136512
-0.059144    -0.074169    -0.122043
-0.05629    -0.250461    -0.127709
-0.067138    -0.062535    -0.12296
-0.06867    -0.009128    -0.147041
-0.070049    -0.036091    -0.144303
-0.062818    -0.072605    -0.035161
-0.080547    0.008291    0.122144
-0.080362    0.084352    0.122631
-0.083878    0.079873    0.11337
0.029947    0.099368    -0.170382
0.028419    0.104568    -0.165182
0.034726    0.089193    -0.180557
-0.050318    0.098512    -0.153462
0.002591    0.124907    0.074698
-0.011946    0.124907    -0.006087
-0.019083    0.124907    -0.08466
0.002139    0.124907    0.104717
-0.003426    0.124907    0.056531
-0.013682    0.124907    -0.006821
-0.022896    0.124907    0.030045
0.017015    0.124907    0.113645
-0.025679    0.104611    -0.165138
0.011935    0.126745    -0.127175
-0.016236    0.126316    -0.131302
0.028201    0.125258    -0.134896
0.00479    0.127258    0.122246
-0.004191    0.127422    0.120673
-0.005127    0.129035    0.105169
0.021085    0.134679    -0.031667
0.012515    0.134724    -0.042634
-0.094496    -0.474663    0.080471
-0.093553    -0.483436    0.084028
-0.061077    -0.583273    0.063553
-0.044869    -0.586137    -0.089718
-0.07017    -0.546731    -0.143847
-0.069946    -0.185417    0.094419
-0.065449    -0.30536    0.106265
-0.068104    -0.237912    0.09927
-0.070043    -0.365743    0.094164
-0.070123    -0.350667    0.093953
-0.067932    -0.072605    0.045547
-0.089902    -0.006143    0.097501
-0.080069    -0.036908    0.123403
-0.091973    -0.414344    0.088184
-0.066568    -0.426496    -0.151213
-0.07676    -0.451275    -0.130974
-0.055353    0.097499    0.146596
-0.051298    0.108603    0.12996
-0.064206    -0.322252    -0.109538
-0.062368    -0.333944    -0.114379
-0.063763    -0.246634    -0.110706
-0.066348    -0.314962    -0.103897
-0.062861    -0.199172    -0.11308
-0.075841    -0.406082    -0.11578
-0.073793    0.067054    -0.136867
-0.072228    0.021891    -0.139975
-0.062099    -0.096095    -0.115089
-0.071001    -0.34243    -0.09164
-0.065013    -0.19607    -0.107412
-0.064853    -0.096567    -0.107833
-0.067367    -0.257106    -0.101213
-0.064527    -0.105999    -0.108692
-0.077146    0.098944    0.092955
-0.039147    0.121331    -0.125789
-0.024841    0.124907    0.008162
-0.015945    0.131382    -0.081426
0.007081    0.131813    0.078467
-0.024212    0.126919    0.121465
-0.096083    -0.491371    0.074487
-0.096375    -0.490263    0.073386
-0.092425    -0.551774    0.068229
-0.052689    -0.586137    0.036503
-0.074597    -0.177978    0.078453
-0.074868    -0.198559    0.077433
-0.071555    -0.317862    0.089929
-0.077015    -0.075813    0.069334
-0.078988    -0.074064    0.061893
-0.077402    -0.072605    0.04058
-0.095881    -0.046625    0.074208
-0.09123    -0.011498    0.092789
-0.092411    0.020574    0.088334
-0.075583    -0.391049    0.081831
-0.079913    -0.454116    -0.123815
-0.080663    -0.451681    -0.121838
-0.041431    0.124907    0.099682
-0.026733    0.129987    0.07945
-0.045785    0.122078    0.110382
-0.06849    -0.38898    -0.099003
-0.086604    -0.490001    -0.106188
-0.079124    -0.415448    -0.125895
-0.081506    -0.007181    -0.11962
-0.081093    0.04785    -0.120708
-0.067556    0.097165    -0.123105
-0.072054    -0.287903    -0.088044
-0.074869    -0.216072    -0.07743
-0.073585    -0.343086    -0.082271
-0.073691    -0.199311    -0.081872
-0.07667    -0.387699    -0.070637
-0.091383    -0.052288    -0.0746
-0.026875    0.124907    -0.022066
-0.040447    0.124907    -0.104546
-0.038494    0.124907    -0.045142
-0.02913    0.126495    -0.118028
-0.001658    0.134724    0.00969
-0.009202    0.134724    0.039324
-0.100968    -0.43208    0.049793
-0.103241    -0.421249    0.035298
-0.101874    -0.429713    0.044016
-0.058243    -0.586137    -0.006101
-0.079743    -0.55503    -0.100609
-0.07446    -0.269904    0.07897
-0.078599    -0.305926    0.063362
-0.074496    -0.291034    0.078833
-0.076779    -0.280677    0.070223
-0.07874    -0.321953    0.062827
-0.078135    -0.072605    0.032914
-0.09119    -0.035884    0.092941
-0.096753    -0.021498    0.07196
-0.09347    0.086186    0.08129
-0.096672    -0.409429    0.05041
-0.043954    0.124907    0.031621
-0.051567    0.124907    0.048247
-0.031714    0.130996    0.055064
-0.093419    -0.546299    -0.084534
-0.09697    -0.52513    -0.07114
-0.094442    -0.51416    -0.080676
-0.084563    0.07671    -0.111565
-0.089912    0.053964    -0.097476
-0.065599    0.102581    -0.113123
-0.074986    -0.093965    -0.076987
-0.074084    -0.169648    -0.08039
-0.073459    -0.130723    -0.082745
-0.07651    -0.155685    -0.071239
-0.078681    -0.316575    -0.06305
-0.091621    -0.054395    -0.067536
-0.093518    -0.036778    -0.084158
-0.096574    -0.025964    -0.072632
-0.042002    0.129156    0.051102
-0.034799    0.128153    -0.086044
-0.101828    -0.501823    0.04431
-0.100558    -0.497578    0.05241
-0.085284    -0.564251    0.036094
-0.061714    -0.586137    0.000711
-0.079422    -0.558545    -0.090852
-0.083226    -0.114942    0.035437
-0.081216    -0.232776    0.04826
-0.082251    -0.105463    0.041658
-0.082814    -0.145638    0.038065
-0.082685    -0.116799    0.038891
-0.099464    -0.019109    0.059386
-0.102095    0.058641    0.042607
-0.098741    0.075905    0.063999
-0.066982    0.118764    0.051192
-0.036505    0.128934    -0.071029
-0.057151    0.124907    -0.024893
-0.09318    -0.432205    -0.085435
-0.093288    -0.423857    -0.085027
-0.092519    -0.552406    -0.06541
-0.058288    0.11744    -0.090515
-0.079472    -0.109238    -0.059386
-0.08115    -0.334901    -0.04868
-0.081032    -0.338019    -0.049434
-0.079591    -0.195388    -0.058628
-0.081243    -0.241183    -0.048086
-0.094704    -0.405638    -0.044609
-0.096153    0.00321    -0.07422
-0.098404    -0.000308    -0.06573
-0.061243    0.124907    -0.019494
-0.104731    -0.461941    0.011746
-0.103683    -0.528225    0.031941
-0.081999    -0.568789    0.022303
-0.080917    -0.353625    0.050166
-0.081709    -0.295886    0.045112
-0.08175    -0.339059    0.044853
-0.082389    -0.281987    0.040778
-0.083145    -0.377061    0.035954
-0.082758    -0.072605    0.024434
-0.102052    0.03904    0.042884
-0.103264    0.068377    0.035154
-0.082821    -0.134315    -0.038021
-0.080703    -0.130136    -0.051531
-0.080434    -0.104439    -0.053247
-0.083396    -0.108873    -0.034355
-0.082144    -0.199847    -0.04234
-0.087409    -0.064936    -0.045895
-0.088976    0.100064    0.031637
-0.052786    0.127739    0.027493
-0.021821    0.134724    -0.015554
-0.048565    0.127462    -0.055529
-0.102216    -0.513647    -0.041836
-0.101057    -0.543384    -0.049227
-0.064598    -0.582112    -0.052716
-0.0849    -0.392732    -0.044646
-0.102596    -0.451424    -0.039412
-0.103022    -0.467751    -0.036691
-0.100494    0.012244    -0.052817
-0.099253    -0.027126    -0.060732
-0.092543    0.08788    -0.078179
-0.064872    0.122759    -0.038851
-0.053413    0.127054    -0.041524
-0.104562    -0.525164    0.015003
-0.104733    -0.540189    0.011696
-0.076765    -0.574817    0.006837
-0.084395    -0.124541    0.0225
-0.084196    -0.230882    0.026329
-0.084508    -0.129344    0.020328
-0.084823    -0.200967    0.014242
-0.084117    -0.073921    0.027868
-0.104529    -0.047236    0.00165
-0.103817    -0.026309    0.029361
-0.104333    0.05219    0.019412
-0.084795    -0.314072    -0.014791
-0.084892    -0.312428    -0.012909
-0.084614    -0.309285    -0.018282
-0.084626    -0.336314    -0.018048
-0.085395    -0.378928    -0.00322
-0.089639    0.099709    0.026565
-0.030741    0.133739    0.007246
-0.094837    -0.551462    -0.057737
-0.095385    -0.403006    -0.018833
-0.104509    -0.527091    -0.016026
-0.10384    -0.525413    -0.028929
-0.102492    0.077473    -0.040073
-0.100883    0.048169    -0.050339
-0.0745    0.114536    -0.030533
-0.030193    0.133838    -0.009807
-0.105221    -0.447265    -0.002292
-0.104564    -0.44327    -0.01496
-0.102451    -0.548181    -0.025865
-0.070689    -0.580581    -0.012701
-0.084672    -0.280536    0.01716
-0.084717    -0.287355    0.016293
-0.085013    -0.302784    0.01059
-0.084941    -0.215206    0.01197
-0.085224    -0.341344    0.006513
-0.084842    -0.077981    -0.013872
-0.085004    -0.260432    -0.010754
-0.085052    -0.238721    -0.00984
-0.085479    -0.218393    -0.001606
-0.085415    -0.175608    -0.002843
-0.089092    -0.067294    -0.008848
-0.104945    0.039074    0.007611
-0.104304    -0.011607    0.019974
-0.095264    0.095204    0.005079
-0.09034    -0.39597    -0.014222
-0.104594    -0.037262    -0.014388
-0.104854    -0.024704    -0.009371
-0.080605    0.109425    -0.013144
-0.050157    0.128669    -0.016948
-0.10513    0.05607    -0.004042
-0.103963    0.080975    -0.026553
-0.102614    0.087023    -0.021308
