0.225277    0.094857    0.032938
0.067583    0.095777    -0.088064
-0.176846    0.092389    -0.088064
0.035681    0.100128    -0.088064
0.225277    0.111242    0.001837
0.225277    0.121395    0.083737
0.225277    0.109559    0.080649
0.169263    0.09841    0.090946
-0.206983    0.090897    -0.059272
0.028115    0.108722    -0.088064
0.049644    0.105227    -0.088064
0.205117    0.127264    -0.088064
0.059888    0.110564    -0.088064
0.193557    0.111084    -0.088064
-0.206994    0.097561    -0.060202
0.225277    0.150962    -0.049203
0.225277    0.144992    -0.0557
0.185641    0.114231    0.090946
0.138182    0.139272    0.090946
0.139127    0.116159    0.090946
0.051665    0.103869    0.090946
0.058815    0.117079    0.090946
0.044204    0.10738    0.090946
-0.141863    0.10233    0.090946
-0.03913    0.099606    0.090946
0.022602    0.086715    -0.088064
-0.119794    0.114641    -0.088064
0.007305    0.133469    -0.088064
-0.206994    0.097534    0.029285
-0.108712    0.118006    0.090946
-0.131643    0.118403    0.090946
-0.180802    0.087771    0.090946
0.140505    0.082975    -0.088064
-0.206883    0.082829    -0.020257
-0.169485    0.122993    -0.088064
-0.206994    0.107484    -0.011318
0.087429    0.156904    -0.088064
-0.083813    0.130284    0.090946
-0.206994    0.128668    -0.001117
0.154369    0.082911    0.090946
-0.004676    0.08159    -0.088064
0.002036    0.140218    -0.088064
0.156298    0.150344    -0.088064
0.056727    0.150194    -0.088064
-0.206994    0.118212    -0.071004
0.189745    0.154804    0.090946
-0.106107    0.154565    -0.088064
-0.038271    0.151872    0.090946
-0.092316    0.146024    0.090946
-0.094493    0.149969    0.090946
-0.206994    0.135632    -0.078966
-0.145348    0.080973    0.090946
0.225107    0.080019    0.063746
-0.206808    0.079278    -0.085791
-0.059521    0.162144    0.090946
-0.163556    0.158755    0.090946
-0.206994    0.156611    -0.07993
-0.206994    0.147335    -0.045989
-0.150768    0.07612    0.090946
-0.138452    0.069672    -0.088064
0.221087    0.168039    0.073782
-0.206994    0.160075    0.04922
-0.071334    0.072788    0.090946
0.150736    0.070413    -0.088064
0.220463    0.169011    -0.029737
-0.205142    0.16415    -0.028342
0.109803    0.071415    0.090946
0.224756    0.067623    -0.064447
-0.206441    0.066819    0.000696
-0.2042    0.165859    0.011078
-0.065068    0.065877    0.090946
0.215808    0.064687    -0.088064
-0.202059    0.1692    0.022138
0.09696    0.063351    0.090946
-0.044944    0.058235    -0.088064
0.018705    0.058489    0.090946
0.224265    0.056272    0.087743
-0.2059    0.054572    -0.082432
0.148702    0.057427    0.090946
-0.016008    0.050983    -0.088064
0.050703    0.170873    0.090946
0.223998    0.051249    0.060072
0.220601    0.052088    -0.088064
0.012581    0.171467    0.090946
0.179563    0.05147    0.090946
0.223645    0.045302    0.009901
-0.171804    0.174374    0.090946
-0.194811    0.173575    -0.088064
0.223341    0.040629    0.08717
-0.205103    0.041316    -0.022163
0.164465    0.179039    0.090946
0.150603    0.044116    0.090946
-0.199772    0.040172    -0.088064
-0.173002    0.176494    -0.088064
-0.196916    0.175699    0.038575
0.223101    0.03732    0.020944
0.20857    0.181896    -0.028453
0.133811    0.182326    -0.088064
0.203697    0.03718    0.090946
-0.203968    0.026548    0.013342
-0.17914    0.181723    0.090946
-0.188707    0.183185    0.067285
0.222242    0.026434    -0.071673
0.222152    0.025435    -0.074322
-0.163511    0.025557    -0.088064
0.203045    0.185983    0.042519
-0.190664    0.181588    -0.06213
0.216543    -0.046532    -0.088064
0.221195    0.014605    -0.059315
0.221235    0.015065    -0.037479
-0.153785    0.025177    -0.088064
-0.200378    -0.015105    0.036045
-0.200636    -0.01208    -0.005604
-0.202612    0.011085    -0.03305
-0.198451    0.025004    0.090946
0.045992    0.18663    -0.088064
0.170572    0.009577    -0.088064
0.216895    -0.041547    -0.07412
0.218422    -0.018508    0.016447
0.21895    -0.011725    0.009132
0.218625    -0.015533    0.057505
-0.157233    -0.000282    -0.088064
-0.198638    -0.041147    -0.02007
-0.199007    -0.035576    0.010745
-0.200133    -0.018578    0.073885
-0.199594    -0.026714    0.028716
-0.18403    -0.003552    0.090946
0.133605    0.017437    0.090946
-0.060965    0.00186    0.090946
-0.192328    -0.00993    0.090946
-0.183415    0.186879    0.03927
0.216054    -0.055458    -0.024241
0.215657    -0.06383    -0.051937
0.216599    -0.046004    0.036672
0.217443    -0.033279    0.079732
0.094492    -0.011624    0.090946
0.113043    -0.010689    0.090946
0.205185    0.005796    0.090946
0.075719    0.001562    0.090946
-0.196333    -0.085827    -0.051675
-0.196362    -0.08522    0.064838
-0.197755    -0.055796    -0.015172
-0.197304    -0.065323    0.039868
0.007514    -0.02152    0.090946
-0.146291    -0.032882    0.090946
-0.084549    -0.033527    0.090946
-0.088165    -0.039229    0.090946
-0.180297    0.188719    0.046243
0.214569    -0.087049    -0.047158
0.213983    -0.107698    -0.035419
0.215211    -0.073252    0.081244
0.215345    -0.070439    0.068876
0.209562    -0.031693    0.090946
-0.142338    -0.048834    0.090946
0.180424    -0.04664    0.090946
-0.002231    -0.037076    0.090946
-0.195731    -0.106604    -0.060318
-0.19559    -0.111563    0.015089
-0.196171    -0.091099    -0.003857
-0.195804    -0.104028    0.077595
0.021986    -0.064094    0.090946
0.079574    -0.053318    0.090946
-0.040438    -0.064453    0.090946
-0.030299    -0.054506    0.090946
-0.179312    0.189247    0.056045
0.213434    -0.137368    -0.086837
0.213508    -0.129604    -0.020026
0.213817    -0.113532    -0.016752
0.21421    -0.099695    0.063243
0.200712    -0.075666    0.090946
0.167619    -0.061706    0.090946
0.032893    -0.072429    0.090946
0.195369    -0.076499    0.090946
-0.195015    -0.151778    -0.056897
-0.19508    -0.144919    0.019222
-0.195208    -0.13138    0.011515
-0.195285    -0.123225    -0.001619
-0.04338    -0.090337    0.090946
-0.184721    -0.088192    0.090946
-0.047384    -0.088413    0.090946
-0.076157    -0.107457    0.090946
-0.17811    0.189891    -0.005328
0.213442    -0.177899    -0.085643
0.213249    -0.157533    0.081124
0.213314    -0.15003    0.042586
0.213404    -0.140607    0.06035
0.130946    -0.102931    0.090946
-0.141016    -0.121711    0.090946
0.154873    -0.108393    0.090946
-0.016445    -0.114924    0.090946
-0.195294    -0.192217    0.008251
-0.195282    -0.190957    -0.052997
-0.195157    -0.177774    0.052739
-0.195012    -0.162398    -0.019504
-0.134053    -0.133962    0.090946
0.019714    -0.126131    0.090946
-0.006785    -0.122891    0.090946
0.11988    -0.12863    0.090946
-0.178395    0.189738    -0.065672
0.21436    -0.220094    -0.066662
0.214296    -0.217839    -0.058463
0.213357    -0.168933    0.086751
0.21345    -0.178823    0.063521
0.210802    -0.147362    0.090946
0.067749    -0.136246    0.090946
0.134196    -0.15721    0.090946
0.202332    -0.146303    0.090946
-0.196269    -0.226841    0.038401
-0.196111    -0.221269    -0.024327
-0.195596    -0.203116    0.057248
-0.141743    -0.169479    0.090946
-0.099913    -0.179037    0.090946
0.095181    -0.162991    0.090946
-0.172091    -0.174824    0.090946
0.185365    0.194439    0.045818
-0.173603    0.192003    0.052112
0.215109    -0.239066    -0.069238
0.215254    -0.242145    -0.022037
0.213588    -0.192864    0.09034
0.214541    -0.22647    0.068949
0.074082    -0.172625    0.090946
0.017353    -0.182137    0.090946
0.038537    -0.179914    0.090946
0.161453    -0.176017    0.090946
-0.197869    -0.2611    -0.066327
-0.197926    -0.262314    0.052391
-0.196628    -0.234895    0.075948
0.076402    -0.196823    0.090946
-0.186222    -0.216798    0.090946
-0.178306    -0.207338    0.090946
-0.145701    -0.205128    0.090946
0.186379    0.194117    -0.07305
0.20546    -0.231602    -0.088064
0.216304    -0.264032    -0.03614
0.215726    -0.252106    -0.021926
0.215912    -0.256043    0.007452
0.180728    -0.226247    0.090946
0.178971    -0.225047    0.090946
0.12981    -0.215397    0.090946
-0.054563    -0.225412    0.090946
-0.20016    -0.296313    0.078464
-0.198881    -0.277009    -0.074781
-0.198362    -0.269173    -0.000416
-0.198505    -0.27134    0.071154
-0.044214    -0.249245    0.090946
-0.162592    -0.254809    0.090946
0.075185    -0.23377    0.090946
-0.053118    -0.236922    0.090946
-0.168139    0.194103    -0.00274
0.21824    -0.293236    0.026399
0.217785    -0.286372    -0.022468
0.0877    -0.254592    0.090946
0.113605    -0.259504    0.090946
0.095921    -0.241541    0.090946
0.185312    -0.249895    0.090946
-0.201231    -0.30664    0.05829
0.008977    -0.268598    0.090946
0.013693    -0.268884    0.090946
-0.017754    -0.271245    0.090946
-0.051865    -0.270249    0.090946
-0.015578    0.195651    -0.088064
0.181093    -0.177045    -0.088064
0.214164    -0.301439    -0.088064
0.155554    -0.083209    -0.088064
0.156116    -0.093509    -0.088064
0.178884    -0.147533    -0.088064
0.172826    -0.087285    -0.088064
0.160011    -0.232364    -0.088064
0.218805    -0.300438    -0.039355
-0.063418    -0.296112    0.090946
0.160599    -0.295094    0.090946
-0.136357    -0.296438    0.090946
0.103154    -0.288339    0.090946
-0.167811    -0.24307    -0.088064
-0.137462    -0.067721    -0.088064
-0.16767    -0.226426    -0.088064
-0.153005    -0.05653    -0.088064
-0.189955    -0.30555    -0.088064
-0.134686    -0.004344    -0.088064
-0.153467    -0.121963    -0.088064
-0.202114    -0.314976    0.07684
-0.118332    -0.305685    0.090946
0.099132    0.196713    0.090946
0.220382    -0.314832    0.088002
0.203506    -0.299253    0.090946
0.037159    -0.31103    0.090946
0.168803    0.197838    -0.051817
0.037432    -0.325869    -0.088064
0.166673    -0.311086    0.090946
-0.20257    -0.31956    -0.084068
-0.165022    -0.323473    0.090946
-0.156438    0.197073    -0.010698
0.041175    -0.327951    -0.088064
-0.203477    -0.329475    0.0391
-0.079203    -0.32456    0.090946
0.2205    -0.333534    -0.088064
-0.203368    -0.328181    -0.080279
-0.157575    -0.332629    0.090946
-0.174087    -0.328581    0.090946
-0.196716    -0.342649    -0.088064
-0.204574    -0.343341    0.081069
0.067755    -0.335528    0.090946
-0.146096    0.198274    -0.073369
0.186062    -0.33758    -0.088064
0.066273    -0.337091    0.090946
0.222329    -0.336253    -0.081504
0.084183    -0.347271    -0.088064
0.165336    -0.341128    0.090946
0.222836    -0.343063    0.019247
0.07309    -0.349908    -0.088064
-0.204811    -0.346717    -0.073229
-0.154438    -0.345437    0.090946
-0.123357    -0.350545    -0.088064
-0.201788    -0.351112    0.090946
0.046871    -0.353507    -0.088064
0.147341    -0.351264    0.090946
-0.192346    -0.362943    -0.088064
0.080567    -0.35621    -0.088064
0.026298    -0.358937    0.090946
0.144551    0.201316    -0.068095
0.118062    -0.357359    -0.088064
-0.205658    -0.360809    -0.01999
0.132491    -0.359061    0.090946
-0.129401    0.200714    -0.006192
0.074578    -0.365342    -0.088064
0.223911    -0.360264    0.003003
-0.085522    -0.370443    0.090946
0.066725    0.2019    0.090946
0.024642    -0.369364    -0.088064
0.2243    -0.368138    -0.026332
0.040525    -0.370121    0.090946
-0.100876    -0.375957    -0.088064
-0.206444    -0.378944    0.028831
-0.141776    -0.375208    0.090946
0.138758    0.202589    -0.070502
-0.033782    -0.380616    -0.088064
-0.206553    -0.382085    0.005753
-0.01499    -0.382749    0.090946
0.096664    0.203437    0.090946
-0.087593    -0.384283    -0.088064
0.22485    -0.382499    -0.028947
-0.188194    -0.390482    0.090946
-0.117179    0.203385    0.041862
0.030584    -0.388898    -0.088064
0.224894    -0.384186    -0.050544
0.034628    -0.387018    0.090946
-0.150637    -0.398881    -0.088064
-0.206809    -0.392174    0.023822
0.088831    -0.394291    0.090946
0.09338    0.20479    -0.088064
-0.070334    -0.400784    -0.088064
0.225109    -0.393324    0.056814
0.157276    -0.399827    0.090946
-0.029434    -0.406939    -0.088064
-0.206948    -0.401663    0.032093
-0.013375    -0.405169    0.090946
0.128923    0.205151    0.082438
0.068345    -0.405371    -0.088064
0.225246    -0.40477    -0.004602
0.104222    -0.410754    0.090946
-0.058937    -0.417004    -0.088064
-0.020351    -0.420288    -0.088064
-0.040011    -0.413906    -0.088064
-0.088812    -0.427771    -0.088064
-0.137777    -0.410971    -0.088064
-0.206994    -0.428754    0.008165
-0.206994    -0.411402    0.047723
-0.206994    -0.426025    0.071646
-0.156988    -0.443149    0.090946
0.012048    -0.431258    0.090946
-0.131636    -0.44189    0.090946
-0.0251    -0.421127    0.090946
-0.183239    -0.417676    0.090946
0.034841    0.206436    0.090946
-0.025415    -0.452513    -0.088064
-0.067855    -0.44756    -0.088064
0.057094    -0.445078    -0.088064
0.05351    -0.437557    -0.088064
0.198773    -0.418162    -0.088064
-0.206994    -0.42806    -0.075011
-0.206994    -0.438976    0.018876
0.225277    -0.417828    0.060778
0.225277    -0.428135    -0.034071
-0.144162    -0.452196    0.090946
-0.113144    -0.450875    0.090946
0.129746    -0.45085    0.090946
0.217326    -0.433675    0.090946
0.01786    -0.431684    0.090946
0.225277    -0.448869    0.060318
0.225277    -0.444813    0.012141
0.225277    -0.449966    -0.051004
0.014347    -0.453849    -0.088064
-0.154338    -0.455929    -0.088064
0.225095    -0.454167    -0.044761
0.106441    0.209125    -0.016945
0.057252    -0.456232    -0.088064
0.224783    -0.45542    0.034461
0.10943    0.211162    -0.083086
0.051315    0.219564    0.065432
-0.058934    0.222806    -0.035535
-0.088289    0.212594    0.064796
-0.099975    -0.46008    -0.088064
1e-06    -0.458443    0.090946
0.080148    0.212772    -0.07915
0.028779    0.212607    -0.079554
0.116456    0.209156    0.081362
0.077677    0.209125    0.084558
-0.066072    0.210026    -0.085862
-0.037636    0.21905    -0.063807
-0.059554    0.22427    -0.020511
-0.081481    0.216031    0.013502
-0.051515    0.221484    0.06074
0.155029    -0.460735    0.090946
0.041631    0.225536    -0.052583
0.045071    0.209125    0.087475
-0.010018    0.214836    0.076988
-0.056916    0.209125    0.081735
-0.087444    0.213423    -0.03585
-0.130074    -0.464322    -0.088064
0.222069    -0.462483    -0.069658
0.116711    0.204757    -0.055844
-0.088203    0.208669    0.008057
-0.045868    0.254002    0.029294
0.200733    -0.464055    0.090946
0.113702    0.205874    0.050521
-0.020775    0.254736    -0.052713
-0.019438    -0.465771    -0.088064
0.219326    -0.466442    0.0065
0.017901    0.235475    0.062299
-0.095075    0.206002    -0.05124
0.204285    -0.466531    0.090946
0.010729    0.239208    0.063243
-0.197925    -0.469617    -0.019064
0.119308    0.201523    0.079361
-0.144791    -0.470933    0.090946
-0.105115    0.20236    -0.066366
0.212959    -0.472017    0.037434
0.14786    -0.472098    -0.088064
0.138983    0.197256    -0.011437
-0.19177    -0.473619    -0.05581
-0.115021    0.199028    -0.030234
-0.11876    0.197861    -0.02613
0.142648    0.196081    0.052218
-0.184742    -0.475826    -0.01227
-0.126085    -0.475913    -0.084583
0.038952    -0.475913    -0.039418
-0.063735    -0.475913    -0.035932
-0.017643    -0.475913    -0.067464
0.094347    -0.475913    -0.055466
-0.06921    -0.475913    0.023793
-0.015863    -0.475913    -0.057773
0.058596    -0.475913    -0.047073
-0.129235    -0.475913    0.011333
-0.072777    -0.475913    -0.01609
-0.076617    -0.475913    -0.007395
-0.14977    -0.475913    0.05637
-0.103552    -0.475913    -0.008899
-0.154075    -0.475913    -0.070696
0.030026    -0.475913    -0.009693
0.01685    -0.475913    -0.046917
-0.058333    -0.475913    -0.084442
-0.016945    -0.475913    -0.013803
-0.134124    -0.475913    0.042865
0.190667    -0.475913    0.057871
0.079019    -0.475913    0.065836
0.159541    -0.475913    0.025919
0.197658    -0.475913    0.050535
0.180427    -0.475913    0.036798
-0.033476    -0.475913    0.066212
0.117829    -0.475913    -0.012557
0.084173    -0.475913    -0.017339
0.094152    -0.475913    -0.010333
0.172776    -0.475913    0.003471
0.061255    -0.475913    -0.004525
-0.076598    -0.475913    0.054248
-0.003558    -0.475913    0.080474
0.113018    -0.475913    0.061605
0.042917    -0.475913    -0.00961
0.076814    -0.475913    0.015857
0.004881    -0.475913    0.076693
0.076012    -0.475913    0.075481
0.178161    -0.475913    0.060216
-0.125726    0.195671    -0.029262
0.151548    0.193788    -0.038273
-0.135317    0.193387    0.000459
0.162088    0.192184    -0.037476
-0.144139    0.192143    -0.078065
0.172389    0.190436    -0.039783
0.176534    0.189452    0.019005
0.181077    0.188202    -0.056564
-0.16241    0.188313    -0.050751
-0.166194    0.187137    -0.014806
0.1916    0.184513    0.036518
-0.094574    0.18345    0.079361
0.198979    0.180684    -0.006593
0.201134    0.179156    0.062857
-0.18362    0.178554    0.036134
-0.159544    0.175721    0.079361
0.208548    0.171823    -0.022275
0.204134    0.171431    0.079361
0.211843    0.166806    -0.019688
-0.085034    0.16743    0.079361
0.214164    0.161849    0.031408
-0.00516    0.161712    0.079361
-0.195958    0.161634    0.048552
0.21605    0.15556    -0.03688
0.146027    0.154697    0.079361
0.216631    0.149701    -0.039152
0.216631    0.142052    0.005158
-0.062106    0.127795    0.079361
-0.171959    0.129486    0.079361
-0.163104    0.134025    0.079361
-0.022491    0.124374    0.079361
0.017834    0.14814    0.079361
-0.141081    0.149313    0.079361
0.216631    0.128663    -0.054394
0.216631    0.115571    -0.031321
0.194684    0.117696    0.079361
0.074952    0.133932    0.079361
0.090141    0.135638    0.079361
0.015546    0.110763    0.079361
0.125493    0.126119    0.079361
0.11269    0.124155    0.079361
-0.198348    0.114934    -0.027912
-0.198348    0.128541    0.052872
-0.198348    0.139602    -0.007812
-0.198348    0.141164    -0.06226
0.216631    0.103523    0.043587
0.075934    0.103569    0.079361
0.039258    0.099241    0.079361
0.216631    0.093444    0.029044
0.204475    0.090848    0.079361
0.195416    0.084793    0.079361
0.069648    0.082664    0.079361
0.21641    0.078151    0.060089
-0.101113    0.082388    0.079361
-0.109387    0.082664    0.079361
0.216302    0.07402    -0.014458
-0.198039    0.075359    -0.041886
0.194734    0.075675    0.079361
-0.019475    0.067988    0.079361
0.03666    0.063589    0.079361
-0.09247    0.066281    0.079361
0.215674    0.057637    0.053266
0.061357    0.06123    0.079361
0.215601    0.056069    -0.013278
-0.197307    0.056242    -0.002619
-0.121707    0.055001    0.079361
-0.038059    0.049712    0.079361
-0.19713    0.052903    0.050977
-0.184665    0.044337    0.079361
0.101753    0.043741    0.079361
0.214409    0.036737    0.052388
-0.196436    0.041365    -0.05185
0.175851    0.03768    0.079361
-0.148637    0.033233    0.079361
-0.195829    0.03304    -0.078797
-0.147042    0.028372    0.079361
-0.171644    0.024498    0.079361
-0.037145    0.022931    0.079361
-0.194911    0.022099    -0.046084
0.212749    0.016567    -0.037015
-0.109153    0.004018    0.079361
-0.145332    0.010722    0.079361
-0.07249    0.01734    0.079361
0.077241    0.018166    0.079361
0.212507    0.013652    -0.071871
0.211486    0.001312    -0.052356
0.159304    -0.013643    0.079361
0.058102    0.004906    0.079361
0.055957    0.002046    0.079361
0.089361    0.005403    0.079361
-0.193106    0.000144    0.021025
0.209912    -0.018757    0.043015
0.209173    -0.030239    -0.070839
-0.146266    -0.018738    0.079361
-0.125938    -0.02513    0.079361
-0.151814    -0.031886    0.079361
0.048381    -0.020785    0.079361
-0.194754    0.020049    0.054467
-0.191804    -0.016037    0.002347
-0.191699    -0.017674    -0.010716
0.209955    -0.01809    0.06724
0.068637    -0.044659    0.079361
-0.120164    -0.048049    0.079361
0.059658    -0.037404    0.079361
-0.07152    -0.046607    0.079361
-0.190258    -0.040054    0.028681
-0.190403    -0.037792    0.071703
0.207591    -0.057182    -0.041003
0.004362    -0.053282    0.079361
-0.065184    -0.05708    0.079361
-0.102365    -0.060641    0.079361
0.020444    -0.061924    0.079361
-0.18879    -0.068451    -0.04069
0.206989    -0.070299    0.002088
0.20644    -0.082244    0.021625
-0.107129    -0.078426    0.079361
0.174912    -0.059691    0.079361
0.071866    -0.062196    0.079361
0.18514    -0.066369    0.079361
-0.189543    -0.052074    0.078996
0.206177    -0.090743    -0.021514
0.206165    -0.09116    0.057454
0.040694    -0.086887    0.079361
0.04878    -0.09206    0.079361
-0.055727    -0.0868    0.079361
0.034802    -0.091516    0.079361
-0.187741    -0.09627    -0.058739
0.206097    -0.093649    -0.080622
0.205416    -0.118383    -0.072193
0.007664    -0.116534    0.079361
0.154206    -0.114086    0.079361
0.022891    -0.114777    0.079361
0.059744    -0.112699    0.079361
-0.187399    -0.108693    0.052388
0.205341    -0.125659    0.022364
0.205335    -0.126253    0.074016
-0.16389    -0.128447    0.079361
-0.072247    -0.132188    0.079361
-0.034827    -0.138871    0.079361
-0.187002    -0.131687    0.016589
-0.186951    -0.137279    -0.010412
0.20521    -0.139903    -0.051459
0.205098    -0.152093    0.039951
-0.015229    -0.141994    0.079361
0.114613    -0.141486    0.079361
0.130055    -0.138176    0.079361
-0.186831    -0.150299    0.055147
-0.187077    -0.123607    0.064166
0.205088    -0.154485    0.003746
0.042359    -0.158834    0.079361
-0.07454    -0.173795    0.079361
-0.005668    -0.167066    0.079361
-0.041316    -0.172658    0.079361
-0.1869    -0.164753    0.003704
-0.18703    -0.178885    -0.064769
0.205289    -0.176292    -0.080176
0.163273    -0.178568    0.079361
0.009392    -0.180689    0.079361
-0.119497    -0.187231    0.079361
0.08522    -0.165846    0.079361
-0.186982    -0.173688    0.011028
-0.186996    -0.175202    -0.015327
0.205445    -0.190258    0.022406
0.047735    -0.197844    0.079361
-0.061806    -0.197499    0.079361
0.050498    -0.198529    0.079361
-0.030815    -0.189899    0.079361
-0.187506    -0.202753    -0.009913
0.206196    -0.217529    0.00415
0.206307    -0.221552    0.004008
-0.003613    -0.219007    0.079361
0.117353    -0.205256    0.079361
0.1365    -0.221546    0.079361
0.176849    -0.202756    0.079361
-0.187543    -0.204102    0.055826
0.207669    -0.252073    0.070752
0.206849    -0.234216    0.067003
-0.093734    -0.244996    0.079361
-0.068711    -0.236236    0.079361
-0.115399    -0.243086    0.079361
0.06911    -0.226266    0.079361
-0.188496    -0.232716    -0.049061
0.207615    -0.250892    -0.044978
0.207781    -0.254502    -0.018586
0.130209    -0.24282    0.079361
0.009512    -0.25254    0.079361
-0.123172    -0.257617    0.079361
0.09834    -0.250232    0.079361
-0.189342    -0.251111    0.076976
0.208616    -0.268678    -0.017389
0.208306    -0.263867    -0.0555
-0.049972    -0.263816    0.079361
-0.094504    -0.266696    0.079361
-0.110898    -0.268135    0.079361
-0.060187    -0.276736    0.079361
-0.190367    -0.26921    0.01385
0.209883    -0.288359    -0.00182
0.210156    -0.292592    -0.049816
0.009595    -0.277873    0.079361
0.159731    -0.269075    0.079361
0.193784    -0.286907    0.079361
0.119512    -0.273876    0.079361
-0.191793    -0.291352    -0.059167
0.206925    -0.295232    0.079361
0.101501    -0.296106    0.079361
-0.109121    -0.299632    0.079361
-0.192385    -0.29762    0.061422
-0.020629    -0.306328    0.079361
-0.193097    -0.30415    -0.043853
-0.191657    -0.309775    0.079361
0.212177    -0.312019    0.054039
-0.034548    -0.31317    0.079361
0.212823    -0.319063    0.038559
0.040159    -0.320299    0.079361
0.213152    -0.322824    0.026129
-0.032707    -0.322323    0.079361
0.105414    -0.327039    0.079361
-0.195047    -0.325    0.061545
-0.092296    -0.337324    0.079361
-0.195831    -0.335107    -0.062115
0.187359    -0.332749    0.079361
-0.196139    -0.339362    -0.037723
-0.196165    -0.339729    -0.07977
-0.196387    -0.343273    0.068882
-0.196578    -0.346334    -0.018562
0.21507    -0.349814    -0.056784
-0.1795    -0.357655    0.079361
0.215417    -0.356346    -0.062358
0.123488    -0.356858    0.079361
0.215627    -0.360766    0.009279
-0.160085    -0.36564    0.079361
0.212551    -0.365333    0.079361
-0.197602    -0.366734    0.050896
0.097144    -0.369631    0.079361
-0.197702    -0.369476    -0.018371
0.150805    -0.371658    0.079361
-0.197758    -0.371148    0.046095
0.122424    -0.378247    0.079361
0.216441    -0.385531    -0.042203
0.18645    -0.382466    0.079361
0.21651    -0.390005    0.018879
-0.084191    -0.386922    0.079361
0.21649    -0.388574    -0.066536
0.08764    -0.389761    0.079361
0.216588    -0.395471    0.019429
-0.191309    -0.397875    0.079361
-0.143908    -0.404505    0.079361
-0.198324    -0.399444    0.061551
0.216631    -0.43123    -0.065771
0.216631    -0.410081    -0.043703
0.053202    -0.409865    0.079361
0.136415    -0.407483    0.079361
-0.010968    -0.413062    0.079361
0.056617    -0.416152    0.079361
0.216631    -0.427427    0.053021
0.216631    -0.42571    0.069937
0.014441    -0.432586    0.079361
0.16485    -0.432437    0.079361
0.056696    -0.428709    0.079361
0.09834    -0.434303    0.079361
-0.046062    -0.437181    0.079361
-0.129345    -0.447939    0.079361
-0.167712    -0.453172    0.079361
0.172718    -0.452708    0.079361
0.21553    -0.451138    0.029948
0.214927    -0.452612    -0.040526
0.03228    -0.461212    0.079361
-0.189392    -0.462878    0.054277
-0.165683    -0.465889    0.079361
-0.185703    -0.465552    -0.042006
0.201014    -0.467048    0.01795
-0.178675    -0.468393    -0.012743
-0.039984    -0.468881    0.008157
-0.115711    -0.468881    -0.024285
-0.071626    -0.468881    -0.014682
0.040581    -0.468881    0.028566
-0.158172    -0.468881    0.020503
-0.03273    -0.468881    0.071372
-0.172384    -0.468881    -0.072279
-0.158202    -0.468881    0.00852
-0.098407    -0.468881    0.050307
-0.122173    -0.468881    0.00036
-0.070675    -0.468881    0.00098
0.03782    -0.468881    0.057874
-0.084459    -0.468881    0.046466
0.080171    -0.468881    0.062058
-0.085141    -0.468881    0.030338
-0.083475    -0.468881    0.069738
-0.067365    -0.468881    -0.037699
-0.145172    -0.468881    -0.079656
-0.007317    -0.468881    -0.037515
0.146404    -0.468881    -0.06246
-0.063262    -0.468881    -0.065767
0.036556    -0.468881    -0.007232
0.002032    -0.468881    -0.017948
0.166591    -0.468881    -0.009817
0.036546    -0.468881    -0.006033
-0.049114    -0.468881    -0.028568
-0.002132    -0.468881    -0.010099
0.034755    -0.468881    -0.071411
0.059556    -0.468881    -0.080279
0.167693    -0.468881    -0.013842
0.093655    -0.468881    0.017969
0.191672    -0.468881    -0.006392
0.1211    -0.468881    0.006942
0.060561    0.265921    0.035423
0.048482    0.257214    0.009679
-0.037619    0.260362    -0.038613
0.07044    0.319664    0.006853
0.03504    0.279316    -0.054377
-0.043    0.304009    -0.031601
-0.050796    0.290553    0.017189
0.022808    0.257214    0.045448
-0.013837    0.283023    -0.055587
0.007382    0.257214    -0.024249
-0.010453    0.321013    -0.056989
0.05597    0.302197    0.041406
0.055758    0.319809    -0.0388
-0.036815    0.28423    -0.039661
0.070369    0.299675    0.007391
0.068205    0.272128    0.019505
-0.042474    0.282211    -0.032287
-0.050985    0.29309    0.015752
0.023892    0.257214    -0.018307
-0.008972    0.257933    -0.057602
0.006824    0.257214    0.005178
-0.017772    0.326404    -0.053957
0.080273    0.328841    -0.003193
0.101682    0.328841    -0.005304
0.110559    0.328841    0.098922
0.038079    0.328841    -0.036809
0.083185    0.328841    0.051958
0.013364    0.328841    0.098718
0.081809    0.328841    0.07293
-0.061953    0.328841    -0.064819
-0.060495    0.328841    0.074824
-0.060441    0.328841    -0.033761
0.082451    0.328841    -0.085777
0.098896    0.328841    -0.035403
0.099131    0.328841    -0.037657
0.108618    0.34523    0.039929
0.107541    0.350397    0.089845
0.058671    0.33324    0.103416
0.002131    0.346276    0.100699
-0.044379    0.328841    -0.017005
-0.078598    0.328841    0.007738
-0.079449    0.328841    0.068289
-0.085055    0.328841    -0.019924
0.105095    0.362133    -0.089273
0.109962    0.33878    -0.011962
0.042109    0.342423    -0.09862
0.095592    0.393559    -0.087963
0.106238    0.356649    0.004464
0.101207    0.380785    0.01085
0.10333    0.3706    0.022469
0.090159    0.352461    0.09941
0.015701    0.383355    0.092971
0.03125    0.394407    0.090667
0.01388    0.372566    0.095219
-0.004384    0.328841    -0.035832
0.005527    0.328841    -0.100407
0.011    0.328841    0.057885
-0.082788    0.354522    0.09898
-0.069674    0.364239    0.096955
-0.023454    0.328841    -0.037114
-0.011202    0.328841    0.049556
-0.084065    0.37531    0.072956
-0.088167    0.355629    0.055647
-0.080631    0.391788    -0.087867
-0.091483    0.339721    -0.020085
0.013711    0.354729    -0.096056
-0.018895    0.344051    -0.098281
0.091656    0.39908    -0.006267
0.085269    0.39908    0.084338
-0.036746    0.39908    0.053833
0.004417    0.39908    0.059647
0.049833    0.39908    -0.030505
0.091964    0.39908    -0.002419
0.042189    0.39908    -0.011019
-0.01359    0.39908    0.087563
-0.00822    0.39908    0.028965
-0.059498    0.328841    0.101456
-0.086366    0.364271    0.036219
-0.082125    0.384621    -0.039212
-0.090091    0.346401    -0.008149
-0.080279    0.393476    0.070496
-0.05542    0.373816    -0.092077
-0.038426    0.381142    -0.090551
-0.052268    0.394889    -0.087685
0.092791    0.401771    -0.037156
-0.043593    0.39908    -0.036773
0.001022    0.39908    -0.081724
-0.069802    0.39908    -0.058178
-0.014882    0.39908    0.016443
-0.043816    0.39908    -0.081872
-0.056299    0.39908    0.042932
0.045294    0.39908    -0.075807
0.061739    0.39908    -0.076574
-0.078403    0.399494    -0.0176
0.077749    0.402027    0.075169
0.024921    0.402027    -0.048105
0.065292    0.402027    0.054063
0.022407    0.402027    0.037671
0.068722    0.402027    -0.0052
0.079451    0.402027    0.006005
0.038633    0.402027    -0.067185
0.050158    0.402027    -0.067487
-0.040554    0.402027    0.032816
-0.048687    0.402027    0.042935
-0.068752    0.402027    -0.014852
5e-06    0.402027    -0.025961
-0.031009    0.402027    -0.01474
-0.047159    0.402027    -0.041938
-0.026249    0.402027    -0.076415
-0.029161    0.048304    -0.086973
0.15373    -0.107189    -0.085739
-0.135447    -0.050912    -0.082833
-0.071661    -0.047832    -0.081269
0.032539    0.020798    -0.081269
0.013964    -0.064623    -0.081269
0.074374    0.041034    -0.081269
-0.102411    -0.006    -0.081269
-0.132501    -0.220158    -0.081269
-2e-06    -0.009122    -0.081269
-0.006645    -0.035843    -0.081269
-0.057587    -0.173569    -0.081269
-0.007209    -0.042397    -0.081269
-0.052318    -0.160401    -0.081269
0.02466    -0.096785    -0.081269
0.045676    -0.075905    -0.081269
-0.026088    -0.07819    -0.081269
-0.088928    0.004986    -0.081269
-0.048892    -0.015467    -0.081269
-0.034075    -0.185577    -0.081269
-0.118781    -0.224376    -0.081269
-0.06952    -0.024665    -0.081269
-0.009984    0.011454    -0.081269
-0.115285    -0.225597    -0.081269
0.011959    0.000598    -0.081269
-0.029897    0.025721    -0.081269
-0.069923    0.043766    -0.081269
-0.037918    0.025896    -0.081269
-0.123139    -0.304291    -0.081269
-0.081868    -0.096702    -0.081269
-0.036561    -0.188442    -0.081269
-0.110914    -0.241168    -0.081269
-0.117439    0.033799    -0.081269
-0.135447    -0.260514    -0.087742
0.112968    -0.317234    -0.081269
0.130465    -0.215444    -0.081269
0.054024    -0.123168    -0.081269
0.134181    -0.033015    -0.081269
0.119742    -0.123924    -0.081269
-0.053093    -0.249736    -0.081269
0.082921    -0.126371    -0.081269
-0.013712    -0.221237    -0.081269
0.066923    -0.170469    -0.081269
0.077093    -0.258306    -0.081269
0.144477    -0.094901    -0.081269
0.043496    -0.129419    -0.081269
0.111593    -0.320563    -0.081269
0.064396    -0.313351    -0.081269
-0.035346    -0.214639    -0.081269
-0.044545    -0.301985    -0.081269
0.011023    -0.257712    -0.081269
-0.039509    -0.230225    -0.081269
-0.113796    -0.312277    -0.081269
0.081158    -0.097763    -0.081269
0.133158    0.016956    -0.081269
-0.071205    -0.264451    -0.081269
0.139032    -0.124767    -0.081269
-0.042045    -0.243245    -0.081269
-0.103918    -0.324568    -0.081269
-0.032231    -0.289952    -0.081269
0.025159    -0.146907    -0.081269
0.114072    -0.119312    -0.081269
0.149772    -0.079765    -0.081269
0.147417    -0.21236    -0.081269
-0.109165    -0.325086    -0.085142
-0.133643    -0.146415    -0.088064
0.104995    -0.000838    -0.088064
-0.044115    -0.002668    -0.088064
-0.068263    -0.081471    -0.088064
-0.063079    -0.122114    -0.088064
-0.100093    0.04722    -0.088064
0.033742    0.042237    -0.088064
0.075737    -0.005902    -0.088064
0.017321    -0.045072    -0.088064
-0.02756    -0.020746    -0.088064
-0.064574    -0.065434    -0.088064
-0.07466    0.013773    -0.088064
-0.091506    -0.158827    -0.088064
0.059696    -0.062006    -0.088064
0.05511    -0.051094    -0.088064
-0.130228    -0.102645    -0.088064
-0.019739    -0.11664    -0.088064
-0.083295    -0.102765    -0.088064
-0.089379    0.010808    -0.088064
-0.042953    -0.142216    -0.088064
-0.032184    -0.102352    -0.088064
0.041341    -0.03822    -0.088064
-0.041457    -0.02089    -0.088064
-0.048589    -0.196915    -0.088064
-0.044625    -0.179163    -0.088064
0.008935    -0.026076    -0.088064
-0.002564    -0.041743    -0.088064
-0.07333    0.043179    -0.088064
-0.13281    -0.200056    -0.088064
-0.012182    -0.172263    -0.088064
0.060337    -0.167099    -0.088064
0.052928    -0.137058    -0.088064
0.100096    -0.096283    -0.088064
0.112959    -0.197458    -0.088064
-0.050514    -0.270175    -0.088064
0.040232    -0.314289    -0.088064
0.034031    -0.274041    -0.088064
-0.092417    -0.284128    -0.088064
0.144885    -0.276928    -0.088064
-0.059888    -0.306409    -0.088064
0.145427    -0.182866    -0.088064
0.148294    -0.092354    -0.088064
0.095045    -0.19791    -0.088064
0.042993    -0.312833    -0.088064
0.151173    -0.242891    -0.088064
0.131463    -0.284085    -0.088064
0.149549    -0.087759    -0.088064
0.067564    -0.275451    -0.088064
0.059946    -0.294693    -0.088064
0.120624    -0.174274    -0.088064
0.012826    -0.179875    -0.088064
0.097909    -0.24519    -0.088064
-0.024064    -0.297962    -0.088064
0.057346    -0.19103    -0.088064
0.007449    -0.150969    -0.088064
-0.037797    -0.208761    -0.088064
-0.003721    -0.254371    -0.088064
-0.041485    -0.292771    -0.088064
0.090589    -0.203464    -0.088064
-0.198334    -0.428424    -0.058107
-0.198303    -0.407463    -0.009389
-0.198268    -0.431789    0.047715
-0.198256    -0.432886    0.066852
