-0.003052    0.203599    -0.002741
-0.033791    0.032558    -0.066722
-0.027922    0.065058    -0.058717
-0.045923    -0.000415    -0.071556
-0.048823    -0.003782    -0.071166
-0.018146    0.125133    -0.04335
-0.023973    0.102778    -0.047904
-0.065997    -0.141816    -0.109287
-0.052618    -0.371067    -0.120546
-0.065169    -0.216332    -0.113868
-0.048472    -0.587956    -0.122752
-0.060104    -0.259752    -0.116563
-0.05084    -0.579849    -0.121492
-0.047562    -0.44682    -0.123237
-0.069839    -0.248764    -0.111383
-0.062655    -0.358185    -0.115206
-0.067318    -0.169601    -0.112725
-0.027758    0.014044    -0.076074
-0.046273    0.06855    -0.044215
-0.075138    -0.075897    -0.076996
-0.068404    -0.103486    -0.094685
-0.088575    -0.120423    -0.082866
-0.062771    -0.035483    -0.071829
-0.079618    -0.130145    -0.095243
-0.048831    -0.661011    -0.122561
-0.067161    -0.545545    -0.112808
-0.062039    -0.640084    -0.115533
-0.073714    -0.306167    -0.109321
-0.070629    -0.267273    -0.110963
-0.072163    -0.393186    -0.110147
-0.073739    -0.671288    -0.109308
-0.075324    -0.301783    -0.108465
-0.038297    -0.562269    -0.12574
-0.044317    -0.192031    -0.124349
-0.037219    -0.579357    -0.125989
-0.032821    -0.643838    -0.127006
-0.036928    -0.413077    -0.126057
-0.043969    -0.641152    -0.124429
-0.023265    -0.523087    -0.129215
-0.018732    -0.616671    -0.130263
-0.016437    0.000964    -0.082748
-0.026717    -0.041176    -0.093445
-0.029042    -0.076742    -0.103941
-0.01256    -0.023056    -0.091096
-0.031955    -0.124534    -0.118094
-0.01479    -0.148551    -0.129512
-0.032637    0.140076    -0.027369
-0.098591    -0.217748    -0.087363
-0.099335    -0.188631    -0.086669
-0.088402    -0.266927    -0.09687
-0.094098    -0.16165    -0.091555
-0.08225    -0.322422    -0.10261
-0.080803    -0.344385    -0.103961
-0.080024    -0.607907    -0.104687
-0.089894    -0.355141    -0.095478
-0.08778    -0.268441    -0.09326
-0.079985    -0.212006    -0.100533
-0.080103    -0.177223    -0.100424
-0.094005    -0.444491    -0.087451
-0.097004    -0.470305    -0.084653
-0.09595    -0.491659    -0.085637
-0.091704    -0.189794    -0.089598
-0.084179    -0.270687    -0.09662
-0.096774    -0.532675    -0.084868
-0.051433    -0.181243    -0.117706
-0.063296    -0.270756    -0.111394
-0.06978    -0.271808    -0.107944
-0.072716    -0.579609    -0.106382
-0.072029    -0.259456    -0.106748
-0.066896    -0.2652    -0.109479
-0.0652    -0.458255    -0.110381
-0.070322    -0.405296    -0.107656
-0.021535    -0.525658    -0.129615
-0.027058    -0.381978    -0.128338
-0.018426    -0.349272    -0.130333
-0.014673    -0.59971    -0.131201
-0.024353    -0.33628    -0.128963
-0.025887    -0.469849    -0.128609
-0.014489    -0.19741    -0.131243
-0.019386    -0.230602    -0.130111
-0.004831    0.019952    -0.078799
-0.104334    -0.133152    -0.068656
-0.074078    0.000961    -0.040576
-0.066756    0.022908    -0.039776
-0.053512    0.075504    -0.03097
-0.077178    -0.045742    -0.062263
-0.098294    -0.084394    -0.050503
-0.085054    -0.668646    -0.099994
-0.086055    -0.517635    -0.09906
-0.089848    -0.653205    -0.095521
-0.098358    -0.335729    -0.087581
-0.084327    -0.524097    -0.100672
-0.095154    -0.402553    -0.09057
-0.087218    -0.579549    -0.097974
-0.093895    -0.56795    -0.091745
-0.078839    -0.416957    -0.101602
-0.075688    -0.538487    -0.104543
-0.079561    -0.345491    -0.100929
-0.076282    -0.298596    -0.103989
-0.077401    -0.441527    -0.102945
-0.077174    -0.566572    -0.103156
-0.082755    -0.645202    -0.097948
-0.075967    -0.394844    -0.104282
-0.107106    -0.396972    -0.070277
-0.106824    -0.241908    -0.07073
-0.104855    -0.453    -0.073882
-0.101027    -0.299538    -0.080012
-0.116061    -0.159796    -0.055938
-0.100414    -0.4051    -0.080994
-0.102508    -0.186223    -0.07764
-0.101125    -0.548031    -0.079855
-0.047034    -0.324622    -0.120046
-0.047728    -0.326117    -0.119677
-0.059632    -0.570613    -0.113343
-0.064557    -0.550437    -0.110723
-0.065943    -0.654925    -0.109986
-0.048399    -0.561549    -0.11932
-0.046714    -0.61033    -0.120216
-0.058823    -0.397801    -0.113774
-0.057454    -0.415554    -0.114502
-0.009763    -0.483841    -0.131551
-0.008718    -0.499584    -0.131515
-0.007944    -0.2708    -0.131488
-0.00866    -0.638484    -0.131513
0.00196    -0.512824    -0.131146
0.002904    -0.628517    -0.131114
-0.001471    -0.373565    -0.131265
-0.011091    -0.23639    -0.131597
0.004735    0.069471    -0.063493
0.00463    0.035852    -0.073664
0.011117    -0.119615    -0.120459
0.012664    0.020517    -0.078025
0.001533    -0.139405    -0.126775
0.00065    -0.116989    -0.120026
-0.053197    0.085372    -0.025845
-0.119191    -0.334338    -0.056708
-0.112766    -0.269362    -0.066997
-0.106376    -0.271316    -0.077231
-0.119145    -0.620864    -0.056781
-0.11631    -0.401489    -0.061321
-0.117    -0.332265    -0.060216
-0.111053    -0.361031    -0.069741
-0.117314    -0.18663    -0.059713
-0.105573    -0.34569    -0.078517
-0.102654    -0.454176    -0.083192
-0.116879    -0.611793    -0.06041
-0.107463    -0.608329    -0.07549
-0.113135    -0.503101    -0.066406
-0.108322    -0.543026    -0.074115
-0.104899    -0.313125    -0.079597
-0.102904    -0.578647    -0.082791
-0.103612    -0.544541    -0.081658
-0.112282    -0.602825    -0.061989
-0.112522    -0.309759    -0.061605
-0.105299    -0.533492    -0.073172
-0.115916    -0.623309    -0.05617
-0.112655    -0.651675    -0.061391
-0.111432    -0.600279    -0.06335
-0.107835    -0.553461    -0.069111
-0.108585    -0.425212    -0.06791
-0.029281    -0.241178    -0.12468
-0.045089    -0.38527    -0.121025
-0.029008    -0.396185    -0.124743
-0.02207    -0.280377    -0.126347
-0.036744    -0.533338    -0.122954
-0.041755    -0.293916    -0.121796
-0.038171    -0.454872    -0.122624
-0.024286    -0.276793    -0.125834
0.015338    -0.443479    -0.130685
0.018264    -0.480509    -0.130584
0.014022    -0.299085    -0.13073
0.012354    -0.228432    -0.130788
-0.007745    -0.197474    -0.131481
0.017332    -0.587734    -0.130616
0.020722    -0.346976    -0.130499
0.006253    -0.169769    -0.130998
-0.041275    -0.680198    -0.121907
-0.015775    -0.266762    -0.127802
-0.015235    -0.531538    -0.127927
-0.015963    -0.629396    -0.127759
-0.02559    -0.634146    -0.125533
-0.021878    -0.643753    -0.126391
-0.025521    -0.56942    -0.125549
-0.022382    -0.567143    -0.126275
-0.017063    -0.270839    -0.127504
0.007637    0.130971    -0.044751
-0.088807    -0.035768    -0.035923
-0.084516    -0.017443    -0.031008
-0.122625    -0.148086    -0.041417
-0.111943    -0.111374    -0.038403
-0.11594    -0.122658    -0.036993
-0.080449    0.003574    -0.022575
-0.123259    -0.538308    -0.045367
-0.122526    -0.290738    -0.047766
-0.127233    -0.548686    -0.032352
-0.128193    -0.617257    -0.02921
-0.121264    -0.235958    -0.051899
-0.121928    -0.332152    -0.049725
-0.121691    -0.593587    -0.050501
-0.12219    -0.667324    -0.048865
-0.119783    -0.216545    -0.046263
-0.123341    -0.155663    -0.034613
-0.124122    -0.286988    -0.032057
-0.118686    -0.195013    -0.049853
-0.122871    -0.278664    -0.036152
-0.117606    -0.219566    -0.05339
-0.12152    -0.242458    -0.040574
-0.118057    -0.163339    -0.051914
0.037646    -0.652106    -0.125618
0.027919    -0.600844    -0.12859
0.040809    -0.642935    -0.124652
0.036176    -0.653631    -0.126067
0.022818    -0.658898    -0.130148
0.028096    -0.505452    -0.128536
0.027602    -0.332116    -0.128687
0.043299    -0.554215    -0.123891
0.024066    -0.457928    -0.129767
-0.008497    -0.156199    -0.128443
-0.011106    -0.189634    -0.128533
0.003064    -0.37089    -0.128043
0.010429    -0.25025    -0.127789
-0.012241    -0.450426    -0.128572
0.004329    -0.411947    -0.128
-0.005992    -0.551565    -0.128356
-0.007659    -0.1904    -0.128414
0.034881    -0.062197    -0.097478
0.012371    0.151455    -0.036832
0.018503    0.070515    -0.060539
0.025959    -0.117109    -0.117559
0.041119    -0.085575    -0.102961
0.034358    -0.017796    -0.083605
-0.058804    0.08395    -0.010276
-0.128433    -0.536649    -0.028425
-0.125322    -0.360998    -0.038609
-0.126194    -0.249353    -0.035754
-0.12725    -0.476341    -0.032297
-0.123879    -0.221324    -0.043335
-0.129599    -0.27503    -0.024606
-0.125717    -0.345655    -0.037315
-0.125555    -0.243079    -0.037847
-0.10367    -0.684414    -0.07578
-0.125261    -0.608184    -0.028327
-0.118338    -0.638829    -0.050992
-0.125808    -0.624519    -0.026537
-0.127281    -0.533799    -0.021712
-0.119868    -0.66771    -0.045985
-0.123522    -0.651293    -0.03402
-0.122644    -0.541031    -0.036896
-0.12549    -0.433031    -0.027577
0.033377    -0.250538    -0.126922
0.043955    -0.496808    -0.12369
0.034226    -0.166146    -0.126663
0.041235    -0.259907    -0.124522
0.039825    -0.361649    -0.124952
0.046081    -0.156351    -0.123041
0.049683    -0.527173    -0.121941
0.035476    -0.288972    -0.126281
0.014354    -0.575189    -0.127653
0.018509    -0.618892    -0.12751
0.011582    -0.516218    -0.127749
0.019299    -0.629909    -0.127482
0.007009    -0.634504    -0.127907
0.017056    -0.368478    -0.12756
-0.004018    -0.620732    -0.128288
0.007879    -0.361679    -0.127877
0.022256    0.121112    -0.042704
-0.110084    -0.085581    -0.013436
-0.108252    -0.078162    -0.001536
-0.095092    -0.034632    -0.001398
-0.077168    0.024378    -0.00363
-0.130559    -0.433839    -0.01889
-0.130639    -0.50174    -0.016585
-0.130773    -0.501232    -0.012715
-0.130848    -0.616971    -0.010572
-0.130648    -0.317425    -0.016323
-0.127669    -0.382686    -0.01386
-0.127716    -0.235574    -0.012506
-0.127791    -0.20429    -0.010334
-0.127757    -0.38908    -0.011317
-0.127485    -0.226109    -0.019166
-0.127489    -0.219336    -0.019055
0.034934    -0.206106    -0.123243
0.031141    -0.33932    -0.124402
0.022482    -0.417491    -0.127047
0.034317    -0.442576    -0.123432
0.048999    -0.177216    -0.118947
0.030534    -0.302201    -0.124588
0.033503    -0.460816    -0.123681
0.039665    -0.285152    -0.121798
0.054906    -0.654131    -0.120315
0.059311    -0.555608    -0.117565
0.075917    -0.531863    -0.107195
0.057695    -0.309014    -0.118574
0.057224    -0.563268    -0.118868
0.055818    -0.45243    -0.119746
0.060681    -0.276819    -0.116709
0.056929    -0.442702    -0.119052
0.052064    -0.376619    -0.11801
0.048486    -0.542494    -0.119103
0.052109    -0.277186    -0.117996
0.028893    -0.611194    -0.125089
0.040046    -0.382607    -0.121682
0.044072    -0.504155    -0.120452
0.033952    -0.490149    -0.123543
0.043289    -0.470783    -0.120691
0.067528    -0.152392    -0.111893
0.06879    -0.096885    -0.091326
0.062973    -0.09433    -0.094048
0.074152    -0.119163    -0.095916
0.046814    0.026088    -0.061229
0.075257    -0.148265    -0.105597
-0.102443    -0.05883    -0.000458
-0.131092    -0.306088    -0.003516
-0.131207    -0.350733    -0.000216
-0.131012    -0.528724    -0.005844
-0.130699    -0.262132    -0.014865
-0.130733    -0.240766    -0.013868
-0.131093    -0.460167    -0.003484
-0.12755    -0.593378    -0.017288
-0.127854    -0.506027    -0.008494
-0.12784    -0.592648    -0.008907
-0.127812    -0.56689    -0.009717
-0.127465    -0.649354    -0.01975
0.073242    -0.315627    -0.108866
0.078397    -0.546506    -0.105647
0.083151    -0.250673    -0.102678
0.066402    -0.2615    -0.113137
0.081846    -0.346858    -0.103493
0.079522    -0.349096    -0.104944
0.078031    -0.358885    -0.105875
0.059121    -0.167705    -0.117683
0.076067    -0.457035    -0.107102
0.075078    -0.575614    -0.104108
0.080899    -0.194592    -0.100473
0.073434    -0.348544    -0.105134
0.067475    -0.457515    -0.108856
0.07862    -0.440573    -0.101896
0.068424    -0.580782    -0.108263
0.065421    -0.637452    -0.110138
0.063163    -0.624331    -0.111548
0.057136    -0.367904    -0.115312
0.071895    -0.162409    -0.106096
0.060938    -0.400862    -0.112938
0.057253    -0.217647    -0.115239
0.055412    -0.457519    -0.116388
0.060395    -0.469441    -0.113277
0.076282    -0.171866    -0.103356
0.059368    -0.379188    -0.113918
0.074427    -0.038232    -0.061206
0.084061    -0.082757    -0.070607
0.076982    -0.078415    -0.076269
0.034261    0.118094    -0.034993
0.079763    -0.092097    -0.07935
0.03104    0.134958    -0.030974
-0.121626    -0.121511    0.006078
-0.118583    -0.111428    0.006253
-0.13129    -0.508205    0.002202
-0.131235    -0.582982    0.000602
-0.131344    -0.507243    0.003766
-0.128166    -0.599185    0.000519
-0.128182    -0.573    0.000965
-0.128363    -0.270234    0.006208
-0.128348    -0.626021    0.00577
-0.12854    -0.350274    0.011326
-0.128356    -0.537922    0.006005
-0.100163    -0.681314    0.08038
0.084747    -0.376428    -0.101393
0.104236    -0.197593    -0.080509
0.08447    -0.456418    -0.101689
0.087489    -0.200332    -0.098454
0.097631    -0.314737    -0.087587
0.093613    -0.315822    -0.091892
0.103534    -0.213827    -0.081262
0.088351    -0.538374    -0.097531
0.094267    -0.633154    -0.0867
0.089332    -0.408772    -0.09199
0.094984    -0.664453    -0.085932
0.096758    -0.650527    -0.084031
0.083587    -0.360007    -0.098147
0.082355    -0.397384    -0.099467
0.090139    -0.579133    -0.091124
0.089967    -0.385878    -0.091309
0.001868    -0.680812    0.128213
0.02894    0.163276    -0.020678
-0.073543    0.035241    0.01026
-0.131641    -0.409181    0.012354
-0.13162    -0.535391    0.011733
-0.131449    -0.288044    0.006801
-0.126953    -0.521928    0.019448
-0.126395    -0.40681    0.021863
-0.128271    -0.593601    0.013746
-0.126771    -0.380566    0.020236
-0.127434    -0.426407    0.017367
-0.124342    -0.302374    0.030744
-0.124354    -0.38012    0.030693
-0.128122    -0.401681    0.014394
-0.089064    -0.519393    0.092277
-0.088788    -0.458227    0.092573
-0.082702    -0.484572    0.099095
-0.098478    -0.607249    0.082187
-0.093058    -0.584256    0.087995
-0.089151    -0.525986    0.092183
-0.084746    -0.218569    0.096905
-0.088258    -0.6434    0.09314
-0.074762    -0.66099    0.104307
-0.078712    -0.368007    0.10184
-0.073315    -0.618778    0.10521
-0.060622    -0.577537    0.113136
-0.075963    -0.37033    0.103556
-0.077974    -0.509176    0.1023
-0.065204    -0.542561    0.110274
-0.07468    -0.482307    0.104357
-0.108565    -0.676402    0.068611
-0.050776    -0.350869    0.118404
-0.041398    -0.627073    0.121269
-0.044031    -0.456303    0.120464
-0.046618    -0.621856    0.119674
-0.034219    -0.596474    0.123461
-0.050162    -0.466619    0.118592
-0.045371    -0.379347    0.120055
-0.041036    -0.600236    0.121379
0.102021    -0.395129    -0.082882
0.100509    -0.597266    -0.084503
0.094826    -0.608562    -0.090592
0.093173    -0.540344    -0.092363
0.097632    -0.569044    -0.087586
0.10107    -0.331097    -0.083902
0.102666    -0.465119    -0.082191
0.092194    -0.641443    -0.093413
0.097798    -0.493426    -0.082916
0.088373    -0.176638    -0.093017
0.104676    -0.540683    -0.075546
0.101983    -0.464524    -0.078431
0.096264    -0.43883    -0.08456
0.102403    -0.380091    -0.077981
0.089467    -0.228816    -0.091845
0.087856    -0.155151    -0.093571
0.035504    -0.683832    0.123242
-0.005538    -0.486506    0.127957
-0.01934    -0.311688    0.127479
-0.020473    -0.504749    0.12744
-0.01096    -0.555429    0.127769
-0.011552    -0.646765    0.127749
0.000516    -0.590093    0.128166
-0.003883    -0.630916    0.128014
-0.008832    -0.658655    0.127843
0.082305    -0.014439    -0.034744
0.039068    0.13366    -0.02071
0.044269    0.110254    -0.025996
0.076453    -0.020948    -0.049933
0.097527    -0.070471    -0.042191
0.110924    -0.141319    -0.062602
-0.087362    -0.023276    0.029012
-0.116875    -0.106054    0.012429
-0.119723    -0.118051    0.016211
-0.101851    -0.068697    0.027286
-0.063637    0.06231    0.016784
-0.114416    -0.103659    0.019855
-0.127982    -0.270835    0.0286
-0.12873    -0.174629    0.025365
-0.1255    -0.257232    0.039336
-0.125849    -0.234419    0.037828
-0.123918    -0.366139    0.046179
-0.129519    -0.226825    0.021951
-0.126339    -0.453441    0.035706
-0.125788    -0.352404    0.038091
-0.126399    -0.60379    0.035447
-0.128813    -0.631236    0.025004
-0.128778    -0.650393    0.025159
-0.131204    -0.222156    0.014665
-0.126784    -0.673741    0.033784
-0.130468    -0.347672    0.017846
-0.124447    -0.640625    0.043889
-0.127427    -0.455249    0.031
-0.121281    -0.525907    0.043986
-0.12531    -0.629006    0.026558
-0.123515    -0.422017    0.03432
-0.122774    -0.633597    0.037527
-0.121549    -0.618515    0.042824
-0.121706    -0.562956    0.042146
-0.12364    -0.429826    0.033782
-0.124962    -0.568988    0.02806
-0.099234    -0.53169    0.081377
-0.095421    -0.187222    0.085463
-0.096206    -0.351895    0.084622
-0.105017    -0.169035    0.075178
-0.085557    -0.17171    0.096036
-0.101424    -0.357499    0.079029
-0.096045    -0.193347    0.084795
-0.097391    -0.268103    0.083352
-0.102867    -0.676073    0.081119
-0.056566    -0.380256    0.115669
-0.072563    -0.262674    0.105679
-0.062032    -0.349047    0.112255
-0.058261    -0.31291    0.11461
-0.055236    -0.154004    0.116499
-0.057535    -0.320994    0.115064
-0.061276    -0.486888    0.112728
-0.05514    -0.578755    0.116559
-0.115676    -0.599238    0.055248
-0.109728    -0.60355    0.066426
-0.110467    -0.559536    0.065036
-0.105234    -0.207793    0.074872
-0.112037    -0.615301    0.062087
-0.110752    -0.499395    0.0645
-0.106916    -0.409847    0.07171
-0.116544    -0.628126    0.053616
-0.021592    -0.19291    0.127317
-0.027062    -0.304171    0.125647
-0.038281    -0.350459    0.12222
-0.030964    -0.174348    0.124455
-0.025916    -0.37938    0.125997
-0.038332    -0.370446    0.122205
-0.022668    -0.649784    0.126989
-0.027595    -0.381369    0.125484
0.11542    -0.394283    -0.062252
0.110354    -0.289137    -0.071774
0.113766    -0.159677    -0.06536
0.109811    -0.164447    -0.072795
0.11349    -0.333309    -0.06588
0.111554    -0.409259    -0.069519
0.111972    -0.427846    -0.068734
0.117933    -0.224039    -0.057529
0.110615    -0.682253    -0.064759
0.111484    -0.584359    -0.063126
0.110291    -0.374318    -0.06537
0.107703    -0.619141    -0.070234
0.108839    -0.32222    -0.068099
0.114809    -0.644748    -0.056878
0.105791    -0.425561    -0.073825
0.105602    -0.224758    -0.074181
0.106201    -0.211228    -0.073056
0.01099    -0.397933    0.128529
-0.001075    -0.280052    0.128111
0.012334    -0.661748    0.128575
-0.007043    -0.235194    0.127905
0.011415    -0.218042    0.128543
0.008585    -0.537526    0.128445
0.000991    -0.48038    0.128183
0.00313    -0.329326    0.128257
0.071191    0.029542    -0.027332
0.120245    -0.296006    -0.046661
0.109554    -0.237047    -0.066753
0.12068    -0.33176    -0.045844
0.116336    -0.306482    -0.054008
0.115778    -0.350334    -0.055057
0.118367    -0.380585    -0.050191
0.119906    -0.517862    -0.047298
0.109395    -0.16625    -0.067053
-0.041748    0.126397    0.020345
-0.122693    -0.66043    0.048583
-0.117232    -0.562258    0.058846
-0.117148    -0.480971    0.059005
-0.11088    -0.612999    0.070785
-0.11888    -0.569645    0.055748
-0.123282    -0.580054    0.047474
-0.119005    -0.582858    0.055514
-0.114339    -0.645206    0.064283
-0.091098    -0.052105    0.042456
-0.110995    -0.14329    0.063735
-0.089983    -0.08128    0.063325
-0.114499    -0.134803    0.051689
-0.085747    -0.041534    0.045711
-0.082999    -0.025488    0.040549
-0.111053    -0.220224    0.070459
-0.113159    -0.348467    0.066501
-0.114726    -0.307256    0.063555
-0.118287    -0.332794    0.056862
-0.117081    -0.341999    0.059129
-0.108337    -0.440188    0.075563
-0.118117    -0.33625    0.057182
-0.108634    -0.412423    0.075006
-0.115402    -0.363587    0.062286
-0.115051    -0.322546    0.056423
-0.107671    -0.175701    0.070291
-0.120366    -0.59896    0.046433
-0.108689    -0.215622    0.068378
-0.113898    -0.378283    0.058588
-0.120576    -0.436043    0.046038
-0.118981    -0.38578    0.049037
-0.120468    -0.232838    0.046243
-0.093238    -0.550193    0.092293
-0.093134    -0.477414    0.092406
-0.093962    -0.497346    0.091518
-0.096294    -0.425642    0.089019
-0.10163    -0.400553    0.0833
-0.093375    -0.521898    0.092148
-0.088371    -0.660375    0.09751
-0.104751    -0.235141    0.079956
-0.060521    -0.674565    0.11681
-0.061084    -0.359466    0.116458
-0.076245    -0.552308    0.106991
-0.072742    -0.513478    0.109179
-0.056587    -0.368315    0.119267
-0.058369    -0.532706    0.118154
-0.058876    -0.228764    0.117838
-0.064719    -0.564756    0.114189
-0.027665    -0.249211    0.128666
-0.03949    -0.492869    0.125054
-0.022414    -0.463985    0.13027
-0.027743    -0.668714    0.128642
-0.03007    -0.514173    0.127931
-0.04085    -0.584034    0.124639
-0.021828    -0.163081    0.130449
-0.033679    -0.414744    0.126829
-0.035228    -0.375979    0.126356
0.008797    -0.415046    0.131518
0.010021    -0.327249    0.131561
0.008152    -0.286657    0.131496
-0.00777    -0.538019    0.130945
0.010374    -0.367753    0.131573
0.003645    -0.339064    0.13134
0.00804    -0.302901    0.131492
-0.009286    -0.645657    0.130893
0.117102    -0.426273    -0.05909
0.122503    -0.609587    -0.048937
0.122436    -0.649697    -0.049064
0.117609    -0.414668    -0.058137
0.116205    -0.403003    -0.060776
0.111409    -0.623457    -0.069791
0.119655    -0.530036    -0.054291
0.120914    -0.265056    -0.051925
0.078696    -0.678941    0.101736
0.022787    -0.387316    0.126181
0.033773    -0.55493    0.123642
0.021149    -0.50196    0.12656
0.021119    -0.39322    0.126567
0.024146    -0.375543    0.125867
0.014814    -0.34896    0.128025
0.018874    -0.652125    0.127086
0.020366    -0.353288    0.126741
0.095402    -0.051058    -0.031511
0.124593    -0.140257    -0.024939
0.089005    -0.029725    -0.030555
0.118423    -0.133408    -0.042439
0.040596    0.139875    -0.012364
0.101148    -0.055492    -0.012606
0.125389    -0.670455    -0.026216
0.121386    -0.285642    -0.043531
0.126784    -0.596751    -0.02018
0.121446    -0.354377    -0.043271
0.124499    -0.596448    -0.030063
0.120999    -0.600528    -0.045204
0.123316    -0.424155    -0.035181
0.121519    -0.23943    -0.042957
-0.080202    -0.046568    0.058708
-0.091453    -0.333934    0.094206
-0.085132    -0.528814    0.100981
-0.098966    -0.28818    0.086156
-0.088061    -0.451078    0.097842
-0.089822    -0.496074    0.095955
-0.09118    -0.363133    0.0945
-0.085571    -0.567408    0.100511
-0.096179    -0.312005    0.089142
-0.066529    -0.288124    0.113058
-0.071401    -0.386098    0.110016
-0.074778    -0.291839    0.107907
-0.078    -0.506498    0.105896
-0.083251    -0.387732    0.102617
-0.08147    -0.35653    0.103729
-0.082141    -0.568322    0.10331
-0.078363    -0.390714    0.105669
-0.081458    -0.569868    0.103736
-0.034888    -0.296886    0.12646
-0.053588    -0.408098    0.120749
-0.048326    -0.389788    0.122356
-0.039992    -0.365814    0.124901
-0.026824    -0.188953    0.128923
-0.037207    -0.261773    0.125752
-0.034028    -0.175125    0.126722
-0.034098    -0.311313    0.126701
-0.010322    -0.255398    0.130857
-0.019099    -0.352919    0.130553
-0.012389    -0.252445    0.130785
-0.001768    -0.315321    0.131153
-0.001283    -0.3009    0.13117
-0.019698    -0.47202    0.130532
-0.008315    -0.380772    0.130926
-0.018052    -0.521832    0.130589
0.031251    -0.191794    0.127369
0.018862    -0.391496    0.130233
0.041286    -0.232615    0.125049
0.013943    -0.472946    0.131371
0.018628    -0.170984    0.130288
0.016115    -0.543426    0.130868
0.01943    -0.363603    0.130102
0.029977    -0.356165    0.127664
0.037656    -0.203455    0.125889
0.128126    -0.328603    -0.027977
0.126945    -0.356244    -0.033083
0.123909    -0.309336    -0.046215
0.125929    -0.17733    -0.03748
0.125315    -0.195128    -0.040134
0.125993    -0.393349    -0.037204
0.127496    -0.372018    -0.0307
0.130454    -0.219244    -0.017907
0.059376    -0.580093    0.11348
0.069323    -0.597581    0.108187
0.048816    -0.397718    0.119098
0.052365    -0.620023    0.11721
0.058846    -0.554537    0.113762
0.046919    -0.243156    0.120107
0.045562    -0.177315    0.12083
0.067563    -0.59514    0.109124
0.043254    -0.402366    0.12145
0.022296    -0.242508    0.126295
0.02566    -0.185327    0.125517
0.040721    -0.233702    0.122035
0.013585    -0.158229    0.128309
0.029961    -0.200204    0.124523
0.031881    -0.193322    0.124079
0.029741    -0.21787    0.124574
0.018031    -0.153908    0.129324
0.029404    -0.662464    0.127796
0.043712    -0.203847    0.124488
0.033269    -0.522498    0.126903
0.037462    -0.670272    0.125933
0.039813    -0.414562    0.12539
0.025991    -0.630572    0.128585
0.042237    -0.549556    0.124829
0.043854    -0.654485    0.124456
0.056914    0.089652    -0.009176
0.126683    -0.485844    -0.020617
0.123577    -0.242269    -0.034051
0.126179    -0.500481    -0.022797
0.124815    -0.158995    -0.028699
0.128573    -0.594443    -0.01244
0.128087    -0.533696    -0.014545
0.128504    -0.626723    -0.012742
0.12818    -0.586399    -0.014141
-0.072535    -0.06829    0.076548
-0.059003    0.01136    0.055763
-0.054445    0.026856    0.053782
-0.046558    0.051871    0.051152
-0.07332    -0.092034    0.086228
-0.05963    0.01144    0.055055
-0.057019    -0.104261    0.101306
-0.064481    -0.084183    0.089491
-0.01988    0.164396    0.028763
-0.057598    -0.084971    0.09407
-0.040672    0.062252    0.052178
-0.053546    -0.033975    0.078428
-0.020701    0.002524    0.081354
-0.025406    0.069947    0.058609
-0.035052    -0.114372    0.113915
-0.027056    0.048126    0.065001
-0.012714    0.144183    0.039024
-0.036651    -0.108787    0.111661
-0.001407    -0.087178    0.110984
-0.009654    -0.083863    0.109696
-0.020177    -0.123871    0.121431
-0.004052    -0.091299    0.112138
-0.005979    -0.029592    0.093409
-0.002005    0.061202    0.066088
0.015023    -0.114839    0.119001
0.01666    -0.052897    0.099406
0.026367    -0.128278    0.120547
0.035803    -0.071198    0.100658
0.014568    -0.127086    0.122905
0.035508    -0.146812    0.124184
0.128016    -0.537256    -0.028453
0.130181    -0.631207    -0.019089
0.126426    -0.578283    -0.035327
0.12966    -0.375124    -0.021343
0.127159    -0.644011    -0.032161
0.130658    -0.548747    -0.017024
0.128809    -0.475445    -0.02502
0.130778    -0.440536    -0.016504
0.084956    -0.499844    0.095894
0.087321    -0.589206    0.093688
0.075772    -0.438063    0.104464
0.091645    -0.627835    0.089654
0.090144    -0.609124    0.091054
0.082014    -0.548166    0.09864
0.078417    -0.270926    0.101996
0.075126    -0.357547    0.105066
0.119339    -0.678907    0.047715
0.063983    -0.408619    0.111028
0.069662    -0.328165    0.108006
0.063355    -0.212143    0.111362
0.067255    -0.473617    0.109287
0.04939    -0.204304    0.118793
0.072483    -0.557192    0.106505
0.069607    -0.176126    0.108036
0.068934    -0.539253    0.108394
0.052746    -0.416132    0.120478
0.051661    -0.276093    0.121055
0.046475    -0.393357    0.123814
0.068163    -0.205345    0.112275
0.067606    -0.285479    0.112571
0.049473    -0.558097    0.122219
0.050816    -0.497816    0.121505
0.04894    -0.457941    0.122503
0.069484    0.050964    -0.006644
0.122342    -0.124143    -0.003763
0.128535    -0.419221    -0.01118
0.12846    -0.340234    -0.008999
0.128418    -0.621534    -0.007803
-0.021435    0.129836    0.040107
-0.006288    0.171225    0.03244
-0.002515    0.201887    0.023522
0.015629    0.126423    0.044015
0.131639    -0.399461    -0.012277
0.13161    -0.270172    -0.011453
0.131635    -0.367586    -0.012159
0.127663    -0.680032    0.01403
0.090599    -0.408867    0.09063
0.084883    -0.354978    0.095963
0.0832    -0.197306    0.097534
0.097478    -0.205853    0.084211
0.093909    -0.264901    0.087541
0.083541    -0.280649    0.097215
0.086886    -0.308885    0.094094
0.084796    -0.185626    0.096044
0.108238    -0.506125    0.068466
0.105772    -0.500969    0.072414
0.115008    -0.580925    0.057624
0.112587    -0.505534    0.0615
0.110838    -0.382281    0.064302
0.112398    -0.386535    0.061804
0.109388    -0.671629    0.066625
0.106609    -0.523545    0.071074
0.126685    -0.204887    0.023661
0.119097    -0.635837    0.048509
0.123015    -0.541039    0.03568
0.12696    -0.597183    0.022761
0.125487    -0.669589    0.027586
0.120116    -0.671468    0.04517
0.125641    -0.531257    0.027081
0.125744    -0.617346    0.026742
0.07345    -0.473693    0.109461
0.073419    -0.621788    0.109478
0.06509    -0.393358    0.11391
0.066796    -0.536436    0.113002
0.076172    -0.394739    0.108014
0.066393    -0.607732    0.113216
0.074888    -0.194403    0.108697
0.073852    -0.494616    0.109248
0.039506    -0.08922    0.105374
0.061548    -0.085333    0.092316
0.037432    -0.02432    0.084258
0.051504    -0.096357    0.101435
0.035157    0.034944    0.065178
0.033134    0.006371    0.076037
0.052646    0.105581    0.00256
0.128287    -0.218524    -0.004022
0.128446    -0.19577    -0.008606
0.128294    -0.396414    -0.004221
0.131352    -0.383448    -0.003997
0.131351    -0.370286    -0.003974
0.131409    -0.448957    -0.005634
0.128028    -0.482507    0.00349
0.128118    -0.408859    0.000872
0.128149    -0.501895    -1.9e-05
0.127692    -0.674755    0.013202
0.128125    -0.505218    0.000671
0.128024    -0.656459    0.003593
0.106354    -0.158842    0.071483
0.108258    -0.348151    0.068433
0.112564    -0.290726    0.061537
0.107629    -0.375714    0.069442
0.113335    -0.250496    0.060303
0.108285    -0.260541    0.06839
0.101905    -0.521784    0.078607
0.104658    -0.39035    0.074199
0.091644    -0.390315    0.093845
0.099961    -0.661049    0.086084
0.09894    -0.233422    0.087037
0.092061    -0.61545    0.093455
0.084754    -0.672415    0.100273
0.101909    -0.194535    0.084267
0.101881    -0.18999    0.084292
0.086705    -0.649086    0.098453
0.122581    -0.171344    0.037101
0.123681    -0.330254    0.0335
0.119015    -0.437843    0.048777
0.119119    -0.554857    0.048436
0.125595    -0.242126    0.02723
0.117659    -0.303517    0.053218
0.118928    -0.464069    0.049062
0.121738    -0.188817    0.039861
0.127504    -0.282261    0.01861
0.12786    -0.197084    0.008332
0.127435    -0.412586    0.020624
0.127724    -0.416495    0.012267
0.127656    -0.413732    0.014225
0.088417    -0.275762    0.096856
0.087862    -0.410289    0.097373
0.079172    -0.195882    0.105482
0.090729    -0.327047    0.094698
0.085927    -0.408095    0.099179
0.07723    -0.212113    0.107294
0.083786    -0.350305    0.101176
0.079556    -0.491175    0.105123
0.09509    -0.259218    0.090629
0.04099    0.044494    0.058805
0.070254    0.047193    0.00403
0.113397    -0.096061    0.00931
0.113226    -0.094731    0.002623
0.130887    -0.1868    0.009436
0.13061    -0.239623    0.01746
0.131069    -0.412496    0.004185
0.131171    -0.473218    0.00124
0.131021    -0.334861    0.005584
0.131187    -0.395847    0.000774
0.130464    -0.560642    0.021663
0.130532    -0.383894    0.019717
0.131173    -0.662401    0.001186
0.131093    -0.609008    0.003508
0.130482    -0.355354    0.021145
0.106732    -0.670513    0.076661
0.104326    -0.570448    0.080514
0.10658    -0.435209    0.076904
0.112481    -0.582761    0.067454
0.11617    -0.581971    0.061546
0.108784    -0.541004    0.073374
0.102102    -0.43554    0.084074
0.113065    -0.518072    0.066519
0.12372    -0.673961    0.043858
0.122294    -0.334705    0.048527
0.126018    -0.654192    0.036335
0.121233    -0.220515    0.052003
0.12561    -0.487215    0.037671
0.121314    -0.665886    0.051735
0.125289    -0.604917    0.038724
0.126074    -0.506946    0.036151
0.046656    0.045576    0.053356
0.082116    -0.087942    0.075465
0.060542    0.012151    0.054217
0.0641    -0.040492    0.072659
0.041536    0.052565    0.055244
0.068333    -0.048489    0.072015
0.078902    0.015306    0.015504
0.121492    -0.172322    0.051153
0.125568    -0.220186    0.037808
0.126964    -0.241643    0.033238
0.12641    -0.33419    0.03505
0.125019    -0.158586    0.039605
0.12789    -0.428759    0.030205
0.129642    -0.452553    0.024471
0.127812    -0.218023    0.030461
0.129173    -0.234441    0.026004
0.116548    -0.251569    0.060941
0.115255    -0.164511    0.063012
0.119255    -0.625655    0.056607
0.116883    -0.454654    0.060405
0.110729    -0.266184    0.070259
0.111483    -0.248551    0.069052
0.11769    -0.469459    0.059113
0.119297    -0.204055    0.056539
0.027919    0.155359    0.025454
0.121126    -0.134184    0.031943
0.093034    -0.033013    0.019234
0.094466    -0.037766    0.019463
0.125363    -0.149897    0.034331
0.118577    -0.128343    0.034247
0.03985    0.138263    0.016136
0.108092    -0.11724    0.053557
0.104385    -0.13745    0.071027
0.086249    -0.056319    0.053772
0.040856    0.10825    0.032554
0.107499    -0.149799    0.073087
0.06511    0.013923    0.047541
0.037746    0.143061    0.017668
-0.084377    -0.684457    0.071227
-0.054609    -0.684457    0.092069
-0.061922    -0.684457    -0.062668
-0.020834    -0.684457    -0.038256
-0.030161    -0.684457    -0.012939
-0.063998    -0.684457    0.106856
-0.066308    -0.684457    0.067508
-0.025532    -0.684457    0.09422
-0.044191    -0.684457    0.093203
-0.01429    -0.684457    -0.046309
0.00535    -0.684457    0.061513
-0.1198    -0.684457    0.02435
-0.007255    -0.684457    -0.118743
0.016243    -0.684457    -0.064646
0.047239    -0.684457    0.04914
0.036176    -0.684457    0.026028
0.025509    -0.684457    0.050339
-0.124125    -0.684457    0.018722
0.064978    -0.684457    -0.058234
0.062707    -0.684457    0.065875
0.050744    -0.684457    0.01219
0.084344    -0.684457    0.034304
0.09094    -0.684457    -0.081605
0.125614    -0.684457    0.026645
-0.07734    -0.684457    -0.092906
-0.052879    -0.684457    -0.081746
-0.018432    -0.684457    0.028312
-0.024252    -0.684457    -0.026529
-0.097716    -0.684457    -0.024745
-0.075384    -0.684457    0.026078
-0.066218    -0.684457    -0.002921
-0.049889    -0.684457    0.03983
-0.044333    -0.684457    0.105146
-0.000514    -0.684457    0.082001
0.006606    -0.684457    0.118144
0.009826    -0.684457    0.072288
0.006383    -0.684457    -0.116104
-0.119739    -0.684457    -0.012465
0.042363    -0.684457    -0.005063
0.026861    -0.684457    -0.050976
0.021049    -0.684457    -0.081233
0.074538    -0.684457    0.072145
0.064841    -0.684457    -0.078124
0.050374    -0.684457    0.013893
0.081214    -0.684457    0.06529
0.096687    -0.684457    0.022354
0.108446    -0.684457    -0.062791
0.124949    -0.684457    -0.018567
-0.004088    0.237304    -0.023472
-0.011933    0.243625    -0.000975
-0.007233    0.234907    0.02192
-0.000415    0.233548    0.023077
-0.001071    0.222323    0.021029
0.013543    0.243625    -0.002103
0.010145    0.22824    -0.018484
0.01757    0.213907    -0.011799
-0.018232    0.225709    0.014288
-0.003399    0.206148    0.022973
0.011046    0.224722    0.020263
0.022056    0.224672    0.006788
