-0.164624    -0.398741    0.013873
-0.160821    -0.216701    0.042761
-0.16309    -0.43805    0.025525
-0.165146    -0.363842    0.009903
-0.16489    -0.50183    0.011851
-0.161412    -0.127151    -0.038199
-0.164042    -0.272164    -0.018215
-0.166121    -0.50552    -0.002425
-0.160443    -0.191643    0.043938
-0.160748    -0.536666    0.043201
-0.162901    -0.392726    -0.026885
-0.163271    -0.4029    -0.024071
-0.16465    -0.48439    -0.013601
-0.145033    -0.365835    0.08114
-0.154763    -0.174717    0.057649
-0.147301    -0.382575    0.075666
-0.159053    -0.205602    -0.047219
-0.160091    -0.253433    -0.044713
-0.155885    -0.145842    -0.054867
-0.142843    -0.379243    0.084998
-0.130722    -0.447375    0.100794
-0.13057    -0.396857    0.100992
-0.14921    -0.098    -0.050874
-0.158203    -0.492306    -0.04927
-0.151087    -0.525184    -0.066451
-0.151094    -0.544777    -0.043254
-0.123365    -0.161012    0.110382
-0.122804    -0.340097    0.111113
-0.125484    -0.102371    0.050384
-0.129308    -0.098    0.029437
-0.122525    -0.093726    0.066757
-0.141285    -0.281494    -0.086954
-0.138215    -0.290419    -0.090955
-0.098771    -0.526203    0.132311
-0.11472    -0.510294    0.120073
-0.110534    -0.369381    0.123285
-0.127468    -0.122657    -0.10496
-0.131646    -0.207701    -0.099516
-0.119874    -0.131112    -0.114856
-0.127149    -0.098    -0.043871
-0.134553    -0.093726    -0.047414
-0.084462    -0.38336    0.14329
-0.084933    -0.502713    0.142929
-0.101852    -0.228445    0.129947
-0.08712    -0.112262    -0.141177
-0.097252    -0.129218    -0.133402
-0.110451    -0.269692    -0.123274
-0.09394    -0.098    0.073331
-0.102745    -0.093726    0.075822
-0.130478    -0.08957    -0.01121
-0.11197    -0.08957    -0.093512
-0.058608    -0.138534    0.154459
-0.078838    -0.107907    0.146079
-0.063862    -0.3222    0.152283
-0.092741    -0.102371    0.053813
-0.084585    -0.351998    -0.143122
-0.09235    -0.31896    -0.137163
-0.084272    -0.17482    -0.143362
-0.086098    -0.098    0.030623
-0.082257    -0.093726    0.052881
-0.147601    -0.08957    0.009276
-0.159438    -0.087319    0.001114
-0.090455    -0.08957    0.051986
-0.057233    -0.507352    0.155029
-0.052    -0.393671    0.157197
-0.04847    -0.368945    0.158659
-0.109722    -0.531791    0.067185
-0.071847    -0.546719    -0.148901
-0.0799    -0.326821    -0.145565
-0.053182    -0.099989    0.155739
-0.075029    -0.098    -0.080922
-0.071701    -0.093726    0.059689
-0.158486    -0.086522    -0.004853
-0.109057    -0.085544    0.004335
-0.071209    -0.08957    0.082914
-0.068973    -0.08957    -0.044709
-0.0299    -0.459879    0.162652
-0.025194    -0.28716    0.163271
-0.038386    -0.418763    0.161535
-0.040924    -0.543194    0.149091
-0.073517    -0.106601    -0.148209
-0.071863    -0.173678    -0.148894
-0.056648    -0.102371    -0.109521
-0.045268    -0.098    -0.002235
-0.058637    -0.098    -0.110507
-0.042966    -0.093726    0.135614
-0.147811    -0.085544    -0.020975
-0.120702    -0.085544    0.046466
-0.082244    -0.085544    -0.031273
-0.062748    -0.085544    0.032618
-0.066705    -0.08957    -0.086801
-0.054434    -0.08957    0.051637
-0.012196    -0.338098    0.164983
-0.010114    -0.293699    0.165257
-0.018535    -0.13787    0.164148
-0.033468    -0.102371    0.04737
-0.039308    -0.442851    -0.161339
-0.017835    -0.179949    -0.164166
-0.017135    -0.154531    -0.164258
-0.059593    -0.102371    0.016998
-0.034063    -0.098    0.023678
-0.014338    -0.098    0.14395
-0.028669    -0.093726    0.097764
-0.027961    -0.08957    0.029713
-0.025347    -0.08957    0.114756
-0.125813    -0.081652    0.042058
-0.106128    -0.081652    -0.028334
-0.072275    -0.085544    -0.11072
-0.013075    -0.085544    0.112305
-0.02861    -0.085544    0.129501
0.002989    -0.211798    0.166227
0.037694    -0.130974    0.161658
0.013297    -0.212635    0.16487
-0.016366    -0.102371    -0.087422
-0.076915    -0.532512    0.104533
-0.005553    -0.532045    -0.165783
-0.015566    -0.282613    -0.164465
-0.003683    -0.151666    -0.166029
-0.012104    -0.098    -0.15076
-0.003618    -0.098    0.054303
-0.005157    -0.093726    0.026658
-0.001175    -0.093726    -0.077756
-0.000467    -0.08957    0.129365
-0.142928    -0.081652    0.01369
-0.151461    -0.078742    0.019014
-0.091589    -0.081652    -0.020525
-0.077423    -0.081652    -0.043783
-0.026939    -0.085544    -0.095908
-0.024408    -0.085544    -0.069958
0.035863    -0.298482    0.161899
0.023553    -0.503856    0.16352
0.0336    -0.514439    0.162197
-0.010297    -0.102371    0.088571
0.007068    -0.102371    -0.13167
0.019043    -0.328381    -0.164039
0.00566    -0.268789    -0.165801
0.01272    -0.098    0.113563
0.015374    -0.098    0.084091
0.007876    -0.093726    0.08948
0.007223    -0.093726    -0.079823
0.003993    -0.08957    -0.112066
0.028127    -0.08957    0.105587
-0.123728    -0.077934    0.042082
-0.102779    -0.078031    -0.052188
-0.053331    -0.081652    -0.073879
-0.03719    -0.081652    0.006355
-0.037273    -0.081652    -0.078044
0.00403    -0.085544    -0.007442
-0.085462    -0.52001    -0.002795
0.060452    -0.402655    0.153796
0.045192    -0.324259    0.160118
0.044382    -0.102371    0.092505
-0.065545    -0.527725    0.096288
0.0311    -0.19684    -0.162451
0.021334    -0.163513    -0.163737
0.028992    -0.102371    -0.142546
0.057224    -0.100692    0.154452
0.040629    -0.098    0.097483
0.014757    -0.093726    -0.091476
0.035327    -0.093726    0.077579
0.018759    -0.08957    -0.109636
0.014124    -0.08957    -0.101827
-0.110676    -0.077901    0.073394
-0.092148    -0.077974    0.003557
-0.056996    -0.077855    0.118961
-0.012472    -0.077908    0.066328
-0.004666    -0.077845    0.126662
-0.009813    -0.081652    -0.007969
-0.017005    -0.081652    -0.084668
0.01555    -0.081652    0.04876
0.037923    -0.085544    -0.090994
0.035876    -0.085544    0.029839
0.076088    -0.202237    0.147319
0.071931    -0.201856    0.149041
0.077522    -0.202284    0.146725
0.028297    -0.102371    0.011994
0.046864    -0.399784    -0.15935
0.059408    -0.358431    -0.154154
0.05542    -0.227442    -0.155806
0.074389    -0.098    0.142081
0.063369    -0.098    0.046969
0.050561    -0.093726    -0.020814
0.046933    -0.08957    -0.114323
0.049768    -0.08957    0.13742
0.043751    -0.085544    0.124822
0.042508    -0.085544    0.039882
-0.098365    -0.073826    0.112273
-0.045874    -0.077968    0.009384
-0.040455    -0.077949    0.027725
-0.024644    -0.078016    -0.038278
0.026517    -0.077837    0.133114
0.013075    -0.078007    -0.028475
0.028435    -0.081652    -0.136096
0.02496    -0.081652    -0.089961
0.074897    -0.081652    0.119046
-0.043531    -0.524651    -0.096468
0.088674    -0.296896    0.140245
0.091747    -0.433185    0.137887
0.061153    -0.102371    0.144375
0.045985    -0.102371    0.031635
0.071208    -0.477861    -0.149266
0.070703    -0.407895    -0.149475
0.04874    -0.491168    -0.158573
0.071173    -0.098    -0.118151
0.067494    -0.098    -0.009417
0.080235    -0.093726    -0.066398
0.068101    -0.08957    -0.048721
0.061088    -0.08957    -0.108013
0.063692    -0.085544    -0.024353
-0.132781    -0.074335    -0.013897
-0.08447    -0.074335    -0.003884
-0.045688    -0.07254    0.141117
-0.072219    -0.074335    -0.018164
-0.034504    -0.074335    0.016597
0.015081    -0.078031    -0.051314
0.037028    -0.077888    0.084355
0.067919    -0.081652    0.013905
-0.004062    -0.526129    -0.111762
0.102895    -0.420745    0.129333
0.103825    -0.332241    0.12862
0.087797    -0.102371    0.116317
0.067979    -0.102371    -0.054802
0.100932    -0.116278    -0.130765
0.102341    -0.258719    -0.129684
0.084226    -0.106643    -0.143584
0.087694    -0.098    0.121261
0.084513    -0.093726    -0.069078
0.092768    -0.093726    0.080796
0.082571    -0.08957    0.039308
0.095057    -0.085544    0.084326
0.090652    -0.081652    -0.023051
-0.136553    -0.070927    0.013777
-0.094198    -0.070927    -0.018465
-0.051835    -0.074335    0.01423
-0.014132    -0.074335    -0.120812
-0.007192    -0.074335    -0.053264
0.014543    -0.074335    0.047373
0.050639    -0.074335    0.082892
0.064809    -0.074335    0.130605
0.044741    -0.078064    -0.08494
0.015095    -0.524458    -0.104042
0.119402    -0.155461    0.115865
0.128744    -0.354953    0.10369
0.085107    -0.102371    0.004328
0.105579    -0.099424    -0.125806
0.103863    -0.102371    -0.115614
0.114128    -0.247924    -0.12064
0.108583    -0.449346    -0.124894
0.065258    -0.52685    -0.093331
0.097376    -0.098    -0.037719
0.104618    -0.093726    0.023197
0.100796    -0.08957    -0.04136
0.096276    -0.085544    -0.073654
0.082701    -0.081652    -0.128423
-0.108758    -0.070927    -0.01507
-0.059906    -0.070927    0.127895
-0.093855    -0.070927    -0.049982
-0.023611    -0.070927    0.029012
0.010443    -0.070927    -0.066678
0.000896    -0.070927    -0.052711
0.017422    -0.074335    -0.075741
0.058726    -0.074335    -0.118937
0.073142    -0.074335    0.059767
0.057256    -0.078021    -0.043441
0.082309    -0.077985    -0.009685
0.135484    -0.196924    0.094905
0.138396    -0.389637    0.09111
0.138645    -0.353115    0.090786
0.135756    -0.102371    0.032774
-0.048105    -0.519391    0.065132
0.122201    -0.22954    -0.112141
0.132523    -0.542014    -0.098689
0.070456    -0.523176    -0.07248
0.12708    -0.093726    0.055148
0.126442    -0.08957    0.093836
0.114375    -0.085544    0.101523
0.104654    -0.079035    -0.112484
-0.055612    -0.070927    -0.074463
-0.039547    -0.070927    0.046603
-0.023843    -0.068966    0.142679
-0.009184    -0.070927    0.015625
0.01287    -0.070927    -0.116165
0.087775    -0.075139    0.121935
0.049857    -0.070927    -0.018948
0.094593    -0.074335    0.091402
0.097299    -0.077953    0.019982
0.145447    -0.350086    0.080728
0.145709    -0.21156    0.080096
0.150658    -0.440749    0.068148
0.13525    -0.102371    -0.008023
0.130259    -0.111027    -0.10164
0.141846    -0.260154    -0.086539
0.142098    -0.173231    -0.086211
0.126108    -0.098    -0.098778
0.130781    -0.08957    -0.041817
0.125257    -0.081652    -0.02255
0.126363    -0.084503    -0.092827
-0.021705    -0.069866    -0.14377
-0.057077    -0.067697    0.009329
-0.072476    -0.067697    -0.091898
-0.032944    -0.067697    0.070148
0.017496    -0.067697    0.059719
0.017788    -0.067697    0.060306
0.048783    -0.067697    0.070702
0.073508    -0.070927    -0.037593
0.091181    -0.070927    0.030475
0.096838    -0.074335    -0.1019
0.157586    -0.369253    0.051421
0.158957    -0.274459    0.048112
0.148047    -0.127931    0.074452
0.151094    -0.102371    0.042534
0.15129    -0.331891    -0.066547
0.157037    -0.460865    -0.052672
0.144473    -0.18589    -0.083005
0.145159    -0.093726    -0.046972
0.137226    -0.081652    0.072434
0.127749    -0.077997    -0.01954
-0.106487    -0.064662    0.089145
-0.048014    -0.067697    -0.078284
-0.081438    -0.064662    -0.01546
-0.014465    -0.067697    -0.054235
0.037511    -0.067697    0.129481
0.032423    -0.067697    -0.012406
0.071045    -0.067697    -0.018347
0.124667    -0.074335    0.05479
0.072501    -0.067697    -0.102614
0.085737    -0.070927    -0.040694
0.161828    -0.428908    0.036961
0.163831    -0.408753    0.021743
0.151185    -0.543838    0.036852
0.154603    -0.17535    -0.058549
0.159978    -0.29396    -0.045572
0.154877    -0.367283    -0.057887
0.158595    -0.098    -0.036845
0.138023    -0.078033    -0.054415
-0.072418    -0.064662    -0.118565
-0.045452    -0.064662    -0.057154
-0.056312    -0.064662    -0.114201
-0.005659    -0.064662    -0.039928
-0.014013    -0.064662    -0.020466
0.030776    -0.064662    -0.004259
0.069789    -0.064662    0.100341
0.078452    -0.064662    0.066295
0.125892    -0.070796    0.076507
0.091253    -0.067697    -0.050549
0.103265    -0.067697    0.100462
0.164264    -0.170766    0.018456
0.166451    -0.347963    0.001848
0.165676    -0.314579    0.007729
0.163521    -0.324534    -0.024024
0.161571    -0.219922    -0.038833
0.161541    -0.417268    -0.039063
0.155672    -0.08957    -0.025994
-0.124088    -0.058846    0.050579
-0.025542    -0.064662    -0.007149
-0.018592    -0.064662    -0.090248
-0.071549    -0.061822    -0.055839
0.017809    -0.064662    -0.047078
0.044969    -0.064662    -0.012567
0.082112    -0.064662    -0.099805
0.100048    -0.064662    -0.047008
0.118568    -0.064662    0.070296
0.09246    -0.521381    0.003778
0.164946    -0.366025    -0.013201
0.166442    -0.348754    -0.001839
0.015953    -0.519243    0.07856
-0.128846    -0.061822    -0.004687
-0.082599    -0.061822    -0.08946
-0.06026    -0.061822    0.092431
-0.056577    -0.061822    -0.124042
-0.00408    -0.061822    0.049302
0.029093    -0.061822    0.105343
0.030807    -0.061822    0.085824
0.055786    -0.061822    0.058331
0.096012    -0.061822    0.013896
0.131645    -0.067697    0.047231
0.042171    -0.51796    0.056642
-0.113207    -0.055785    0.02919
-0.023232    -0.061822    0.016675
-0.08349    -0.055785    0.0419
0.004218    -0.061822    0.081952
0.040328    -0.061822    0.034201
0.073831    -0.061822    0.023173
0.112534    -0.061822    -0.017695
0.136501    -0.064135    0.031929
-0.096517    -0.054613    -0.089075
-0.065326    -0.055785    -0.06878
-0.067307    -0.055785    0.035083
-0.025643    -0.055785    0.030686
0.005771    -0.055785    0.058218
0.005879    -0.055785    -0.039914
0.035176    -0.055785    -0.010601
0.074221    -0.055785    0.09503
-0.002915    -0.516918    -0.040277
-0.100866    -0.049082    0.066884
-0.039708    -0.055785    0.006014
-0.050704    -0.054965    -0.120965
-0.007744    -0.055785    0.05004
0.030599    -0.055785    0.05247
0.055117    -0.055785    -0.079024
0.082974    -0.055785    -0.041013
-0.008392    -0.517248    -0.033488
-0.094222    -0.049082    -0.060481
-0.048517    -0.049082    0.042571
-0.077701    -0.049082    0.00664
-0.021722    -0.049082    -0.000371
0.022278    -0.049082    0.058479
0.042269    -0.049082    -0.008732
0.070524    -0.049082    0.055461
0.128827    -0.055785    0.000288
-0.099159    -0.041842    0.02742
-0.034274    -0.049082    0.017035
-0.001943    -0.049082    -0.039443
-0.001936    -0.045722    0.127076
0.017642    -0.049082    -0.08656
0.048161    -0.049082    -0.053798
0.105473    -0.046593    0.070716
-0.097539    -0.041842    -0.068984
-0.052137    -0.041842    -0.022918
-0.067455    -0.041842    -0.032168
-0.020505    -0.041842    0.094494
0.018712    -0.041842    0.044063
0.032181    -0.041842    0.079155
0.075194    -0.041842    0.081171
0.116483    -0.047899    -0.051171
-0.050993    -0.034962    0.110799
-0.081201    -0.03418    0.059879
-0.017406    -0.041842    -0.109126
0.02337    -0.041842    0.056426
0.060676    -0.041842    -0.051635
0.072477    -0.041842    -0.098805
0.007577    -0.518353    0.020424
-0.093289    -0.028121    0.076543
-0.067721    -0.03418    -0.064976
-0.028693    -0.03418    -0.076792
0.016735    -0.03418    0.067525
0.0285    -0.03418    0.119278
0.066636    -0.03418    -0.022017
0.085288    -0.03418    0.072195
-0.044353    -0.028225    0.112191
-0.080643    -0.026222    -0.05233
0.000674    -0.03418    -0.02779
0.021535    -0.03418    0.014915
0.043895    -0.03418    -0.06772
0.083503    -0.03418    0.062703
-0.092982    -0.022978    -0.07532
-0.057627    -0.026222    0.034795
-0.061636    -0.026222    0.017983
-0.017468    -0.026222    -0.001706
0.01601    -0.026222    0.075033
0.035267    -0.026222    -0.087095
0.11924    -0.03418    0.009681
-0.116277    -0.011518    0.029689
-0.036802    -0.026222    0.055943
-5.9e-05    -0.026222    -0.055368
0.018722    -0.018734    0.118163
0.057823    -0.026222    -0.029007
0.073051    -0.026222    -0.048011
0.104176    -0.026222    0.024793
-0.103503    -0.011668    0.06038
-0.058629    -0.018064    -0.07894
-0.026726    -0.018064    -0.025121
0.006167    -0.018064    0.109067
0.030404    -0.018064    0.057229
0.065145    -0.018064    0.013315
-0.014611    -0.021052    -0.118675
-0.045897    -0.018064    -0.074292
-0.075668    -0.00991    0.065497
-0.019897    -0.018064    -0.099493
0.02146    -0.018064    -0.096354
0.068854    -0.012453    0.09765
0.101321    -0.018064    0.027913
0.031379    -0.011393    -0.115807
-0.043028    -0.00991    0.098507
-0.02033    -0.00991    -0.042106
-0.002015    -0.00991    0.09068
0.054304    -0.00991    0.100652
0.069917    -0.00991    0.065196
0.087528    -0.00991    -0.063862
-0.041121    -0.00991    -0.096009
-0.071674    -0.001817    0.031962
-0.023694    -0.00991    -0.111279
0.016388    -0.00991    0.003284
0.054714    -0.00991    -0.010841
0.107208    -0.00991    -0.009482
-0.089786    -0.001817    0.022754
-0.061201    -0.001817    0.095437
-0.028668    -0.005766    -0.117291
-0.02007    -0.001817    0.000751
0.010382    -0.001817    0.067438
0.079413    -0.001817    0.052485
0.0953    -0.001817    0.034424
-0.097277    0.006056    0.011145
-0.041178    -0.001817    0.008073
-0.013054    -0.001817    -0.106054
0.026954    -0.001817    0.033858
0.043514    -0.001817    -0.068113
0.084235    -0.001817    -0.002913
-0.110605    0.006056    0.028277
-0.03783    0.006056    0.114737
-0.069309    0.006056    -0.060089
-0.031554    0.006056    -0.004276
0.011289    0.006056    0.018385
0.04349    0.006056    0.095145
0.07436    0.006056    0.029286
0.094846    0.006056    -0.033992
-0.044916    0.006056    -0.042402
-0.083461    0.013592    -0.021796
-0.003116    0.006056    0.053394
0.022326    0.006056    -0.113258
0.057611    0.006056    -0.073378
0.083093    0.006056    0.01494
-0.111252    0.013592    0.010595
-0.049142    0.013592    0.043212
-0.08189    0.013592    -0.08786
-0.015892    0.013592    0.055648
0.008275    0.013592    0.050255
0.043965    0.013592    0.105195
0.065143    0.013592    -0.005241
0.09611    0.013592    0.065329
-0.110334    0.020669    0.062976
-0.038505    0.013592    -0.086678
-0.012311    0.013592    -0.010145
0.020372    0.013592    0.022873
0.061388    0.013592    -0.031665
0.081741    0.013592    -0.00058
0.106881    0.013592    0.023491
-0.093961    0.020669    -0.004303
-0.063882    0.020669    0.035931
-0.071135    0.020669    -0.05933
-0.023361    0.020669    0.09231
0.015028    0.020669    0.016017
0.042615    0.020669    0.081514
0.067954    0.020669    0.086463
0.100516    0.020669    0.004833
-0.094838    0.027173    0.015418
-0.032759    0.020669    -0.07934
-0.068514    0.027173    -0.066365
-0.002609    0.020669    0.060007
0.007458    0.020669    -0.118685
0.060499    0.020669    -0.112217
0.11003    0.015938    -0.063753
-0.103886    0.027173    -0.036019
-0.077417    0.027173    -0.068217
-0.06342    0.027173    0.099323
-0.05974    0.027173    -0.058477
-0.010911    0.027173    0.082421
0.033707    0.027173    0.027754
0.05376    0.027173    -0.009371
0.078369    0.027173    0.086548
0.109447    0.027173    0.057526
-0.09919    0.029875    0.011767
-0.018791    0.027173    -0.076081
-0.072777    0.029875    0.018063
0.005993    0.027173    -0.056378
0.042431    0.027173    0.038567
0.087701    0.027173    -0.065803
0.102114    0.027173    -0.04896
-0.103772    0.029875    -0.081901
-0.08795    0.029875    0.019975
-0.048596    0.029875    0.028616
-0.054693    0.029875    -0.09284
-0.021235    0.029875    0.070213
0.027683    0.029875    0.073525
0.063517    0.029875    -0.058994
0.096295    0.029875    -0.010616
0.114831    0.029875    0.0557
-0.100353    0.032772    0.031346
-0.034022    0.029875    0.086173
-0.080966    0.032772    0.071159
0.027411    0.029875    -0.076904
0.042095    0.029875    -0.02661
0.078326    0.029875    -0.017254
0.103758    0.029875    -0.037035
-0.135847    0.032772    -0.020507
-0.09787    0.032772    0.047634
-0.060217    0.032772    0.117165
-0.049709    0.032772    -0.114271
-0.015785    0.032772    0.095184
-0.00841    0.032772    0.13004
0.028251    0.032772    0.034122
0.055126    0.032772    0.059285
0.099431    0.032772    -0.003881
-0.143925    0.037236    0.013085
-0.060385    0.03571    0.129795
-0.013907    0.032772    -0.056765
-0.073774    0.035851    -0.110078
0.021624    0.032772    -0.072983
0.040989    0.032772    -0.075598
0.097694    0.032772    -0.097562
0.113435    0.032772    -0.013945
-0.132689    0.035851    -0.030828
-0.098725    0.035851    -0.009998
-0.048065    0.035851    0.106715
-0.055019    0.035851    -0.118985
-0.007909    0.035851    -0.002442
-0.031616    0.035851    0.113768
0.023467    0.035851    0.059282
0.059175    0.035851    0.066215
0.08085    0.035851    0.101073
0.110208    0.035851    0.055195
-0.106023    0.039105    0.032857
-0.03281    0.035851    -0.012487
-0.083964    0.039105    -0.026426
0.007548    0.035851    0.050436
0.024904    0.035851    -0.065822
0.040971    0.035851    0.075138
0.074158    0.035851    -0.097194
0.111987    0.035851    -0.066126
-0.119029    0.039105    -0.061055
-0.101271    0.039105    -0.032769
-0.064546    0.039105    0.113825
-0.057378    0.039105    -0.04121
-0.000442    0.039105    -0.019632
-0.005566    0.039105    0.067954
0.012667    0.039105    0.11978
0.056848    0.039105    0.116093
0.069697    0.039105    -0.041462
0.141281    0.035851    -0.008467
-0.131367    0.04253    -0.000294
-0.024985    0.039105    -0.131022
-0.028795    0.039105    -0.05944
-0.096961    0.04253    0.060096
0.031283    0.039105    -0.100738
0.045862    0.039105    -0.063154
0.050045    0.039105    -0.10828
0.076815    0.039105    0.058414
0.140945    0.039105    0.040198
-0.121226    0.04253    -0.058244
-0.088548    0.04253    -0.080201
-0.050736    0.04253    -0.005905
-0.056038    0.04253    -0.050679
-0.01474    0.04253    0.032892
-0.009235    0.04253    -0.035497
0.039692    0.04253    0.08943
0.047558    0.04253    0.128949
0.052193    0.04253    0.117953
0.147565    0.039105    -0.001156
-0.134031    0.046186    0.058885
-0.009901    0.04253    -0.106087
-0.034839    0.04253    -0.027582
-0.080286    0.046186    -0.091837
-0.045904    0.046186    0.001244
0.015648    0.04253    -0.034041
0.000723    0.04253    -0.081361
0.045907    0.04253    -0.086233
0.075419    0.04253    -0.042271
0.112324    0.04253    0.018567
0.132798    0.04253    -0.029864
-0.15289    0.048599    -0.015449
-0.008317    0.046186    -0.014898
-0.008029    0.046186    -0.083119
-0.070922    0.046186    0.043045
-0.029539    0.046186    0.069833
-0.019382    0.046186    -0.023093
0.023252    0.046186    0.0666
0.062216    0.046186    0.09031
0.058577    0.046186    0.074081
0.101535    0.046186    0.065613
-0.103191    0.048891    -0.114646
-0.121106    0.049847    0.073419
0.015071    0.046186    -0.091902
-0.086992    0.049847    0.064067
-0.07935    0.049847    -0.049001
-0.057497    0.049847    0.059131
0.047216    0.046186    0.091677
0.074644    0.049679    0.136295
0.07819    0.046186    0.026809
0.133229    0.046186    -0.035013
-0.130306    0.049847    -0.027661
-0.103999    0.049847    -0.101286
-0.020039    0.049847    0.088861
-0.078007    0.049847    -0.077071
-0.06104    0.049847    -0.05867
-0.030466    0.049847    -0.008409
0.030728    0.049847    0.148708
0.017158    0.049847    0.077284
0.06928    0.049847    0.033839
0.085731    0.049847    0.095142
0.131342    0.049847    0.059999
-0.138883    0.053714    -0.028598
0.023798    0.049847    -0.058615
0.007751    0.049847    -0.075993
-0.085373    0.053714    0.0702
-0.058194    0.053714    -0.012382
-0.04581    0.053714    -0.073554
0.06866    0.049847    -0.08609
0.079367    0.049847    -0.123871
0.111164    0.049847    -0.104775
0.155366    0.050461    0.008014
-0.160054    0.057481    0.00385
-0.095491    0.053714    -0.105193
-0.00097    0.053714    0.065165
-0.07633    0.053714    -0.091296
-0.070687    0.053714    -0.087808
-0.028835    0.053714    -0.127251
0.00671    0.053714    0.154274
0.035481    0.053714    0.020899
0.057481    0.053714    0.081403
0.089335    0.053714    0.103377
0.127852    0.053714    0.032635
-0.149837    0.057878    0.003609
-0.116166    0.057846    -0.00517
0.017739    0.053714    -0.138615
-0.101519    0.057882    0.058085
-0.041937    0.057766    -0.045167
-0.048588    0.057826    0.029579
0.062676    0.053714    -0.112821
0.045825    0.053714    -0.014124
0.090726    0.053714    -0.015557
0.115328    0.053714    0.014489
-0.138866    0.057891    0.03203
-0.112086    0.057814    -0.044284
-0.003594    0.057748    -0.032165
-0.023278    0.057827    0.054144
-0.072326    0.05779    -0.040444
-0.035415    0.05783    0.046861
-0.016357    0.057672    -0.147144
0.034958    0.057727    -0.025456
0.015547    0.0578    0.056114
0.074989    0.057731    0.019831
0.095145    0.057743    0.054603
0.127459    0.057729    0.065071
-0.122383    0.064314    0.107397
0.005572    0.057667    -0.133357
0.032966    0.057638    -0.147117
-0.089322    0.061852    -0.048717
-0.060404    0.061967    0.135121
-0.053276    0.061928    0.089592
0.052511    0.057729    -0.004408
0.069078    0.057639    -0.110955
0.086789    0.057649    -0.080113
0.125624    0.057685    0.005365
-0.116985    0.061822    -0.11221
-0.101633    0.0619    0.006175
-0.014469    0.061817    -0.024374
-0.009716    0.061809    -0.030986
-0.077225    0.061849    -0.041547
-0.037902    0.061856    0.006684
-0.016236    0.061757    -0.106947
0.016136    0.061927    0.15286
0.041967    0.061788    -0.009745
0.074946    0.061799    0.033756
0.101637    0.061808    0.074808
0.13199    0.061789    0.076338
-0.153241    0.066183    0.044065
-0.134095    0.066161    0.032751
0.0055    0.061764    -0.07669
-0.089832    0.06609    -0.022486
-0.093661    0.06618    0.095698
-0.048435    0.066184    0.143441
0.061578    0.06177    -0.017902
0.05177    0.061827    0.049489
0.102448    0.061711    -0.056359
0.12347    0.061661    -0.103258
0.159991    0.061716    0.00522
0.128998    0.061668    -0.097343
-0.109206    0.066118    -0.002317
-0.002341    0.06603    -0.021739
-0.068738    0.06865    0.149523
-0.073736    0.066148    0.071264
-0.03761    0.066014    -0.074579
-0.037927    0.066123    0.071253
0.027774    0.066017    -0.007799
0.032144    0.066126    0.142063
0.08157    0.065896    -0.118884
0.114025    0.0659    -0.083708
0.130206    0.06599    0.0513
-0.153554    0.070355    0.016386
-0.128377    0.070355    0.049444
0.003243    0.066143    0.136655
-0.047037    0.070355    0.033284
-0.055436    0.070355    -0.055946
-0.106873    0.070355    0.058847
-0.032938    0.071566    0.162009
-0.028766    0.070355    0.109587
0.049038    0.066078    0.094276
0.066169    0.065885    -0.149324
0.099944    0.065902    -0.093949
0.122802    0.065886    -0.095475
0.148583    0.065932    -0.009362
-0.140791    0.070355    -0.005471
-0.109519    0.070355    -0.046674
-0.034132    0.070355    -0.131869
-0.029302    0.070355    -0.00045
-0.065677    0.070355    -0.104612
0.020218    0.070355    -0.04939
0.003115    0.070355    0.124088
0.012256    0.070355    0.140835
0.038175    0.070355    0.108796
0.072475    0.070355    -0.039866
0.08242    0.070355    0.054078
0.115941    0.070355    -0.1012
0.161382    0.068004    0.033528
-0.149039    0.079055    0.066904
-0.088474    0.078898    0.111954
-0.079117    0.078898    0.085033
-0.069301    0.078898    0.115002
-0.029321    0.078898    0.072937
-0.026007    0.078898    0.101941
0.021869    0.078898    0.027118
0.015119    0.078898    0.067472
0.061487    0.070355    -0.108547
0.09337    0.070355    -0.077484
0.085848    0.070355    0.054048
0.149488    0.070355    -0.023299
-0.122137    0.078898    0.015229
-0.099413    0.078898    -0.057976
-0.08601    0.078898    0.070041
-0.048781    0.078898    -0.02305
-0.006235    0.078898    0.082373
-0.039731    0.078898    -0.146673
0.030317    0.078898    -0.079903
0.013018    0.078898    -0.159734
0.051111    0.078898    0.041145
0.049863    0.078898    -0.075343
0.091455    0.078898    0.105295
0.118675    0.078898    0.046058
-0.161367    0.084179    0.012353
-0.122773    0.083729    -0.044144
-0.126153    0.083729    0.034298
-0.107466    0.083729    0.055202
-0.060403    0.083729    0.134057
-0.024305    0.083729    0.129395
-0.027242    0.083729    0.053636
0.012074    0.083729    0.024215
0.019435    0.083729    0.043785
0.066247    0.078898    0.001548
0.112013    0.078898    -0.079449
0.136219    0.078898    -0.032051
-0.08639    0.083729    -0.038221
0.088082    0.079641    -0.138191
-0.048883    0.083729    -0.036031
-0.025681    0.083729    -0.035651
1.1e-05    0.083729    0.084108
0.036131    0.083729    -0.064867
0.040699    0.083729    -0.056221
0.062014    0.083729    0.041881
0.052668    0.083729    0.122862
0.093524    0.083729    -0.007759
0.122023    0.083729    -0.000179
-0.149213    0.087836    -0.020201
-0.121086    0.087836    0.029684
-0.091897    0.087836    -0.021783
-0.107779    0.090373    0.116958
-0.071332    0.090459    0.141884
-0.078203    0.087836    -0.025602
-0.024107    0.087836    0.109597
-0.000654    0.087836    0.160774
0.002279    0.087836    0.022763
0.06151    0.083729    -0.066541
0.075307    0.083729    -0.012881
0.102423    0.083729    -0.087367
0.133782    0.083729    -0.083998
-0.053725    0.087836    -0.125076
0.113622    0.086903    -0.115086
-0.00553    0.087836    -0.074337
-0.009669    0.087836    0.082269
0.037266    0.087836    -0.046643
0.04784    0.087836    0.109739
0.077318    0.087836    0.116655
0.100504    0.087836    0.082047
0.138438    0.087836    0.070709
-0.156208    0.091683    0.011496
-0.115992    0.091683    0.047496
-0.080472    0.091683    -0.112117
-0.052586    0.091683    -0.035474
-0.056334    0.091683    -0.124079
-0.091538    0.091683    0.04802
-0.074449    0.091683    0.134952
-0.067155    0.091683    0.116385
-0.033912    0.091683    -0.009705
0.076694    0.089498    -0.140321
0.060861    0.087836    -0.018225
0.019773    0.091683    0.001781
0.010209    0.091683    0.135787
0.09074    0.087836    -0.097564
0.155034    0.087836    0.01697
-0.014145    0.091683    -0.047101
-0.151716    0.099871    -0.008623
0.010644    0.091683    -0.112126
0.039871    0.091683    -0.061967
0.046252    0.091683    0.111177
0.10335    0.091683    0.09611
0.094454    0.091683    0.012697
0.137579    0.097128    0.069752
0.069666    0.091683    0.023254
-0.147358    0.100398    0.031642
-0.140951    0.100398    -0.005476
-0.122769    0.100398    -0.087373
-0.091174    0.100398    -0.090376
-0.039585    0.100398    0.098165
-0.089301    0.100398    0.089453
-0.068411    0.100398    -0.040141
-0.053534    0.100398    0.040861
-0.036748    0.100398    -0.057299
0.000629    0.100398    -0.046927
0.00974    0.100398    0.12015
0.097599    0.091683    -0.025713
0.041856    0.100398    0.103762
0.129852    0.091683    -0.010772
-0.015794    0.100398    -0.02844
-0.035739    0.100398    -0.124211
-0.132439    0.103093    -0.067145
0.036586    0.100398    -0.006113
0.01997    0.100398    -0.137539
0.062682    0.100398    -0.060436
0.095841    0.100398    0.021314
0.122196    0.100398    0.001789
0.141862    0.100398    0.028327
-0.111498    0.111432    0.0091
-0.099125    0.111432    0.022384
-0.072568    0.111432    0.045464
-0.046322    0.111432    0.008288
-0.091991    0.111432    -0.037307
-0.062962    0.111432    0.061201
-0.012306    0.111432    0.092963
0.007115    0.111432    0.096383
0.003324    0.111432    0.135808
0.036358    0.111432    -0.005903
0.102375    0.100398    -0.053766
0.081543    0.111432    0.086782
0.109199    0.100398    -0.103158
-0.004062    0.111432    -0.093247
-0.007992    0.111432    -0.021135
0.028292    0.111432    0.014097
-0.071894    0.116146    -0.113268
0.059741    0.111432    -0.057522
0.098131    0.111432    -0.055806
0.106169    0.111432    -0.018474
0.055631    0.118197    -0.11944
-0.115973    0.123234    0.008959
-0.0661    0.123234    -0.08656
-0.054418    0.123234    -0.097225
-0.089958    0.123234    0.003646
-0.051482    0.123234    -0.00204
-0.01613    0.123234    0.116305
0.002117    0.123234    -0.002852
0.037442    0.123234    -0.043797
0.075658    0.123234    0.051645
0.09946    0.123234    0.053498
-0.024995    0.123234    -0.114176
-0.002971    0.123234    -0.052379
0.027636    0.123234    0.05392
0.062918    0.123234    -0.085188
-0.002971    0.124906    0.125619
0.117844    0.123806    0.044884
0.084882    0.129583    -0.086952
-0.087734    0.135755    0.06091
-0.078699    0.135755    -0.077082
-0.035231    0.135755    0.060737
-0.01139    0.135755    0.021671
-0.047957    0.135755    -0.016177
-0.021371    0.135755    0.002238
0.006213    0.135755    0.030665
0.039662    0.135755    0.054504
0.08327    0.135755    0.009253
0.026374    0.135755    -0.083458
0.046242    0.135755    -0.092117
0.099317    0.134569    -0.061286
0.081824    0.14034    0.076176
0.089435    0.147168    -0.056966
-0.081211    0.148966    0.014123
-0.043945    0.148966    -0.070229
-0.017584    0.148966    -0.086458
-0.041812    0.148966    0.018051
-0.015225    0.148966    0.035334
0.006383    0.148966    0.071781
0.059784    0.148966    0.033596
0.113326    0.13581    -0.020323
0.047164    0.148966    -0.020054
0.088686    0.148966    0.021797
0.049191    0.153544    0.08873
-0.066774    0.168197    0.061345
-0.052508    0.16282    -0.069962
-0.014016    0.16282    0.001158
-0.05482    0.16282    -0.005571
-0.004335    0.168133    0.090667
0.009314    0.16282    0.08051
0.066653    0.16282    -0.003977
0.03178    0.16282    -0.011449
0.075761    0.16282    -0.030277
0.082819    0.16282    -0.042652
-0.046824    0.181224    0.067586
-0.059247    0.177279    -0.041361
-0.017243    0.177279    0.029952
-0.026588    0.177279    0.054168
0.016377    0.177279    0.064955
0.070923    0.177279    -0.007598
0.054328    0.177279    -0.030955
-0.000752    0.187571    0.079088
-0.056783    0.19229    0.046598
-0.03573    0.19229    0.033415
0.005033    0.19229    -0.003313
-0.004645    0.19229    0.043568
0.035002    0.19229    0.053797
0.040029    0.19229    -0.03713
0.071546    0.19229    -0.005143
-0.023639    0.207813    0.033303
-0.026876    0.207813    -0.061209
0.023539    0.207813    -0.057228
0.032677    0.207813    -0.019769
-0.06398    0.211419    0.018306
-0.048869    0.2238    0.020397
-0.026984    0.2238    -0.010598
0.018098    0.235856    -0.053189
-0.052915    0.2238    0.007538
0.019621    0.22846    0.055712
-0.020462    0.24996    0.037998
-0.008201    0.2402    -0.022683
0.029438    0.250934    0.030239
0.020496    0.2402    0.043046
-0.003877    0.256959    0.032292
0.035459    0.248539    -0.027195
0.03468    0.264224    0.003767
0.023194    0.274676    0.00043
0.026563    0.285964    -0.034283
0.010913    0.289432    -0.041953
-0.011588    0.293955    -0.041295
-0.025927    0.329936    -0.018632
-0.00681    0.332111    -0.005025
0.019308    0.27403    -0.010906
-0.008947    0.327177    0.012825
-0.034545    0.27403    0.004311
