0.02152    0.276116    0.033417
0.007129    0.276116    0.023331
-0.007398    0.26027    0.059294
0.030056    0.276116    -0.012874
-0.052029    0.276116    0.021857
0.009579    0.276116    -0.011843
-0.034368    0.261218    0.051335
-0.058055    0.271012    0.025504
0.046434    0.272169    -0.029868
0.023758    0.274057    0.027562
0.055303    0.264447    0.00497
-0.060883    0.265472    0.019655
-0.019561    0.274056    0.035886
-0.051473    0.252934    0.044177
0.037755    0.255034    -0.046136
-0.031982    0.276116    -0.051005
0.028267    0.274059    -0.002289
-0.036342    0.274059    0.01546
-0.059925    0.278255    0.023777
-0.031278    0.280817    0.050617
0.001404    0.256838    -0.064695
0.002257    0.247741    -0.068406
-0.030031    0.271815    -0.058302
-0.025575    0.262755    -0.060456
-0.018333    0.274059    -0.050568
0.004382    0.274059    -0.063279
-0.03661    0.28204    -0.055239
-0.020307    0.286656    0.044384
-0.028175    0.28727    0.035017
-0.047004    0.287511    -0.004125
-0.035624    0.287772    0.00856
-0.002923    0.287846    0.02214
-0.010762    0.287916    -0.016112
0.029042    -0.033481    0.097141
0.02128    -0.023654    0.092139
0.020766    0.027904    0.066963
0.003401    -0.087711    0.125427
0.009785    -0.011479    0.084341
0.030217    -0.170984    0.124163
-0.000863    -0.137983    0.127267
0.100356    -0.065795    0.064903
0.04979    0.046822    0.038921
0.052814    -0.139665    0.115913
-0.014226    -0.200135    0.127014
-0.044671    -0.13767    0.119765
0.009579    0.130444    0.047233
0.063923    0.008394    0.040696
0.045196    -0.277982    0.120615
0.035062    -0.286009    0.12422
-0.000644    -0.2813    0.128701
-0.034766    -0.340294    0.123737
0.11577    -0.073652    0.04094
-0.047693    -0.217048    0.118299
0.010153    0.16046    0.042391
-0.032854    0.054676    0.055844
0.042208    -0.391627    0.123333
0.073223    -0.193808    0.104568
-0.009593    -0.3139    0.128504
0.095048    -0.145183    0.083812
-0.08252    -0.18278    0.096755
-0.073104    -0.368104    0.1036
0.121638    -0.073159    0.01321
-0.010557    0.114424    0.052067
-0.057103    0.022588    0.049798
0.052645    -0.402397    0.119905
0.006694    -0.426334    0.129633
0.017238    -0.42936    0.128929
-0.009204    -0.390369    0.128973
0.108294    -0.192602    0.069121
-0.036222    -0.441228    0.123842
-0.095435    -0.154632    0.085716
-0.08656    -0.303422    0.092373
-0.081879    -0.446434    0.095396
0.115383    -0.056794    0.003667
0.037405    0.175965    0.013488
-0.062027    0.023336    0.043484
0.068452    -0.306836    0.110136
0.019212    -0.471436    0.12921
-0.01889    -0.47787    0.127539
0.119326    -0.126696    0.043509
-0.103232    -0.08589    0.072827
-0.081252    -0.476952    0.09572
0.115055    -0.059774    -0.018504
0.033701    0.220417    0.005633
-0.069358    0.003727    0.042653
0.056    -0.543103    0.12087
0.07226    -0.417103    0.109857
-0.028611    -0.584397    0.12623
0.113517    -0.229321    0.060082
-0.048392    -0.52582    0.117903
-0.070965    -0.582932    0.10394
-0.109203    -0.200169    0.065058
-0.095421    -0.376903    0.082192
-0.092007    -0.520175    0.084595
0.035005    0.197241    -0.018272
-0.043906    0.2152    0.017269
0.034095    -0.585178    0.129005
0.074171    -0.419048    0.10861
0.097564    -0.377182    0.087719
-0.061297    -0.588443    0.110882
-0.118212    -0.080404    0.042743
-0.107542    -0.338724    0.064931
-0.110637    -0.385932    0.059454
0.070878    -0.000922    -0.037091
-0.010958    0.234163    0.036888
-0.062203    0.057801    0.024772
0.079677    -0.579653    0.108277
0.100913    -0.418437    0.085072
0.114281    -0.368252    0.06476
0.127696    -0.155316    0.007114
-0.122403    -0.156176    0.035872
-0.119222    -0.223401    0.04212
-0.115208    -0.506935    0.040933
0.04782    0.081317    -0.032012
-0.099556    -0.028845    0.01607
0.061302    -0.603268    0.095075
0.098829    -0.47409    0.089093
0.124722    -0.384166    0.044084
0.128074    -0.308992    0.021408
0.115479    -0.092777    -0.051589
-0.119686    -0.316015    0.036562
-0.120946    -0.376305    0.030159
0.047471    0.045394    -0.046542
-0.114534    -0.053163    0.013888
0.034461    -0.603579    0.097623
0.11509    -0.527621    0.070311
0.128562    -0.371108    0.025037
0.123483    -0.160352    -0.03142
-0.127696    -0.186111    -0.006718
-0.125244    -0.232405    0.016504
-0.120927    -0.498108    0.009282
0.035469    0.058821    -0.051915
-0.066509    0.052669    -0.020586
0.046339    -0.599299    0.066484
-0.009985    -0.604034    0.094886
0.127828    -0.255069    -0.01524
0.123024    -0.195834    -0.034251
-0.126209    -0.135937    -0.020866
-0.124011    -0.303565    0.015635
-0.11993    -0.548799    0.010611
0.029196    0.11145    -0.045786
-0.070794    0.035587    -0.023325
0.128456    -0.584906    0.044783
0.129947    -0.342261    -0.005831
0.12231    -0.231049    -0.037787
0.104917    -0.149128    -0.071394
-0.123703    -0.17155    -0.030018
-0.122172    -0.419258    -0.011661
-0.119344    -0.557142    -0.01169
0.027212    0.078876    -0.053937
-0.057707    0.103947    -0.022471
0.032877    -0.59506    0.042079
-0.008486    -0.596012    0.050441
0.117842    -0.307879    -0.053937
0.106173    -0.158921    -0.069695
0.086061    -0.108561    -0.093214
-0.120419    -0.301844    -0.033126
-0.121429    -0.446691    -0.012566
0.045901    -0.061487    -0.108691
0.061308    -0.103402    -0.111547
-0.076851    0.003694    -0.03155
0.030751    -0.594131    0.028053
0.125049    -0.358525    -0.035077
0.110117    -0.249903    -0.065354
-0.10753    -0.607348    0.006021
-0.11415    -0.088376    -0.056327
-0.110495    -0.250682    -0.0597
-0.11199    -0.42991    -0.048015
0.024894    -0.016302    -0.086803
0.028646    -0.13601    -0.124103
-0.059568    0.046458    -0.039619
0.119977    -0.60297    0.034066
0.123628    -0.441497    -0.042616
0.106029    -0.304394    -0.072304
0.088708    -0.235675    -0.09165
0.05743    -0.282507    -0.113247
-0.09775    -0.212771    -0.080048
-0.108201    -0.341141    -0.060051
-0.109261    -0.585796    -0.046194
0.022171    -0.11131    -0.125517
-0.00037    0.211745    -0.045647
-0.045296    0.27355    0.020199
-0.097246    -0.083741    -0.080982
0.130536    -0.515752    -0.025646
0.09191    -0.329642    -0.089378
0.080169    -0.398858    -0.099968
-0.10807    -0.591852    -0.045723
-0.096692    -0.114098    -0.084303
-0.095111    -0.33209    -0.079352
-0.101797    -0.443385    -0.068184
-0.005408    -0.069816    -0.121818
-0.005922    -0.008665    -0.084715
0.020891    -0.307906    -0.124511
-0.00306    -0.397689    -0.12462
-0.04159    0.086976    -0.048462
0.125192    -0.58767    -0.040541
0.114145    -0.445911    -0.062564
0.097285    -0.439482    -0.085304
-0.09614    -0.599418    -0.061924
0.027071    -0.471048    -0.122238
-0.072723    -0.119723    -0.105404
-0.083788    -0.227173    -0.095571
-0.087903    -0.486054    -0.082829
-0.009225    -0.13785    -0.127113
-0.017452    -0.291368    -0.124825
0.012654    -0.448778    -0.125134
-0.006546    -0.29229    -0.125572
-0.040533    0.051106    -0.056208
0.124178    -0.599572    -0.027269
0.080105    -0.483213    -0.10049
0.060904    -0.495232    -0.111281
0.017764    -0.491409    -0.123924
-0.066096    -0.277589    -0.106366
-0.064197    -0.474049    -0.103239
-0.039116    -0.210002    -0.120325
-0.020583    0.018204    -0.075335
-0.014429    -0.561217    -0.122004
-0.051519    0.273083    0.01522
-0.024617    0.059132    -0.062078
0.105029    -0.542107    -0.077698
0.09926    -0.483731    -0.083834
0.033541    -0.55273    -0.12047
0.011826    -0.549584    -0.123959
-0.050526    -0.137473    -0.117561
-0.07046    -0.582819    -0.096623
-0.05922    -0.468927    -0.106708
-0.044977    -0.306995    -0.116723
-0.029621    -0.534497    -0.118307
-0.060329    0.272021    -3.4e-05
0.023795    -0.589786    -0.121141
0.083964    -0.603755    -0.049025
-0.050208    -0.606466    -0.069172
0.08794    -0.604454    -0.072636
-0.008577    -0.601225    -0.066164
0.002605    0.27103    -0.056929
-0.020359    0.267366    -0.059131
0.029778    0.256141    -0.040071
-0.063402    0.244928    0.000125
0.011995    0.223626    0.046392
-0.01283    0.206712    0.045632
-0.006413    0.184117    0.048218
-0.0529    0.21462    0.020666
-0.006753    0.150123    0.051838
0.046525    0.159014    0.008739
0.00219    0.209993    -0.053
-0.022976    0.136336    0.05075
-0.041459    0.114778    0.045347
0.053988    0.12022    -0.003413
-0.049638    0.222313    -0.036539
0.032862    0.070567    0.055694
0.063387    0.07633    0.003449
0.023331    0.16553    -0.047767
-0.002979    0.136832    -0.058866
-0.00809    0.047362    0.072844
0.070226    0.01223    0.043731
0.04649    0.105264    -0.036992
-0.059616    0.162639    -0.005648
-0.058059    0.16059    -0.015379
-0.021188    0.019712    0.07956
0.074659    0.019664    0.02882
-0.065896    0.091264    0.01786
0.006321    0.076354    -0.068766
-0.036892    0.129343    -0.050307
0.034597    -0.00565    0.083004
-0.077215    -0.000497    0.048163
0.008148    0.042284    -0.076618
-0.040887    0.075564    -0.05895
-0.056355    0.081137    -0.043751
-0.065949    -0.015611    0.073874
0.040266    0.022647    -0.071747
-0.075797    0.051147    0.012008
-0.063312    0.035035    -0.051632
-0.088312    -0.013544    0.043807
-0.093157    -0.004196    0.002626
-0.066427    0.018355    -0.055659
0.104847    -0.040375    0.050018
-0.002673    -0.021558    -0.103894
0.009595    -0.044431    0.11911
-0.105263    -0.032039    0.037541
-0.067946    -0.017443    -0.076246
-0.066495    -0.052511    0.106334
0.069706    -0.038405    -0.092014
-0.111593    -0.031519    -0.011251
0.09253    -0.063276    0.092191
0.043796    -0.05479    -0.118825
-0.100088    -0.034227    -0.053888
0.100339    -0.080552    0.094667
0.088467    -0.052966    -0.088644
-0.050069    -0.063931    -0.122362
-0.127472    -0.065669    0.038458
-0.127098    -0.055452    0.007376
-0.060866    -0.092365    0.127377
0.022994    -0.083163    -0.137727
-0.110083    -0.0692    -0.078606
0.061781    -0.088069    -0.126502
-0.109832    -0.077031    -0.083541
0.061321    -0.093561    -0.127151
0.069083    -0.110228    0.123253
0.133489    -0.10525    -0.044819
0.099459    -0.109423    0.099995
0.139484    -0.11529    -0.025326
0.111664    -0.120411    0.086411
0.130402    -0.1127    -0.054377
0.089752    -0.13162    0.109581
-0.100307    -0.121489    -0.102333
0.04957    -0.133121    -0.133404
-0.137678    -0.134238    0.03712
-0.006177    -0.138096    0.140066
0.059509    -0.139134    0.124648
-0.078146    -0.1435    0.112954
0.038185    -0.147871    0.129805
0.063637    -0.162101    0.120324
0.105674    -0.189283    0.085519
-0.025096    -0.150667    0.133041
-0.070212    -0.23468    0.116539
-0.088345    -0.187053    0.102625
0.116922    -0.178425    0.069662
0.135842    -0.175055    0.000202
0.018899    -0.270794    0.135583
0.093802    -0.217469    0.100018
-0.009231    -0.239269    0.136651
-0.024677    -0.211733    0.133481
-0.064335    -0.452878    0.119523
-0.090975    -0.254424    0.099907
-0.081708    -0.193392    0.108357
0.134428    -0.19249    0.020537
0.127789    -0.171932    -0.044806
0.136804    -0.222769    0.002034
0.047109    -0.273202    0.128691
0.003075    -0.430839    0.138385
0.076458    -0.39488    0.116713
0.053811    -0.27067    0.126348
-0.013377    -0.310262    0.136259
-0.07872    -0.469762    0.109188
-0.073526    -0.376369    0.114301
-0.119056    -0.172174    0.065744
0.136168    -0.231895    0.015642
0.077856    -0.185718    -0.11177
0.013251    -0.148832    -0.135434
-0.007019    -0.252109    -0.134325
-0.053704    -0.180704    -0.124524
-0.079751    -0.182655    -0.109257
0.109558    -0.204841    -0.080262
0.006153    -0.48245    0.138719
0.041798    -0.466126    0.133532
0.098224    -0.268796    0.096485
-0.058976    -0.507306    0.122168
-0.04288    -0.357795    0.129944
-0.084155    -0.356657    0.105183
-0.115158    -0.331593    0.068732
0.124384    -0.308258    0.060408
-0.123844    -0.227106    0.054001
0.067198    -0.273814    -0.117754
0.04571    -0.24388    -0.128259
0.011774    -0.302678    -0.134823
-0.00709    -0.346603    -0.133315
-0.05743    -0.316043    -0.121129
-0.074146    -0.35185    -0.109379
-0.099185    -0.162762    -0.092533
0.123664    -0.270423    -0.060488
0.136559    -0.270118    -0.013339
-0.136076    -0.166871    -0.010209
0.028271    -0.484824    0.137208
0.093011    -0.397903    0.105621
0.102056    -0.340946    0.094262
-0.103047    -0.418226    0.08518
0.1209    -0.352036    0.069585
-0.121242    -0.296179    0.058575
0.08328    -0.440928    -0.108682
0.051833    -0.452786    -0.125158
0.027951    -0.334271    -0.131489
-0.040881    -0.47998    -0.12426
-0.038358    -0.430303    -0.125903
-0.038859    -0.230424    -0.128853
-0.093679    -0.271027    -0.09559
0.126054    -0.258963    -0.05362
0.09844    -0.296748    -0.094578
-0.135837    -0.174626    -0.001671
-0.116535    -0.180056    -0.069555
0.099168    -0.403195    0.099463
-0.120195    -0.352357    0.059185
0.12182    -0.406425    0.070236
-0.130041    -0.277781    0.033799
0.044057    -0.445732    -0.1277
0.006997    -0.454906    -0.133141
-0.036599    -0.271364    -0.12899
-0.070529    -0.418777    -0.110372
-0.092616    -0.454524    -0.091267
0.13633    -0.329656    -0.026815
0.103642    -0.392713    -0.090667
-0.132491    -0.280716    0.019716
-0.132972    -0.297298    -0.012781
0.098352    -0.481145    0.102757
-0.125317    -0.50558    0.03767
0.121503    -0.474622    0.074056
0.077364    -0.484903    -0.11268
-0.102264    -0.368684    -0.082769
-0.11447    -0.279158    -0.069175
0.107361    -0.34096    -0.085904
0.105854    -0.438123    -0.089033
-0.132495    -0.314203    0.01127
-0.129539    -0.469368    0.014794
0.125704    -0.506113    0.066914
-0.111703    -0.415    -0.068526
-0.088243    -0.513283    -0.094729
0.134806    -0.433456    -0.03574
0.116034    -0.463499    -0.075184
-0.132507    -0.369763    -0.007746
-0.131099    -0.391454    0.01194
-0.121885    -0.513703    -0.043615
0.130601    -0.498511    -0.050775
-0.126478    -0.465897    -0.028871
-0.130488    -0.516959    -0.013097
-0.063965    -0.536959    0.126443
0.001549    -0.549707    0.14579
0.126326    -0.517147    0.078907
-0.005877    -0.56049    0.145312
-0.041722    -0.557338    -0.129127
0.024765    -0.585403    0.144555
-0.092603    -0.597455    0.104272
-0.083846    -0.522361    -0.105773
-0.120061    -0.58369    0.06781
-0.010737    -0.554819    -0.136878
0.108575    -0.544391    0.102087
-0.130345    -0.576275    0.038491
0.007238    -0.588934    -0.137766
-0.068752    -0.597986    -0.114955
0.147162    -0.52249    -0.011067
-0.133105    -0.556589    0.028297
-0.123035    -0.542217    -0.053116
0.110791    -0.559379    0.099991
-0.132996    -0.585168    0.022715
-0.089405    -0.598873    -0.099764
0.144972    -0.548474    -0.029671
-0.127072    -0.610212    0.039357
-0.081473    -0.61709    -0.09849
0.140942    -0.577666    0.052741
0.145061    -0.569773    0.036091
0.120929    -0.56538    -0.080474
-0.050701    -0.619528    0.114477
0.11616    -0.587778    -0.087937
-0.029155    -0.619196    0.121951
0.145597    -0.589782    -0.029644
-0.003338    -0.615922    0.108812
0.144552    -0.603749    -0.02788
-0.043    -0.61721    0.097529
0.126418    -0.615734    -0.055792
-0.102206    -0.621504    0.046183
0.102342    -0.618819    -0.06864
-0.114195    -0.621622    0.023164
0.112226    -0.61845    -0.056239
-0.037248    -0.607378    0.045522
0.0807    -0.615911    -0.07078
-0.101183    -0.620258    0.0186
0.06868    -0.612183    -0.064082
0.01451    -0.606122    -0.04651
0.077899    -0.611598    -0.052696
-0.072443    -0.612081    -0.004854
-0.045877    -0.608364    -0.027124
0.05906    -0.605665    -0.019353
0.038014    -0.053686    0.10716
0.017963    -0.010049    0.081712
0.020188    0.016644    0.070898
0.067257    -0.064301    0.097168
0.054546    0.005739    0.053466
0.036496    -0.165983    0.121927
0.08666    -0.064095    0.080075
0.096932    -0.055757    0.061727
0.042563    0.051657    0.044854
0.051378    -0.136541    0.11636
-0.012693    -0.157876    0.127081
-0.045925    -0.16688    0.119157
0.005911    0.137677    0.047138
0.055137    0.046651    0.030731
0.036981    -0.216289    0.122524
0.031575    -0.320403    0.125931
-0.003434    -0.319176    0.129272
-0.020676    -0.30176    0.126283
-0.061021    -0.083661    0.109596
-0.067491    -0.227256    0.108635
0.013994    0.17089    0.039734
-0.029011    0.010299    0.072545
0.053813    -0.363043    0.118918
0.060973    -0.19995    0.112953
-0.026323    -0.411286    0.125746
0.095556    -0.142994    0.083163
-0.041681    -0.223693    0.121231
-0.077433    -0.362128    0.09988
0.055095    0.077509    0.009591
-0.011011    0.085303    0.056935
-0.06273    -0.008722    0.057065
0.05754    -0.455904    0.119017
0.012292    -0.36102    0.128594
0.027583    -0.402442    0.127941
-0.014386    -0.401428    0.128021
0.108685    -0.179078    0.067702
-0.042088    -0.375762    0.120996
-0.095823    -0.141461    0.085469
-0.085982    -0.269257    0.093125
-0.071354    -0.37731    0.105054
0.113161    -0.052027    0.002175
0.035767    0.189402    0.012935
-0.05055    0.091479    0.03389
0.067862    -0.402678    0.112522
-0.000586    -0.534178    0.131233
-0.02187    -0.498417    0.127071
0.115938    -0.20418    0.053992
-0.109626    -0.122613    0.065836
-0.073084    -0.477777    0.102818
0.117888    -0.065868    -0.016686
0.039388    0.167938    0.011247
-0.065158    0.026736    0.037023
0.03859    -0.571908    0.127297
0.084138    -0.250653    0.098398
-0.013661    -0.529765    0.128842
0.109239    -0.299793    0.072014
-0.045687    -0.575413    0.11923
-0.074233    -0.584297    0.101089
-0.108758    -0.174295    0.066187
-0.094017    -0.380636    0.084205
-0.092421    -0.50927    0.084179
0.037791    0.185008    -0.014751
0.03129    0.250408    -0.010042
0.071169    -0.489212    0.112097
0.076959    -0.431723    0.106994
0.103438    -0.394945    0.081484
-0.059063    -0.601652    0.105322
-0.117814    -0.123851    0.050638
-0.106573    -0.302785    0.067042
-0.107479    -0.540681    0.061276
0.061498    0.032439    -0.03221
-0.018567    0.224897    0.036211
-0.061924    0.082036    0.014582
0.072437    -0.5562    0.11266
0.098848    -0.427283    0.087703
0.113495    -0.342552    0.065216
0.125555    -0.095242    -0.00884
-0.121176    -0.174256    0.038634
-0.119182    -0.222603    0.042272
-0.113341    -0.521422    0.045715
0.037808    0.128736    -0.032312
-0.070027    0.048815    0.000225
0.060973    -0.603343    0.107486
0.103828    -0.476573    0.08342
0.11863    -0.445893    0.059336
0.127528    -0.295751    0.022902
-0.126705    -0.087351    0.008398
-0.123625    -0.231477    0.028961
-0.119563    -0.401507    0.033034
0.059311    0.007394    -0.050017
-0.098086    -0.025632    0.000569
0.041195    -0.603488    0.096335
0.119546    -0.528653    0.061228
0.128978    -0.247241    0.003122
0.119837    -0.09943    -0.039442
-0.126581    -0.179347    0.01099
-0.124719    -0.256005    0.017884
-0.118797    -0.544559    0.027946
0.036454    0.102671    -0.041441
-0.055697    0.13245    -0.014761
0.044082    -0.599866    0.071345
-0.025392    -0.600743    0.07044
0.128693    -0.295149    -0.012488
0.115856    -0.120963    -0.051918
-0.126628    -0.195579    -0.012492
-0.126802    -0.231515    -0.005605
-0.118608    -0.584579    0.020413
0.030197    0.130243    -0.040796
-0.062187    0.09049    -0.012426
0.125238    -0.589024    0.047348
0.129576    -0.364612    -0.016541
0.120028    -0.226389    -0.044228
-0.113284    -0.59888    0.026959
-0.125924    -0.202848    -0.015345
-0.11975    -0.365572    -0.0298
-0.119258    -0.550285    -0.012848
0.021094    0.115211    -0.050414
-0.050932    0.139897    -0.024851
0.034637    -0.595502    0.048137
-0.017357    -0.596503    0.050246
0.117174    -0.297122    -0.055434
0.099291    -0.137769    -0.079546
0.074128    -0.178776    -0.104008
-0.12045    -0.342644    -0.02864
-0.120713    -0.431467    -0.017859
0.041717    -0.054429    -0.107402
0.060247    -0.131476    -0.112039
-0.074485    0.008861    -0.033142
0.124038    -0.599604    0.034925
0.128867    -0.385568    -0.025093
0.110852    -0.268074    -0.064561
-0.09935    -0.606917    0.02234
-0.111611    -0.139027    -0.062731
-0.115044    -0.222221    -0.051747
-0.111615    -0.483265    -0.046225
0.019409    -0.015544    -0.087191
0.02459    -0.196132    -0.124519
-0.059821    0.023088    -0.049201
0.033195    -0.5938    0.017388
0.118977    -0.377572    -0.053504
0.103347    -0.256913    -0.075509
0.079241    -0.294201    -0.100205
0.046775    -0.388416    -0.118309
-0.097502    -0.198557    -0.08077
-0.107061    -0.293549    -0.064676
-0.106927    -0.530857    -0.053576
0.009076    -0.190357    -0.127575
-0.000702    0.25425    -0.042158
-0.081943    -0.033924    -0.064371
0.056661    -0.595684    0.029336
0.130544    -0.557412    -0.027382
0.08247    -0.410459    -0.09803
0.083571    -0.350662    -0.096746
-0.099997    -0.590405    -0.063853
-0.087126    -0.132412    -0.094735
-0.10595    -0.220716    -0.070373
-0.088999    -0.449429    -0.082709
-0.001925    -0.074981    -0.124203
-0.004261    0.037643    -0.071524
0.017997    -0.339095    -0.124871
0.015092    0.27172    0.045484
-0.040242    0.121139    -0.043485
0.125412    -0.596845    -0.027334
0.102143    -0.451625    -0.08046
0.090886    -0.392329    -0.090612
-0.100926    -0.595427    -0.056468
0.032559    -0.334548    -0.122064
-0.076438    -0.160177    -0.102007
-0.088343    -0.357708    -0.086331
-0.085965    -0.481325    -0.085203
-0.014415    -0.164193    -0.126462
-0.01294    -0.254447    -0.125558
0.004503    -0.460267    -0.124436
-0.020161    -0.388942    -0.12353
-0.03218    0.12122    -0.048923
0.112956    -0.481593    -0.064916
0.07805    -0.539068    -0.102609
0.04937    -0.504717    -0.116902
0.031318    -0.492087    -0.121279
-0.071605    -0.30062    -0.102136
-0.070838    -0.52446    -0.097654
-0.029179    -0.182345    -0.124186
-0.026401    0.046705    -0.064786
-0.006614    -0.523439    -0.122963
-0.039431    0.269685    0.041914
-0.01878    0.059875    -0.063985
0.11163    -0.566105    -0.068311
0.093573    -0.519439    -0.088993
0.027715    -0.544073    -0.121658
0.000244    -0.584353    -0.122771
-0.046316    -0.125805    -0.119196
-0.058726    -0.568508    -0.104846
-0.052672    -0.443038    -0.111701
-0.047684    -0.402225    -0.114237
-0.020746    -0.582898    -0.120584
-0.059674    0.27145    -0.015369
0.044183    -0.597403    -0.113404
0.072613    -0.601633    -0.045993
-0.035536    -0.605363    -0.073953
0.081503    -0.604296    -0.064155
-0.013503    -0.606013    -0.087341
0.016676    0.262449    0.046726
0.004644    0.257566    0.046465
-0.058191    0.255312    -0.015867
-0.051742    0.24815    -0.035701
0.015872    0.231423    0.047015
-0.013568    0.209668    0.046239
-0.00399    0.177446    0.048759
-0.053101    0.209731    0.017041
0.02808    0.148605    0.040301
-0.044081    0.187398    0.031566
-0.021357    0.231551    -0.058025
-0.022931    0.133581    0.051318
-0.046342    0.135935    0.035769
0.054762    0.115708    -0.005943
0.018743    0.081447    0.060189
-0.039044    0.095317    0.051836
-0.051237    0.065143    0.049199
0.018552    0.146213    -0.052113
-0.030279    0.153712    -0.051779
-0.006207    0.050364    0.071723
0.065037    0.032334    0.038612
0.050298    0.102781    -0.032284
-0.060947    0.143389    -0.003328
-0.059047    0.142322    -0.017484
-0.02593    0.04631    0.069727
0.078629    0.001154    0.035186
-0.068845    0.080634    0.015099
0.015333    0.066867    -0.068856
-0.03724    0.082295    -0.059999
0.023662    -0.011039    0.091069
-0.083925    -0.00543    0.040847
0.002364    0.044023    -0.077149
-0.040844    0.10395    -0.052991
0.028779    -0.017704    0.094858
-0.077495    -0.011996    0.058229
0.040182    0.000341    -0.079713
-0.047736    0.043437    -0.062797
-0.06201    0.019559    -0.060202
-0.092852    -0.025605    0.053217
-0.087444    0.016623    -0.00619
-0.069149    0.019772    -0.051874
0.109031    -0.030041    0.006119
0.10468    -0.030706    -0.031084
-0.030979    -0.045031    0.116228
0.090714    -0.029515    -0.059377
-0.030857    -0.035808    -0.110396
-0.073301    -0.059261    0.107463
0.044813    -0.04202    -0.109512
-0.105563    -0.034935    -0.043818
0.11222    -0.064771    0.068611
0.008854    -0.055192    -0.127064
-0.108615    -0.043568    -0.051442
0.097373    -0.072143    0.092505
0.06693    -0.052619    -0.106438
-0.124851    -0.054909    -0.023654
-0.127543    -0.075872    0.050857
-0.13326    -0.064469    -0.007328
0.095129    -0.090402    0.103424
-0.002094    -0.079465    -0.138534
-0.105084    -0.070077    -0.084898
0.009629    -0.087871    -0.141901
-0.115276    -0.081012    -0.07962
0.01675    -0.095339    -0.141018
0.10857    -0.105869    0.089361
0.127778    -0.100051    -0.060585
0.120616    -0.118836    0.074119
0.139662    -0.115572    -0.022896
0.12647    -0.121397    0.062147
0.141086    -0.12271    -0.003896
0.104147    -0.131037    0.095024
0.137527    -0.130755    -0.033969
0.008838    -0.129804    -0.142878
0.107641    -0.123041    -0.093216
-0.103382    -0.139347    0.096638
-0.020032    -0.139908    0.136651
0.109996    -0.141786    0.07999
0.029134    -0.198817    0.133713
0.065831    -0.353239    0.122973
0.102891    -0.150073    0.087535
-0.031071    -0.158562    0.131924
-0.066809    -0.235979    0.1182
-0.085614    -0.156643    0.105195
0.131636    -0.210237    0.036701
0.136162    -0.170988    0.005813
0.016815    -0.334583    0.136405
0.093093    -0.160897    0.099124
-0.024291    -0.352507    0.13438
-0.027366    -0.372568    0.133899
-0.047655    -0.274984    0.12757
-0.093715    -0.302295    0.097219
-0.103451    -0.196779    0.088458
0.134294    -0.219326    0.023977
0.126021    -0.149252    -0.048964
0.135066    -0.223872    -0.023161
0.036552    -0.40257    0.134343
-0.001819    -0.380316    0.138189
0.086325    -0.255805    0.107058
0.045057    -0.386533    0.131169
-0.016353    -0.33435    0.135821
-0.071359    -0.462707    0.115636
-0.090897    -0.355353    0.09933
0.119408    -0.299444    0.070194
0.132329    -0.283612    0.040663
0.075831    -0.179534    -0.113492
0.010805    -0.195852    -0.135637
-0.023203    -0.284327    -0.132857
-0.040074    -0.158776    -0.129554
-0.085098    -0.161627    -0.106108
0.116112    -0.231687    -0.071014
0.021427    -0.405646    0.13684
0.049447    -0.426039    0.130275
0.101455    -0.297463    0.093637
-0.045823    -0.442509    0.128552
-0.076707    -0.302096    0.112009
-0.105714    -0.467449    0.080361
-0.114865    -0.332407    0.069153
0.127683    -0.307766    0.053627
-0.13067    -0.185562    0.035963
0.063411    -0.330044    -0.119572
0.058348    -0.234405    -0.122095
0.039415    -0.162508    -0.130262
0.007585    -0.152974    -0.136395
-0.058987    -0.274717    -0.121238
-0.084256    -0.497394    -0.099421
-0.106036    -0.174398    -0.084306
0.118572    -0.271221    -0.068055
0.137038    -0.307117    -0.01573
-0.134931    -0.194507    -0.013254
0.028931    -0.500198    0.137326
0.092126    -0.365671    0.105522
0.103424    -0.348801    0.092927
-0.108453    -0.421537    0.077105
0.122367    -0.350926    0.066528
-0.1225    -0.300903    0.054713
0.086121    -0.376026    -0.105797
0.053059    -0.443485    -0.124565
0.028917    -0.292156    -0.131547
-0.03035    -0.449424    -0.128359
-0.047398    -0.405336    -0.123184
-0.050085    -0.372272    -0.122777
-0.100323    -0.248732    -0.088626
0.128625    -0.287116    -0.047365
0.092365    -0.415374    -0.100619
-0.135105    -0.224262    -0.003627
-0.11324    -0.220741    -0.074414
0.098028    -0.412528    0.101056
-0.119616    -0.360829    0.060502
0.139028    -0.327884    0.010779
-0.126904    -0.317992    0.041175
0.044937    -0.498057    -0.127221
0.003767    -0.465079    -0.132809
-0.035563    -0.29715    -0.128943
-0.063518    -0.398982    -0.115525
-0.094751    -0.430727    -0.089532
0.136226    -0.345089    -0.027785
0.100887    -0.395119    -0.093079
-0.133347    -0.245971    0.016139
-0.122197    -0.273981    -0.053586
0.096616    -0.432704    0.103288
-0.12395    -0.512088    0.04136
0.130264    -0.434638    0.054244
0.073163    -0.454217    -0.114746
-0.105071    -0.387794    -0.078964
-0.118346    -0.294575    -0.060517
0.12435    -0.414329    -0.061989
0.13988    -0.444348    -0.009351
-0.134465    -0.261015    -0.003658
-0.128715    -0.483505    0.023069
0.129447    -0.466319    0.057393
-0.114267    -0.38887    -0.06449
-0.122425    -0.333805    -0.050336
0.1381    -0.463571    -0.027473
0.113264    -0.505378    -0.080025
-0.13061    -0.376792    -0.016774
-0.132109    -0.368218    0.003283
-0.129147    -0.422329    -0.019624
0.132289    -0.508062    -0.046284
-0.125886    -0.511348    -0.027255
0.124822    -0.512194    -0.065601
-0.00948    -0.535656    0.144465
0.000351    -0.562474    0.146009
0.093091    -0.525908    0.115588
-0.016089    -0.5658    0.143355
-0.049852    -0.526617    -0.126812
0.010403    -0.59541    0.145659
-0.088317    -0.58677    0.108068
-0.028671    -0.55019    -0.133726
-0.115555    -0.597351    0.074254
-0.014959    -0.54869    -0.136649
0.137895    -0.531446    0.056835
-0.13174    -0.55557    0.03533
-0.016911    -0.581897    -0.136162
-0.122434    -0.535496    -0.054658
0.11268    -0.553385    0.097639
-0.074948    -0.614913    0.111388
-0.131164    -0.537012    -0.028995
0.109956    -0.563287    0.101068
-0.13414    -0.578335    0.008002
-0.08695    -0.598847    -0.102588
0.146419    -0.541281    -0.025155
-0.133443    -0.596627    0.013419
-0.105772    -0.609281    -0.077741
0.11349    -0.597365    0.097682
-0.012204    -0.616659    -0.129476
0.134595    -0.573384    -0.060347
-0.096871    -0.61967    0.078574
0.131658    -0.583753    -0.064883
-0.049919    -0.620165    0.104312
0.141106    -0.581801    -0.042352
-0.024805    -0.618887    0.112751
0.149183    -0.595335    -0.000329
-0.079934    -0.618123    0.063299
0.145188    -0.609519    -0.000843
-0.040115    -0.611212    0.072263
0.141104    -0.614466    0.000545
-0.045811    -0.609622    0.054821
0.126581    -0.617525    0.020041
0.010896    -0.610595    -0.07371
0.079112    -0.61368    -0.063318
-0.018162    -0.604154    0.028662
0.064667    -0.611728    -0.064019
0.012613    -0.607722    -0.059143
0.096487    -0.610559    0.018483
-0.060469    -0.609325    -0.000298
-0.045202    -0.608465    -0.030125
0.058251    -0.605313    -0.013671
0.085549    -0.333475    0.122451
0.088236    -0.487916    0.121796
0.072742    -0.325237    0.12938
0.074746    -0.369717    0.128478
0.080349    -0.347146    0.125098
0.086297    -0.491429    0.12294
0.101668    -0.473383    0.111356
0.104868    -0.344389    0.10801
0.105042    -0.449777    0.108487
0.08154    -0.36113    0.124488
0.090039    -0.428285    0.119953
0.088281    -0.370923    0.120637
0.114231    -0.282607    0.098084
0.093047    -0.378883    0.117282
0.093561    -0.185756    0.115736
0.094947    -0.180913    0.114586
0.119808    -0.43879    0.092829
0.106862    -0.531713    0.106994
0.100892    -0.389862    0.110997
0.106813    -0.483703    0.106753
0.125256    -0.204718    0.084167
0.133713    -0.156329    0.07098
0.115168    -0.223413    0.096126
0.114306    -0.151327    0.096657
0.124161    -0.498927    0.08756
0.133109    -0.339244    0.072972
0.117313    -0.338349    0.094427
0.12154    -0.384469    0.090023
0.115441    -0.358416    0.096614
0.138782    -0.289962    0.060936
0.130296    -0.217997    0.075851
0.126885    -0.268022    0.08135
0.123719    -0.477174    0.087405
0.141693    -0.296241    0.054541
0.132783    -0.354821    0.072856
0.132233    -0.354658    0.073694
0.1328    -0.332574    0.072699
0.144825    -0.315311    0.045588
0.146317    -0.15704    0.039269
0.135635    -0.331467    0.067194
0.138594    -0.230233    0.060065
0.134625    -0.453538    0.07014
0.145977    -0.368025    0.041733
0.140749    -0.361029    0.056071
0.139194    -0.324991    0.059295
0.14139    -0.232726    0.053905
0.149703    -0.230201    0.024639
0.145805    -0.255454    0.040251
0.143999    -0.160614    0.046226
0.14695    -0.271318    0.036205
0.15097    -0.450334    0.014943
0.150996    -0.265473    0.013634
0.146232    -0.500942    0.040145
0.148043    -0.29924    0.032417
0.151267    -0.300504    -0.00158
0.151304    -0.180543    -0.001357
0.148776    -0.36763    0.030118
0.149218    -0.198807    0.025303
0.149793    -0.36812    0.021307
0.150823    -0.535558    -0.011196
0.15048    -0.319907    0.015066
0.151157    -0.44045    0.009897
0.149964    -0.540857    0.020833
0.149901    -0.372974    -0.01779
0.15065    -0.204861    -0.007804
0.150791    -0.188737    -0.004421
0.150722    -0.190872    -0.006132
0.149862    -0.480252    -0.01736
0.149674    -0.508094    -0.018146
0.150344    -0.333414    -0.013786
0.149171    -0.279572    -0.020026
0.150489    -0.36508    -0.010841
0.150915    -0.5191    0.000555
0.150951    -0.454284    0.001062
0.1455    -0.330946    -0.037912
0.143471    -0.286705    -0.04372
0.147162    -0.430481    -0.029302
0.148826    -0.508558    -0.020434
0.146789    -0.457094    -0.03103
0.141031    -0.419156    -0.049618
0.143776    -0.301106    -0.041683
0.141129    -0.26549    -0.049129
0.144006    -0.171333    -0.041812
0.1399    -0.543716    -0.050862
0.14455    -0.549102    -0.038116
0.139622    -0.264677    -0.053253
0.138802    -0.262573    -0.05646
0.132123    -0.280802    -0.067621
0.136757    -0.212569    -0.059653
0.134623    -0.229908    -0.063405
0.135645    -0.545444    -0.060511
0.130741    -0.522816    -0.068701
0.137347    -0.520834    -0.056783
0.133998    -0.44262    -0.063289
0.12804    -0.341471    -0.075273
0.12784    -0.182693    -0.076458
0.124065    -0.272088    -0.080161
0.127022    -0.422292    -0.075477
0.118606    -0.301318    -0.087645
0.123954    -0.487638    -0.079677
0.119101    -0.531845    -0.085029
0.122772    -0.497343    -0.080506
0.118738    -0.537133    -0.085465
0.087707    -0.186153    0.120337
0.086696    -0.510056    0.122818
0.075351    -0.258391    0.127924
0.102631    -0.525784    0.110882
0.097707    -0.197144    0.112946
0.103751    -0.216976    0.108169
0.112811    -0.250785    0.099468
0.113562    -0.541393    0.100338
0.126525    -0.213058    0.08228
0.133384    -0.148331    0.071435
0.129546    -0.476847    0.079214
0.138602    -0.253621    0.06112
0.134597    -0.471476    0.071242
0.141482    -0.257185    0.054779
0.143474    -0.383528    0.050872
0.145886    -0.378152    0.042119
0.148965    -0.165601    0.029747
0.149551    -0.387416    0.026876
0.150725    -0.369448    0.01659
0.149885    -0.475809    0.024496
0.151014    -0.220659    -0.008318
0.151492    -0.495917    0.005144
0.151015    -0.379465    -0.007348
0.149899    -0.37258    -0.017804
0.147064    -0.477113    -0.031507
0.146188    -0.343274    -0.03596
0.145802    -0.210253    -0.037791
0.139437    -0.381149    -0.054198
0.138931    -0.215529    -0.056502
0.135642    -0.394387    -0.061398
0.130724    -0.372372    -0.070412
0.127167    -0.481417    -0.075579
0.122906    -0.242229    -0.082458
0.115835    -0.260099    -0.091451
