0.052728    0.013029    -0.10921
-0.057784    0.013048    -0.107022
-0.084135    0.012623    -0.088459
-0.075024    0.005284    -0.099282
0.120166    0.011435    0.03431
0.112203    0.012466    0.0523
-0.110235    -0.001077    -0.064737
-0.043771    -0.000854    -0.118562
-0.125262    0.004251    -0.013236
0.081226    0.030089    -0.075334
-0.120625    -0.005237    -0.044408
-0.124523    0.002789    0.026218
0.042226    0.03222    -0.099543
-0.072833    -0.009595    -0.106507
0.09847    0.033395    -0.045292
0.112645    -0.002319    0.065524
0.037932    0.025514    0.110454
-0.131616    -0.012573    0.00413
0.097338    0.028279    0.060075
0.097294    -0.002411    0.086018
0.106988    0.034677    -0.013721
0.128341    -0.011628    0.028993
-0.092278    0.029222    -0.061733
0.000899    -0.02035    -0.131489
-0.031386    0.017407    0.118957
0.032683    0.031979    0.10716
0.114449    -0.010977    0.066864
0.08582    0.044936    -0.053669
0.113734    -0.017025    -0.066528
-0.075457    0.028525    0.085503
-0.092164    0.024694    0.071283
0.049909    -0.005416    0.121001
0.044214    0.037506    0.098343
-0.079291    -0.024975    -0.104631
-0.034799    0.040058    -0.09695
0.062348    -0.02841    -0.116427
-0.032178    -0.015993    0.130157
0.001977    0.040989    0.106373
0.057335    -0.011032    0.119369
0.04066    0.043253    0.096048
0.132086    -0.026203    -0.013263
-0.072588    0.044853    -0.070722
0.09737    -0.028409    -0.089964
0.028582    0.059304    -0.089376
0.083267    -0.020116    0.10451
-0.061246    -0.025787    0.120054
-0.041842    0.049476    0.091942
-0.005585    -0.036162    -0.131902
-0.097875    -0.041654    -0.089451
-0.120809    -0.082859    -0.054536
-0.131242    -0.132501    -0.021408
-0.130375    -0.144608    -0.027996
-0.132201    -0.216463    -0.014129
-0.132988    -0.0404    -0.00815
-0.132401    -0.166113    -0.012604
-0.132694    -0.176601    -0.010379
-0.132135    -0.235334    0.018107
-0.131461    -0.058992    0.023226
-0.133934    -0.173986    0.004442
-0.133279    -0.157202    0.009417
-0.134179    -0.239351    0.002586
-0.132533    -0.037025    0.015086
-0.036377    0.051054    0.093365
-0.07142    -0.069146    -0.11133
-0.133642    -0.115111    -0.00318
-0.133024    -0.254307    -0.007878
-0.131013    -0.48488    -0.023146
-0.133724    -0.226781    -0.002558
-0.132829    -0.191929    -0.00936
-0.133889    -0.415529    -0.001305
-0.129017    -0.127646    -0.034717
-0.132046    -0.329576    0.018785
-0.13148    -0.257441    0.023084
-0.123226    -0.054871    0.052182
0.064891    -0.029173    0.118896
-0.072795    0.05081    0.068912
-0.038464    -0.061374    -0.126507
-0.094826    -0.081363    -0.09337
-0.117256    -0.165899    -0.063116
0.114153    -0.028989    0.07162
-0.130834    -0.274251    0.027997
-0.13282    -0.458731    0.012912
-0.128697    -0.197979    0.038971
0.094271    0.061715    0.008054
0.031718    -0.198893    -0.128487
0.022939    -0.156069    -0.129643
0.033666    -0.274117    -0.12823
0.033666    -0.33463    -0.128231
0.100687    -0.043206    -0.086048
0.117662    -0.114554    -0.062622
0.133461    -0.30655    -0.006075
0.13247    -0.293193    -0.013601
0.131459    -0.044214    -0.021278
0.132669    -0.19136    -0.012088
0.1338    -0.431761    -0.003504
0.132271    -0.187003    -0.015116
-0.031952    -0.088758    -0.12843
-0.025837    -0.106192    -0.129235
-0.019853    -0.08451    -0.130023
-0.017054    -0.159781    -0.130391
0.131948    -0.095066    0.021045
0.132402    -0.112499    0.017596
0.130092    -0.309204    0.035144
0.132875    -0.041664    0.014006
0.130686    -0.110101    0.030634
-0.060125    -0.059657    -0.117534
-0.050511    -0.201522    -0.121516
-0.048698    -0.168393    -0.122267
-0.047832    -0.084569    -0.122626
-0.080163    -0.135187    -0.104621
-0.094414    -0.141081    -0.093686
-0.093424    -0.333578    -0.094445
-0.084285    -0.223635    -0.101459
-0.105372    -0.13172    -0.07968
-0.102128    -0.269957    -0.083908
-0.118295    -0.322887    -0.060607
-0.130798    -0.400131    0.028273
-0.086419    -0.03521    0.103283
-0.104019    -0.077622    0.084925
-0.035978    0.058778    -0.086447
0.02946    -0.358142    -0.128784
0.116313    -0.125386    -0.065682
0.130496    -0.32182    -0.028593
0.13429    -0.49739    0.000218
0.134172    -0.498976    -0.000674
0.132373    -0.438295    -0.014337
0.131677    -0.265121    -0.019628
0.1321    -0.416047    0.019892
0.133963    -0.246686    0.005739
0.133653    -0.354482    0.008099
0.131193    -0.400534    0.026782
0.133404    -0.375229    0.009986
0.134312    -0.178894    0.003091
-0.058875    -0.345106    -0.118053
-0.109441    -0.200003    -0.074378
-0.107321    -0.260311    -0.077139
0.123    -0.106049    0.053212
0.122368    -0.076743    0.054737
-0.113797    -0.165524    -0.0687
-0.124681    -0.420831    -0.045191
-0.077988    -0.053324    0.109771
-0.116709    -0.137531    0.067918
-0.024199    -0.042642    0.132931
-0.092113    0.054368    -0.029405
0.021607    -0.286369    -0.129819
0.056526    -0.095682    -0.119109
0.04274    -0.140366    -0.124817
0.047239    -0.133153    -0.122954
0.065596    -0.349793    -0.115353
0.096882    -0.151625    -0.091008
0.128557    -0.050365    -0.036311
0.128997    -0.287071    -0.035254
-0.023529    -0.317366    -0.129542
-0.037273    -0.196273    -0.126999
-0.0547    -0.321409    -0.119782
-0.068077    -0.313146    -0.113895
-0.10057    -0.451385    -0.085938
-0.089206    -0.34348    -0.09768
-0.112619    -0.455793    -0.070236
0.129676    -0.348472    0.037093
-0.116917    -0.492895    -0.063938
-0.119923    -0.379159    -0.056673
-0.114546    -0.223854    -0.067726
-0.083182    -0.066142    0.105784
-0.116157    -0.20847    0.069107
0.046544    -0.044804    0.126722
0.073504    -0.073011    0.113364
0.105708    -0.071861    0.082983
0.04881    0.072839    -0.075283
0.022082    -0.320263    -0.129757
0.022006    -0.49406    -0.129766
0.043993    -0.338563    -0.124299
0.067821    -0.33217    -0.114246
0.101038    -0.274231    -0.085591
0.082697    -0.215454    -0.102831
0.074968    -0.151227    -0.108761
0.092737    -0.103925    -0.095127
0.11672    -0.171067    -0.064897
0.122439    -0.147169    -0.051088
0.126534    -0.252867    -0.0412
-0.047883    -0.494    -0.122605
-0.03648    -0.431683    -0.127327
-0.037031    -0.096558    -0.127098
-0.069011    -0.425179    -0.113179
-0.088824    -0.492201    -0.097975
-0.080126    -0.279688    -0.10465
-0.114656    -0.424114    -0.067582
-0.125913    -0.234089    -0.042214
-0.063069    -0.056522    0.119795
-0.114098    -0.236495    0.071789
-0.111865    -0.382147    0.0747
-0.108037    -0.407116    0.079689
-0.111454    -0.355914    0.075235
-0.124348    -0.420435    0.049475
-0.12882    -0.43446    0.03868
0.063718    -0.092107    0.11961
0.063839    0.076325    -0.062739
-0.092573    0.057066    -0.025345
-0.06087    0.064636    0.072405
0.017491    -0.33237    -0.130364
0.057091    -0.34024    -0.118872
0.071871    -0.306742    -0.111137
0.102693    -0.172656    -0.083433
0.122191    -0.399033    -0.051683
0.127414    -0.07807    -0.039073
0.12753    -0.407923    -0.038794
-0.016475    -0.329985    -0.13047
-0.05039    -0.398882    -0.121564
-0.07396    -0.302112    -0.109382
-0.08167    -0.354788    -0.103466
-0.124431    -0.364134    -0.045794
-0.045791    -0.192625    0.126951
-0.034906    -0.290378    0.131458
-0.046177    -0.298571    0.126791
-0.049036    -0.147592    0.125607
-0.053994    -0.123536    0.123554
-0.024531    -0.10073    0.132887
-0.002121    -0.243536    0.135838
-0.011646    -0.326929    0.134583
-0.017306    -0.255203    0.133838
-0.100417    -0.451462    0.089619
-0.117788    -0.262341    0.065311
-0.124235    -0.484125    0.049747
0.051428    -0.081484    0.124699
0.018754    -0.111834    0.133674
0.022038    -0.296535    0.133242
0.009736    -0.082923    0.134861
0.020564    -0.180987    0.133436
0.007046    -0.12855    0.135215
0.046592    0.17067    -0.060909
0.07434    0.118187    -0.040245
0.010973    -0.244089    -0.13122
0.041922    -0.188205    -0.125156
0.065509    -0.502359    -0.115389
0.061837    -0.499379    -0.116909
0.07318    -0.34036    -0.110132
0.096395    -0.448696    -0.091641
0.104907    -0.301243    -0.080546
0.108749    -0.180003    -0.07554
0.118885    -0.404673    -0.05967
0.121147    -0.496454    -0.054207
0.12279    -0.169908    -0.050242
0.1149    -0.411104    -0.067525
-0.001102    -0.219166    -0.132492
-0.002342    -0.310849    -0.132329
-0.056716    -0.436229    -0.118945
-0.090543    -0.451895    -0.096657
-0.121207    -0.514587    -0.052004
-0.081863    -0.164449    0.106797
-0.087453    -0.151345    0.102508
-0.071027    -0.37484    0.115112
-0.074101    -0.351989    0.112753
-0.038872    -0.421912    0.129816
-0.042014    -0.405181    0.128515
-0.05768    -0.399655    0.122028
-0.051227    -0.319243    0.1247
-0.064874    -0.196257    0.119049
-0.02797    -0.36423    0.132434
-0.01978    -0.262311    0.133513
-0.032432    -0.28752    0.131847
-0.033207    -0.198002    0.131745
0.000125    -0.103351    0.136127
0.029891    -0.422729    0.132208
0.005646    -0.140436    0.1354
0.026932    -0.414621    0.132597
-0.100757    -0.334406    0.089177
-0.072495    -0.499782    0.113985
-0.118729    -0.337886    0.06304
0.049803    -0.101558    0.125372
0.050605    -0.24913    0.12504
0.044904    -0.193369    0.127401
0.060875    -0.368971    0.120787
0.038027    -0.232213    0.130249
0.047917    -0.447815    0.126153
0.052708    -0.405612    0.124169
0.045444    -0.304946    0.127177
0.056873    -0.44349    0.122445
0.106273    -0.102259    0.082247
0.04675    0.192383    -0.057319
-0.094998    0.057414    -0.010177
0.08383    0.073558    0.036292
0.072996    0.184507    -0.021523
0.050594    -0.435536    -0.121563
0.089285    -0.423953    -0.097775
0.085586    -0.48299    -0.100613
0.081347    -0.264906    -0.103865
0.127327    -0.123932    -0.039281
-0.024025    -0.458369    -0.129475
-0.091717    -0.477575    -0.095756
-0.120536    -0.514989    -0.053479
-0.096627    -0.122954    0.09456
-0.090213    -0.257798    0.10039
-0.093519    -0.350449    0.097853
-0.086419    -0.335328    0.103301
-0.089567    -0.423735    0.100886
-0.064962    -0.453822    0.119012
-0.004845    -0.472577    0.135479
-0.101644    -0.307025    0.08802
-0.121595    -0.171604    0.056123
0.087421    -0.165052    0.102685
0.095078    -0.437185    0.09681
0.089043    -0.256189    0.101441
0.09123    -0.11554    0.099763
0.080081    -0.407597    0.108318
0.070687    -0.310707    0.115526
0.088299    -0.391509    0.102012
0.069677    -0.352685    0.116301
0.05167    -0.471943    0.124599
0.117296    -0.163173    0.06698
0.10018    -0.393725    0.090189
0.112444    -0.310402    0.074207
0.023776    0.209926    -0.0675
0.011929    0.154589    -0.077434
0.088962    0.072021    0.023662
0.081635    0.128658    -0.017335
0.01424    -0.412654    -0.13079
-0.004509    -0.484004    -0.132043
0.082445    -0.378381    -0.103025
0.004688    -0.358258    -0.13205
0.07087    -0.478108    0.115386
0.119048    -0.477889    0.062755
0.123867    -0.449168    0.051117
-0.098292    -0.517042    -0.087277
-0.063407    -0.463046    0.119656
0.005062    -0.46468    0.135477
0.039407    -0.487046    0.129678
-0.116719    -0.442484    0.067897
0.097243    -0.122968    0.094016
0.086885    -0.458794    0.103097
0.015797    0.214359    -0.069287
-0.005955    0.076313    -0.088199
0.087979    0.083916    0.016061
0.086003    0.094429    0.020872
0.075556    0.144557    0.032057
0.059743    0.131019    0.060396
0.046564    0.13807    0.069616
0.034783    0.090803    0.08276
0.032472    0.081686    0.084968
0.014911    0.093837    0.088287
-0.017513    0.214339    0.072519
-0.033903    0.166211    0.0727
-0.032856    0.155256    0.074636
0.007322    -0.367974    -0.131702
0.123435    -0.249285    -0.048681
0.111265    -0.40721    0.075743
0.120138    -0.399708    0.060119
0.029523    -0.50639    0.13225
0.119812    -0.259786    0.060908
0.006213    0.215744    -0.07037
-0.09229    0.063815    0.015889
-0.052754    0.15459    0.062071
0.07052    0.232937    0.003994
0.073713    0.184763    0.023193
0.073457    0.105287    0.047885
0.056372    0.12379    0.064368
0.023221    0.224527    0.069208
0.015389    0.198587    0.074837
-0.012052    0.225836    0.071767
-0.021364    0.149363    0.080204
-0.048022    0.20654    0.057404
0.08846    -0.514332    -0.09769
-0.030776    -0.506987    0.132047
0.095423    -0.443502    0.096388
-0.032568    0.114879    -0.076811
-0.067117    0.083642    0.060389
0.079149    0.165858    -0.000101
0.122438    -0.286238    0.054569
0.121239    -0.185868    0.05746
-0.035666    0.150711    -0.070614
-0.069978    0.079663    -0.05401
-0.063355    0.198412    0.041406
-0.019608    -0.515164    -0.129371
0.121479    -0.291652    0.056885
-0.053486    0.157768    -0.057525
-0.084651    0.079665    0.031105
-0.067422    0.188933    0.036517
0.06967    -0.518777    -0.11115
-0.052987    0.207646    -0.049513
-0.072944    0.148524    -0.033085
-0.06468    0.21643    0.034033
0.06422    -0.516491    0.118431
-0.078579    0.145325    -0.020537
-0.076023    0.188658    0.003661
-0.078475    0.152947    0.019723
-0.059689    0.209257    -0.040443
-0.06344    0.218587    -0.032831
-0.088246    0.077926    -0.014853
-0.045508    -0.524911    0.123884
-0.075833    0.176432    -0.013493
-0.07439    0.19686    -0.00464
0.126688    -0.526055    -0.032044
0.057511    -0.527789    0.117913
-0.104781    -0.531636    -0.071365
0.093502    -0.530288    0.090767
-0.096807    -0.534842    -0.079141
-0.022185    -0.534941    0.125958
-0.060077    -0.537279    0.111675
-0.080625    -0.53789    0.096254
-0.072043    -0.540016    0.100536
-0.092397    -0.541333    0.079825
-0.096662    -0.54277    0.071345
-0.09456    -0.543394    0.072557
-0.036303    -0.544393    0.112812
0.065809    -0.545276    0.095982
0.111034    -0.545873    0.02713
-0.06551    -0.546612    -0.087748
-0.098555    -0.547112    -0.026595
0.036268    -0.547112    0.100376
0.096772    -0.546818    -0.052524
0.069187    -0.547112    0.072604
0.02639    -0.547112    -0.103488
0.005674    -0.547112    -0.100982
-0.037892    -0.545474    0.089485
0.053586    -0.543503    0.079118
0.083181    -0.541715    0.043606
-0.08742    -0.539315    0.004072
-0.065269    -0.539315    0.013625
-0.049046    -0.539315    0.027583
-0.029934    -0.539315    0.048882
-0.006145    -0.539315    -0.036046
0.001243    -0.539315    0.029797
0.026592    -0.539315    0.024954
0.045727    -0.539315    0.056669
0.038231    -0.539315    -0.030812
0.076691    -0.539315    0.03994
0.070072    -0.539315    -0.0254
0.045425    -0.539315    -0.067702
0.026058    -0.539315    -0.036052
0.005888    -0.539315    0.033305
0.009603    -0.539315    0.043547
-0.012872    -0.539315    -0.009009
-0.038558    -0.539315    -0.019591
-0.03709    -0.539315    -0.045124
0.022613    0.015759    -0.1176
-0.05035    0.012678    -0.110296
0.096137    0.011967    -0.075399
0.118342    0.019774    -0.011165
0.072246    0.006309    -0.101073
0.096261    0.008264    -0.077845
0.077123    0.003283    -0.098708
-0.121443    0.012503    -0.016607
-0.020615    0.024567    -0.112161
0.106156    0.006906    0.069283
0.088511    -0.000927    -0.091708
0.097848    0.030783    -0.051705
-0.11513    -0.00592    -0.058164
-0.121258    0.00292    0.039853
0.035361    0.013516    0.119627
0.094049    -0.00507    -0.087977
0.075326    0.036992    -0.074727
0.121175    -0.006669    -0.044529
-0.006608    0.031653    -0.108435
0.114555    -0.007143    -0.060811
0.013755    0.037354    -0.103608
0.013148    -0.016675    -0.129328
-0.015009    0.024633    0.116327
-0.069864    0.020056    0.097719
0.084382    -0.004129    0.09953
0.097066    0.03344    0.052082
-0.013578    -0.020547    -0.129823
-0.050437    0.030449    0.100962
-0.09808    0.024009    0.06442
0.060546    -0.004798    0.116409
0.058606    0.036254    0.091632
0.130438    -0.017271    -0.017622
-0.040717    0.03825    -0.095713
-0.012837    -0.011453    0.131831
-0.036162    -0.014776    0.128855
0.092026    0.049142    -0.036473
0.094211    -0.013997    0.094576
-0.105413    0.027827    0.042388
-0.063028    -0.029713    -0.116132
-0.015269    0.048524    -0.096959
0.048278    -0.031805    -0.122432
0.002435    -0.019346    0.13462
-0.006022    0.04383    0.104154
-0.132641    -0.03472    0.014095
0.045332    0.048884    0.0909
0.132136    -0.027691    0.017315
0.019849    0.049066    0.09959
0.01799    -0.04134    -0.130295
-0.08222    -0.051421    -0.103043
-0.101527    -0.059552    -0.084691
-0.125861    -0.043609    -0.042338
-0.132402    -0.037087    -0.012596
-0.130575    -0.33603    -0.026478
-0.1335    -0.085955    -0.004262
-0.13094    -0.128755    -0.023703
-0.130502    -0.341144    -0.027031
-0.132749    -0.314955    0.013445
-0.13249    -0.255687    0.015409
-0.130196    -0.064191    0.032837
-0.131403    -0.095903    0.023667
-0.133821    -0.261189    0.005301
-0.132214    -0.271881    0.017508
-0.004036    0.055618    -0.095124
0.086574    -0.03529    -0.099839
-0.123898    -0.084524    -0.047078
-0.130225    -0.455601    -0.029131
-0.131092    -0.365443    -0.022546
-0.132097    -0.382003    -0.014914
-0.132741    -0.315057    -0.010022
-0.133553    -0.14357    -0.003859
-0.128337    -0.219378    -0.03636
-0.131438    -0.333657    0.023412
-0.132836    -0.404269    0.012787
-0.122603    -0.038789    0.053687
-0.125038    -0.104691    0.047807
0.039468    0.055658    0.08995
0.070812    -0.041487    -0.11195
0.123988    -0.034128    0.050738
-0.129992    -0.213489    0.034388
-0.132538    -0.464918    0.015051
-0.129654    -0.073724    0.036659
-0.100082    0.043638    0.025623
0.097709    -0.083889    -0.089929
0.116833    -0.052949    -0.064623
0.133312    -0.14261    -0.007207
0.132604    -0.275526    -0.012582
0.133074    -0.099422    -0.009012
0.134049    -0.093245    -0.001608
0.134187    -0.205052    -0.000563
0.133305    -0.03661    -0.007264
0.130316    -0.387261    0.033445
0.13353    -0.081513    0.00903
0.130126    -0.369164    0.034883
0.130398    -0.174958    0.032817
0.130359    -0.053293    0.033113
-0.089833    -0.056472    -0.097201
-0.127044    -0.160852    -0.039482
-0.087111    -0.035736    0.102762
-0.102657    -0.068804    0.0867
-0.056066    0.055789    -0.076808
0.079488    -0.067612    -0.105292
0.130401    -0.262806    -0.029316
0.131022    -0.311129    -0.024597
0.130456    -0.485327    -0.0289
0.133157    -0.4585    -0.008387
0.131581    -0.357582    -0.020352
0.132802    -0.480176    0.014558
0.132652    -0.336556    0.015697
0.132509    -0.387696    0.016783
0.131722    -0.404512    0.022762
0.131126    -0.487942    0.02729
0.133449    -0.28277    0.009643
-0.100603    -0.401283    -0.085894
0.126037    -0.067048    0.045876
0.10282    -0.032439    0.086654
-0.067522    -0.087475    0.117801
-0.040143    -0.038512    0.12929
-0.000969    -0.07728    0.135989
0.021438    0.068491    -0.088205
0.082147    -0.076817    -0.103252
0.129882    -0.323303    -0.033112
0.129467    -0.407369    -0.034117
0.127065    -0.497982    0.043395
-0.113068    -0.499789    -0.069652
-0.093946    -0.380117    -0.094044
0.129409    -0.257118    0.037736
-0.121601    -0.413995    -0.052624
-0.119651    -0.409108    -0.057332
-0.115724    -0.422275    -0.066192
-0.058207    -0.090064    0.121807
0.036341    -0.052861    0.130947
-0.028765    -0.048279    0.13233
0.111005    -0.061628    0.07608
-0.068851    0.059299    -0.064587
0.008771    -0.49183    -0.131508
0.036624    -0.47188    -0.12735
0.127442    -0.175053    -0.039012
-0.04535    -0.458391    -0.123654
-0.07588    -0.490853    -0.107908
-0.07155    -0.449663    -0.111231
0.129467    -0.350847    0.037595
-0.12763    -0.299565    -0.038072
-0.054243    -0.082314    0.123449
0.064126    -0.064638    0.11944
0.042003    0.108076    -0.073921
0.057908    0.091653    -0.064844
0.059708    0.134873    -0.056162
0.041157    -0.417679    -0.125473
0.119592    -0.355369    -0.057958
0.128077    -0.380135    -0.03747
-0.053133    -0.438458    -0.12043
-0.124209    -0.152269    -0.04633
-0.096025    -0.468558    0.095343
-0.122958    -0.469849    0.052832
-0.129795    -0.479954    0.035893
0.089789    -0.059896    0.100867
-0.045784    0.065013    -0.079976
0.069762    0.168049    -0.034788
0.049227    -0.448184    -0.122129
0.046753    -0.487889    -0.123155
0.101073    -0.419217    -0.085545
0.097065    -0.385117    -0.090769
0.119173    -0.461341    -0.058973
0.121853    -0.424777    -0.052502
0.113264    -0.35341    -0.069659
-0.087618    -0.461805    -0.098901
-0.077604    -0.509489    -0.106451
-0.102896    -0.505503    0.086388
-0.121287    -0.148709    0.056868
0.023765    0.124027    -0.079287
-0.008763    0.073523    -0.088462
-0.030936    0.07073    0.087723
0.075155    0.152138    -0.027033
0.090423    -0.472582    -0.096902
0.090135    -0.44899    -0.097123
0.111502    -0.432886    -0.071953
0.121026    -0.511959    -0.053732
0.08189    -0.509507    0.106793
-0.051177    -0.470644    0.124721
-0.004583    -0.469981    0.135513
-0.076327    -0.48559    0.111045
0.095843    -0.052833    0.095841
0.009718    0.167314    -0.076099
0.08419    0.075132    0.034394
0.082593    0.127102    -0.011559
-0.0095    -0.44282    -0.131386
0.126828    -0.424983    -0.04049
0.077239    -0.49103    0.110499
0.113744    -0.452272    0.072512
-0.095709    -0.042365    0.095754
-0.014417    -0.493358    0.134219
0.040959    -0.484815    0.129035
0.093448    -0.453822    0.09806
-0.015036    0.082281    -0.086241
0.075459    0.177106    0.020708
0.084655    0.113502    0.012589
0.06625    0.195287    0.037726
0.054941    0.18834    0.054722
0.040011    0.184749    0.06719
0.054517    0.097872    0.069932
0.026495    0.159983    0.076705
0.006395    0.168001    0.079928
-0.011358    0.161704    0.080055
-0.036692    0.12775    0.076819
-0.038492    0.114797    0.07785
-0.032898    -0.511115    -0.128095
0.124312    -0.466398    0.050049
-0.021346    0.091822    -0.084192
-0.048232    0.159135    0.064816
-0.052869    0.122291    0.067143
0.072419    0.205647    0.016089
0.073603    0.170546    0.028168
0.060671    0.210287    0.042692
0.048933    0.232734    0.052673
0.034167    0.230846    0.063808
0.018066    0.199204    0.074406
-0.011613    0.207672    0.074146
-0.025736    0.216788    0.069146
-0.045378    0.212343    0.058508
-0.10866    -0.517203    0.077197
0.019965    0.265813    0.064894
0.006002    0.237239    0.071131
0.031761    0.30102    0.054948
-0.08374    0.070088    -0.034953
-0.057394    0.152048    0.05882
0.068957    0.245669    0.00351
0.052868    0.246922    0.045232
-0.014349    0.341992    0.056617
-0.028272    0.29929    0.056778
0.120441    -0.516671    0.056969
0.012816    0.303575    -0.058275
0.027739    0.306559    0.056085
-0.008165    0.314432    0.060953
-0.031734    0.14971    -0.072379
-0.050603    0.128808    -0.064361
-0.072153    0.07772    -0.051581
-0.061083    0.219969    0.03988
0.058617    0.315581    0.014189
0.058415    0.252327    0.036883
-0.032814    0.274237    0.058265
-0.048741    0.261768    0.047258
-0.013644    -0.512736    0.133951
-0.046175    0.170192    -0.06115
-0.078793    0.096738    0.039594
-0.069542    0.161231    0.040572
-0.059934    0.242471    0.036695
-0.123081    -0.521747    -0.043746
-0.075356    0.098183    -0.043149
-0.083136    0.099175    -0.024821
-0.069569    0.204509    0.026178
-0.006107    -0.516298    -0.130964
-0.014163    0.338777    -0.053572
-0.080515    0.142406    0.014456
-0.076642    0.18235    0.005085
-0.069074    0.235168    0.011302
-0.058541    0.289946    0.024508
-0.125816    -0.523248    -0.036081
-0.088064    0.087027    -0.007398
-0.067609    0.241577    0.01622
-0.120876    -0.524176    0.050754
-0.065632    0.268907    -0.001218
0.129146    -0.523291    0.023558
-0.045294    0.33172    -0.033711
-0.061285    0.30143    -0.002669
-0.123314    -0.527567    0.041898
-0.095208    -0.529408    0.08889
0.128887    -0.528305    -0.009096
0.095627    -0.530873    0.087583
-0.117737    -0.534463    -0.043893
-0.121098    -0.535725    0.037423
-0.025139    -0.535715    -0.121654
0.094327    -0.53714    -0.080282
-0.079017    -0.53946    -0.092352
0.102356    -0.541126    0.067473
-0.008412    -0.5419    0.121908
-0.115216    -0.54288    0.034262
0.026656    -0.54303    -0.114546
0.095651    -0.544369    -0.065256
0.055594    0.347632    0.023652
-0.091971    -0.546569    -0.060756
-0.10333    -0.546925    -0.034733
-0.106002    -0.547112    -0.00323
-0.016197    -0.547112    0.103573
-0.102361    -0.547112    -0.013168
0.025575    -0.547112    0.105148
0.089302    -0.547112    -0.050187
0.077098    -0.547112    -0.067819
0.044187    0.350397    0.046407
-0.027417    0.353822    -0.053661
0.059498    0.359843    0.004327
-0.041778    0.36228    0.042895
0.023242    0.368445    0.052637
0.016191    0.362204    -0.054709
-0.09605    -0.287328    -0.09183
-0.099807    -0.206532    -0.086933
0.0214    -0.106063    -0.129846
0.021712    -0.271527    -0.129804
0.022973    -0.098145    -0.129638
0.0316    -0.221099    -0.128502
-0.014043    -0.161385    -0.130788
-0.016966    -0.201853    -0.130403
-0.016729    -0.215774    -0.130434
-0.011845    -0.143517    -0.131077
-0.033151    -0.307149    -0.128272
-0.062385    -0.272843    -0.116599
-0.054876    -0.233471    -0.119709
-0.053103    -0.09384    -0.120443
-0.083781    -0.171099    -0.101845
-0.087709    -0.208102    -0.098831
-0.069629    -0.086456    -0.112705
-0.090146    -0.226118    -0.096961
-0.098534    -0.287444    -0.088591
-0.117444    -0.280863    -0.062661
0.034932    -0.188322    -0.128051
-0.034956    -0.382133    -0.127958
-0.108446    -0.275747    -0.075673
-0.107479    -0.354855    -0.076933
-0.12171    -0.26553    -0.052365
0.038641    -0.294468    -0.126515
0.057517    -0.15569    -0.118698
0.058401    -0.151066    -0.118332
0.057442    -0.073712    -0.118729
0.050857    -0.199984    -0.121456
-0.025135    -0.353999    -0.12933
-0.038995    -0.258695    -0.126286
-0.067668    -0.314789    -0.114209
-0.110812    -0.182591    -0.072592
0.018675    -0.277638    -0.130206
0.041725    -0.366983    -0.125237
0.098509    -0.320727    -0.088888
0.099642    -0.199487    -0.087411
0.087985    -0.097452    -0.098773
0.078789    -0.108953    -0.105829
0.092639    -0.115695    -0.095202
0.119378    -0.283698    -0.058475
-0.005105    -0.13435    -0.131965
-0.043575    -0.219104    -0.124388
-0.072082    -0.34756    -0.110821
0.008101    -0.174022    -0.131598
0.059195    -0.366186    -0.118
0.069983    -0.37194    -0.112589
0.074574    -0.156466    -0.109063
0.113716    -0.262391    -0.069065
-0.043865    -0.28092    -0.124267
-0.074002    -0.20532    -0.109349
0.015371    -0.353695    -0.130641
0.054849    -0.375616    -0.119801
0.104788    -0.345942    -0.080702
0.1095    -0.179077    -0.07456
0.108383    -0.333665    -0.076015
-0.006486    -0.399926    -0.131784
-0.014221    -0.370843    -0.130768
-0.073911    -0.254713    -0.10942
0.075267    -0.269887    -0.108533
0.068288    -0.091412    -0.113887
0.007455    -0.31811    -0.131683
0.000322    -0.086537    -0.132621
-0.131382    -0.414593    0.023837
-0.117103    -0.206214    0.066964
-0.113165    -0.21756    0.073006
-0.109775    -0.396985    0.077424
-0.110771    -0.381772    0.076127
-0.106364    -0.365539    0.081869
-0.124261    -0.40379    0.049686
-0.123963    -0.37633    0.050406
-0.034822    -0.11874    0.131493
-0.045008    -0.173316    0.127275
-0.053534    -0.129179    0.123745
-0.036989    -0.390103    0.130596
-0.008008    -0.093084    0.135063
-0.025312    -0.115926    0.132784
-0.013725    -0.142094    0.13431
-0.00041    -0.164092    0.136063
-0.006519    -0.122161    0.135259
-0.129906    -0.410942    0.035051
0.021326    -0.29363    0.133335
0.034658    -0.416024    0.13158
0.016113    -0.202036    0.134022
0.031786    -0.212978    0.131958
-0.088886    -0.149792    0.101408
-0.069374    -0.134315    0.11638
-0.069703    -0.395406    0.116128
-0.085764    -0.188919    0.103804
-0.082782    -0.251651    0.106092
-0.064411    -0.148255    0.119241
-0.047592    -0.37899    0.126205
-0.051957    -0.315037    0.124397
-0.059771    -0.275489    0.121162
-0.023276    -0.450732    0.133052
-0.030264    -0.133369    0.132132
-0.011974    -0.415201    0.13454
-0.018535    -0.28758    0.133676
0.0152    -0.287368    0.134142
0.013775    -0.407396    0.134329
0.030437    -0.41414    0.132136
0.031995    -0.438612    0.131931
-0.104558    -0.270579    0.084226
0.064835    -0.305232    0.119148
0.056737    -0.110925    0.122501
0.060088    -0.291702    0.121113
0.05833    -0.26494    0.121841
0.06237    -0.378941    0.120168
0.03506    -0.132271    0.131478
0.039283    -0.38298    0.129729
0.061114    -0.446353    0.120689
0.040793    -0.37265    0.129104
0.105364    -0.278743    0.083432
-0.096991    -0.21106    0.094085
-0.073814    -0.410256    0.112974
-0.088871    -0.416466    0.10142
-0.085676    -0.336641    0.103871
-0.070886    -0.431102    0.11522
-0.10145    -0.29976    0.088273
0.093022    -0.185289    0.098387
0.087706    -0.249163    0.102467
0.091527    -0.372535    0.099535
0.08544    -0.167661    0.104206
0.083368    -0.312049    0.105796
0.07778    -0.336772    0.110083
0.069208    -0.280213    0.116661
0.070393    -0.219739    0.115752
0.117315    -0.220857    0.066934
0.107245    -0.30009    0.080982
0.112738    -0.22667    0.073824
0.126852    -0.433246    0.04391
-0.103123    -0.162461    0.086096
0.098165    -0.18438    0.092814
0.096015    -0.348668    0.095617
0.107304    -0.404401    0.080905
0.120071    -0.396561    0.060279
0.098794    -0.275124    0.091995
0.120774    -0.367773    0.058585
0.103818    -0.221526    0.085448
0.118468    -0.36781    0.064158
0.029149    0.191178    -0.067845
0.053053    0.226273    -0.045807
0.029989    0.249382    -0.059516
0.069613    0.214293    -0.019829
0.023876    0.267499    -0.059562
0.069732    0.225454    -0.013786
0.00231    0.251497    -0.066314
-0.008    0.266779    -0.063587
-0.012058    0.273235    -0.062228
-0.024013    0.222339    -0.065617
-0.04477    0.227492    -0.053075
-0.016894    0.29107    -0.059137
-0.059648    0.221377    -0.037976
-0.065098    0.23264    -0.024176
-0.065989    0.260353    -0.006811
0.030464    0.24526    -0.059885
0.044033    0.24073    -0.051679
0.014332    0.278839    -0.061237
0.030318    0.287596    -0.054137
0.029487    0.236249    0.02564
0.011232    0.236249    0.021193
0.051424    0.236249    -0.005888
0.006037    0.265186    -0.064074
-0.003602    0.236249    0.030282
0.023398    0.288681    0.060335
0.057254    0.265279    -0.032219
0.05406    0.236249    0.03959
0.061453    0.250979    0.030866
0.047849    0.272839    0.046375
-0.031087    0.254085    0.061813
-0.018618    0.236249    -0.012831
-0.043045    0.287243    0.048333
0.06371    0.255034    -0.020594
-0.016944    0.236249    -0.04652
0.032929    0.318744    -0.04774
0.012663    0.297224    0.062589
0.035676    0.312982    0.050031
0.059793    0.30988    0.010798
0.048299    0.322714    0.035411
-0.037204    0.307762    0.049539
-0.020187    0.236249    -0.055887
-0.038834    0.236249    -0.038817
0.002102    0.337263    -0.055382
-0.050036    0.236249    -0.03435
-0.043219    0.328189    0.040629
0.055928    0.31567    -0.0193
-0.033547    0.255915    -0.057063
-0.045188    0.277626    -0.044745
-0.019995    0.308231    -0.055499
-0.034587    0.300422    -0.049241
-0.06257    0.28058    0.01662
-0.056688    0.339178    0.004418
-0.046946    0.318641    -0.034282
-0.061533    0.28516    -0.015388
-0.052149    0.319969    -0.026517
0.05514    0.347357    0.020309
-0.056516    0.348412    -0.020907
0.040407    0.352659    -0.045472
-0.056779    0.355876    -0.020314
0.0381    0.361156    0.046592
0.055688    0.369669    -0.00046
-0.056498    0.367425    0.002972
-0.057842    0.364273    0.001312
0.023448    0.236249    0.017353
0.011689    0.236249    -0.064903
0.026994    0.236249    0.047924
0.014189    0.236249    0.068049
0.065525    0.236249    -0.018242
0.05757    0.236249    0.031044
-0.018409    0.236249    -0.014609
-0.012725    0.236249    -0.055842
-0.033275    0.236249    -0.034257
-0.052928    0.236249    0.005891
0.091428    -0.546744    -0.032032
-0.06997    -0.545028    -0.062184
-0.090214    -0.54266    -0.021011
-0.012448    -0.541001    -0.090296
-0.081818    -0.539315    -0.016403
-0.0691    -0.539315    0.059798
-0.055588    -0.539315    0.032024
-0.021629    -0.539315    0.086807
-0.013916    -0.539315    0.078439
0.018231    -0.539315    -0.012537
0.011595    -0.539315    0.051155
0.050074    -0.539315    0.060881
0.061676    -0.539315    0.038147
0.086927    -0.539315    -0.023103
0.070173    -0.539315    -0.058374
0.049857    -0.539315    0.007817
0.021341    -0.539315    -0.053515
0.010859    -0.539315    -0.081154
-0.030277    -0.539315    -0.074154
-0.018586    -0.539315    -0.067535
-0.04309    -0.539315    -0.057085
-0.058747    -0.539315    -0.06799
0.05034    0.37263    -0.008843
0.044061    0.37263    -0.027652
-0.004599    0.37263    0.050155
-0.021941    0.37263    -0.040197
-0.013883    0.37263    0.049212
-0.00439    0.37263    -0.039115
0.026079    0.37263    -0.000373
0.019806    0.37263    -0.00376
0.00419    0.37263    0.027012
0.020357    0.37263    -0.02377
-0.049631    0.37263    0.004087
-0.025799    0.37263    -0.001774
0.048279    0.37211    -0.019895
0.036611    0.37211    -0.026367
0.019801    0.37211    0.007277
0.023976    0.37211    -0.049018
-0.009536    0.37211    0.048959
-0.021044    0.37211    0.031695
-0.030104    0.37211    -0.008088
-0.043894    0.37211    -0.036845
0.053192    0.371611    0.029836
0.036013    0.37211    -0.007091
0.028373    0.37211    -0.00437
0.052819    0.343521    -0.037551
0.023104    0.37211    0.009882
0.055069    0.35484    -0.02959
0.062033    0.361844    0.008334
0.025416    0.363595    -0.054687
0.063303    0.353752    0.011599
6e-05    0.37211    0.028769
0.024157    0.373786    0.055741
-0.00992    0.37211    -0.017226
0.011875    0.358836    -0.060007
0.02733    0.343853    0.063601
-0.027379    0.37211    0.012753
-0.022308    0.372539    -0.053449
-0.008785    0.357221    -0.061063
-0.026137    0.373465    0.055007
-0.013714    0.361368    0.062455
-0.034006    0.367465    0.052268
-0.026714    0.347555    0.061018
-0.039032    0.350829    0.054497
-0.052011    0.372039    0.031887
-0.055825    0.362344    -0.025459
0.026842    0.377083    0.051274
-0.061693    0.359785    0.012675
-0.061621    0.344547    -0.017551
-0.067666    0.343529    0.009722
0.027292    0.377828    0.006238
-0.000861    0.377828    0.04594
-0.042198    0.377828    -0.018942
0.014359    0.377828    0.027432
-0.001238    0.377828    0.055137
-0.043837    0.377828    0.001019
0.056182    0.376233    -0.010698
-0.055216    0.376862    0.013378
0.032601    0.377828    -0.009087
0.01353    0.377828    -0.005413
-0.017402    0.377828    0.01467
0.032792    0.377828    0.030171
0.004938    0.377828    0.036596
-0.037793    0.377828    0.028375
