0.037695    0.384034    -0.052107
0.000984    0.392431    -0.047451
0.006769    0.386963    -0.063866
0.053647    0.37922    -0.03581
-0.042462    0.392431    -0.037008
-0.012946    0.375836    -0.063056
0.044506    0.371771    -0.040792
-0.005319    0.392431    -0.035999
0.006903    0.33834    -0.059442
-0.038024    0.378313    -0.051855
0.031453    0.341674    -0.05087
-0.025455    0.392431    -0.024039
0.024348    0.324975    -0.057799
0.014678    0.330375    -0.059611
0.0615    0.385525    -0.019851
-0.00052    0.392431    -0.01871
0.050786    0.343531    -0.031236
0.033036    0.298924    -0.062919
0.005329    0.285588    -0.074807
-0.012393    0.28432    -0.074266
-0.012578    0.308236    -0.066786
-0.014476    0.392431    -0.016258
-0.003706    0.392431    -0.01237
0.044005    0.352051    -0.038535
-0.063425    0.381702    -0.011914
0.000957    0.240105    -0.086369
-0.010073    0.264357    -0.079526
-0.023189    0.308479    -0.063773
-0.048523    0.353048    -0.032426
0.009558    0.392431    -0.005592
0.059674    0.392431    -0.013096
0.069206    0.294843    -0.021352
0.052697    0.2841    -0.054575
-0.064513    0.383821    -0.003684
0.012719    0.244863    -0.083718
-0.013975    0.237686    -0.085209
-0.028801    0.315977    -0.058954
-0.034939    0.345608    -0.047635
0.064374    0.375277    0.004739
-0.046563    0.392431    0.00052
0.060729    0.332608    -0.00287
0.064106    0.316423    -0.014778
0.056083    0.282546    -0.051548
0.040926    0.27301    -0.067206
-0.064227    0.380392    0.005846
0.029843    0.134319    -0.106365
0.03237    0.222317    -0.083871
0.012752    0.190865    -0.096075
0.001531    0.166422    -0.103102
-0.023274    0.144552    -0.105203
-0.0278    0.129854    -0.107951
-0.040776    0.306564    -0.054951
-0.05426    0.325356    -0.032251
0.061764    0.373923    0.012092
-0.018663    0.392431    0.016391
0.058231    0.354348    -0.002063
0.077895    0.268927    -0.015314
0.074969    0.27639    -0.0215
0.057615    0.276799    -0.052024
0.055101    0.277264    -0.055095
0.042924    0.207016    -0.083233
0.039806    0.14363    -0.099969
0.044873    0.153347    -0.095501
0.008405    0.147466    -0.106505
0.018884    0.176011    -0.098643
-0.005409    0.151122    -0.106035
-0.011709    0.136635    -0.108504
-0.008449    0.127003    -0.111116
-0.028608    0.237765    -0.08155
-0.029536    0.123295    -0.109099
-0.033378    0.202211    -0.088306
-0.044726    0.307208    -0.051678
-0.071037    0.281331    -0.027731
-0.067328    0.306989    -0.012443
-0.032651    0.392431    0.017675
0.016157    0.392431    0.017718
0.06104    0.329017    0.008377
0.078915    0.262472    -0.019025
0.08707    0.236939    0.002412
0.073962    0.248656    -0.040711
0.063615    0.252171    -0.053563
0.053538    0.197078    -0.079413
0.055711    0.155362    -0.089576
-0.057234    0.355041    -0.009067
0.032686    0.110425    -0.110543
0.037449    0.111174    -0.108468
0.036667    0.020634    -0.12093
0.013706    0.061084    -0.119943
0.000277    0.024889    -0.126229
-0.02642    0.060178    -0.118374
-0.028917    0.038713    -0.120727
-0.025318    0.076511    -0.11648
-0.047428    0.278246    -0.060654
-0.036337    0.153552    -0.09893
-0.053293    0.116355    -0.100984
-0.041343    0.142371    -0.099584
-0.07739    0.231102    -0.04293
-0.07702    0.271619    -0.017031
0.055103    0.361668    0.016367
0.023171    0.392431    0.031142
0.056004    0.359929    0.013953
0.063021    0.320727    0.012819
0.093025    0.210487    -0.003273
0.080236    0.259024    0.014973
0.089673    0.224183    0.005156
0.098143    0.184459    0.00902
0.09267    0.197465    -0.025999
0.101418    0.149899    -0.032761
0.089385    0.163193    -0.0531
0.070238    0.210339    -0.060647
0.076903    0.116429    -0.084347
0.072226    0.154749    -0.077075
0.073926    0.136899    -0.08083
-0.056532    0.365382    0.004951
0.054299    0.090672    -0.104232
0.049837    0.068768    -0.109018
0.058512    0.085439    -0.103188
0.014977    0.013719    -0.125687
0.011227    -0.005744    -0.128611
0.029723    0.102602    -0.112652
-0.00472    0.017421    -0.126528
-0.00842    0.075393    -0.118818
-0.015735    0.040892    -0.12217
-0.032767    0.069842    -0.115861
-0.033171    0.070481    -0.115608
-0.055203    -0.001826    -0.116194
-0.039892    0.070446    -0.112841
-0.057915    0.190918    -0.077732
-0.060251    0.189962    -0.076216
-0.046884    0.086438    -0.107815
-0.037449    0.094992    -0.110564
-0.060094    0.057136    -0.106285
-0.07117    0.254721    -0.042704
-0.076858    0.269602    -0.021005
-0.086453    0.229997    -0.01925
0.050003    0.362955    0.028371
-0.008293    0.392431    0.036469
0.071712    0.288377    0.020463
0.091633    0.204619    -0.023915
0.110628    0.126839    -0.013281
0.077932    0.264571    0.021457
0.111819    0.119541    0.016582
0.098586    0.178621    0.015616
0.105232    0.148939    0.01612
0.08234    0.21107    -0.042948
0.103884    0.137552    -0.034048
0.085434    0.146503    -0.064404
0.085815    0.137463    -0.067247
0.087433    0.124377    -0.06997
0.066997    0.042988    -0.103647
0.063369    0.098377    -0.097779
-0.072213    0.289058    0.017639
-0.060849    0.333749    0.000924
0.038267    -0.117849    -0.124536
0.050228    -0.054922    -0.119565
0.054613    -0.022399    -0.117741
0.011211    -0.04902    -0.12928
0.012894    -0.046347    -0.129058
0.015329    -0.073943    -0.128739
0.001873    -0.076201    -0.130512
-0.015077    -0.041053    -0.128737
-0.03339    -0.126288    -0.126362
-0.019407    -0.054324    -0.128175
-0.042224    -0.044178    -0.122785
-0.04812    -0.023564    -0.120351
-0.046682    -0.040555    -0.120946
-0.0582    0.126163    -0.095838
-0.067955    0.190285    -0.070229
-0.064773    0.195592    -0.071163
-0.07332    -0.007594    -0.106562
-0.059771    0.094276    -0.101061
-0.085494    -0.001503    -0.096298
-0.079164    0.187259    -0.05745
-0.089407    0.146883    -0.058998
-0.085122    0.225615    -0.027644
-0.087004    0.224656    -0.02368
-0.090731    0.211111    -0.019417
-0.091932    0.209751    -0.012709
0.053373    0.378415    0.036165
0.048718    0.372759    0.03731
-0.047571    0.359602    0.032465
0.115305    0.108283    -0.004686
0.11535    0.092067    -0.01976
0.125619    0.028378    -0.002264
0.076443    0.236362    0.042039
0.087494    0.211022    0.030459
0.102301    0.154321    0.027964
0.117683    0.08888    0.004998
0.120738    0.061697    0.007593
0.121191    0.054664    0.010801
0.11397    0.053618    -0.04289
0.109146    0.098753    -0.039911
0.120797    0.028333    -0.034595
0.102966    0.037239    -0.069066
0.095093    0.063383    -0.074007
0.074418    0.023582    -0.10098
0.073533    0.023888    -0.101613
0.089012    -0.010882    -0.095158
-0.064007    0.307676    0.023583
0.063336    -0.033534    -0.114128
0.055096    -0.114007    -0.117558
0.054378    -0.112373    -0.117856
0.032851    -0.140939    -0.126434
0.020253    -0.100209    -0.128092
0.029639    -0.046893    -0.126852
-0.005279    -0.039715    -0.13001
-0.015647    -0.080468    -0.128664
-0.027864    -0.128061    -0.127079
-0.005415    -0.100448    -0.129989
-0.041836    -0.054128    -0.122945
-0.042984    -0.12959    -0.12247
-0.037257    -0.047715    -0.124832
-0.069083    -0.03652    -0.110346
-0.0675    -0.023779    -0.111555
-0.065578    -0.016636    -0.113025
-0.08895    0.122523    -0.068563
-0.07631    0.183228    -0.06264
-0.087452    0.126304    -0.069117
-0.069034    0.090884    -0.0945
-0.088097    0.028174    -0.089682
-0.090734    -0.015595    -0.093776
-0.089015    -0.100513    -0.095107
-0.079947    -0.057429    -0.102038
-0.089017    -0.019002    -0.09509
-0.090667    0.172986    -0.045039
-0.100496    0.144379    -0.038108
-0.097447    0.183792    -0.015386
-0.102153    0.16462    -0.012605
-0.095009    0.191656    -0.020339
-0.094316    0.203403    0.005637
-0.113406    0.122026    0.000441
-0.083262    0.242225    0.021957
0.035834    0.370294    0.046125
-0.044306    0.337815    0.040724
0.113771    0.0951    -0.028881
0.123197    0.034587    -0.014769
0.121785    0.036073    -0.024087
0.070222    0.255545    0.043623
0.096805    0.131302    0.054632
0.079652    0.217235    0.045683
0.099317    0.150442    0.037403
0.118764    0.064129    0.020135
0.113956    0.091938    0.030119
0.119863    0.048062    0.026958
0.108006    0.05533    -0.056745
0.118687    -0.000609    -0.049079
0.112767    -0.004762    -0.06473
0.088072    0.071564    -0.081497
0.097605    -0.003875    -0.084435
0.109962    -0.004174    -0.068378
0.080918    -0.022704    -0.101403
0.06907    -0.026662    -0.110503
0.079035    -0.037158    -0.102854
0.067852    -0.036017    -0.111442
0.043149    -0.142975    -0.121315
-0.06352    -0.146886    -0.108347
-0.08985    0.109862    -0.071253
-0.097902    0.083212    -0.066197
-0.099763    0.004313    -0.079795
-0.096381    0.029035    -0.079173
-0.099798    -0.002174    -0.081065
-0.092602    0.063405    -0.077109
-0.095488    -0.130147    -0.088492
-0.096886    -0.071975    -0.086665
-0.094693    -0.043748    -0.089506
-0.119552    0.029506    -0.037103
-0.123363    0.005389    -0.03572
-0.105569    0.089764    -0.051291
-0.123458    0.036233    -0.011088
-0.119543    0.070859    -0.007959
-0.095903    0.188202    0.019694
-0.094251    0.193774    0.022669
-0.103473    0.151358    0.025506
-0.074515    0.275818    0.022942
-0.033878    0.382333    0.055025
-0.040095    0.374652    0.049463
-0.040463    0.363024    0.04106
0.055978    0.281049    0.052377
0.128333    -0.052399    -0.019237
0.130656    -0.085902    -0.001693
0.130324    -0.021147    -0.003993
0.061923    0.239723    0.060397
0.08371    0.175189    0.055986
0.07811    0.183312    0.06027
0.114966    0.069199    0.035323
0.114203    0.076129    0.03492
0.107463    0.10569    0.041594
0.129925    -0.033436    0.006974
0.129693    -0.05023    0.008772
0.127607    -0.027091    0.024342
0.118087    -0.025708    -0.053921
0.117889    -0.026536    -0.054403
0.125121    -0.107321    -0.037015
0.112555    -0.017831    -0.066397
0.109905    -0.085937    -0.069893
0.104969    -0.056181    -0.076314
0.087958    -0.086225    -0.096018
0.091657    -0.070696    -0.093172
0.080696    -0.090585    -0.101597
0.083666    -0.117005    -0.099325
-0.044441    -0.147549    -0.115785
-0.11391    0.035803    -0.048639
-0.116644    0.028619    -0.044383
-0.120557    0.010984    -0.040662
-0.101299    -0.033256    -0.080921
-0.100994    -0.026999    -0.081315
-0.111824    -0.082534    -0.067261
-0.121689    0.029646    -0.030531
-0.125941    -0.001588    -0.027931
-0.115976    0.076587    -0.029363
-0.129703    -0.008945    -0.006621
-0.114126    0.105656    0.01614
-0.115643    0.102153    0.007944
-0.090764    0.186404    0.037076
-0.099034    0.166899    0.028554
-0.080834    0.240675    0.028962
-0.014974    0.392431    0.05665
0.036074    0.314124    0.055608
-0.055532    0.284485    0.051284
-0.038964    0.331996    0.04648
0.04534    0.312248    0.049252
0.129001    -0.130901    -0.014425
0.126652    -0.09522    -0.032159
0.127686    -0.127443    -0.02441
0.046839    0.22675    0.076055
0.083153    0.145675    0.067573
0.096138    0.118304    0.060771
0.123639    0.000715    0.036563
0.1123    0.046798    0.048966
0.107727    0.048424    0.059434
0.107463    0.045217    0.061102
0.126369    -0.13166    0.03387
0.12813    -0.137434    0.020717
0.12864    -0.120951    0.016868
0.114086    -0.064016    -0.063632
0.116    -0.122269    -0.059069
0.118488    -0.081984    -0.053015
0.102067    -0.101396    -0.080126
0.093945    -0.08157    -0.090707
0.097436    -0.075748    -0.086151
0.088763    -0.142727    -0.094305
-0.056857    -0.151235    -0.107871
-0.124443    -0.110887    -0.038503
-0.12017    -0.019086    -0.048696
-0.125161    -0.101579    -0.036769
-0.117688    -0.113172    -0.054729
-0.116421    -0.080702    -0.057752
-0.116158    -0.088217    -0.058388
-0.105517    -0.146693    -0.067649
-0.130139    -0.041631    -0.005402
-0.128108    -0.019061    -0.020557
-0.129367    -0.093821    -0.011367
-0.115096    0.083798    0.02955
-0.118668    0.06631    0.019028
-0.12615    0.008316    0.017303
-0.097488    0.152861    0.040515
-0.087873    0.186159    0.044201
-0.098754    0.148214    0.040184
0.017724    0.381458    0.062175
0.022309    0.354538    0.053726
0.026891    0.294208    0.067014
-0.043296    0.313005    0.050549
-0.022351    0.280711    0.073432
-0.02253    0.301548    0.066388
0.127973    -0.142765    -0.015199
0.051853    0.19383    0.081542
0.057386    0.164943    0.085486
0.062123    0.192615    0.074033
0.06839    0.182819    0.072009
0.097944    0.093987    0.063954
0.100224    0.049488    0.070027
0.097978    0.07459    0.067849
0.12222    -0.097427    0.043833
0.123167    -0.09232    0.041552
0.122635    -0.029855    0.042779
0.110914    -0.141857    -0.068551
0.009581    -0.154231    -0.119852
-0.07298    -0.159133    -0.092486
-0.126602    -0.025574    -0.031868
-0.12785    -0.106527    -0.022737
-0.128619    -0.125077    -0.017042
-0.100742    -0.150285    -0.068965
-0.127632    -0.02956    0.024485
-0.129885    -0.085562    0.00755
-0.127129    -0.014085    0.028258
-0.10593    0.108713    0.04445
-0.124476    0.002587    0.034056
-0.114882    0.045719    0.043249
-0.085928    0.161568    0.0582
-0.058289    0.263694    0.056123
0.01102    0.38691    0.063308
0.007132    0.349567    0.058276
0.028479    0.268096    0.074048
-0.042914    0.255365    0.070815
-0.034787    0.278528    0.068868
-0.006118    0.296812    0.071203
0.036732    0.241717    0.077216
0.050129    0.129294    0.099141
0.043566    0.183784    0.088589
0.076279    0.101033    0.087373
0.084064    0.052223    0.089021
0.078268    0.071225    0.090496
0.092284    0.021332    0.08606
0.090377    0.056142    0.081474
0.09111    0.019505    0.087956
0.118966    -0.091484    0.051645
0.113217    -0.024245    0.065412
0.116738    -0.111563    0.057006
0.124734    -0.147978    0.000908
-0.021878    -0.160082    -0.116314
-0.128532    -0.131308    0.017994
-0.12814    -0.101132    0.020874
-0.126601    -0.095151    0.032551
-0.126667    -0.102559    0.032072
-0.107868    0.054893    0.057221
-0.109533    0.036091    0.059294
-0.115726    0.037435    0.043896
-0.086844    0.138116    0.065664
-0.075115    0.174036    0.067693
-0.057624    0.227455    0.067657
-0.008293    0.384396    0.063666
0.004765    0.354238    0.058123
0.015204    0.252939    0.081508
-0.001586    0.314815    0.066181
-0.026892    0.23456    0.083105
-0.017808    0.261582    0.079167
-0.008426    0.269578    0.078543
0.042496    0.224633    0.079089
0.028383    0.181836    0.095325
0.050807    0.080313    0.107016
0.054715    0.048369    0.109679
0.045102    0.111953    0.105135
0.074135    0.031663    0.099823
0.062331    0.050114    0.105981
0.083294    -0.010143    0.099327
0.11058    -0.1178    0.068892
0.105586    -0.077027    0.075367
0.110076    -0.027124    0.069513
0.12258    -0.146756    0.025859
0.061872    -0.159943    -0.101439
-0.116414    -0.150325    -0.037629
-0.117752    -0.027034    0.054733
-0.120343    -0.016099    0.04846
-0.119837    -0.042332    0.049712
-0.097505    0.081348    0.067201
-0.09702    0.08654    0.066775
-0.098601    0.099956    0.06198
-0.063137    0.184075    0.075739
-0.066686    0.15354    0.081671
-0.056862    0.125782    0.097081
-0.060298    0.183741    0.078012
0.003869    0.244834    0.084865
0.015002    0.207334    0.092025
0.019884    0.222441    0.08796
-0.026414    0.198694    0.092093
-0.031204    0.142525    0.103802
-0.01192    0.18429    0.097679
-0.009706    0.192158    0.096182
0.043153    0.015421    0.118857
0.04868    0.020034    0.11596
0.049617    0.014561    0.116306
0.088735    -0.061682    0.095314
0.085522    -0.102734    0.09778
0.073584    -0.051043    0.106906
0.090234    -0.117344    0.094177
0.094764    -0.139116    0.089433
0.104498    -0.117382    0.07679
0.094629    -0.046222    0.089591
0.119196    -0.15044    -0.029167
-0.111518    -0.161428    -0.044471
-0.119963    -0.135496    0.049507
-0.117025    -0.052352    0.056517
-0.121072    -0.109664    0.046802
-0.0887    0.077188    0.079533
-0.08534    0.071844    0.085003
-0.096635    0.00997    0.082879
-0.089484    0.029128    0.088301
-0.078953    0.101606    0.085308
-0.067607    0.017095    0.107224
-0.044315    0.18367    0.088345
-0.048357    0.178346    0.087967
-0.049497    0.133985    0.098302
0.020428    0.141747    0.10621
0.020733    0.135404    0.10761
-0.021479    0.201919    0.092417
-0.017926    0.140958    0.10673
-0.010598    0.127047    0.110854
0.019197    0.043363    0.121412
0.018665    0.097352    0.114746
0.026342    0.095432    0.113987
0.060325    -0.116644    0.115325
0.050971    -0.025581    0.119176
0.052745    -0.082584    0.118449
0.070867    -0.082196    0.108984
0.068723    -0.108346    0.110623
0.069719    -0.053902    0.10986
0.102683    -0.157961    0.060608
-0.085262    -0.161855    -0.084544
-0.108869    -0.147391    0.062078
-0.107851    -0.070646    0.072564
-0.109608    -0.012932    0.070238
-0.102213    -0.066649    0.079916
-0.0807    0.050961    0.091879
-0.08441    0.035267    0.091482
-0.085464    0.002351    0.095816
-0.047955    0.060845    0.11086
-0.058705    0.084949    0.103173
-0.053561    0.001937    0.116434
-0.045132    0.055933    0.112689
-0.047651    0.076443    0.108896
-0.042358    0.075093    0.11127
-0.007747    0.099848    0.11589
-0.003746    0.103924    0.115909
-0.002988    0.073153    0.119849
0.003178    0.033693    0.1247
0.002284    0.04927    0.122873
0.013185    0.004417    0.12705
0.056169    -0.118436    0.117038
0.044056    -0.112241    0.122029
0.049386    -0.11774    0.119833
0.095541    -0.156054    0.071327
0.059346    -0.162847    -0.103949
-0.088054    -0.149147    0.086629
-0.097066    -0.048426    0.086618
-0.108093    -0.114278    0.072273
-0.096961    -0.11549    0.086794
-0.073099    -0.011457    0.107404
-0.066855    -0.116033    0.112235
-0.070075    -0.020174    0.109729
-0.037662    -0.038598    0.124772
-0.038116    -0.123878    0.1246
-0.051065    -0.05886    0.119219
-0.022827    0.049345    0.120207
-0.013256    0.005342    0.12696
-0.028306    -0.001684    0.125854
-0.022672    -0.008456    0.127441
0.007922    -0.030875    0.129667
0.029555    -0.052418    0.126856
0.005414    -0.013246    0.129991
0.115011    -0.159706    0.027819
-0.114664    -0.162404    0.023802
-0.093278    -0.141942    0.091431
-0.087146    -0.071308    0.096637
-0.089514    -0.098132    0.094827
-0.086874    -0.107681    0.096858
-0.061602    -0.141455    0.114867
-0.065063    -0.109682    0.113426
-0.063558    -0.097658    0.114047
-0.026521    -0.056328    0.127263
-0.014799    -0.134606    0.128812
-0.029457    -0.08095    0.126877
-0.019463    -0.050408    0.128193
-0.014107    -0.043882    0.128898
-0.002494    -0.043267    0.130429
-0.01354    -0.050378    0.128973
0.009152    -0.07456    0.129506
0.002302    -0.040615    0.130395
0.00386    -0.123671    0.130189
0.090556    -0.160755    0.078695
0.069281    -0.165678    -0.095027
-0.035024    -0.165369    -0.113087
-0.116126    -0.163648    0.003089
-0.091695    -0.157309    0.075588
0.030509    -0.144178    0.124422
0.114094    -0.166638    -0.026544
0.044033    -0.171244    -0.11626
-0.066632    -0.172025    -0.105517
-0.115858    -0.166246    -0.009382
-0.053045    -0.14853    0.111274
0.089179    -0.162309    0.077685
0.118824    -0.2941    -0.034308
0.117827    -0.295256    -0.036793
0.118719    -0.264385    -0.034534
0.114365    -0.203017    -0.045309
0.099879    -0.272935    -0.073251
0.10479    -0.267146    -0.066641
0.098339    -0.211094    -0.075282
0.095921    -0.232904    -0.078548
0.09303    -0.206504    -0.082421
0.066856    -0.273177    -0.106261
0.072299    -0.194955    -0.101921
0.064353    -0.184381    -0.108209
0.065591    -0.299391    -0.107273
0.036034    -0.173648    -0.121201
0.039288    -0.275556    -0.11983
0.048826    -0.237433    -0.115745
0.039979    -0.263763    -0.119533
0.007946    -0.238421    -0.126141
0.006201    -0.285933    -0.126381
0.004411    -0.195683    -0.126618
0.011466    -0.249021    -0.125663
-0.041334    -0.206721    -0.118812
-0.056111    -0.312646    -0.112548
-0.056585    -0.200604    -0.112336
-0.060995    -0.314696    -0.110475
-0.055341    -0.199127    -0.112864
-0.021943    -0.204254    -0.12421
-0.021787    -0.215528    -0.124232
-0.020949    -0.179743    -0.124341
-0.009753    -0.195157    -0.125835
-0.080264    -0.248168    -0.095474
-0.082326    -0.180372    -0.093836
-0.069038    -0.20994    -0.104312
-0.083907    -0.204426    -0.092595
-0.101875    -0.242637    -0.070343
-0.09406    -0.219036    -0.080792
-0.104327    -0.322206    -0.067093
-0.103419    -0.262243    -0.068285
-0.116698    -0.286439    -0.039363
-0.115852    -0.229049    -0.041403
-0.117108    -0.28088    -0.038344
-0.118129    -0.210828    -0.035753
-0.115753    -0.228027    -0.041646
-0.122724    -0.185539    -0.006197
-0.123491    -0.205418    -0.000371
-0.122547    -0.286013    -0.007928
-0.120909    -0.187955    -0.020163
-0.105133    -0.164698    0.04673
-0.00173    -0.158592    0.118909
0.121956    -0.25484    -0.012599
0.123549    -0.289212    -0.000237
0.121654    -0.264963    -0.015
0.123273    -0.312817    -0.002486
0.122803    -0.300775    -0.006128
0.110353    -0.301758    -0.055422
0.107417    -0.340762    -0.062784
0.111776    -0.325106    -0.051904
0.112634    -0.25886    -0.049689
0.11984    -0.325931    -0.029445
0.119711    -0.191184    -0.029961
0.120002    -0.296682    -0.028072
0.120977    -0.304116    -0.020453
0.12021    -0.228522    -0.026185
0.092131    -0.237749    -0.083649
0.087773    -0.176294    -0.089472
0.092615    -0.2865    -0.08303
0.098642    -0.304603    -0.074934
0.073816    -0.348274    -0.100777
0.078304    -0.352913    -0.097225
0.079768    -0.305818    -0.096047
0.08228    -0.240499    -0.094034
0.056787    -0.247901    -0.112344
0.055671    -0.33529    -0.112839
0.041264    -0.348647    -0.119001
0.048988    -0.349652    -0.115699
0.025102    -0.257907    -0.123811
0.030748    -0.213675    -0.123041
0.019047    -0.34839    -0.12464
0.025561    -0.3469    -0.123755
0.014818    -0.3145    -0.125212
-0.01908    -0.319475    -0.124595
-0.005173    -0.286336    -0.126441
-0.011958    -0.314612    -0.12554
-0.015067    -0.284074    -0.125129
-0.037077    -0.268955    -0.120618
-0.035494    -0.328735    -0.121287
-0.041013    -0.232555    -0.118951
-0.036331    -0.217165    -0.120935
-0.084832    -0.344114    -0.091892
-0.074448    -0.322905    -0.100062
-0.070698    -0.244255    -0.10301
-0.06683    -0.216144    -0.106053
-0.102833    -0.32404    -0.069092
-0.092769    -0.242574    -0.082525
-0.102193    -0.311657    -0.069945
-0.098855    -0.327939    -0.074408
-0.102638    -0.317913    -0.069351
-0.112434    -0.296736    -0.049909
-0.110926    -0.347849    -0.053662
-0.108261    -0.261218    -0.060192
-0.107992    -0.309559    -0.060884
-0.120349    -0.282589    -0.024748
-0.119984    -0.242504    -0.027431
-0.119742    -0.201173    -0.029173
-0.12039    -0.231871    -0.024298
-0.121046    -0.222393    0.01961
-0.121332    -0.236743    0.017422
-0.121325    -0.223912    0.017427
-0.122688    -0.296466    0.007012
-0.121791    -0.174833    0.013596
-0.068255    -0.160055    0.09683
0.109145    -0.16456    0.036906
0.122147    -0.17762    0.010606
0.121361    -0.209333    0.016761
0.123301    -0.261361    0.002041
0.122363    -0.250589    0.009209
0.126646    -0.377053    -0.035285
0.124384    -0.363443    -0.019051
0.089208    -0.353958    -0.087721
0.065128    -0.359377    -0.109805
0.008016    -0.365598    -0.129602
-0.02476    -0.358293    -0.125147
-0.042434    -0.354712    -0.11862
-0.080829    -0.358427    -0.096816
-0.1186    -0.358822    -0.03907
-0.120704    -0.355491    -0.02648
-0.11975    -0.330293    0.030171
-0.120932    -0.314731    0.020846
-0.120693    -0.279391    0.022589
-0.120114    -0.34237    0.027358
-0.105138    -0.1699    0.061035
0.104132    -0.166305    0.053269
0.120649    -0.242998    0.022346
0.121478    -0.298423    0.016155
0.120286    -0.254862    0.025155
0.120044    -0.307283    0.027145
0.131007    -0.379999    -0.010314
0.113159    -0.367837    -0.06069
0.13033    -0.377443    0.008775
0.091539    -0.365816    -0.090837
0.070647    -0.383813    -0.114925
0.06363    -0.378049    -0.117343
-0.009024    -0.380138    -0.133687
-0.059544    -0.361732    -0.113651
-0.082663    -0.384939    -0.105753
-0.110396    -0.386021    -0.076069
-0.124369    -0.386051    -0.048393
-0.12824    -0.379509    -0.029787
-0.117015    -0.28997    0.038809
-0.11856    -0.25009    0.034912
-0.11155    -0.227033    0.052352
-0.117267    -0.310812    0.038206
-0.110091    -0.204671    0.055962
0.022591    -0.163655    0.116687
0.071791    -0.168594    0.096811
0.114507    -0.20525    0.044708
0.117693    -0.255849    0.036873
0.115285    -0.270657    0.042845
0.117243    -0.187781    0.037923
0.134172    -0.409923    -0.001882
0.125374    -0.400419    -0.046405
0.120836    -0.357478    0.030512
0.077126    -0.401009    -0.110819
0.038328    -0.387845    -0.130718
0.000535    -0.415356    -0.136732
-0.018066    -0.395105    -0.134323
-0.060478    -0.389293    -0.121246
-0.082538    -0.397871    -0.106368
-0.103692    -0.399048    -0.085047
-0.134274    -0.393349    -0.001007
-0.128219    -0.378568    0.028245
-0.113522    -0.280621    0.047503
-0.111024    -0.343147    0.053799
-0.112091    -0.286391    0.051075
-0.113526    -0.292431    0.047507
-0.108197    -0.212475    0.060689
0.097556    -0.227798    0.076117
0.09702    -0.199596    0.076822
0.094376    -0.178356    0.080353
0.100659    -0.207038    0.071955
0.104684    -0.240734    0.066584
0.080053    -0.179744    0.095627
0.078788    -0.175516    0.096623
0.086422    -0.294699    0.09063
0.072403    -0.216243    0.101662
0.111723    -0.261874    0.051642
0.10944    -0.279927    0.05729
0.107138    -0.280484    0.062977
0.112153    -0.273726    0.050587
0.134023    -0.418241    -0.003066
0.133571    -0.406442    0.006377
0.118387    -0.399774    -0.063619
0.118965    -0.360991    0.040059
0.106309    -0.40988    -0.081876
0.081805    -0.404948    -0.107156
0.056674    -0.420326    -0.122969
-0.00256    -0.411441    -0.136358
-0.058821    -0.414434    -0.121942
-0.072208    -0.399435    -0.114406
-0.095797    -0.405576    -0.095481
-0.117856    -0.393022    -0.064464
-0.132306    -0.40768    -0.015958
-0.134359    -0.392044    0.000365
-0.101551    -0.230034    0.070974
-0.090837    -0.179781    0.085353
-0.095159    -0.242695    0.079579
-0.104717    -0.301781    0.066761
-0.103419    -0.291813    0.068501
0.088313    -0.187286    0.088469
0.100009    -0.30348    0.072861
0.096466    -0.324623    0.077601
0.098922    -0.345478    0.074322
0.093893    -0.27893    0.08103
0.049262    -0.186214    0.115444
0.043527    -0.23956    0.117884
0.0479    -0.178842    0.116021
0.043225    -0.210239    0.118009
0.068438    -0.301275    0.104789
0.063579    -0.286639    0.108612
0.068106    -0.291634    0.10505
0.071408    -0.283097    0.102452
0.130188    -0.421615    -0.029734
0.130187    -0.398849    0.03197
0.121619    -0.420746    -0.055403
0.12385    -0.385415    0.049118
0.105126    -0.438142    -0.073571
0.090574    -0.421117    -0.100007
0.023269    -0.42369    -0.132559
-0.0155    -0.421589    -0.134274
-0.064092    -0.424562    -0.118208
-0.081885    -0.434191    -0.100969
-0.108885    -0.423409    -0.076539
-0.123323    -0.438878    -0.034949
-0.128708    -0.42814    -0.023736
-0.12225    -0.379997    0.048732
-0.088714    -0.21979    0.088234
-0.095799    -0.306545    0.078759
-0.091011    -0.339514    0.085221
-0.096484    -0.340262    0.07786
-0.098124    -0.328063    0.075646
0.001267    -0.172266    0.126643
0.038596    -0.281113    0.119973
0.041304    -0.28548    0.118825
0.044938    -0.303725    0.117284
0.033266    -0.263852    0.122232
0.046659    -0.283262    0.116556
0.130023    -0.425533    0.020369
0.12601    -0.40271    0.044556
0.128445    -0.427423    -0.028228
0.114172    -0.441135    -0.055708
0.098284    -0.430774    -0.086785
0.035607    -0.432351    -0.127445
0.009841    -0.440128    -0.12864
-0.019104    -0.445847    -0.125358
-0.037765    -0.429372    -0.127452
-0.099648    -0.444117    -0.077215
-0.116164    -0.43722    -0.053873
-0.123673    -0.44198    -0.02684
-0.1295    -0.433332    0.004734
-0.124993    -0.393553    0.047338
-0.079612    -0.24248    0.096147
-0.078429    -0.34743    0.097124
-0.087191    -0.20075    0.090129
-0.063019    -0.352083    0.109329
-0.083442    -0.272087    0.093125
-0.062343    -0.185915    0.109802
-0.064916    -0.303557    0.107809
-0.062321    -0.310916    0.109866
-0.071791    -0.190017    0.102321
-0.004107    -0.169061    0.122825
0.006962    -0.18094    0.126206
0.024749    -0.222442    0.123837
0.010845    -0.222483    0.125691
0.004179    -0.181143    0.126578
0.105774    -0.377435    0.077713
0.049031    -0.368608    0.120294
0.047124    -0.376306    0.123599
0.116915    -0.410723    0.06677
0.100782    -0.461029    -0.015804
0.101751    -0.457073    -0.047388
0.09558    -0.453665    -0.074529
0.046928    -0.465617    -0.078219
0.03305    -0.455155    -0.114338
0.017385    -0.456936    -0.112322
-0.001961    -0.460069    -0.105906
-0.029292    -0.461622    -0.097191
-0.067151    -0.454533    -0.098831
-0.060066    -0.458289    -0.091927
-0.08858    -0.457312    -0.06793
-0.085183    -0.463045    -0.047409
-0.108869    -0.457915    -0.013848
-0.098883    -0.380438    0.088705
-0.070809    -0.355246    0.103705
-0.04038    -0.328568    0.119374
-0.038944    -0.313241    0.119985
-0.048091    -0.275689    0.116067
-0.037653    -0.321793    0.120539
-0.037512    -0.208417    0.120576
-0.040668    -0.272178    0.11924
-0.038442    -0.305125    0.120198
-0.044584    -0.237594    0.117559
-0.037139    -0.224479    0.120739
-0.002835    -0.32196    0.126841
-0.015647    -0.245462    0.125095
-0.015909    -0.231202    0.125058
-0.001553    -0.336974    0.127016
0.00363    -0.270763    0.126647
0.001634    -0.256983    0.126913
0.030107    -0.351357    0.123129
0.0113    -0.252273    0.12563
0.111328    -0.406005    0.074958
0.026733    -0.377365    0.130541
0.059901    -0.402685    0.121489
0.082553    -0.402897    0.106358
0.119312    -0.435651    0.047574
0.091289    -0.463662    -0.028911
0.071953    -0.464874    -0.058044
0.031104    -0.468426    -0.077194
0.019931    -0.460434    -0.10261
-0.051987    -0.46028    -0.091611
-0.065511    -0.460313    -0.081004
-0.093216    -0.462262    -0.033183
-0.123047    -0.44204    0.032235
-0.127214    -0.425038    0.037823
-0.108649    -0.39763    0.078757
-0.091101    -0.37544    0.095619
-0.061076    -0.364952    0.11415
-0.021771    -0.296992    0.124266
-0.030607    -0.346521    0.123069
-0.032048    -0.203154    0.122864
-0.028963    -0.202496    0.123283
-0.019493    -0.263229    0.124574
0.108819    -0.417389    0.078277
0.016884    -0.391156    0.134478
0.057575    -0.418249    0.122464
0.069643    -0.394509    0.116402
0.115895    -0.455536    0.006414
0.114746    -0.428852    0.064674
0.067231    -0.468449    -0.04026
0.053827    -0.468459    -0.054488
-0.059824    -0.468454    -0.056579
-0.060027    -0.468454    -0.042636
-0.115936    -0.454594    0.024845
-0.117052    -0.446684    0.043717
-0.112946    -0.416839    0.073053
-0.07227    -0.401294    0.114621
-0.057138    -0.395936    0.122768
-0.026056    -0.363422    0.126516
0.103322    -0.429829    0.08032
0.000925    -0.419204    0.136572
0.05703    -0.432037    0.11839
0.076082    -0.430222    0.107193
0.094667    -0.462243    0.029848
0.099643    -0.456399    0.056611
0.039141    -0.468469    -0.003501
0.066219    -0.46845    -0.017188
0.05225    -0.468459    -0.035138
0.013715    -0.468487    -0.053472
0.045312    -0.468464    -0.015739
0.009707    -0.468489    -0.024022
-0.05652    -0.468456    -0.035642
-0.05665    -0.468456    -0.034905
-0.087529    -0.465334    0.026948
-0.112442    -0.454203    0.040411
-0.107692    -0.429374    0.075054
-0.090618    -0.419595    0.10026
-0.06181    -0.40715    0.120795
-0.016891    -0.393663    0.134533
0.096862    -0.449688    0.077782
0.02847    -0.437139    0.127161
0.041108    -0.433211    0.124624
0.069409    -0.430936    0.11207
0.043752    -0.468465    0.023268
0.072054    -0.467099    0.0483
0.038678    -0.468469    0.002684
-0.062684    -0.468452    -0.002123
-0.066176    -0.468449    -0.015203
-0.015561    -0.468485    -0.054584
-0.026028    -0.468478    -0.046625
-0.037297    -0.46847    -0.019167
-0.033972    -0.468472    0.006771
-0.066151    -0.46845    0.035488
-0.060884    -0.468453    0.034048
-0.096838    -0.450899    0.077448
-0.082893    -0.443429    0.096406
-0.055224    -0.444306    0.114708
-0.001442    -0.444186    0.128354
0.074428    -0.463099    0.061961
-3e-05    -0.430886    0.133073
0.040153    -0.454635    0.112645
0.046981    -0.466304    0.075604
0.04683    -0.468463    0.027246
-0.033174    -0.468473    0.026844
-0.069914    -0.463517    0.066525
-0.070477    -0.444007    0.105864
-0.041993    -0.444048    0.120388
-0.008578    -0.447456    0.126255
0.014788    -0.460468    0.103145
0.048937    -0.462539    0.086445
0.009645    -0.464509    0.093001
0.037712    -0.46847    0.060818
-0.019793    -0.468483    0.020456
-0.082099    -0.455518    0.084161
-0.061546    -0.458658    0.089822
-0.027456    -0.465055    0.088337
-0.010999    -0.461995    0.099631
0.032555    -0.468473    0.061759
0.033834    -0.468472    0.063593
0.001873    -0.468494    0.014896
-0.040431    -0.468468    0.071359
-0.034439    -0.465852    0.083136
-0.020229    -0.46109    0.100814
-0.001677    -0.468495    0.015718
-0.02714    0.408386    0.04541
-0.036186    0.452491    0.02867
-0.013244    0.442897    0.052314
-0.006878    0.455044    0.024894
-0.046539    0.416012    0.025087
-0.01333    0.395788    0.052277
-0.005493    0.455044    0.043478
-0.007861    0.393321    0.054171
0.000742    0.455044    0.019613
0.011981    0.455044    0.014576
-0.048986    0.429635    0.019478
0.022972    0.455044    0.023702
0.018638    0.455044    -0.015445
0.006614    0.453662    0.046002
-0.051369    0.450191    0.000733
-0.053997    0.43221    0.002337
-0.024512    0.455044    -0.014609
0.011291    0.455044    -0.041273
0.021278    0.450957    0.044617
-0.021072    0.455044    -0.034704
0.02905    0.453016    0.035125
-0.053707    0.40725    -0.004578
-0.035245    0.450305    -0.035229
0.035228    0.45481    0.024327
-0.001566    0.420929    -0.055015
-0.036531    0.448478    -0.037766
0.044098    0.434158    0.028325
0.013158    0.438694    -0.05235
0.002612    0.42556    -0.054875
-0.019194    0.425361    -0.049805
0.043028    0.407262    0.029744
-0.024982    0.430543    -0.047096
0.048268    0.418025    0.021243
0.028551    0.43329    -0.044308
0.044462    0.41403    -0.027842
-0.031307    0.409729    -0.042155
0.052748    0.415684    0.010233
0.025384    0.395918    -0.046782
0.040399    0.39253    -0.033233
0.053857    0.40192    0.003416
0.051902    0.430404    -0.012313
