0.016952    0.345334    -0.017229
0.027231    0.345334    0.015923
0.013405    0.345334    0.028058
0.009543    0.345334    0.007571
-0.001998    0.345334    0.025653
-0.002908    0.345334    0.003286
-0.016062    0.345334    0.015145
-0.030494    0.345334    -0.020723
0.127134    -0.48217    -0.001428
0.127179    -0.511747    -0.000743
0.126873    -0.213199    -0.005419
0.126916    -0.187089    -0.004762
0.126641    -0.546805    -0.008958
0.126703    -0.390893    -0.008018
0.126889    -0.366035    -0.005173
0.1272    -0.122997    -0.000429
0.126398    -0.422848    0.012672
0.126311    -0.37961    0.013999
0.126607    -0.5079    0.009479
0.126315    -0.488769    0.013933
0.126697    -0.530147    0.008104
0.126378    -0.24228    0.01297
0.126643    -0.423586    0.008935
0.125863    -0.360734    -0.017998
0.126086    -0.439284    -0.01688
0.124951    -0.560177    -0.022584
0.125512    -0.566301    -0.019761
0.123135    -0.566515    -0.031713
0.123303    -0.52372    -0.030868
0.125757    -0.10035    -0.018534
0.12336    -0.569242    -0.030584
0.126663    -0.222032    -0.008623
0.126169    -0.42596    -0.016164
0.126194    -0.143586    -0.015775
0.126157    -0.017556    -0.016347
0.126527    -0.073567    -0.010695
0.126271    -0.185435    -0.014603
0.126355    -0.042187    -0.013319
0.126588    -0.326005    -0.009771
0.127197    -0.324265    0.000467
0.126761    -0.270381    0.007134
0.126482    -0.060088    0.011382
0.126667    -0.214918    0.00856
0.126517    -0.137719    0.010848
0.127167    -0.508593    0.000924
0.126914    -0.323771    0.004794
0.125656    -0.207073    0.019039
0.124213    -0.007343    0.026293
0.125251    -0.40069    0.021075
0.125185    -0.095811    0.02141
0.126129    -0.278416    0.016661
0.125543    -0.202626    0.019606
0.126042    -0.282054    0.0171
0.124793    -0.067616    0.02338
0.123357    -0.436816    0.030597
0.124406    -0.318725    0.025322
0.123251    -0.254413    0.03113
0.123208    -0.468623    0.031348
0.123094    -0.052168    0.031921
0.124579    -0.454015    0.024455
0.12311    -0.198031    0.031836
0.123291    -0.580305    0.03093
0.124304    -0.005387    -0.025836
0.123669    -0.065092    -0.029028
0.125377    -0.084391    -0.020443
0.123202    -0.363294    -0.031373
0.124622    -0.070878    -0.024236
0.123451    -0.187289    -0.030126
0.123153    -0.39455    -0.031623
0.122338    0.013476    -0.008059
0.121422    -0.250216    0.037264
0.12281    -0.015234    0.033172
0.122413    -0.503164    0.034342
0.122517    -0.236387    0.034036
0.121035    -0.34928    0.038404
0.118701    -0.105933    0.04528
0.122801    -0.365933    0.033199
0.122055    -0.323859    0.035397
0.119177    -0.533912    -0.043878
0.120665    -0.323918    -0.039493
0.118958    -0.456876    -0.044524
0.119767    -0.555396    -0.04214
0.122723    -0.408247    -0.033431
0.120081    -0.487768    -0.041214
0.119888    -0.500871    -0.041783
0.122398    -0.293669    -0.034386
0.114802    0.026682    -0.004573
0.11543    0.022208    0.021878
0.120916    -0.555569    0.038754
0.119497    -0.306731    0.042934
0.11836    -0.431177    0.046284
0.119438    -0.459668    0.043108
0.120564    -0.35773    0.03979
0.117773    -0.388984    0.048012
0.120209    -0.483992    0.040837
0.11997    0.009388    0.035462
0.119315    -0.138144    -0.043471
0.117806    -0.193019    -0.047915
0.118561    -0.322694    -0.045692
0.119441    -0.241042    -0.0431
0.119081    -0.28419    -0.044159
0.11909    -0.100573    -0.044134
0.118248    -0.327557    -0.046614
0.120582    -0.228256    -0.039736
0.11088    0.029864    -0.003172
0.104382    0.032771    0.02244
0.117362    -0.224771    0.049058
0.116181    -0.419249    0.051452
0.11629    -0.026528    0.051231
0.11421    -0.298132    0.055449
0.114372    -0.033344    0.055121
0.11614    -0.448319    0.051535
0.116439    -0.280299    0.050929
0.112741    -0.040717    0.058427
0.110812    -0.587674    0.027895
0.114592    -0.358159    -0.054674
0.11492    -0.262931    -0.054008
0.117285    -0.315356    -0.049212
0.112756    -0.534309    -0.058397
0.115887    -0.274107    -0.052048
0.116456    -0.210061    -0.050894
0.115327    -0.391031    -0.053184
0.114515    -0.488091    -0.05483
0.096113    0.040054    -0.008944
0.086344    0.046295    0.01545
0.112738    -0.356037    0.058434
0.11066    -0.238105    0.062646
0.11039    -0.544549    0.063195
0.110895    -0.424836    0.06217
0.113575    -0.542411    0.056737
0.111872    -0.374084    0.06019
0.112862    -0.310412    0.058181
0.114235    -0.377148    0.055397
0.105732    -0.587674    -0.048637
0.111153    -0.492859    -0.061648
0.111876    -0.45105    -0.060182
0.110766    -0.137865    -0.062431
0.111662    -0.050085    -0.060616
0.111142    -0.488625    -0.06167
0.111274    -0.375626    -0.061401
0.114105    -0.270798    -0.055662
0.110932    -0.475287    -0.062095
0.065816    0.061801    -0.002706
0.07956    0.050394    0.019954
0.107899    -0.428013    0.067033
0.108138    -0.356086    0.066674
0.10558    -0.037242    0.070504
0.101914    -0.041732    0.075989
0.110095    -0.396525    0.063745
0.106636    -0.290199    0.068922
0.109679    -0.326005    0.064369
0.108934    -0.498878    0.065484
0.104488    -0.587674    0.029487
0.104793    -0.415373    -0.071681
0.103326    -0.478458    -0.073876
0.105898    -0.368324    -0.070027
0.109579    -0.149518    -0.064518
0.108636    -0.327121    -0.06593
0.105853    -0.395324    -0.070094
0.109067    -0.223557    -0.065284
0.107456    -0.34149    -0.067695
0.099592    0.03135    -0.043939
0.075133    0.054893    0.009372
0.101026    -0.392411    0.077319
0.102333    -0.488477    0.075363
0.104785    -0.331503    0.071694
0.103384    -0.338482    0.07379
0.104054    -0.557387    0.072787
0.101857    -0.175209    0.076074
0.103984    -0.232821    0.072892
0.101322    -0.107648    0.076877
0.07537    0.050484    0.032105
0.098759    -0.587674    -0.001954
0.105373    -0.177395    -0.070813
0.106626    -0.000593    -0.068937
0.103416    -0.113608    -0.073742
0.106274    -0.185789    -0.069464
0.106207    -0.223227    -0.069565
0.105438    -0.196233    -0.070716
0.103983    -0.384295    -0.072894
0.105355    -0.277517    -0.07084
0.051938    0.07393    -0.006663
0.098214    -0.220941    0.080557
0.100168    -0.436548    0.078329
0.092172    -0.102581    0.087446
0.091783    -0.049561    0.08789
0.095021    -0.241262    0.084198
0.09246    -0.039126    0.087118
0.097633    -0.170067    0.081219
0.096308    -0.097703    0.08273
0.048884    0.06909    0.026542
0.090407    -0.587674    0.082585
0.099478    -0.43618    -0.079116
0.096936    -0.409019    -0.082014
0.09459    -0.53976    -0.084689
0.099799    -0.193509    -0.078749
0.100196    -0.213627    -0.078296
0.095719    -0.55009    -0.083402
0.098869    -0.343215    -0.07981
0.099342    -0.409426    -0.07927
0.075538    0.050179    -0.032737
0.04784    0.077859    0.014484
0.093281    -0.354185    0.086182
0.099174    -0.528618    0.079462
0.095081    -0.272735    0.084129
0.092105    -0.476089    0.087523
0.093693    -0.477794    0.085712
0.093731    -0.290437    0.085668
0.091579    -0.204491    0.088122
0.088256    0.018162    0.081142
0.084502    -0.587674    -0.021441
0.084328    -0.587674    -0.037801
0.092448    -0.008097    -0.087132
0.095075    -0.100494    -0.084136
0.095925    -0.001026    -0.083167
0.090394    -0.377435    -0.089474
0.097398    -0.009473    -0.081487
0.098544    -0.084356    -0.080181
0.093895    -0.265602    -0.085481
0.092217    -0.419926    -0.087395
0.05928    0.061608    -0.029293
0.042256    0.208574    -0.002336
0.042004    0.279591    -0.005745
0.040852    0.27935    -0.011309
0.042197    0.213554    0.003238
0.04182    0.142043    0.006674
0.039663    0.258419    0.014809
0.037406    0.238411    0.01983
0.080541    -0.567368    0.098228
0.087564    -0.121386    0.092068
0.083719    -0.293308    0.095441
0.087495    -0.184057    0.09213
0.084629    -0.318359    0.094643
0.086943    -0.474451    0.092613
0.082603    -0.574143    0.09642
0.089852    -0.307605    0.090062
0.067553    0.045368    0.05796
0.079549    -0.587674    0.023172
0.080384    -0.587674    -0.055472
0.087274    -0.503048    -0.092323
0.087514    -0.483485    -0.092113
0.083035    -0.446907    -0.096041
0.079917    -0.204081    -0.098775
0.079766    -0.36343    -0.098907
0.079236    -0.22842    -0.099373
0.078146    -0.101774    -0.100329
0.08073    -0.364151    -0.098063
0.08605    -0.363808    -0.093397
0.081938    -0.09643    -0.097003
0.086305    -0.295769    -0.093173
0.083411    -0.074838    -0.095711
0.08242    -0.196526    -0.09658
0.084306    -0.23309    -0.094926
0.08865    -0.072729    -0.091116
0.071543    0.043264    -0.057906
0.038295    0.165769    -0.018027
0.042051    0.142221    -0.005461
0.042179    0.271405    -0.003515
0.042241    0.303716    0.002556
0.040999    0.165496    -0.010803
0.040444    0.325629    -0.012509
0.041381    0.338029    0.008882
0.039723    0.283887    0.014632
0.038521    0.228281    0.017568
0.035435    0.320091    0.023139
0.078641    -0.449681    0.099894
0.07917    -0.257614    0.09943
0.079394    -0.360413    0.099233
0.084188    -0.084163    0.09503
0.079535    0.000661    0.09911
0.080343    -0.144785    0.098402
0.078319    -0.081501    0.100177
0.085271    -0.13256    0.09408
0.069511    0.02852    0.088997
0.035537    0.18883    0.022987
0.076866    -0.587674    0.020397
0.068034    -0.587674    -0.051011
0.070987    -0.0139    -0.105257
0.070394    -0.077736    -0.105653
0.074453    -0.044776    -0.102941
0.076661    -0.271442    -0.101466
0.076974    -0.103082    -0.101256
0.073342    -0.123454    -0.103683
0.072159    -0.305833    -0.104474
0.074297    -0.082383    -0.103045
0.074951    0.034393    -0.072978
0.037329    0.205862    -0.019986
0.070478    -0.294942    0.105597
0.07265    -0.541677    0.104146
0.075001    -0.504568    0.102574
0.077284    -0.206532    0.101049
0.077262    -0.445616    0.101064
0.066016    -0.528757    0.108578
0.074671    -0.548929    0.102795
0.068885    -0.463415    0.106661
0.056512    0.045564    0.068455
0.033479    0.11413    0.026008
0.066535    -0.587674    -0.009555
0.067796    -0.587674    -0.007587
0.066511    -0.517603    -0.108248
0.063887    -0.533424    -0.110001
0.068722    -0.367048    -0.10677
0.070903    -0.442611    -0.105313
0.06754    -0.371366    -0.10756
0.06771    -0.321646    -0.107446
0.070926    -0.402299    -0.105297
0.068251    -0.299291    -0.107084
0.065156    0.039011    -0.073155
0.035836    0.238722    -0.02254
0.068001    -0.349669    0.107252
0.068588    -0.180825    0.10686
0.070384    -0.217048    0.10566
0.068121    0.004582    0.107172
0.066385    -0.34008    0.108332
0.075292    -0.036502    0.10238
0.069342    -0.120968    0.106356
0.076405    -0.014229    0.101637
0.044437    0.06284    0.046669
0.032799    0.122192    0.026783
0.055364    -0.587674    -0.10005
0.054844    -0.587674    -0.109912
0.06302    -0.587674    -0.091552
0.050612    -0.031855    -0.116595
0.062426    -0.211788    -0.110769
0.056778    -0.130599    -0.113554
0.062345    -0.315999    -0.110809
0.060794    -0.222507    -0.111574
0.05685    -0.116891    -0.113519
0.060186    -0.390882    -0.111874
0.049417    0.025171    -0.10468
0.047498    0.061063    -0.04729
0.035595    0.317551    -0.0229
0.062635    -0.529818    0.110666
0.051894    -0.571285    0.115963
0.051548    -0.56074    0.116134
0.060807    -0.543566    0.111567
0.060308    -0.202019    0.111813
0.052335    -0.519478    0.115746
0.062661    -0.262842    0.110653
0.056168    0.02386    0.102209
0.029445    0.193453    0.030465
0.026693    0.12202    0.032877
0.058427    -0.587674    0.062776
0.060151    -0.587674    0.059479
0.049569    -0.53816    -0.117109
0.054217    -0.432727    -0.114818
0.050837    -0.54383    -0.116484
0.049181    -0.260253    -0.117301
0.050556    -0.454768    -0.116623
0.055475    -0.330544    -0.114197
0.057094    -0.421486    -0.113398
0.057528    -0.537803    -0.113184
0.044893    0.032912    -0.096669
0.03166    0.142264    -0.028081
0.050171    -0.279431    0.116812
0.055131    -0.010666    0.114366
0.055986    -0.114079    0.113945
0.051957    -0.432274    0.115932
0.05635    -0.069329    0.113765
0.057469    -0.012799    0.113214
0.057449    -0.077972    0.113223
0.058654    -0.111156    0.112629
0.044498    0.053572    0.06341
0.026721    0.312226    0.032854
0.046595    -0.587674    -0.031504
0.038651    -0.587674    -0.116318
0.040116    -0.587674    -0.065259
0.04537    -0.118839    -0.11867
0.040029    -0.220291    -0.120483
0.046276    -0.239297    -0.118363
0.03673    -0.015307    -0.121603
0.047958    -0.364184    -0.117792
0.03874    -0.134169    -0.120921
0.042197    -0.091122    -0.119747
0.042916    -0.318202    -0.119503
0.040839    0.055987    -0.061762
0.031971    0.257078    -0.027727
0.042107    -0.500173    0.119778
0.045096    -0.474789    0.118763
0.044487    -0.545411    0.11897
0.048021    -0.135227    0.11777
0.044435    -0.214263    0.118987
0.045334    -0.379939    0.118683
0.046124    -0.257724    0.118414
0.034868    -0.545345    0.122235
0.041593    0.042919    0.082575
0.021696    0.109203    0.0364
0.035794    -0.587674    -0.072294
0.034831    -0.587674    0.006943
0.037779    -0.587674    0.098473
0.041438    -0.577205    -0.120005
0.043349    -0.493784    -0.119356
0.037241    -0.502844    -0.121429
0.042527    -0.423252    -0.119635
0.036336    -0.344946    -0.121737
0.034871    -0.350168    -0.122234
0.036783    -0.39354    -0.121585
0.037804    0.008071    -0.119991
0.029406    0.067172    -0.05045
0.026271    0.152454    -0.033248
0.028323    0.336692    -0.031448
0.03919    -0.321007    0.120768
0.044799    -0.054875    0.118864
0.03693    -0.361767    0.121535
0.035009    -0.364582    0.122187
0.042415    -0.019133    0.119673
0.047242    -0.010831    0.118035
0.042311    -0.223065    0.119709
0.04245    -0.035902    0.119661
0.031097    0.032454    0.102653
0.022813    0.344895    0.035654
0.030914    -0.587674    -0.00597
0.02827    -0.587674    -0.004101
0.02961    -0.587674    0.064217
0.032398    -0.262722    -0.122999
0.01885    -0.063563    -0.125694
0.032869    -0.368715    -0.122905
0.026075    -0.137554    -0.124256
0.027498    -0.055786    -0.123973
0.030601    -0.183966    -0.123356
0.031117    -0.397642    -0.123253
0.025366    -0.090482    -0.124398
0.027441    0.085473    -0.036375
0.02482    0.219054    -0.034312
0.027791    -0.346326    0.123915
0.031688    -0.414238    0.12314
0.028504    -0.274096    0.123773
0.027675    -0.426669    0.123938
0.026623    -0.476712    0.124147
0.024248    -0.356045    0.12462
0.021917    -0.540768    0.125084
0.019933    0.007544    0.12459
0.020183    0.277765    0.037232
0.02103    -0.587674    0.038094
0.019104    -0.587674    0.075568
0.017597    -0.587674    -0.00022
0.02432    -0.587674    0.064418
0.023774    -0.51387    -0.124714
0.030135    -0.578381    -0.123449
0.027191    -0.478833    -0.124034
0.022673    -0.579681    -0.124933
0.018337    -0.092898    -0.125796
0.02028    -0.443855    -0.125409
0.02488    -0.518833    -0.124494
0.01987    0.040949    -0.093145
0.022225    0.171282    -0.036046
0.022436    0.211948    -0.035906
0.018896    -0.328086    0.125685
0.018401    -0.150837    0.125783
0.022694    -0.245842    0.124929
0.018272    -0.430942    0.125809
0.021325    -0.170378    0.125202
0.01975    -0.13697    0.125515
0.019402    -0.164894    0.125584
0.017435    0.086318    0.041569
0.016913    0.275031    0.038844
0.014046    -0.587674    -0.041266
0.006024    -0.587674    -0.075844
0.015182    -0.587674    -0.122815
0.013396    -0.587674    -0.051901
0.008348    -0.230349    -0.126681
0.010715    -0.156648    -0.126526
0.015245    -0.160995    -0.126229
0.003193    -0.041431    -0.127019
0.009426    -0.309762    -0.12661
0.011566    -0.087521    -0.12647
0.00797    -0.188191    -0.126706
0.011629    0.016268    -0.120463
0.018031    0.245617    -0.038293
0.021176    0.250804    -0.036742
0.010199    -0.498375    0.12656
0.012336    -0.283464    0.12642
0.015608    -0.537063    0.126205
0.012113    -0.280786    0.126434
0.005811    -0.456687    0.126847
0.005198    -0.518131    0.126887
0.007589    -0.506568    0.126731
0.008914    -0.476355    0.126644
0.019597    0.062136    0.062391
0.013006    0.17164    0.040276
0.0112    -0.587674    0.049883
0.011708    -0.587674    0.077786
0.000423    -0.587674    -0.024445
0.010076    -0.404885    -0.126568
0.004198    -0.425209    -0.126953
0.007874    -0.374816    -0.126712
0.004279    -0.459216    -0.126948
0.005844    -0.581663    -0.126845
0.005134    -0.338511    -0.126892
0.005843    -0.507818    -0.126845
0.004403    -0.184006    -0.12694
0.007961    0.038188    -0.098812
0.012157    0.286873    -0.040564
0.016129    0.210449    -0.039215
0.000446    -0.067284    0.127199
0.00934    -0.057804    0.126616
0.004627    -0.181858    0.126925
0.009713    -0.21177    0.126592
0.007384    -0.319529    0.126744
0.008543    -0.253243    0.126668
0.006556    -0.03214    0.126799
0.005295    -0.211547    0.126881
0.017092    0.055491    0.072806
0.012675    0.299164    0.040388
-0.009152    -0.587674    -0.012814
-0.008381    -0.587674    -0.064858
-0.01258    -0.587674    -0.081959
-0.004045    -0.401246    -0.126963
-0.003459    -0.251435    -0.127001
-0.0064    -0.353983    -0.126809
-0.00901    -0.080322    -0.126638
-0.010155    -0.005021    -0.126563
-0.005594    -0.241195    -0.126862
-0.007276    -0.323185    -0.126751
-0.001261    -0.11344    -0.127145
0.008915    0.046236    -0.087385
0.008078    0.287531    -0.041541
-0.000616    -0.265089    0.127188
-0.003213    -0.23683    0.127018
-0.008562    -0.571719    0.126667
-0.006783    -0.405161    0.126784
-0.003156    -0.293172    0.127021
-0.00497    -0.472523    0.126902
-9.6e-05    -0.434445    0.127222
-0.006564    -0.469568    0.126798
0.000208    0.044548    0.090341
0.007304    0.113419    0.041695
-0.016545    -0.587674    0.077636
-0.016588    -0.587674    -0.096031
-0.014214    -0.587674    0.014299
-0.015629    -0.528087    -0.126204
-0.005838    -0.391939    -0.126845
-0.00638    -0.489535    -0.12681
-0.013483    -0.432595    -0.126345
-0.016047    -0.328218    -0.126177
-0.006357    -0.389276    -0.126811
-0.008932    -0.27239    -0.126643
-0.010431    -0.331264    -0.126545
0.008221    0.053696    -0.076898
0.006103    0.263505    -0.041933
-0.010746    -0.057065    0.126524
-0.01532    -0.357765    0.126224
-0.008006    -0.244097    0.126703
-0.004742    -0.061492    0.126917
-0.016214    -0.088729    0.126166
-0.011487    -0.100125    0.126475
-0.007279    -0.106302    0.126751
-0.010563    -0.359905    0.126536
-0.001656    0.038045    0.099427
0.006505    0.274283    0.041854
-0.024966    -0.587674    -0.094226
-0.018648    -0.587674    0.038953
-0.020763    -0.587674    0.004993
-0.022929    -0.340955    -0.124882
-0.018349    -0.453845    -0.125793
-0.018256    -0.371517    -0.125812
-0.02286    -0.018294    -0.124896
-0.019876    -0.362363    -0.12549
-0.027518    -0.010993    -0.123969
-0.025017    -0.013473    -0.124467
-0.019255    0.013527    -0.121145
0.004804    0.158648    -0.042094
-0.026919    -0.427754    0.124089
-0.024583    -0.55247    0.124553
-0.029547    -0.560158    0.123566
-0.031486    -0.568489    0.12318
-0.020699    -0.429693    0.125326
-0.020964    -0.559278    0.125273
-0.025827    -0.415006    0.124306
-0.027034    -0.385981    0.124066
-0.017093    0.01761    0.119132
0.005046    0.230437    0.042078
0.002794    0.166286    0.042226
-0.025486    -0.587674    0.087588
-0.030629    -0.587674    0.056219
-0.028071    -0.587674    0.100766
-0.031195    -0.484996    -0.123238
-0.028625    -0.43812    -0.123749
-0.022253    -0.420519    -0.125017
-0.032369    -0.082124    -0.123004
-0.030711    -0.083776    -0.123334
-0.02737    -0.578109    -0.123999
-0.026148    -0.438262    -0.124242
-0.029565    0.015729    -0.117777
-0.004818    0.053115    -0.077942
0.003247    0.135324    -0.042196
-0.028831    -0.268067    0.123708
-0.032451    -0.431498    0.122988
-0.023367    -0.06781    0.124795
-0.025366    -0.300352    0.124398
-0.026133    -0.022987    0.124245
-0.03272    -0.077205    0.122935
-0.027706    -0.373401    0.123932
-0.019215    -0.021454    0.125621
-0.010634    0.062037    0.064688
0.003017    0.269712    0.042211
-0.046851    -0.587674    -0.11187
-0.040222    -0.587674    -0.033055
-0.034823    -0.587674    0.078154
-0.042038    -0.02672    -0.119801
-0.040265    -0.088709    -0.120403
-0.034298    -0.069467    -0.122428
-0.040746    -0.009683    -0.12024
-0.043008    -0.044545    -0.119472
-0.035519    -0.133053    -0.122014
-0.040743    -0.162957    -0.120241
-0.032221    0.026328    -0.110574
-0.001914    0.081957    -0.047529
-0.003265    0.295026    -0.042195
-0.0485    -0.584484    0.117608
-0.043109    -0.574298    0.119438
-0.046028    -0.581247    0.118447
-0.032977    -0.357144    0.122877
-0.036009    -0.346798    0.121848
-0.039017    -0.580806    0.120827
-0.04228    -0.404675    0.119719
-0.021663    0.031731    0.10603
-0.006483    0.07893    0.049005
-0.001393    0.2062    0.042318
-0.038869    -0.587674    0.055538
-0.047004    -0.587674    -0.090285
-0.043086    -0.587674    0.026678
-0.047659    -0.493891    -0.117893
-0.048069    -0.393474    -0.117754
-0.03779    -0.523693    -0.121243
-0.042827    -0.486089    -0.119534
-0.042142    -0.368389    -0.119766
-0.037708    -0.479714    -0.121271
-0.037717    -0.415226    -0.121268
-0.033572    0.043916    -0.084758
-0.020003    0.058254    -0.06803
-0.002332    0.157233    -0.042256
-0.047408    -0.522359    0.117979
-0.045122    -0.1889    0.118755
-0.046616    -0.167284    0.118247
-0.046419    -0.344016    0.118314
-0.044971    -0.041403    0.118806
-0.045286    -0.440109    0.118699
-0.044384    -0.391568    0.119005
-0.028471    0.045716    0.083812
-0.010041    0.089342    0.042069
-0.003976    0.297808    0.042148
-0.062609    -0.587674    -0.106329
-0.051866    -0.587674    0.049665
-0.053984    -0.191088    -0.114932
-0.060156    -0.073604    -0.111888
-0.049522    -0.058069    -0.117133
-0.052557    -0.287622    -0.115636
-0.05707    -0.082448    -0.11341
-0.049111    -0.516162    -0.117335
-0.06052    -0.085162    -0.111709
-0.048889    -0.224284    -0.117445
-0.042324    0.034788    -0.094988
-0.007695    0.335113    -0.041617
-0.050243    -0.1798    0.116777
-0.056351    -0.321629    0.113765
-0.06167    -0.541169    0.111142
-0.05065    -0.12589    0.116577
-0.054277    -0.241792    0.114788
-0.058403    -0.525052    0.112753
-0.050355    -0.139692    0.116722
-0.050595    -0.551554    0.116603
-0.022418    0.061456    0.062445
-0.005605    0.335389    0.042032
-0.056035    -0.587674    0.060131
-0.054902    -0.587674    0.064846
-0.059094    -0.587674    0.029738
-0.057918    -0.433561    -0.112992
-0.063126    -0.184269    -0.110423
-0.059926    -0.145243    -0.112002
-0.056685    -0.44647    -0.1136
-0.054455    -0.409627    -0.1147
-0.059429    -0.452306    -0.112247
-0.05987    -0.447364    -0.11203
-0.060104    0.009865    -0.109423
-0.01334    0.088654    -0.04154
-0.008993    0.235715    -0.041359
-0.06051    -0.123324    0.111714
-0.055612    -0.04858    0.11413
-0.057394    -0.268689    0.11325
-0.061762    -0.477346    0.111096
-0.063341    -0.260396    0.110317
-0.060987    -0.236675    0.111479
-0.05264    -0.023306    0.115595
-0.042973    0.036248    0.092375
-0.007673    0.291442    0.041621
-0.070204    -0.587674    -0.064366
-0.06957    -0.587674    -0.087686
-0.064703    -0.587674    0.091782
-0.070764    0.000299    -0.105406
-0.064485    -0.11801    -0.109601
-0.075151    -0.022684    -0.102474
-0.066473    -0.05102    -0.108273
-0.066464    -0.44794    -0.108279
-0.071042    -0.209616    -0.10522
-0.065729    -0.062509    -0.10877
-0.063191    0.014065    -0.104816
-0.011908    0.113115    -0.040648
-0.020041    0.256394    -0.037302
-0.01197    0.171636    -0.040627
-0.0145    0.308238    -0.039768
-0.064145    -0.306168    0.109828
-0.065483    -0.409818    0.108934
-0.068222    -0.298964    0.107104
-0.073881    -0.556909    0.103323
-0.064918    -0.41573    0.109312
-0.065087    -0.474455    0.109199
-0.072002    -0.418829    0.104578
-0.043424    0.044496    0.079195
-0.01317    0.186636    0.04022
-0.069135    -0.587674    0.061803
-0.075774    -0.587674    0.050589
-0.072189    -0.587674    0.048712
-0.076566    -0.290833    -0.101529
-0.067898    -0.424956    -0.10732
-0.076659    -0.288379    -0.101467
-0.077048    -0.111648    -0.101207
-0.067666    -0.423574    -0.107476
-0.066797    -0.47851    -0.108057
-0.075572    -0.334486    -0.102193
-0.069898    0.012735    -0.101273
-0.025771    0.176972    -0.033677
-0.025197    0.286516    -0.034061
-0.018159    0.221337    -0.038229
-0.021538    0.160068    -0.036505
-0.075326    -0.375457    0.102358
-0.071385    -0.168216    0.104991
-0.070047    -0.228822    0.105885
-0.077384    -0.356984    0.100982
-0.075009    -0.472869    0.10257
-0.074311    -0.397379    0.103036
-0.073098    -0.333455    0.103846
-0.049885    0.040464    0.082023
-0.013725    0.271577    0.040032
-0.081209    -0.587674    0.017839
-0.07873    -0.587674    -0.039012
-0.083571    -0.14804    -0.09557
-0.086187    -0.024645    -0.093276
-0.080341    -0.266752    -0.098403
-0.077569    -0.579349    -0.100835
-0.084101    -0.249642    -0.095106
-0.084425    -0.114311    -0.094822
-0.077761    -0.079307    -0.100666
-0.081186    -0.108754    -0.097662
-0.054306    0.04631    -0.068991
-0.027144    0.201547    -0.032482
-0.083925    -0.309678    0.095261
-0.082514    -0.435567    0.096497
-0.078093    -0.179991    0.100375
-0.078532    -0.292568    0.09999
-0.077553    -0.024289    0.100848
-0.080065    -0.225742    0.098646
-0.08648    -0.51877    0.09302
-0.080608    -0.320471    0.098169
-0.018629    0.192835    0.037998
-0.018988    0.197366    0.037821
-0.088316    -0.587674    -0.006884
-0.08592    -0.587674    0.009103
-0.086902    -0.204771    -0.092649
-0.086439    -0.558018    -0.093055
-0.082852    -0.514314    -0.096201
-0.084896    -0.306978    -0.094408
-0.087373    -0.510942    -0.092236
-0.078697    -0.552243    -0.099846
-0.088411    -0.331529    -0.091326
-0.079224    0.01072    -0.095745
-0.029152    0.094009    -0.030721
-0.08701    -0.21626    0.092555
-0.088428    -0.392516    0.091311
-0.086017    -0.114329    0.093426
-0.084748    -0.138112    0.094539
-0.088293    -0.400094    0.09143
-0.083153    -0.025046    0.095938
-0.078285    -0.024192    0.100206
-0.085878    -0.034856    0.093547
-0.037468    0.067115    0.044771
-0.020001    0.308549    0.037321
-0.097754    -0.587674    -0.035852
-0.091437    -0.587674    -0.044793
-0.090937    -0.245003    -0.088855
-0.091555    -0.31002    -0.088149
-0.090189    -0.285245    -0.089708
-0.0948    -0.37989    -0.08445
-0.091954    -0.456564    -0.087694
-0.090259    -0.109524    -0.089628
-0.097102    -0.446438    -0.081824
-0.097191    0.009172    -0.078952
-0.031698    0.182222    -0.028038
-0.096969    -0.046759    0.081977
-0.094685    -0.156009    0.084581
-0.09216    -0.334069    0.087459
-0.092394    -0.098055    0.087193
-0.093345    -0.05204    0.086108
-0.095362    -0.218985    0.083809
-0.098443    -0.117309    0.080296
-0.091423    -0.420818    0.088301
-0.055609    0.048879    0.063035
-0.023419    0.117759    0.035249
-0.093762    -0.587674    0.069242
-0.097256    -0.587674    0.01083
-0.097852    -0.096464    -0.080969
-0.092421    -0.046077    -0.087163
-0.100585    -0.054242    -0.077853
-0.098165    -0.040995    -0.080613
-0.095399    -0.266623    -0.083767
-0.100848    -0.172994    -0.077553
-0.099799    -0.22418    -0.07875
-0.085597    0.029868    -0.070507
-0.033126    0.152662    -0.02641
-0.096584    -0.3738    0.082415
-0.096293    -0.332193    0.082747
-0.098755    -0.353344    0.07994
-0.099296    -0.393834    0.079323
-0.098022    -0.582152    0.080775
-0.096965    -0.253064    0.081981
-0.098694    -0.585811    0.080009
-0.099249    -0.40097    0.079377
-0.047044    0.064835    0.039748
-0.025252    0.160163    0.034023
-0.107167    -0.587674    -0.062361
-0.100968    -0.193979    -0.077406
-0.103963    -0.32279    -0.072924
-0.102104    -0.195221    -0.075705
-0.102295    -0.207003    -0.075419
-0.101478    -0.471802    -0.076643
-0.101843    -0.411574    -0.076096
-0.103226    -0.529374    -0.074026
-0.107546    -0.495129    -0.06756
-0.063576    0.052187    -0.047762
-0.033946    0.280776    -0.025368
-0.103613    0.001746    0.073447
-0.104142    -0.065097    0.072655
-0.108101    0.002182    0.06673
-0.10438    -0.071952    0.072299
-0.101081    -0.398306    0.077236
-0.101336    -0.06508    0.076855
-0.104968    0.005246    0.07142
-0.083044    0.030389    0.072306
-0.028117    0.193203    0.031629
-0.099883    0.00986    0.075015
-0.107221    -0.587674    0.067049
-0.109258    -0.054955    -0.064998
-0.108003    -0.375484    -0.066876
-0.102969    -0.038062    -0.074411
-0.109518    -0.131495    -0.064609
-0.107337    -0.173451    -0.067873
-0.104803    -0.145874    -0.071666
-0.107337    -0.318953    -0.067874
-0.101153    0.018602    -0.063881
-0.036285    0.282299    -0.021867
-0.036522    0.133534    -0.021513
-0.10844    -0.581336    0.066223
-0.10778    -0.581089    0.06721
-0.107029    -0.348788    0.068334
-0.106359    -0.273889    0.069338
-0.102418    -0.500028    0.075236
-0.105433    -0.344221    0.070723
-0.106376    -0.536809    0.069312
-0.060523    0.055567    0.043761
-0.026188    0.343682    0.033321
-0.114855    -0.587674    -0.04794
-0.110439    -0.398744    -0.063096
-0.11081    -0.10673    -0.062343
-0.112296    -0.385847    -0.05933
-0.113323    -0.545215    -0.057247
-0.111524    -0.214673    -0.060894
-0.112987    -0.409975    -0.057928
-0.112129    -0.464411    -0.059669
-0.107403    0.012275    -0.061003
-0.036891    0.291732    -0.020874
-0.036763    0.269343    -0.021134
-0.111995    -0.118524    0.05994
-0.110902    -0.230394    0.062156
-0.113423    -0.034152    0.057043
-0.112859    -0.294773    0.058189
-0.11718    -0.006599    0.049426
-0.11019    -0.262202    0.0636
-0.1138    -0.09078    0.05628
-0.095031    0.030646    0.055317
-0.033268    0.180745    0.026248
-0.033153    0.311246    0.026379
-0.108432    0.011762    0.059598
-0.116587    -0.454989    -0.050629
-0.116969    -0.207486    -0.049854
-0.113477    -0.171906    -0.056934
-0.112065    -0.092061    -0.059797
-0.117212    -0.303945    -0.049362
-0.11405    -0.082295    -0.055772
-0.113224    -0.171698    -0.057449
-0.112792    -0.028617    -0.058323
-0.05783    0.06318    -0.027226
-0.037248    0.324119    -0.020149
-0.113432    -0.422984    0.057026
-0.117158    -0.364564    0.049471
-0.116595    -0.312961    0.050612
-0.115285    -0.32607    0.053269
-0.1123    -0.46307    0.059322
-0.114612    -0.380219    0.054633
-0.111196    -0.534692    0.06156
-0.115948    -0.356115    0.051924
-0.035307    0.33686    0.023331
-0.108391    0.02117    0.0472
-0.119379    -0.451236    -0.043281
-0.120808    -0.528615    -0.039071
-0.117631    -0.308617    -0.048432
-0.122636    -0.561984    -0.033687
-0.120383    -0.439438    -0.040324
-0.118109    -0.562593    -0.047025
-0.121579    -0.528219    -0.0368
-0.12126    -0.477007    -0.037741
-0.046914    0.078395    -0.016234
-0.040046    0.16879    -0.013683
-0.119125    -0.393832    0.044031
-0.118849    -0.287399    0.044843
-0.11809    -0.205591    0.04708
-0.12228    -0.030356    0.034736
-0.118549    -0.25968    0.045727
-0.120231    0.001209    0.040771
-0.121002    -0.198949    0.0385
-0.097894    0.028988    0.054909
-0.035076    0.121698    0.023677
-0.114956    0.01141    0.046542
-0.118996    -0.006877    -0.04441
-0.118655    -0.03081    -0.045414
-0.120474    -0.258979    -0.040057
-0.12208    -0.233105    -0.035323
-0.118497    -0.022265    -0.045879
-0.119568    -0.099    -0.042725
-0.122756    -0.006435    -0.033332
-0.110519    0.024125    -0.036403
-0.0462    0.080581    -0.014347
-0.03951    0.307583    -0.015262
-0.121149    -0.310637    0.038068
-0.120466    -0.375549    0.040079
-0.118911    -0.454957    0.044662
-0.120864    -0.384442    0.038905
-0.122486    -0.071796    0.034127
-0.122453    -0.462867    0.034224
-0.120472    -0.312734    0.040062
-0.093619    0.037438    0.035862
-0.036931    0.288376    0.020793
-0.125174    -0.418829    -0.021461
-0.124403    -0.333848    -0.025338
-0.122963    -0.169398    -0.032577
-0.124127    -0.489158    -0.026725
-0.125449    -0.513328    -0.020081
-0.122907    -0.076106    -0.032857
-0.123198    -0.355917    -0.031394
-0.124637    -0.397721    -0.024162
-0.089738    0.043683    -0.017253
-0.041191    0.245212    -0.009838
-0.123867    -0.054373    0.028035
-0.122966    -0.348606    0.032563
-0.125579    -0.065839    0.019425
-0.123368    -0.086895    0.030542
-0.124727    -0.01488    0.02371
-0.123182    -0.099915    0.031476
-0.124556    -0.247328    0.024571
-0.125707    -0.043756    0.018784
-0.069204    0.057385    0.020355
-0.038633    0.277228    0.017341
-0.125056    -0.288835    -0.022058
-0.125709    -0.061277    -0.018773
-0.125705    -0.028986    -0.018793
-0.124823    -0.281725    -0.023225
-0.123934    -0.000841    -0.027698
-0.124642    -0.277597    -0.024138
-0.12524    -0.001688    -0.021131
-0.123088    -0.007819    -0.031951
-0.097123    0.038937    -0.014396
-0.041829    0.18989    -0.006629
-0.125366    -0.430499    0.0205
-0.12444    -0.56378    0.025153
-0.124976    -0.349601    0.022458
-0.124873    -0.241858    0.022974
-0.124619    -0.450625    0.024251
-0.125143    -0.197033    0.021617
-0.123832    -0.459155    0.028211
-0.125758    -0.079358    0.018525
-0.039269    0.342868    0.01597
-0.1168    0.020461    0.020244
-0.127078    -0.526262    -0.002282
-0.126415    -0.234865    -0.01241
-0.126406    -0.339085    -0.012554
-0.126999    -0.559838    -0.003503
-0.127059    -0.578574    -0.002586
-0.126435    -0.192147    -0.012098
-0.126671    -0.293221    -0.008509
-0.125586    0.008415    -0.003908
-0.042311    0.131823    -0.00149
-0.126654    -0.163038    0.008758
-0.126812    -0.157875    0.006346
-0.126831    -0.209588    0.006059
-0.126193    0.003182    0.015805
-0.126212    -0.495679    0.015514
-0.126436    -0.24478    0.012095
-0.126295    -0.392354    0.014248
-0.126208    -0.030412    0.015575
-0.068688    0.059007    0.012402
-0.040861    0.278086    0.011282
-0.127011    -0.479964    0.003317
-0.126901    -0.584063    0.004989
-0.126837    -0.41702    0.005967
-0.126711    -0.534695    0.007895
-0.127112    -0.273172    0.00177
-0.126967    -0.510291    0.003989
-0.12666    -0.320149    0.008671
-0.126936    -0.173999    0.004451
-0.126907    -0.329658    -0.004902
-0.126373    -0.115841    -0.013049
-0.127071    -0.144653    -0.002402
-0.126784    -0.295511    -0.006778
-0.126968    -0.250666    -0.003964
-0.126425    -0.046528    -0.012261
-0.12683    -0.307267    -0.00608
-0.126753    -0.220752    -0.007248
-0.081558    0.05064    -0.00295
-0.042316    0.222318    -0.001413
-0.080691    0.050908    0.010424
-0.040974    0.111244    0.010932
-0.051506    0.074963    0.003986
-0.042243    0.121527    0.002534
-0.041709    0.197941    0.007231
-0.042202    0.264452    0.00315
