-0.050565    -0.494197    -0.112547
0.00258    -0.494197    -0.10874
-0.032629    -0.494197    -0.099046
-0.069488    -0.494197    -0.096571
0.020724    -0.494197    -0.088949
0.010774    -0.494197    -0.095293
0.078092    -0.492682    -0.099094
-0.079367    -0.494197    -0.076612
-0.073965    -0.494197    -0.086459
-0.102049    -0.494197    -0.06798
0.059993    -0.494197    -0.060535
-0.016865    -0.494197    -0.064433
-0.019864    -0.494197    -0.073608
0.065879    -0.494197    -0.076739
-0.062049    -0.494197    -0.055648
-0.090188    -0.494197    -0.041864
-0.021403    -0.494197    -0.05709
-0.021793    -0.494197    -0.0485
-0.117397    -0.493575    -0.043396
0.088781    -0.494197    -0.05371
-0.001178    -0.494197    -0.041561
0.037822    -0.494197    -0.03946
0.041364    -0.494197    -0.048178
-0.018189    -0.494197    -0.036402
0.119805    -0.491422    -0.044567
0.041858    -0.494197    -0.028364
0.091108    -0.494197    -0.025568
0.009148    -0.494197    -0.01827
-0.111445    -0.494197    -0.02346
-0.059105    -0.494197    -0.020603
-0.113251    -0.494197    -0.005986
0.064361    -0.494197    -0.010648
0.092488    -0.494197    -0.001057
-0.008788    -0.494197    -0.010537
-0.02684    -0.494197    -0.011947
0.089898    -0.494197    -0.022418
-0.055687    -0.494197    0.025707
0.077229    -0.494197    0.024961
0.085206    -0.494197    0.021437
-0.034649    -0.494197    0.021909
0.030567    -0.494197    0.023755
-0.005301    -0.494197    0.02793
-0.086679    -0.494197    0.010548
-0.091763    -0.494197    0.014759
0.058786    -0.494197    0.006186
-0.001609    -0.494197    0.013988
0.048211    -0.494197    0.00823
0.067095    -0.488859    -0.11253
-0.050445    -0.494197    0.038378
-0.030973    -0.494197    0.031909
-0.066724    -0.494197    0.031293
-0.041726    -0.494197    0.04843
0.034064    -0.494197    0.038073
0.123807    -0.492007    0.029376
0.054268    -0.494197    0.05209
-0.055905    -0.494197    0.058835
0.057491    -0.494197    0.051533
-0.053391    -0.494197    0.059155
0.053514    -0.48681    -0.120628
-0.089343    -0.494197    0.062885
-0.074913    -0.494197    0.062656
-0.095599    -0.494197    0.07112
0.114227    -0.493554    0.04987
0.068818    -0.494197    0.081313
0.052634    -0.494197    0.075865
0.074872    -0.494197    0.080383
0.130998    -0.486485    -0.019261
0.033684    -0.494197    0.095137
0.002788    -0.494197    0.094093
0.018229    -0.494197    0.10674
-0.008899    -0.494197    0.105046
0.020672    -0.494197    0.10904
0.009455    -0.485352    -0.133294
0.019918    -0.494197    0.113641
0.024252    -0.484231    -0.131194
-0.131711    -0.486241    0.015259
-0.089284    -0.492717    0.089827
0.105115    -0.482923    -0.083488
-0.130842    -0.482814    -0.030587
0.058506    -0.488155    0.118324
0.133221    -0.480672    -0.024376
-0.007154    -0.480394    -0.134764
0.02418    -0.485579    0.13132
0.127875    -0.478894    -0.043949
-0.038909    -0.487723    0.126569
-0.026574    -0.485777    0.130113
0.135125    -0.477085    -0.010758
0.000489    -0.421198    -0.136197
-0.013954    -0.1714    -0.135024
-0.017741    -0.134683    -0.134716
-0.01747    -0.264534    -0.134738
-0.014142    -0.45732    -0.135009
-0.011882    -0.37998    -0.135192
-0.017284    -0.29154    -0.134753
-0.003645    -0.4331    -0.135861
-0.014698    -0.352254    -0.134963
0.003855    -0.441704    -0.136471
-0.003523    -0.456515    -0.135871
-0.026176    -0.261556    -0.134031
-0.02036    -0.236819    -0.134503
-0.022509    -0.286092    -0.134329
-0.037597    -0.433207    -0.13071
-0.058404    -0.186691    -0.123283
-0.057437    -0.000796    -0.123628
-0.057494    -0.266266    -0.123607
-0.039611    -0.320148    -0.129991
-0.044601    -0.393057    -0.12821
-0.041742    -0.362784    -0.12923
-0.058263    -0.388406    -0.123333
-0.05646    -0.471711    -0.123977
-0.047879    -0.461125    -0.12704
-0.060407    -0.052231    -0.122568
-0.042942    -0.381696    -0.128802
-0.061936    -0.090495    -0.122022
-0.075033    -0.444848    -0.11319
-0.088452    -0.241106    -0.103917
-0.080948    -0.410147    -0.109103
-0.090517    -0.115403    -0.10249
-0.084853    -0.208544    -0.106405
-0.082982    -0.135583    -0.107697
-0.087607    -0.112448    -0.104501
-0.0837    -0.353951    -0.107201
-0.085366    -0.124065    -0.10605
-0.078729    -0.192392    -0.110635
-0.087354    -0.258501    -0.104676
-0.078971    -0.175682    -0.110469
-0.079373    -0.427519    -0.110191
-0.096356    -0.34187    -0.096339
-0.106347    -0.297961    -0.08458
-0.107291    -0.295476    -0.083469
-0.10007    -0.279673    -0.091967
-0.097128    -0.393779    -0.09543
-0.093287    -0.313216    -0.099949
-0.094505    -0.034136    -0.098517
-0.09413    -0.05576    -0.098958
-0.102376    -0.306743    -0.089254
-0.093616    -0.4285    -0.099563
-0.093877    -0.372717    -0.099256
-0.110234    -0.429318    -0.080006
-0.097462    -0.081334    -0.095036
-0.10026    -0.29436    -0.091744
-0.115293    -0.124672    -0.073913
-0.124243    -0.340204    -0.055027
-0.121609    -0.327938    -0.060586
-0.117504    -0.407405    -0.069247
-0.119022    -0.252532    -0.066045
-0.115421    -0.280115    -0.073644
-0.122975    -0.263814    -0.057703
-0.122644    -0.371555    -0.058402
-0.12214    -0.355033    -0.059466
-0.12076    -0.382314    -0.062378
-0.115512    0.009537    -0.073452
-0.120125    -0.354188    -0.063717
-0.117855    -0.28452    -0.068508
0.012393    -0.251346    -0.135665
0.020854    -0.207129    -0.134119
0.014023    -0.445118    -0.135367
0.014873    -0.415605    -0.135212
0.008633    -0.373562    -0.136352
0.007176    -0.127856    -0.136618
0.008318    -0.189928    -0.13641
0.020101    -0.344597    -0.134257
0.025811    -0.453112    -0.133213
0.018552    -0.182629    -0.13454
0.017124    -0.086881    -0.134801
0.031329    -0.32246    -0.132205
0.020747    -0.391823    -0.134139
0.007769    -0.459905    -0.13651
0.043381    -0.070651    -0.129565
0.067617    -0.448489    -0.11808
0.042471    -0.260449    -0.129997
0.048004    -0.129384    -0.127374
0.06327    -0.411177    -0.12014
0.049827    -0.20687    -0.126511
0.045022    -0.355684    -0.128788
0.050717    -0.218614    -0.126089
0.042237    -0.356928    -0.130108
0.048601    -0.043603    -0.127092
0.059174    -0.397727    -0.122081
0.058049    -0.410095    -0.122614
0.042159    0.025109    -0.130145
0.098343    -0.451182    -0.09444
0.088866    -0.244622    -0.102492
0.078494    -0.132863    -0.111305
0.079757    -0.29497    -0.110232
0.079832    -0.388676    -0.110168
0.077078    -0.12332    -0.112508
0.08328    -0.331654    -0.107239
0.077214    -0.457108    -0.112392
0.074632    -0.039812    -0.114586
0.098118    -0.415875    -0.094631
0.086463    -0.247287    -0.104534
0.080102    -0.315941    -0.109938
0.078994    -0.468272    -0.11088
0.106511    -0.356572    -0.084461
0.109746    -0.427507    -0.079779
0.110224    -0.24074    -0.079087
0.10915    -0.412693    -0.080641
0.121172    -0.319155    -0.063243
0.115114    -0.102597    -0.07201
0.108616    -0.327182    -0.081415
0.115044    -0.389944    -0.072111
0.106894    -0.344086    -0.083907
0.116135    -0.173319    -0.070533
0.114132    -0.188524    -0.073431
0.107543    -0.401043    -0.082968
0.121077    -0.063654    -0.063381
0.121334    -0.044746    -0.063008
0.129091    -0.463633    -0.041838
0.130404    -0.211263    -0.038158
0.125259    -0.474247    -0.052573
0.123923    -0.472987    -0.056317
0.12803    -0.395875    -0.04481
0.130373    -0.374355    -0.038245
0.131548    -0.03326    -0.034954
0.132965    -0.153913    -0.030986
0.131923    -0.100981    -0.033903
0.130979    -0.21357    -0.036549
0.131977    -0.110628    -0.033754
0.129412    -0.434579    -0.040937
0.131583    -0.148681    -0.034858
0.136367    -0.092481    0.003276
0.135832    -0.093159    -0.003308
0.1364    -0.164013    0.003673
0.136549    -0.254861    0.005516
0.135249    -0.461466    -0.010495
0.135665    -0.427136    -0.005366
0.136361    -0.442389    0.003203
0.136251    -0.07235    0.001846
0.133953    -0.457478    -0.026437
0.136388    -0.318372    0.003528
0.13576    -0.264166    -0.004195
0.136316    -0.28406    0.002641
0.135321    -0.306827    -0.009598
0.134298    -0.469422    -0.022197
0.134154    -0.310347    0.020607
0.131176    -0.270641    0.036907
0.134906    -0.417523    0.016493
0.13339    -0.281123    0.024788
0.131645    -0.077408    0.034337
0.131368    -0.05632    0.035856
0.130642    0.005487    0.039828
0.131897    -0.106292    0.032961
0.132903    -0.286562    0.027455
0.130665    -0.072851    0.039705
0.133363    -0.210556    0.024938
0.13075    -0.22418    0.039236
0.133283    -0.230883    0.025374
0.121374    -0.415277    0.060755
0.116656    -0.093449    0.07071
0.122356    -0.455255    0.058682
0.117667    -0.141636    0.068577
0.127252    -0.456322    0.048351
0.115481    -0.309331    0.073189
0.119868    -0.132824    0.063933
0.121879    -0.241108    0.059689
0.122123    -0.396695    0.059174
0.118246    -0.345159    0.067355
0.116017    -0.185339    0.072059
0.117652    -0.182134    0.068609
0.120621    -0.211792    0.062343
0.108655    -0.330964    0.081741
0.099128    -0.212818    0.092952
0.111674    -0.462672    0.078189
0.101912    -0.353576    0.089676
0.092115    0.032145    0.101206
0.09995    -0.122961    0.091985
0.09344    -0.16956    0.099646
0.103708    -0.32667    0.087563
0.103727    -0.251965    0.08754
0.097063    -0.228318    0.095383
0.102487    -0.275468    0.089
0.09526    -0.475462    0.097504
0.097285    -0.141374    0.095122
0.108756    -0.461078    0.081622
0.080874    -0.270841    0.109137
0.084465    -0.459988    0.106656
0.085908    -0.128099    0.105659
0.090083    -0.296651    0.102773
0.083607    -0.125904    0.107248
0.063684    -0.463593    0.121016
0.088825    0.018344    0.103643
0.070756    -0.471093    0.116129
0.089396    -0.448783    0.103248
0.084465    -0.439858    0.106656
0.087864    -0.470805    0.104306
0.077989    -0.45336    0.111131
0.091686    0.047624    0.101665
0.058453    -0.430863    0.123323
0.057737    -0.140109    0.123578
0.037479    -0.470554    0.13081
0.054415    -0.384094    0.124764
0.049686    -0.242285    0.126452
0.043822    -0.285775    0.128546
0.043804    -0.240894    0.128552
0.054356    -0.377026    0.124785
0.051745    -0.14657    0.125717
0.050285    -0.32346    0.126238
0.037878    -0.391337    0.130667
0.06234    -0.449527    0.121936
0.036594    -0.372408    0.131125
0.042831    -0.354599    0.128899
-0.135152    -0.415881    -0.01621
-0.132436    -0.150331    -0.031072
-0.130542    -0.119452    -0.041441
-0.132043    -0.30452    -0.033224
-0.13063    -0.296594    -0.04096
-0.133242    -0.429232    -0.026662
-0.133455    -0.328141    -0.025497
-0.131888    -0.328473    -0.034073
-0.132594    -0.46057    -0.030207
-0.13258    -0.198227    -0.030286
-0.133398    -0.267002    -0.025808
-0.131104    -0.304913    -0.038364
-0.131429    -0.194851    -0.036586
0.002217    -0.093642    -0.136338
-0.014327    0.011582    -0.134993
-0.010776    0.021195    -0.135282
0.004789    -0.118887    -0.136547
0.004431    -0.264243    -0.136518
-0.000283    0.016434    -0.136135
-0.00341    -0.149032    -0.135881
0.004314    -0.259939    -0.136508
-0.009343    -0.105167    -0.135398
-0.005452    -0.111376    -0.135715
-0.0065    -0.058378    -0.135629
-0.003789    -0.206605    -0.13585
-0.00383    0.056245    -0.135846
-0.011497    -0.025543    -0.135223
-0.031071    -0.066777    -0.13304
-0.02929    0.020791    -0.133675
-0.046876    -0.055735    -0.127398
-0.040415    -0.009234    -0.129704
-0.03071    -0.032462    -0.133168
-0.036199    -0.147982    -0.131209
-0.049976    -0.064142    -0.126291
-0.034311    -0.265898    -0.131883
-0.042124    -0.081756    -0.129094
-0.029912    -0.286189    -0.133453
-0.030696    -0.035498    -0.133173
-0.043683    -0.171415    -0.128538
-0.042011    -0.243978    -0.129134
-0.067495    -0.035291    -0.118398
-0.065875    0.081917    -0.119518
-0.074298    -0.054848    -0.113698
-0.067278    -0.242369    -0.118548
-0.06352    -0.277713    -0.121145
-0.067799    -0.091219    -0.118188
-0.07474    0.08012    -0.113392
-0.067813    -0.317964    -0.118179
-0.069697    -0.091326    -0.116877
-0.076463    -0.118064    -0.112201
-0.074945    -0.066563    -0.113251
-0.070585    0.018256    -0.116263
-0.068592    -0.260871    -0.11764
-0.07224    0.065512    -0.11512
-0.11474    -0.458061    -0.074702
-0.109585    -0.226873    -0.080769
-0.11206    -0.001334    -0.077857
-0.108073    0.0396    -0.082549
-0.104431    -0.075447    -0.086835
-0.10859    -0.092623    -0.08194
-0.109493    -0.112292    -0.080878
-0.108087    0.013081    -0.082532
-0.102141    0.005665    -0.08953
-0.102127    -0.154036    -0.089546
-0.104285    0.003519    -0.087007
-0.10169    -0.013584    -0.090061
-0.110933    -0.14871    -0.079183
-0.129847    -0.42185    -0.043203
-0.128057    -0.077203    -0.046978
-0.123536    -0.102738    -0.05652
-0.127956    -0.204233    -0.047192
-0.117973    0.027531    -0.068259
-0.128011    -0.32349    -0.047076
-0.12439    -0.22952    -0.054718
-0.125083    -0.205899    -0.053254
-0.116644    0.040525    -0.071063
-0.116457    0.066046    -0.071457
-0.119534    0.008232    -0.064965
-0.125028    -0.000262    -0.053372
-0.123431    -0.191011    -0.056741
0.035276    0.085619    -0.131484
0.041335    -0.208283    -0.130377
0.01523    0.060383    -0.135147
0.017493    -0.029573    -0.134733
0.023988    -0.130231    -0.133546
0.019981    0.041344    -0.134279
0.015057    0.011701    -0.135178
0.029815    -0.257631    -0.132482
0.034561    -0.060391    -0.131614
0.010639    0.062704    -0.135986
0.041717    -0.22529    -0.130307
0.032243    -0.094787    -0.132038
0.034847    -0.237955    -0.131562
0.02358    -0.025901    -0.133621
0.05809    -0.036752    -0.122595
0.072618    -0.027253    -0.11571
0.064615    -0.069255    -0.119503
0.05667    0.036201    -0.123268
0.06303    -0.085832    -0.120254
0.069256    -0.054366    -0.117303
0.053471    -0.015644    -0.124784
0.068741    -0.133188    -0.117547
0.068918    -0.170497    -0.117463
0.062802    0.057682    -0.120362
0.07148    -0.14023    -0.116249
0.05708    -0.164848    -0.123073
0.063507    -0.1475    -0.120027
0.101142    -0.22268    -0.092061
0.083273    -0.06945    -0.107245
0.098475    -0.042628    -0.094327
0.092007    -0.037464    -0.099823
0.098049    -0.080999    -0.094689
0.097376    -0.11122    -0.095261
0.100207    -0.417537    -0.092856
0.098857    -0.05141    -0.094003
0.101296    -0.421286    -0.091931
0.099493    -0.411747    -0.093463
0.086365    -0.0417    -0.104617
0.084484    -0.11574    -0.106216
0.099581    0.08187    -0.093388
0.093946    -0.22152    -0.098176
0.102531    -0.233133    -0.090221
0.103311    -0.394857    -0.089093
0.101462    -0.179675    -0.091769
0.110518    -0.011951    -0.078661
0.106573    0.052097    -0.084371
0.102857    -0.18142    -0.089748
0.111569    -0.097136    -0.077141
0.101891    -0.086041    -0.091148
0.104778    -0.263149    -0.086969
0.108542    -0.154207    -0.081522
0.108898    -0.176399    -0.081006
0.106047    -0.193465    -0.085132
0.108976    -0.210956    -0.080894
0.123419    -0.200265    -0.057728
0.131197    0.014673    -0.035938
0.122071    -0.311438    -0.061504
0.124901    -0.098639    -0.053576
0.123449    -0.31507    -0.057643
0.126006    -0.141077    -0.05048
0.127162    -0.20595    -0.047242
0.123812    -0.242868    -0.056626
0.122678    0.049055    -0.059803
0.127972    -0.083473    -0.044972
0.131338    -0.02277    -0.035544
0.125501    -0.244509    -0.051895
0.131064    -0.007927    -0.03631
0.134058    -0.073613    -0.025144
0.134513    -0.135871    -0.019541
0.134183    -0.087334    -0.023606
0.134294    -0.046319    -0.022244
0.134336    -0.119961    -0.021724
0.134726    -0.16418    -0.016926
0.134768    -0.217787    -0.016411
0.134088    -0.234187    -0.024782
0.13442    -0.084051    -0.020693
0.134943    -0.17059    -0.014258
0.13468    -0.109045    -0.017488
0.135524    0.003873    -0.007109
0.134667    -0.279943    -0.017646
0.134404    -0.244642    -0.02089
0.136357    -0.265382    0.00855
0.136588    -0.095949    0.007287
0.133756    -0.055092    0.022786
0.136404    -0.061816    0.008295
0.135351    0.087579    0.01406
0.134893    0.073541    0.016567
0.135152    -0.095108    0.015147
0.133928    -0.031308    0.021845
0.136305    -0.342815    0.008836
0.135409    0.001815    0.013742
0.132422    0.041554    0.030085
0.134831    -0.048973    0.016905
0.133412    -0.000264    0.024668
0.129073    -0.324795    0.044509
0.127029    -0.17246    0.048821
0.12497    -0.051052    0.053167
0.125173    -0.147366    0.052738
0.129123    -0.300211    0.044402
0.127415    -0.244471    0.048007
0.123277    -0.103304    0.056738
0.127039    -0.126069    0.048801
0.122232    -0.123703    0.058943
0.119619    -0.020856    0.064459
0.12713    0.066353    0.048609
0.128586    -0.143138    0.045536
0.119051    0.055806    0.065657
0.130054    0.021322    0.042437
0.110068    -0.349329    0.080078
0.105963    -0.162854    0.084908
0.110766    -0.121382    0.079257
0.113723    -0.386877    0.075777
0.102315    -0.087441    0.089202
0.109604    -0.077996    0.080625
0.108884    -0.212176    0.081472
0.104749    -0.135166    0.086337
0.113141    -0.264704    0.076462
0.100212    0.074563    0.091677
0.112047    -0.356027    0.077749
0.098219    -0.053851    0.094022
0.11489    0.06295    0.074403
0.067049    -0.161495    0.118691
0.077346    0.07174    0.111575
0.08394    0.011324    0.107018
0.069756    -0.021205    0.11682
0.07416    -0.17724    0.113777
0.082493    0.077084    0.108018
0.062435    -0.108295    0.121879
0.062923    -0.093222    0.121542
0.072223    -0.228901    0.115115
0.068945    -0.075039    0.11738
0.063488    -0.227297    0.121151
0.065322    -0.18837    0.119884
0.065631    -0.27182    0.119671
0.03278    -0.178763    0.132487
0.046426    -0.000217    0.127616
0.032658    0.071899    0.13253
0.057698    0.08052    0.123593
0.039768    0.075921    0.129992
0.048163    -0.130509    0.126996
0.038496    -0.077778    0.130447
0.036736    -0.245434    0.131075
0.042382    -0.169047    0.129059
0.048978    -0.003537    0.126705
0.057713    0.076299    0.123587
0.030847    -0.053391    0.133177
0.034845    -0.190751    0.13175
0.048859    -0.077579    0.126747
0.000607    -0.455831    0.136226
0.013144    -0.268803    0.135207
0.019    -0.222172    0.134731
0.021073    -0.147797    0.134563
0.01346    -0.353227    0.135181
0.022505    -0.438014    0.134446
0.021511    -0.32653    0.134527
0.014549    -0.136265    0.135093
0.024035    -0.17968    0.134322
0.009985    -0.438339    0.135464
0.013505    -0.280088    0.135178
0.0164    -0.302381    0.134942
0.011645    -0.353061    0.135329
-0.129496    -0.478859    0.04018
-0.136444    -0.298554    -0.009142
-0.136473    -0.111717    -0.008982
-0.135754    -0.11561    -0.012917
-0.134937    -0.123345    -0.017387
-0.133982    0.068855    -0.022612
-0.135195    -0.149557    -0.015976
-0.13494    -0.162774    -0.017371
-0.136596    -0.197639    -0.00831
-0.134912    -0.142076    -0.017523
-0.136385    -0.131448    -0.009465
-0.136622    -0.04817    -0.008165
-0.136284    -0.11589    -0.010017
-0.13447    -0.137918    -0.019945
-0.086504    0.095487    -0.104737
0.066479    0.088481    -0.118602
0.130648    0.089351    0.039427
-0.021272    -0.476896    0.134146
0.02451    0.041361    0.134283
0.003938    -0.113458    0.135955
0.021687    -0.003732    0.134513
0.009602    -0.1484    0.135495
0.005111    -0.170025    0.13586
0.000495    -0.239526    0.136235
0.010766    -0.030763    0.1354
0.010873    0.082035    0.135391
0.010115    -0.190277    0.135453
0.013466    -0.110659    0.135181
0.010882    -0.083542    0.135391
0.000494    -0.044388    0.136235
0.002484    -0.25583    0.136073
-0.135289    -0.243129    0.012827
-0.134829    -0.444684    0.018484
-0.135208    -0.246221    0.013823
-0.134703    -0.46987    0.020038
-0.134194    -0.442504    0.026307
-0.136221    -0.408586    0.001351
-0.136867    0.073477    -0.006599
-0.136739    -0.233575    -0.005024
-0.134531    -0.474022    0.022163
-0.136725    -0.328111    -0.004851
-0.134845    -0.417793    0.018288
-0.135963    -0.365973    0.00453
-0.135265    -0.243957    0.013125
-0.131213    0.093144    -0.036139
-0.111236    0.092415    -0.078441
0.101724    0.089924    -0.091212
0.110193    0.092687    0.079521
-0.019063    -0.132082    0.134621
-0.00745    -0.246049    0.136743
-0.022463    -0.25886    0.134
-0.034701    -0.454509    0.131763
-0.029016    -0.309563    0.132802
-0.020884    -0.261053    0.134288
-0.025892    -0.323485    0.133373
-0.014783    -0.249007    0.135403
-0.00921    0.017598    0.136422
-0.009473    -0.383585    0.136374
-0.017987    -0.385218    0.134818
-0.037046    -0.398347    0.131334
-0.012989    -0.13219    0.135731
-0.011202    -0.252058    0.136058
-0.135454    -0.111855    0.010797
-0.135326    0.062019    0.012373
-0.134934    -0.021427    0.017192
-0.135293    -0.140102    0.012784
-0.135967    0.057678    0.004481
-0.134174    -0.263155    0.026556
-0.134095    -0.110669    0.02752
-0.134619    -0.196364    0.021077
-0.133993    -0.088224    0.028778
-0.134207    0.033074    0.026145
-0.135607    0.005228    0.008919
-0.135156    -0.083505    0.014464
-0.134028    0.039965    0.028352
-0.13631    0.092634    -0.008416
-0.12135    0.100443    -0.058842
0.127336    0.102173    -0.043117
0.103805    0.0985    0.086354
-0.013695    0.086305    0.135602
-0.010813    0.055779    0.136129
-0.031604    0.019164    0.132329
-0.027728    -0.132691    0.133037
-0.0228    -0.017723    0.133938
-0.037055    -0.303426    0.131333
-0.032335    -0.097261    0.132195
-0.032477    -0.289472    0.132169
-0.036487    -0.241643    0.131436
-0.033457    -0.278423    0.13199
-0.038372    0.076711    0.131092
-0.029518    -0.0079    0.13271
-0.03948    -0.007274    0.13089
-0.031193    -0.131514    0.132404
-0.125291    -0.368803    0.053233
-0.127438    -0.344322    0.047219
-0.13087    -0.424669    0.037604
-0.133374    -0.097087    0.03059
-0.125638    -0.472068    0.052261
-0.133112    -0.443337    0.031322
-0.132835    -0.422042    0.032099
-0.1329    -0.227823    0.031915
-0.131514    -0.126817    0.035799
-0.133369    -0.095    0.030604
-0.125941    -0.462519    0.051412
-0.126485    -0.439141    0.049888
-0.131302    -0.108621    0.036394
-0.133398    -0.363952    0.030522
-0.105064    0.101552    -0.084334
0.085221    0.105601    -0.103352
0.118642    0.105242    0.062657
-0.046233    -0.020992    0.128452
-0.045213    0.029921    0.128935
-0.047774    -0.438561    0.127722
-0.047102    -0.114575    0.12804
-0.069607    -0.408904    0.117375
-0.044934    0.005628    0.129067
-0.050782    -0.278054    0.126296
-0.052476    -0.370078    0.125493
-0.048819    -0.189987    0.127226
-0.048491    -0.195198    0.127382
-0.06131    -0.374121    0.121307
-0.053212    -0.2023    0.125144
-0.045957    -0.081775    0.128582
-0.050541    -0.410754    0.12641
-0.135501    0.095823    0.004629
-0.122066    -0.094689    0.062267
-0.124524    -0.064637    0.055382
-0.125453    -0.093041    0.052779
-0.123957    -0.108153    0.056971
-0.128334    -0.134991    0.044707
-0.125322    -0.208308    0.053146
-0.122884    -0.142509    0.059975
-0.129186    0.060717    0.042322
-0.126979    -0.13071    0.048504
-0.126474    -0.184792    0.049919
-0.128997    -0.040895    0.042849
-0.122508    -0.183016    0.06103
-0.128832    -0.016347    0.043314
-0.042024    0.108379    -0.126722
0.060902    0.109014    -0.118596
0.133691    0.107862    -0.003094
0.016621    0.104485    0.133372
-0.068365    -0.05709    0.117964
-0.073304    -0.272883    0.115623
-0.073716    -0.21929    0.115428
-0.066645    0.074423    0.118779
-0.067432    -0.148514    0.118406
-0.07094    -0.311312    0.116743
-0.0662    -0.133009    0.11899
-0.073945    0.001983    0.11532
-0.063482    -0.103011    0.120277
-0.072149    0.021889    0.116171
-0.063901    0.070654    0.120079
-0.07233    -0.394058    0.116085
-0.071916    -0.262593    0.116281
-0.054815    0.092227    0.124122
-0.116707    -0.310616    0.070156
-0.109432    -0.449039    0.080685
-0.119026    -0.132199    0.0668
-0.105777    -0.424776    0.085974
-0.121186    -0.151202    0.063675
-0.107583    -0.410033    0.083361
-0.116664    -0.096212    0.07022
-0.11326    -0.42429    0.075145
-0.109637    -0.393202    0.080388
-0.116179    -0.241339    0.070921
-0.114202    -0.357823    0.073782
-0.11628    -0.117397    0.070774
-0.121681    -0.034248    0.062959
-0.109997    -0.377939    0.079867
-0.062956    0.107867    -0.118917
0.086534    0.114778    -0.099627
0.113067    0.114805    0.069646
0.040647    0.11468    0.12578
-0.093215    -0.446061    0.099117
-0.078704    -0.150692    0.111447
-0.08904    -0.269012    0.102664
-0.077474    -0.266145    0.112493
-0.075951    -0.346548    0.113787
-0.085374    -0.351035    0.10578
-0.080483    -0.08558    0.109936
-0.074823    -0.434592    0.114745
-0.080015    -0.199277    0.110333
-0.082778    -0.115031    0.107985
-0.093563    -0.379037    0.098822
-0.074909    -0.118684    0.114672
-0.078741    -0.453833    0.111416
-0.070008    0.10123    0.115978
-0.117409    0.009254    0.069141
-0.107109    0.032416    0.084046
-0.111849    0.068879    0.077187
-0.104071    -0.140017    0.088444
-0.116398    0.087537    0.070604
-0.105388    -0.009302    0.086537
-0.105498    -0.041107    0.086379
-0.103768    -0.334274    0.088882
-0.104939    -0.204988    0.087187
-0.11134    -0.037867    0.077924
-0.107526    -0.164234    0.083443
-0.101911    0.084018    0.091569
-0.109281    -0.174292    0.080904
-0.102723    -0.012539    0.090393
-0.092069    0.11984    -0.093314
0.11161    0.118654    -0.068535
0.090469    0.117889    0.096005
-0.059651    0.112479    0.118574
-0.084167    -0.009399    0.106805
-0.081532    0.084322    0.109045
-0.095026    -0.319687    0.097578
-0.098923    -0.086088    0.094267
-0.096098    0.058708    0.096668
-0.089807    -0.115195    0.102013
-0.090847    -0.040769    0.10113
-0.087054    0.087553    0.104353
-0.099527    -0.29863    0.093753
-0.089217    -0.093179    0.102515
-0.086531    0.044781    0.104797
-0.098757    -0.086706    0.094408
-0.097511    -0.283737    0.095467
-0.076177    0.104288    0.1116
-0.130145    0.118003    -0.017699
-0.121229    0.119193    -0.049652
0.11991    0.119002    -0.052787
0.080175    0.122569    0.102246
0.049985    0.121352    0.120303
-0.132205    0.112362    0.011819
-0.054827    0.130591    -0.114841
0.058376    0.127617    -0.113642
0.125899    0.124185    0.029072
0.026864    0.11906    0.129092
-0.102122    0.103814    0.088706
-0.118229    0.104257    0.065287
-0.098402    0.131783    -0.07906
0.096399    0.129049    -0.084075
0.10711    0.125162    0.072767
-0.082039    0.126494    0.098747
-0.129724    0.119836    0.016813
-0.083042    0.137782    -0.092396
0.074696    0.134293    -0.100326
0.111305    0.135552    0.055264
-0.049661    0.131994    0.11608
-0.119846    0.129659    0.042366
-0.046834    0.139029    -0.113429
0.05767    0.139877    -0.107755
0.11748    0.140114    0.035609
-0.032517    0.136243    0.120175
-0.123895    0.127546    0.033526
-0.051665    0.140861    -0.110686
0.080344    0.143851    -0.08884
0.104963    0.144897    0.056745
-0.039808    0.132561    0.120464
-0.122436    0.139595    0.00493
-0.063657    0.143811    -0.101728
0.092012    0.142256    -0.079118
0.1006    0.143785    0.066694
-0.076948    0.141676    0.093758
-0.003306    0.148881    -0.116805
0.024529    0.149861    -0.1134
0.114687    0.152059    -0.000665
-0.010894    0.147973    0.11742
-0.117279    0.146025    0.021813
-0.093044    0.152234    -0.067164
0.088162    0.152447    -0.073078
0.056814    0.152664    0.09936
-0.092801    0.148863    0.071317
-0.038398    0.158257    -0.102742
0.062077    0.156136    -0.093388
0.094392    0.157733    0.057843
-0.076793    0.153748    0.083552
-0.105714    0.159245    -0.027632
0.009579    0.159543    -0.108573
0.10543    0.160962    0.020072
-0.041763    0.155558    0.104237
-0.110354    0.158476    -0.005853
0.011931    0.163301    -0.104788
0.102849    0.162819    0.025149
-0.042286    0.160684    0.099208
-0.102088    0.162758    -0.030711
0.014859    0.16672    -0.100809
0.102676    0.165766    0.00985
-0.039267    0.166018    0.09507
-0.104447    0.164625    -0.007511
0.006279    0.171812    -0.096718
0.098464    0.168925    0.015386
-0.057772    0.168178    0.082926
-0.015436    0.173787    -0.093052
0.058626    0.174639    -0.072146
0.061104    0.17249    0.073932
-0.071783    0.172692    0.064039
-0.076391    0.17503    -0.053071
0.088425    0.17727    -0.014923
0.005963    0.177105    0.089555
-0.088944    0.175781    -0.022842
0.064321    0.178019    -0.061223
0.057273    0.178072    0.067813
-0.082411    0.177796    0.033451
-0.053196    0.184906    -0.063603
0.03579    0.186067    -0.073462
0.08323    0.180916    0.017441
0.026597    0.18619    0.077327
-0.086054    0.178016    0.022344
-0.0464    0.189946    -0.064392
0.032006    0.1865    -0.074949
0.079124    0.189631    -0.00702
0.023255    0.187294    0.077773
-0.030613    0.180048    0.080402
-0.083844    0.182481    0.008058
-0.061653    0.19867    -0.04199
0.045147    0.193772    -0.062421
0.075446    0.194041    0.01367
0.000777    0.204142    0.071242
-0.080697    0.185891    0.018017
-0.051155    0.198307    -0.054664
0.025986    0.198324    -0.069819
0.070409    0.203553    0.011076
0.014754    0.20462    0.069834
-0.066265    0.194023    0.039393
-0.041663    0.209966    -0.053698
0.018925    0.212723    -0.064014
0.065651    0.212366    -0.01346
-0.001722    0.212375    0.067054
-0.06393    0.211261    0.021166
-0.056419    0.219138    -0.028714
0.039535    0.214275    -0.052425
0.047364    0.218939    0.041973
-0.036775    0.214259    0.055103
-0.027046    0.227766    -0.053186
-0.053572    0.228466    0.025494
0.060758    0.223    -0.008162
0.002569    0.229681    0.058399
-0.00672    0.233225    -0.05636
-0.054712    0.233532    0.015584
0.058996    0.22422    -0.015178
0.003742    0.233502    0.056595
-0.027129    0.237599    -0.047995
0.00742    0.237036    -0.054588
0.053065    0.2373    0.015138
-0.013149    0.2475    0.049593
-0.045586    0.243979    -0.026393
0.041731    0.246075    -0.030175
0.014658    0.248673    0.048532
-0.031179    0.255816    -0.036919
0.008588    0.254521    -0.047668
0.045354    0.257708    0.014966
-0.009289    0.266478    -0.043886
-0.038463    0.261891    0.025612
0.041299    0.253837    0.026522
-0.004022    0.270818    -0.043102
-0.0349    0.27239    0.025198
0.039558    0.26798    0.01942
-0.000307    0.276618    -0.041787
0.003192    0.269964    -0.043633
0.027992    0.277768    0.030952
-0.026476    0.286988    -0.029258
0.027536    0.282478    -0.029105
0.002055    0.287709    0.038973
-0.037009    0.294631    -0.006011
0.037093    0.29395    0.005343
-0.011759    0.304932    -0.033409
0.025601    0.306269    -0.024293
0.00318    0.301143    0.036025
-0.032506    0.308186    0.013057
0.027641    0.311567    0.020364
-0.029542    0.318622    -0.015641
0.033502    0.315069    -0.003181
-0.007466    0.324475    -0.03192
0.028952    0.317199    -0.016805
-0.019944    0.325873    0.025765
0.015528    0.340094    -0.027049
-0.008933    0.331933    0.030788
0.003333    0.337881    -0.031188
0.005608    0.344208    0.030603
-0.02314    0.349649    0.020757
0.010531    0.352693    0.028796
-0.029136    0.354067    0.009772
0.012548    0.360202    0.027879
-0.02556    0.380097    -0.01696
0.008862    0.372109    -0.029217
0.030344    0.384117    0.002643
-0.007357    0.380527    0.029667
-0.018953    0.37764    -0.023887
-0.025558    0.377392    0.01675
0.029513    0.388309    0.007191
-0.004578    0.375613    0.030175
0.000641    0.392526    0.028096
0.007663    -0.494164    -0.123735
-0.01607    -0.482535    -0.122225
0.045895    -0.490772    -0.114446
0.029662    -0.476474    -0.110673
0.075639    -0.48706    -0.097216
-0.021223    -0.476474    -0.118984
0.023906    -0.476474    -0.058989
0.03345    -0.476474    -0.083646
-0.00128    -0.476474    -0.075216
-0.035422    -0.476474    -0.091152
-0.009322    -0.476474    -0.07342
-0.051655    -0.476474    -0.102761
0.055061    -0.476474    -0.08985
-0.038545    -0.476474    -0.108627
0.045905    -0.476474    -0.083043
0.060763    -0.476474    -0.083782
0.042639    -0.476474    -0.056498
0.056675    -0.476474    -0.058976
-0.027811    -0.476474    -0.03789
-0.049411    -0.476474    -0.079607
-0.057584    -0.476474    -0.097463
0.016278    -0.476474    -0.012526
0.103062    -0.476474    -0.053485
0.094962    -0.476474    -0.052768
-0.005908    -0.476474    -0.004699
-0.05194    -0.476474    -0.051274
-0.073707    -0.476474    -0.047766
0.111071    -0.476474    -0.040147
0.064952    -0.476474    -0.019421
0.078462    -0.476474    -0.019907
-0.04176    -0.476474    -0.013869
-0.037741    -0.476474    -0.021651
-0.087025    -0.476474    -0.049725
0.115399    -0.486365    -0.04276
0.040375    -0.476474    -0.006878
0.061449    -0.476474    -0.011748
0.116417    -0.485085    -0.039909
-0.08245    -0.476474    -0.012643
-0.081861    -0.476474    -0.009408
-0.032984    -0.476474    -0.009414
0.094043    -0.476474    0.049633
0.055608    -0.476474    0.013767
0.089657    -0.476474    0.010565
0.084696    -0.476474    0.03627
0.053785    -0.476474    0.047249
0.054008    -0.476474    0.051912
0.062681    -0.476474    0.031912
0.062331    -0.476474    0.088247
0.096227    -0.476474    0.005265
-0.120772    -0.479332    -0.02489
-0.029404    -0.476474    0.000475
-0.06807    -0.476474    0.001715
0.122527    -0.491429    0.014223
0.112406    -0.476474    0.030161
-0.029908    -0.476474    0.01861
-0.060578    -0.476474    0.059278
-0.013072    -0.476474    0.051401
-0.001954    -0.476474    0.005377
-0.065444    -0.476474    0.06363
-0.044826    -0.476474    0.034336
-0.004388    -0.476474    0.058108
-0.029924    -0.476474    0.022214
-0.046677    -0.476474    0.068579
-0.092406    -0.476474    0.05322
-0.102432    -0.476474    0.050405
-0.090066    -0.476474    0.045517
-0.082445    -0.476474    0.026801
0.122121    -0.480996    0.016445
-1.1e-05    -0.476474    0.095617
-0.067897    -0.476474    0.074219
-0.101838    -0.476474    0.062739
0.115633    -0.482199    0.043479
-0.052031    -0.476474    0.097629
-0.046839    -0.476474    0.104221
-0.113096    -0.493055    0.049961
0.0832    -0.487661    0.092233
-0.001481    -0.476474    0.111642
-0.095814    -0.492342    0.078255
-0.051422    -0.482774    0.112067
-0.067037    -0.479384    0.104666
-0.016139    -0.49199    0.122362
-0.015427    -0.485485    0.122492
-0.024612    0.398938    0.007566
-0.015568    0.403787    -0.020916
0.019649    0.420602    -0.019391
0.002786    0.410037    0.026555
-0.015131    0.427948    0.020154
-0.00544    0.427948    -0.015945
0.024188    0.407791    -0.010466
-0.025518    0.395363    -0.000702
0.026087    0.405251    -0.000875
-0.012875    0.427948    -0.016425
0.025926    0.427948    0.006008
-0.002886    0.392526    -0.021342
-0.002037    0.392526    5.4e-05
-0.016455    0.392526    0.010859
