0.046343    0.412195    -0.002337
0.045116    0.399296    0.018293
0.032822    0.413483    0.03162
0.042536    0.401961    0.025494
0.044356    0.391822    -0.004495
0.038432    0.410676    -0.027757
0.021547    0.420806    -0.017077
0.026235    0.390912    0.033348
0.025385    0.40706    -0.042748
0.035828    0.385813    0.020788
0.017157    0.420806    0.012087
0.045603    0.365263    0.006092
0.037498    0.35801    0.029565
0.004578    0.415485    0.043519
0.027199    0.391229    -0.033544
0.026743    0.363587    0.037978
0.009088    0.416193    -0.041629
-0.008038    0.406273    0.048736
0.000836    0.420806    0.004906
0.033244    0.386691    -0.02381
-3.3e-05    0.392776    0.047203
-0.007937    0.420806    0.01686
-0.002368    0.411726    -0.046693
0.046929    0.353587    -0.012626
-0.016068    0.408395    0.046483
-0.009646    0.420806    -0.009318
0.013914    0.363992    -0.044365
0.044639    0.339508    0.004984
0.044167    0.328734    0.012671
0.044788    0.314855    0.013685
0.037661    0.314997    0.027478
-0.026163    0.411806    0.03859
-0.003057    0.388167    -0.040662
0.044788    0.32986    -0.008973
0.048168    0.286242    0.006462
0.044939    0.323904    0.010988
0.045113    0.275997    0.019939
0.041947    0.332306    -0.017385
0.041462    0.258374    0.028971
0.032038    0.296797    0.035752
-0.025398    0.404313    0.042739
-0.02172    0.420806    0.017985
-0.006377    0.382929    -0.041292
0.049973    0.253546    -0.01011
0.051606    0.239444    0.005786
0.054365    0.201658    0.008822
0.047289    0.237084    0.022018
0.043452    0.279564    -0.023302
0.04011    0.235835    0.033507
0.025727    0.297149    0.040564
0.024356    0.330451    0.038707
-0.029816    0.417908    0.025771
-0.015298    0.386996    -0.03782
0.053552    0.222493    -0.001773
0.055264    0.18924    0.00987
0.057873    0.159395    0.008997
0.042525    0.272663    -0.025959
0.0512    0.201738    -0.02023
0.044506    0.198521    0.032857
0.049657    0.197842    0.024798
0.037284    0.230019    0.037819
0.017777    0.345295    0.04081
-0.042368    0.402943    0.025881
-0.029005    0.420806    -0.009008
-0.023894    0.370857    -0.037966
0.056105    0.183151    -0.00735
0.057731    0.150992    0.01541
0.040423    0.261484    -0.02997
0.044431    0.164433    0.037595
0.048929    0.141435    0.034863
0.055747    0.126635    0.025514
0.030651    0.176309    0.048518
0.017897    0.288342    0.045033
-0.018596    0.360812    0.043252
-0.03327    0.389233    -0.023519
0.025775    0.312116    -0.03922
0.018603    0.31702    -0.042589
0.00206    0.264719    -0.050252
-0.002201    0.346197    -0.044538
0.060981    0.114925    -0.013622
0.062283    0.112143    -0.005501
0.059035    0.142472    -0.01092
0.029421    0.287241    -0.038595
0.045039    0.238747    -0.026686
0.049449    0.193219    -0.026301
0.052943    0.151383    -0.026926
0.052767    0.113547    0.033657
0.041703    0.138481    0.043989
0.024997    0.221684    0.047436
0.005675    0.319734    0.04593
-0.035513    0.38961    0.020595
-0.041327    0.404867    -0.027237
-0.02226    0.332303    -0.039928
0.021099    0.297724    -0.043003
0.023248    0.276033    -0.04374
0.011416    0.33501    -0.044107
-0.007638    0.269799    -0.049162
-0.015595    0.302219    -0.044945
0.067161    0.084769    -5e-06
0.031908    0.212111    -0.043815
0.043268    0.205397    -0.033535
0.053077    0.092111    0.03816
0.034156    0.120144    0.051695
0.017715    0.178644    0.054313
0.010213    0.249092    0.050271
-0.027786    0.362282    0.037572
-0.037534    0.417474    -0.014252
-0.024718    0.33407    -0.038113
-0.025619    0.294655    -0.040865
-0.030412    0.271616    -0.0392
0.015138    0.217283    -0.051915
0.004299    0.22876    -0.052695
-0.011483    0.216783    -0.05275
-0.023359    0.233848    -0.047025
0.035122    0.205189    -0.042071
0.037697    0.169195    -0.043855
0.024565    0.188686    -0.050575
0.049888    0.1403    -0.033768
0.047618    0.131206    -0.037964
0.054921    0.087508    0.037042
0.027126    0.13844    0.05402
0.008669    0.205705    0.054046
-0.00292    0.28534    0.048697
-0.042472    0.369473    0.01505
-0.045179    0.413966    0.001035
-0.045613    0.355906    -0.015803
-0.042775    0.270213    -0.025911
-0.035762    0.298039    -0.031883
-0.030392    0.22805    -0.043313
0.013588    0.204329    -0.053514
-0.001603    0.236125    -0.052434
-0.025061    0.176198    -0.05149
-0.035393    0.168896    -0.045654
-0.036107    0.186954    -0.04322
0.032472    0.133718    -0.051569
0.018808    0.137745    -0.057528
0.059459    0.076031    0.034955
0.021528    0.123607    0.05767
0.001262    0.183119    0.056909
-0.012083    0.302763    0.046273
-0.034257    0.354407    0.034454
-0.045077    0.413372    -0.00521
-0.04558    0.264318    -0.020925
-0.042339    0.225697    -0.031982
-0.04477    0.23549    -0.027481
-0.004343    0.160122    -0.058425
-0.027747    0.149051    -0.052812
-0.037396    0.145707    -0.046539
0.036385    0.108002    -0.051252
0.025828    0.121975    -0.056035
0.004554    0.121672    -0.061611
0.052181    0.066189    0.048167
0.004986    0.158623    0.058466
-0.003235    0.207056    0.054649
-0.017901    0.340878    0.04109
-0.03812    0.353453    0.02948
-0.04649    0.362652    -0.004151
-0.043859    0.310638    -0.016693
-0.048837    0.218379    -0.022331
-0.041822    0.189148    -0.03763
-0.045663    0.113785    -0.042883
-0.044431    0.155463    -0.038815
-0.018258    0.137879    -0.057744
-0.033863    0.125719    -0.051338
0.074349    0.053758    0.012789
0.00828    0.102332    -0.063062
0.067033    0.060006    -0.029021
0.02186    0.087652    0.062489
0.007168    0.113172    0.061977
-0.00537    0.181356    0.056515
-0.019891    0.252559    0.046891
-0.026216    0.312566    0.038842
-0.046688    0.352053    -0.005663
-0.0444    0.333226    -0.010132
-0.053377    0.134973    -0.029431
-0.055683    0.115214    -0.028141
-0.048764    0.100408    -0.041467
-0.044783    0.102781    -0.045711
0.026408    0.087686    -0.060598
-0.001294    0.092866    -0.065604
0.059714    0.054878    0.045318
0.029879    0.074105    0.062196
-0.003559    0.148193    0.059525
-0.01649    0.19922    0.052975
-0.027522    0.260846    0.042357
-0.040484    0.307622    0.024639
-0.047613    0.295235    -0.005896
-0.048985    0.274534    -0.006474
-0.056738    0.163571    -0.014968
-0.060825    0.103776    -0.018719
-0.018068    0.091301    -0.063388
0.083249    0.038807    -0.001929
0.014178    0.080097    -0.06623
0.061537    0.05878    -0.040536
0.074811    0.039333    0.03501
0.00267    0.086606    0.066494
-0.0137    0.120555    0.0605
-0.018185    0.165791    0.055271
-0.029728    0.244398    0.042115
-0.035609    0.270517    0.035216
-0.047693    0.255401    0.017439
-0.044295    0.302349    0.01714
-0.046393    0.321848    0.001035
-0.060766    0.117283    -0.013759
-0.059358    0.148595    -0.004574
-0.063641    0.07535    -0.025638
0.081933    0.039507    -0.009135
-0.026483    0.066958    -0.065386
0.060569    0.052451    -0.045701
0.086389    0.025727    0.028245
0.010259    0.076243    0.067642
-0.016843    0.113607    0.060507
-0.033424    0.172762    0.04676
-0.045021    0.201293    0.031808
-0.050015    0.218283    0.019509
-0.051338    0.24905    0.002131
-0.061375    0.124093    -0.004807
-0.066301    0.08436    -0.007067
-0.039496    0.066712    -0.058683
0.094235    0.018658    0.014797
0.047017    0.053348    -0.059134
0.071706    0.038557    -0.042758
0.086805    0.020896    0.035703
0.023993    0.060394    0.068958
-0.026724    0.120362    0.055809
-0.03182    0.112222    0.054315
-0.041529    0.178959    0.0394
-0.052175    0.140746    0.030726
-0.049913    0.199027    0.023924
-0.056247    0.151081    0.019013
-0.056991    0.171183    0.008213
-0.058914    0.15832    0.001774
-0.052264    0.240671    1.2e-05
-0.071731    0.055977    -0.021633
0.095375    0.016245    -0.018538
-0.034976    0.053042    -0.067397
0.028445    0.049113    -0.072029
0.087156    0.01959    -0.037143
0.10027    0.000613    0.029392
0.039124    0.042913    0.071094
-0.0177    0.086452    0.064432
-0.048751    0.123461    0.037542
-0.057917    0.113073    0.023213
-0.059523    0.134065    0.012546
-0.052274    0.063599    -0.049635
0.095295    0.015413    -0.022893
-0.009492    0.046538    -0.0782
-0.053982    0.05034    -0.055374
0.014601    0.034484    -0.083846
0.077313    0.022299    -0.051881
0.085251    0.010517    0.052494
0.054329    0.022282    0.075449
0.002691    0.058713    0.073802
-0.037517    0.105771    0.050647
-0.065314    0.043429    -0.046928
-0.070412    0.068389    0.00309
0.105675    -0.010009    0.019614
-0.045955    0.032728    -0.073071
0.049031    0.032281    -0.071066
-0.0209    0.03182    -0.084533
0.093929    0.005714    -0.038919
0.100541    -0.016657    0.041543
0.063755    0.014131    0.074635
0.018861    0.037956    0.081465
-0.044555    0.104783    0.045457
-0.07104    0.043449    -0.038524
-0.063836    0.079702    0.022547
0.110355    -0.029779    0.017201
-0.027702    0.032352    -0.081807
-0.080216    0.022687    -0.047671
0.04525    0.024859    -0.079975
-0.044302    0.015753    -0.086974
0.102287    -0.020315    -0.039421
0.082156    -0.007633    0.06839
0.095564    -0.018019    0.054338
0.054792    0.002335    0.08796
0.016098    0.037364    0.082139
-0.058711    0.074146    0.036644
-0.073774    0.056048    0.01057
0.108476    -0.028036    -0.028552
0.110689    -0.061077    0.027741
-0.069727    0.016735    -0.067894
0.058928    0.010785    -0.080168
0.004648    0.014038    -0.098298
-0.045597    0.009212    -0.089522
0.101559    -0.021216    -0.041692
0.084573    -0.028676    0.0728
0.10248    -0.052354    0.048822
0.06294    -0.006505    0.086027
0.021507    0.028211    0.086893
-0.049266    0.067606    0.050927
-0.076731    0.049723    0.007973
0.113576    -0.051252    -0.00581
0.107513    -0.054677    0.036672
-0.070181    0.006809    -0.073705
-0.097591    0.008537    -0.026882
0.043958    -0.002132    -0.095524
-0.000834    0.007559    -0.101633
-0.038333    0.000757    -0.096499
0.089014    -0.014994    -0.062097
0.107554    -0.045491    -0.036574
0.084376    -0.047461    0.076257
0.065614    -0.021341    0.088066
0.031036    -0.001862    0.100751
-0.010716    0.03992    0.081508
-0.05979    0.065496    0.038669
-0.067723    0.055804    0.03148
0.112244    -0.063815    -0.015926
0.101324    -0.07304    0.050628
-0.099029    -0.000469    -0.033614
0.061543    -0.029197    -0.093355
0.034246    -0.029095    -0.106509
0.009478    -0.018319    -0.108843
-0.026943    -0.013038    -0.105379
-0.06836    -0.021342    -0.085959
0.090142    -0.034571    -0.067662
0.101229    -0.060212    -0.051843
0.071879    -0.0387    0.087735
0.032714    -0.010037    0.102631
0.012676    0.008794    0.099534
-0.04854    0.051849    0.058675
-0.076092    0.041351    0.029178
0.113249    -0.075639    0.004083
0.095067    -0.071365    0.061887
-0.09476    -0.024762    -0.058118
-0.101765    0.006529    -0.003254
0.07391    -0.013784    -0.079616
0.052659    -0.036123    -0.100546
0.02317    -0.019719    -0.10735
-0.015254    -0.030551    -0.110782
-0.073511    -0.035299    -0.085854
-0.078659    -0.013662    -0.075113
0.092899    -0.054721    -0.065149
0.10574    -0.070121    -0.040471
0.077071    -0.067756    0.083718
0.035523    -0.033798    0.107093
-0.016078    0.021222    0.092333
-0.046266    0.048019    0.062816
-0.073163    0.0406    0.037269
0.109457    -0.216942    0.027686
0.109426    -0.348814    0.02792
0.111067    -0.225974    0.015457
0.11085    -0.147648    0.017103
0.109282    -0.265745    0.029018
0.109823    -0.366669    0.024905
0.110681    -0.139364    0.018386
0.110407    -0.308027    0.020473
0.10965    -0.391703    0.026218
0.109739    -0.330803    0.025542
0.104369    -0.179344    0.041052
0.100552    -0.131503    0.050266
0.101284    -0.178598    0.048499
0.102001    -0.226432    0.046768
0.101633    -0.094911    0.047657
0.098582    -0.365857    0.055022
0.104535    -0.134781    0.040652
0.103514    -0.205289    0.043117
0.106261    -0.115955    0.036485
0.080028    -0.287226    0.079906
0.09593    -0.124228    0.059182
0.088587    -0.225467    0.068752
0.086041    -0.223197    0.07207
0.084371    -0.096898    0.074246
0.083221    -0.222893    0.075745
0.084008    -0.228253    0.074719
0.087344    -0.221991    0.070372
0.08558    -0.287991    0.072671
-0.100593    -0.023111    -0.045107
-0.108351    -0.019609    -0.015383
0.06243    -0.049706    -0.094986
0.033548    -0.049361    -0.108807
0.021372    -0.038844    -0.111527
-0.04931    -0.045754    -0.102278
-0.070369    -0.047885    -0.088894
-0.087941    -0.038287    -0.071611
0.108712    -0.076367    -0.032216
0.055182    -0.045963    0.099846
0.058023    -0.070699    0.098088
0.023711    -0.030211    0.109593
-0.024551    0.031809    0.083507
-0.086007    0.027804    0.025531
0.110816    -0.191004    -0.017362
0.112347    -0.152806    -0.005733
0.110807    -0.223861    -0.017435
0.113002    -0.09632    -0.000758
0.110835    -0.104934    -0.01722
0.112864    -0.279662    -0.001809
0.110718    -0.126498    -0.01811
0.110107    -0.090561    -0.022748
0.109841    -0.102713    -0.024769
0.112942    -0.236212    0.001217
0.110507    -0.332085    0.019707
0.111155    -0.418776    0.014786
0.112333    -0.288681    0.005838
0.112794    -0.394926    0.002341
0.11171    -0.260601    0.010574
0.112672    -0.275028    0.003267
0.112714    -0.168911    0.002945
0.111194    -0.431151    0.01449
0.106238    -0.428519    0.036539
0.107186    -0.213879    0.034252
0.106002    -0.1936    0.037109
0.103723    -0.278686    0.042611
0.103507    -0.292555    0.043132
0.107588    -0.344664    0.03328
0.105999    -0.225226    0.037116
0.104603    -0.323767    0.040487
0.103688    -0.325439    0.042696
0.092145    -0.430739    0.064115
0.097154    -0.287477    0.057587
0.094877    -0.146346    0.060555
0.091881    -0.257812    0.064459
0.093825    -0.384341    0.061925
0.095374    -0.276544    0.059907
0.084621    -0.38413    0.07392
0.084905    -0.3821    0.07355
0.088575    -0.330427    0.068767
0.078513    -0.10895    0.081097
0.075608    -0.366434    0.083326
0.063472    -0.182961    0.092638
0.070764    -0.2495    0.087043
0.072571    -0.294345    0.085656
0.070751    -0.22295    0.087053
0.065104    -0.088745    0.091386
0.075353    -0.136567    0.083521
0.064063    -0.165562    0.092185
0.069532    -0.088723    0.087988
-0.108009    -0.01218    -0.005523
-0.10165    0.00391    0.012833
0.075753    -0.052958    -0.084763
0.002612    -0.066825    -0.113997
-0.004336    -0.051929    -0.11377
-0.043043    -0.065484    -0.104874
-0.061974    -0.067031    -0.095335
0.082825    -0.072474    -0.07772
0.106679    -0.271383    -0.035475
0.099599    -0.105136    -0.052567
0.106755    -0.168833    -0.035291
0.106994    -0.162631    -0.034714
0.105234    -0.222079    -0.038964
0.104226    -0.118194    -0.041397
0.107236    -0.137711    -0.03413
0.105482    -0.098169    -0.038365
0.107056    -0.340798    -0.034564
0.091369    -0.165565    -0.065126
0.091384    -0.126706    -0.065107
0.088373    -0.110398    -0.06903
0.096356    -0.353392    -0.058627
0.093639    -0.091779    -0.062167
0.093456    -0.308946    -0.062406
0.089757    -0.227449    -0.067227
0.090635    -0.242773    -0.066083
0.084651    -0.116421    -0.073881
0.0388    -0.056088    0.106631
0.048289    -0.075625    0.102107
-0.019931    -0.002916    0.103701
-0.044675    0.032024    0.074627
-0.089398    0.020031    0.030959
0.111788    -0.368924    -0.009983
0.110407    -0.214272    -0.020469
0.109849    -0.222096    -0.024711
0.110242    -0.344957    -0.021723
0.109426    -0.228817    -0.027922
0.112066    -0.37416    -0.007872
0.110047    -0.265875    -0.023207
0.109822    -0.42645    -0.024913
0.110365    -0.265436    -0.020788
0.085226    -0.431596    0.073238
0.058451    -0.124123    0.096491
0.065023    -0.373225    0.091448
0.074608    -0.389828    0.084093
0.060351    -0.353045    0.095033
0.068766    -0.416101    0.088576
0.059094    -0.418483    0.095997
0.071806    -0.334816    0.086243
0.059324    -0.186882    0.095821
0.07175    -0.356781    0.086286
-0.103761    -0.057562    -0.045729
-0.111371    -0.045177    -0.022559
-0.092122    0.011292    0.036963
0.043315    -0.07642    -0.10411
-0.025868    -0.069542    -0.110789
-0.073234    -0.07469    -0.086083
0.069189    -0.080881    -0.088668
0.104088    -0.347354    -0.041729
0.098048    -0.30244    -0.056311
0.098029    -0.398852    -0.056357
0.108954    -0.424022    -0.029982
0.103157    -0.308309    -0.043978
0.09854    -0.164568    -0.055124
0.103717    -0.355913    -0.042626
0.098494    -0.318676    -0.055234
0.107185    -0.408399    -0.034253
0.086184    -0.348165    -0.071884
0.080984    -0.329921    -0.078661
0.081563    -0.262836    -0.077905
0.086623    -0.400408    -0.071311
0.085997    -0.411169    -0.072126
0.089895    -0.337732    -0.067047
0.083744    -0.286926    -0.075063
0.082104    -0.237154    -0.077201
0.080043    -0.273415    -0.079886
0.024136    -0.043667    0.111164
-0.004108    -0.017677    0.109409
-0.033711    0.005562    0.096158
-0.074637    0.018745    0.059283
0.090806    -0.437964    0.068886
0.042912    -0.226025    0.103599
0.053879    -0.10311    0.099056
0.036592    -0.178184    0.106216
0.050699    -0.193775    0.100373
0.049544    -0.086878    0.100851
0.047195    -0.268911    0.101824
0.051556    -0.285533    0.100018
0.052535    -0.368233    0.099612
0.053224    -0.315663    0.099327
-0.106098    -0.071714    -0.039333
-0.113916    -0.050634    -0.003227
-0.098029    -0.001237    0.036899
0.007377    -0.085307    -0.112169
-0.039739    -0.077091    -0.105543
-0.093355    -0.084984    -0.062635
0.066396    -0.198488    -0.090395
0.063126    -0.204776    -0.092904
0.06242    -0.090001    -0.093446
0.070062    -0.09426    -0.087582
0.064052    -0.311475    -0.092193
0.059621    -0.13092    -0.095593
0.076256    -0.131117    -0.082829
0.065053    -0.117847    -0.091425
0.057046    -0.239978    -0.097569
0.065338    -0.38195    -0.091206
0.062073    -0.404341    -0.093712
0.079905    -0.252381    -0.080028
0.076571    -0.42551    -0.082587
0.060682    -0.397405    -0.094779
0.074374    -0.424668    -0.084272
0.072222    -0.363993    -0.085924
0.077557    -0.220467    -0.08183
0.079513    -0.200594    -0.08033
0.09833    -0.43539    -0.0579
0.028891    -0.070078    0.110355
-0.016148    -0.029353    0.1104
-0.060224    0.011876    0.078577
0.111621    -0.438948    -0.027461
0.115177    -0.442211    0.00334
0.105956    -0.454813    0.043735
0.082481    -0.471758    0.080806
0.03154    -0.120313    0.108309
0.035722    -0.352638    0.106577
0.03619    -0.298425    0.106383
0.054533    -0.430171    0.098785
0.046155    -0.302305    0.102255
0.048684    -0.368367    0.101208
0.036973    -0.244986    0.106059
0.042797    -0.362808    0.103646
0.041106    -0.372926    0.104347
-0.105847    -0.082691    -0.038037
-0.097798    -0.009768    0.044227
-0.114151    -0.059615    0.001442
0.055047    -0.093626    -0.098572
0.031532    -0.239708    -0.108312
0.031422    -0.159124    -0.108358
0.029567    -0.232658    -0.109126
0.046175    -0.114257    -0.102247
0.038003    -0.143537    -0.105632
0.03459    -0.253247    -0.107045
0.043389    -0.134574    -0.103401
0.031675    -0.164115    -0.108253
0.003934    -0.199667    -0.112584
0.011749    -0.146166    -0.111555
0.000196    -0.254499    -0.113076
0.012377    -0.242075    -0.111472
0.003199    -0.333988    -0.112681
0.008242    -0.165353    -0.112017
0.010548    -0.138986    -0.111713
0.011633    -0.214463    -0.11157
0.01441    -0.220397    -0.111205
-0.026774    -0.218346    -0.109577
-0.016259    -0.207617    -0.110961
-0.019176    -0.112586    -0.110577
-0.022041    -0.226613    -0.1102
-0.026599    -0.188673    -0.1096
-0.023819    -0.105253    -0.109966
-0.027815    -0.391921    -0.10944
-0.014359    -0.0906    -0.111212
-0.025036    -0.26395    -0.109806
-0.054621    -0.268862    -0.098748
-0.042697    -0.250862    -0.103688
-0.034947    -0.131284    -0.106898
-0.052886    -0.219508    -0.099467
-0.045894    -0.150557    -0.102363
-0.043697    -0.260161    -0.103273
-0.03682    -0.146842    -0.106122
-0.04386    -0.12871    -0.103206
-0.051973    -0.30379    -0.099845
-0.042796    -0.168732    -0.103647
-0.068705    -0.250363    -0.088623
-0.074211    -0.194022    -0.084398
-0.07824    -0.274623    -0.081306
-0.064107    -0.159573    -0.092151
-0.067341    -0.2161    -0.089669
-0.076092    -0.255823    -0.082955
-0.077729    -0.199402    -0.081699
-0.073173    -0.169052    -0.085194
-0.077705    -0.152413    -0.081717
-0.089252    -0.208207    -0.067886
-0.092843    -0.134541    -0.063205
-0.096195    -0.08628    -0.058837
-0.08826    -0.160438    -0.069178
-0.093029    -0.14368    -0.062963
-0.090159    -0.159232    -0.066703
-0.094035    -0.1456    -0.061652
-0.087623    -0.215948    -0.070009
-0.087282    -0.087533    -0.070452
0.053266    -0.420717    -0.09931
0.041726    -0.276205    -0.10409
0.051188    -0.423522    -0.10017
0.046751    -0.259672    -0.102008
0.043893    -0.379699    -0.103192
0.039166    -0.39178    -0.10515
0.030746    -0.417208    -0.108638
0.053029    -0.157482    -0.099408
0.041137    -0.289776    -0.104334
0.070176    -0.432402    -0.087859
-0.013781    -0.0528    0.112527
-0.046019    -0.006955    0.09639
-0.056558    -0.000917    0.088382
0.115221    -0.443069    -0.003008
0.114493    -0.478485    0.008538
0.110478    -0.476116    0.032819
0.093782    -0.45523    0.066079
0.085618    -0.473488    0.076718
0.080534    -0.469877    0.08269
0.012265    -0.10941    0.111487
0.015946    -0.249472    0.111003
0.02402    -0.367554    0.10994
0.010887    -0.190276    0.111669
0.019945    -0.22989    0.110476
0.026132    -0.086351    0.109662
0.01398    -0.146618    0.111261
0.021571    -0.264379    0.110262
0.016849    -0.202871    0.110884
-0.098556    -0.15768    -0.055086
-0.098028    -0.186943    -0.05636
-0.107358    -0.118013    -0.033837
-0.107109    -0.139177    -0.034437
-0.103425    -0.209578    -0.04333
-0.103192    -0.132176    -0.043894
-0.101908    -0.294588    -0.046994
-0.098939    -0.264777    -0.054161
-0.105791    -0.101505    -0.037618
-0.10679    -0.032581    0.035559
-0.112075    -0.065857    0.017215
0.028619    -0.154628    -0.109334
0.011136    -0.340579    -0.111636
0.004877    -0.422731    -0.11246
0.013945    -0.322074    -0.111266
0.025125    -0.184096    -0.109794
0.01784    -0.235101    -0.110753
0.02007    -0.194988    -0.11046
0.022044    -0.225816    -0.1102
0.019314    -0.300327    -0.110559
0.022984    -0.243117    -0.110076
-0.003708    -0.256832    -0.112614
-0.001987    -0.165512    -0.11284
-0.019551    -0.320881    -0.110528
-0.027863    -0.423222    -0.109434
-0.015117    -0.406803    -0.111112
-0.002658    -0.30622    -0.112752
-0.011357    -0.371042    -0.111607
-0.003087    -0.396241    -0.112696
-0.007953    -0.312986    -0.112055
-0.0351    -0.201484    -0.106834
-0.045784    -0.367359    -0.102409
-0.050525    -0.373718    -0.100445
-0.03099    -0.387021    -0.108537
-0.046586    -0.339315    -0.102077
-0.036656    -0.257571    -0.10619
-0.037196    -0.408679    -0.105966
-0.030439    -0.419312    -0.108765
-0.029895    -0.277082    -0.10899
-0.072632    -0.346533    -0.085609
-0.058208    -0.162478    -0.096678
-0.068245    -0.300194    -0.088976
-0.060699    -0.367494    -0.094766
-0.060759    -0.394951    -0.09472
-0.06823    -0.428164    -0.088987
-0.075835    -0.399402    -0.083152
-0.067333    -0.42086    -0.089676
-0.069512    -0.353218    -0.088004
-0.080585    -0.424418    -0.07918
-0.08839    -0.413736    -0.069008
-0.090644    -0.393367    -0.066071
-0.095388    -0.305276    -0.059888
-0.094526    -0.266451    -0.061012
-0.083159    -0.383473    -0.075825
-0.089817    -0.350348    -0.067148
-0.09579    -0.223711    -0.059364
-0.097676    -0.171525    -0.056907
0.029609    -0.432388    -0.109418
0.107049    -0.447869    -0.041098
0.09905    -0.469696    -0.059212
-0.015179    -0.056021    0.112343
-0.004374    -0.07621    0.113173
-0.057179    -0.016472    0.093196
-0.085691    -0.010453    0.064796
0.11378    -0.472179    -0.013952
0.112644    -0.487251    0.01573
0.084126    -0.492781    0.075762
0.062908    -0.462215    0.096214
0.008857    -0.352212    0.111936
0.019823    -0.368784    0.110492
0.018277    -0.302609    0.110696
0.00841    -0.231592    0.111995
0.021169    -0.349249    0.110315
0.005974    -0.368259    0.112315
0.02614    -0.403957    0.10966
0.002233    -0.251086    0.112808
0.020539    -0.3955    0.110398
-0.108243    -0.288914    -0.031699
-0.101852    -0.428076    -0.047129
-0.101229    -0.42765    -0.048633
-0.104629    -0.310392    -0.040424
-0.108418    -0.303821    -0.031277
-0.103418    -0.429961    -0.043349
-0.109094    -0.118265    -0.029644
-0.102543    -0.404516    -0.045461
-0.104334    -0.251066    -0.041137
-0.104097    -0.0433    0.044919
-0.111986    -0.069244    0.016929
-0.109882    -0.312449    -0.024458
-0.111036    -0.088681    -0.015691
-0.109494    -0.325654    -0.027408
-0.112006    -0.156121    -0.008321
-0.109523    -0.278467    -0.027183
-0.109569    -0.286726    -0.026838
-0.110831    -0.088322    -0.017246
-0.110135    -0.202669    -0.022538
-0.109737    -0.086358    -0.02556
0.002205    -0.431979    -0.112985
-0.095859    -0.432914    -0.059986
0.106241    -0.462948    -0.043048
0.067063    -0.443539    -0.093026
0.033884    -0.457124    -0.110038
0.086378    -0.470225    -0.075728
-0.034412    -0.044328    0.108449
-0.018722    -0.078814    0.111109
-0.074924    -0.00772    0.077166
0.114619    -0.485631    -0.002687
0.108054    -0.49029    0.035083
0.07155    -0.489707    0.087969
0.045934    -0.462868    0.105046
-0.012576    -0.123101    0.111446
-0.00018    -0.393051    0.113078
-0.009112    -0.134549    0.111902
-0.001052    -0.327967    0.112963
-0.007892    -0.20256    0.112063
-0.020329    -0.179184    0.110426
-0.011746    -0.173099    0.111556
-0.001196    -0.378472    0.112944
-0.001464    -0.295104    0.112909
-0.105342    -0.431459    -0.038772
-0.104615    -0.052694    0.043668
-0.111494    -0.281638    0.012211
-0.111269    -0.153514    0.013919
-0.111561    -0.279217    0.011705
-0.110654    -0.175803    0.018593
-0.11107    -0.186921    0.015438
-0.11246    -0.239273    0.004876
-0.112839    -0.177379    0.001998
-0.11119    -0.230828    0.014521
-0.112857    -0.31142    0.001862
-0.113102    -0.184055    -3e-06
-0.110262    -0.428292    -0.021567
-0.110387    -0.376043    -0.020618
-0.110851    -0.293933    -0.017098
-0.112478    -0.27639    -0.00474
-0.112014    -0.419544    -0.008262
-0.111377    -0.353718    -0.013103
-0.112544    -0.351594    -0.004239
-0.111773    -0.386165    -0.010092
-0.005996    -0.437434    -0.114021
-0.098907    -0.434035    -0.056187
0.009861    -0.455452    -0.114319
0.074471    -0.468011    -0.087342
0.056892    -0.465413    -0.100506
0.016707    -0.46911    -0.113418
0.025799    -0.467631    -0.112221
-0.054655    -0.056614    0.100064
-0.058478    -0.048972    0.098018
-0.098884    -0.058646    0.05735
0.105539    -0.505396    0.02723
0.061658    -0.490533    0.095395
0.047828    -0.475574    0.104261
-0.026775    -0.246084    0.109577
-0.011849    -0.336127    0.111542
-0.014254    -0.302658    0.111225
-0.0258    -0.427791    0.109705
-0.024694    -0.219658    0.109851
-0.022919    -0.300839    0.110085
-0.028988    -0.225945    0.109286
-0.025171    -0.240908    0.109788
-0.017033    -0.396979    0.110859
-0.112309    -0.436699    -0.017428
-0.104743    -0.276417    0.040148
-0.105528    -0.111988    0.038254
-0.107867    -0.13405    0.032606
-0.10576    -0.232932    0.037694
-0.102741    -0.10614    0.044982
-0.100265    -0.086571    0.050959
-0.108222    -0.353915    0.031749
-0.102418    -0.168555    0.045763
-0.105692    -0.319617    0.037858
-0.109855    -0.377017    0.024664
-0.111355    -0.28832    0.013269
-0.112198    -0.393531    0.006869
-0.111402    -0.315616    0.01291
-0.110418    -0.283498    0.020384
-0.110691    -0.301542    0.018313
-0.112325    -0.430631    0.005901
-0.111382    -0.341503    0.013066
-0.109588    -0.257934    0.026688
-0.110773    -0.349607    0.017691
-0.015829    -0.460465    -0.113533
-0.045879    -0.455674    -0.105069
-0.081254    -0.45562    -0.082138
-0.086435    -0.462298    -0.075653
-0.107824    -0.451156    -0.039225
-0.003173    -0.449931    -0.115199
0.107302    -0.4947    -0.035084
0.058655    -0.494017    -0.097008
0.000829    -0.498105    -0.112882
-0.05367    -0.07055    0.100242
-0.070351    -0.056666    0.088908
-0.092098    -0.059791    0.066194
0.09477    -0.501932    0.057978
0.056695    -0.482185    0.100484
0.015556    -0.441044    0.113569
-0.036496    -0.167991    0.106256
-0.031063    -0.274738    0.108507
-0.036708    -0.215974    0.106168
-0.04713    -0.161051    0.101851
-0.037753    -0.216235    0.105735
-0.037261    -0.128978    0.105939
-0.048449    -0.15739    0.101305
-0.031341    -0.092096    0.108391
-0.034752    -0.201294    0.106978
-0.112101    -0.463003    -0.026706
-0.094433    -0.075067    0.06231
-0.098366    -0.211482    0.055544
-0.09919    -0.416334    0.053554
-0.105905    -0.393544    0.037344
-0.104294    -0.365375    0.041232
-0.099483    -0.241842    0.052849
-0.101327    -0.208965    0.048395
-0.100609    -0.199376    0.050129
-0.103545    -0.315297    0.043041
-0.100276    -0.283331    0.050932
-0.030141    -0.445158    -0.111588
-0.059404    -0.461032    -0.098902
-0.097639    -0.451623    -0.061051
-0.110201    -0.459858    -0.033488
-0.108329    -0.472173    -0.038006
0.088741    -0.501086    -0.066755
0.029341    -0.488796    -0.110608
-0.067411    -0.067429    0.091157
0.104547    -0.50731    -0.025072
0.09988    -0.509966    0.033342
0.082913    -0.51208    0.055577
0.016447    -0.4746    0.113452
0.00126    -0.442213    0.115451
-0.048909    -0.348732    0.101114
-0.044052    -0.334967    0.103126
-0.054675    -0.356946    0.098726
-0.054298    -0.409915    0.098882
-0.055635    -0.254076    0.098328
-0.054475    -0.352471    0.098809
-0.044885    -0.303795    0.102781
-0.04836    -0.249387    0.101342
-0.055531    -0.414887    0.098372
-0.112419    -0.474831    -0.024286
-0.091999    -0.186031    0.064305
-0.089102    -0.246959    0.068081
-0.092204    -0.12606    0.064038
-0.097713    -0.357485    0.056859
-0.096901    -0.300594    0.057917
-0.092915    -0.106056    0.063111
-0.097245    -0.31602    0.057469
-0.096643    -0.189496    0.058253
-0.085923    -0.158994    0.072223
-0.103595    -0.433815    0.044707
-0.062342    -0.482292    -0.096507
-0.099624    -0.487793    -0.056465
0.100529    -0.508755    -0.034211
0.035674    -0.506961    -0.101208
-0.079982    -0.081765    0.080313
0.091283    -0.515422    -0.004133
0.076736    -0.519101    0.02799
0.059688    -0.513233    0.076033
-0.000816    -0.442032    0.11551
-0.005663    -0.464408    0.114872
-0.069857    -0.170683    0.087739
-0.064668    -0.183975    0.09172
-0.057321    -0.198247    0.097358
-0.066149    -0.248526    0.090584
-0.064134    -0.103218    0.09213
-0.074284    -0.108297    0.084342
-0.059739    -0.34537    0.095503
-0.061053    -0.23934    0.094494
-0.066357    -0.178722    0.090425
-0.113545    -0.447018    0.015739
-0.111605    -0.483053    -0.028695
-0.084891    -0.315217    0.073568
-0.087117    -0.34076    0.070667
-0.082246    -0.355038    0.077016
-0.091226    -0.400299    0.065313
-0.082855    -0.161082    0.076221
-0.088857    -0.337224    0.0684
-0.084281    -0.357681    0.074364
-0.088114    -0.242699    0.069368
-0.097005    -0.425643    0.057781
-0.068589    -0.496752    -0.088842
-0.106432    -0.493643    -0.03762
0.075775    -0.510145    -0.073032
0.059668    -0.510537    -0.084764
-0.04893    -0.50856    -0.094573
0.08308    -0.518353    -0.008847
0.075046    -0.519828    0.022698
0.055253    -0.517232    0.066506
0.020232    -0.499985    0.110029
-0.029056    -0.443042    0.111792
-0.068824    -0.331542    0.088531
-0.074461    -0.173884    0.084206
-0.072943    -0.240698    0.085371
-0.06539    -0.353506    0.091167
-0.065943    -0.373328    0.090742
-0.078881    -0.149526    0.080814
-0.07624    -0.168209    0.082841
-0.076724    -0.288109    0.08247
-0.076018    -0.190816    0.083011
-0.112328    -0.448951    0.024982
-0.109939    -0.499362    -0.021661
-0.10462    -0.454197    0.046962
-0.082112    -0.503433    -0.072845
0.081997    -0.515892    -0.036795
0.054855    -0.513753    -0.07806
-0.008348    -0.510675    -0.103008
-0.040486    -0.510675    -0.094952
0.070124    -0.521142    -0.012028
0.0526    -0.521411    0.045907
0.036967    -0.511956    0.092854
-0.000238    -0.485625    0.114942
-0.052031    -0.447833    0.10252
-0.11023    -0.492471    0.02777
-0.095501    -0.438966    0.063226
-0.105312    -0.462456    0.045291
-0.062836    -0.514772    -0.068641
0.066023    -0.521468    -0.021901
0.053047    -0.520267    -0.054719
-0.002341    -0.518742    -0.082931
-0.050712    -0.518634    -0.065459
0.044968    -0.518629    0.002254
0.027883    -0.517518    0.081175
-0.013713    -0.498205    0.11117
-0.03749    -0.477533    0.108544
-0.106883    -0.505242    0.017807
-0.084951    -0.446196    0.077587
-0.10645    -0.487155    0.040247
-0.097263    -0.510695    -0.034775
0.060373    -0.52169    -0.03248
0.008774    -0.521637    -0.067924
-0.007854    -0.521279    -0.069946
-0.04961    -0.519219    -0.064319
0.038349    -0.5228    0.036054
0.015535    -0.517142    0.085333
-0.023961    -0.500235    0.109412
-0.059187    -0.465289    0.099069
-0.097828    -0.502649    0.051285
-0.103197    -0.510837    -0.003727
-0.091328    -0.473809    0.069276
-0.075513    -0.517614    -0.040907
-0.057577    -0.520859    -0.0442
0.006274    -0.522062    -0.065992
-0.018382    -0.522122    -0.06375
0.04881    -0.521302    -0.009861
0.024219    -0.521525    0.064735
-0.000529    -0.518817    0.082975
-0.069685    -0.466374    0.091014
-0.082846    -0.508843    0.06601
-0.090827    -0.513523    0.031358
-0.091787    -0.487346    0.067185
-0.07859    -0.519517    -0.013331
0.035962    -0.520239    -0.031605
-0.04123    -0.523962    -0.03573
0.031521    -0.517357    0.016847
0.016978    -0.521492    0.067612
-0.022556    -0.512362    0.096773
-0.037835    -0.500745    0.104762
-0.076176    -0.513737    0.057375
-0.082811    -0.51438    0.044963
-0.06164    -0.522792    -0.00986
-0.044817    -0.520453    -0.017633
-0.013733    -0.521228    -0.047941
0.021469    -0.517357    -0.018
-0.029043    -0.515258    0.086967
-0.040544    -0.506727    0.099358
-0.060498    -0.522615    0.019435
-0.051029    -0.521901    -0.00125
0.007232    -0.517357    0.000739
-0.006552    -0.517357    -0.039346
-0.015511    -0.517357    0.008024
-0.02503    -0.517357    -0.000913
0.013664    -0.517357    0.006085
-0.037528    -0.513331    0.088802
-0.019903    -0.519296    0.041627
-0.062077    -0.521322    0.033436
0.000506    -0.517357    -0.001369
-0.009354    -0.517357    -0.020492
-0.021217    -0.517357    0.024536
-0.035334    -0.517357    0.012136
-0.027875    -0.522652    0.044289
-0.046169    -0.520138    0.060854
-0.039954    -0.521721    0.030776
