0.18832    -0.521269    0.157843
0.215035    -0.307665    0.123026
0.208273    -0.453236    0.131838
0.214229    -0.317949    0.124076
0.209128    -0.389078    0.130724
0.188591    -0.281915    0.15749
0.195611    -0.141103    0.148341
0.211288    -0.191634    0.12791
0.184805    -0.205833    0.162424
0.198592    -0.338378    0.144455
0.198924    -0.529412    0.141103
0.22216    -0.475566    0.112154
0.22403    -0.219502    0.107641
0.224871    -0.297591    0.10561
0.221193    -0.49654    0.11449
0.224811    -0.323754    0.105755
0.163351    -0.234049    0.180362
0.160898    -0.12048    0.182245
0.177858    -0.163257    0.169231
0.144852    -0.223622    0.194557
0.157701    -0.189323    0.184698
0.244385    -0.424159    0.058504
0.242571    -0.240721    0.062882
0.241145    -0.454779    0.066326
0.228523    -0.467284    0.096795
0.23171    -0.492459    0.089102
0.132915    -0.135503    0.203716
0.135298    -0.428522    0.201887
0.162286    -0.408603    0.181179
0.142247    -0.368881    0.196556
0.149202    -0.450294    0.191219
0.133684    -0.43058    0.203126
0.245561    -0.307543    0.053039
0.250613    -0.169762    0.014659
0.24701    -0.265075    0.042027
0.245252    -0.33686    0.055387
0.251801    -0.188982    0.005632
0.105543    -0.286474    0.215507
0.116105    -0.359361    0.211132
0.099142    -0.243831    0.218158
0.095628    -0.165087    0.219613
0.09128    -0.140645    0.221414
0.093812    -0.5275    0.219501
0.246903    -0.507597    0.042843
0.252707    -0.31409    -0.001254
0.250431    -0.281788    0.016042
0.249407    -0.347261    0.023815
0.249391    -0.434508    0.023943
0.075454    -0.447988    0.227969
0.080611    -0.233993    0.225833
0.078575    -0.39711    0.226677
0.088831    -0.482451    0.222429
0.122106    -0.47498    0.208646
0.082077    -0.528733    0.223679
0.252628    -0.317489    -0.011577
0.252197    -0.128245    -0.014852
0.248516    -0.270157    -0.042817
0.251111    -0.220198    -0.023102
0.252988    -0.128985    -0.008843
0.035662    -0.183159    0.233924
0.064162    -0.151211    0.230172
0.049773    -0.27567    0.232066
0.038632    -0.266402    0.233533
0.050513    -0.312069    0.231969
0.247933    -0.531262    0.014147
0.246927    -0.462605    -0.054893
0.247917    -0.470811    -0.047368
0.246282    -0.33769    -0.05979
0.245462    -0.263102    -0.066017
0.245268    -0.362378    -0.067491
0.025319    -0.497222    0.235286
0.014227    -0.334024    0.236747
0.015073    -0.179338    0.236635
0.012692    -0.154485    0.236949
0.04661    -0.454398    0.232483
-0.168946    -0.344068    0.157236
-0.176136    -0.403828    0.147866
-0.16814    -0.414627    0.158286
-0.185705    -0.512678    0.135398
-0.167561    -0.197003    0.159041
-0.167293    -0.339587    0.15939
-0.118913    -0.470925    0.199239
-0.156694    -0.317442    0.170246
-0.145635    -0.439777    0.178733
-0.12159    -0.497605    0.197184
-0.128636    -0.49268    0.191778
-0.101398    -0.357599    0.209007
-0.10246    -0.450988    0.208567
-0.078854    -0.419873    0.218345
-0.083543    -0.383905    0.216403
-0.11092    -0.210546    0.205063
0.234181    -0.297094    -0.095366
0.242028    -0.39303    -0.076423
0.232898    -0.186917    -0.098463
0.241343    -0.274585    -0.078077
0.241011    -0.135756    -0.078879
0.23482    -0.270901    -0.093823
-0.002215    -0.362438    0.235716
-0.017551    -0.190773    0.233697
-0.008531    -0.336144    0.234885
0.003917    -0.213964    0.236524
-0.004503    -0.155767    0.235415
-0.198763    -0.446027    0.11838
-0.197539    -0.358315    0.119975
-0.186511    -0.138477    0.134347
-0.189387    -0.343947    0.130598
-0.197843    -0.199615    0.11958
-0.115014    -0.396406    0.20223
-0.137436    -0.241921    0.185025
-0.123978    -0.409489    0.195352
-0.113655    -0.366312    0.203274
-0.124121    -0.404555    0.195242
-0.154614    -0.152832    0.171843
-0.057778    -0.370539    0.227075
-0.062712    -0.430107    0.225031
-0.061178    -0.382374    0.225666
-0.077181    -0.280746    0.219038
-0.056405    -0.249841    0.227643
-0.048959    -0.464049    0.229561
-0.047223    -0.381782    0.22979
-0.051784    -0.28769    0.229189
-0.043237    -0.195068    0.230315
-0.048764    -0.295902    0.229587
0.223477    -0.460786    -0.121205
0.23352    -0.457202    -0.096962
0.224693    -0.37775    -0.118269
0.22453    -0.496491    -0.118663
0.224674    -0.46434    -0.118317
-0.227389    -0.526271    0.039063
-0.212656    -0.520632    0.08721
-0.214991    -0.373091    0.08157
-0.210712    -0.491875    0.091902
-0.202474    -0.298069    0.111792
-0.213764    -0.465175    0.084535
0.21813    -0.40018    -0.131221
0.198587    -0.273873    -0.156692
0.207533    -0.202812    -0.145034
0.201967    -0.20442    -0.152288
0.207675    -0.16131    -0.144848
-0.227376    -0.414954    0.04047
-0.226584    -0.18754    0.046484
-0.228719    -0.399562    0.030275
-0.229909    -0.355077    0.021238
-0.226251    -0.475255    0.049016
-0.224544    -0.135938    0.058506
-0.22086    -0.444886    0.067402
-0.224438    -0.359916    0.058763
-0.202778    -0.143437    0.111058
-0.221858    -0.206867    0.064993
-0.219493    -0.129865    0.070701
0.182169    -0.264957    -0.178091
0.189683    -0.278392    -0.168298
0.199291    -0.503823    -0.155776
0.183707    -0.190832    -0.176087
0.1857    -0.293724    -0.173489
-0.225822    -0.139132    0.052272
-0.231385    -0.151386    0.010032
-0.232405    -0.431622    0.002282
-0.22924    -0.300665    0.026317
-0.229491    -0.32256    0.024409
0.158339    -0.344713    -0.196439
0.159642    -0.415777    -0.195439
0.170756    -0.373574    -0.186912
0.166663    -0.422921    -0.190052
0.16347    -0.476879    -0.192502
0.17714    -0.410087    -0.182014
-0.229773    -0.346473    -0.0345
-0.232376    -0.28939    -0.014735
-0.231954    -0.522335    -0.017937
-0.231917    -0.295456    -0.018218
-0.232201    -0.465862    -0.016064
0.137835    -0.47175    -0.212171
0.163418    -0.120941    -0.192542
0.15107    -0.135144    -0.202017
0.169285    -0.143319    -0.18804
0.148306    -0.217443    -0.204137
-0.228269    -0.310211    -0.045919
-0.226913    -0.127176    -0.05622
-0.230404    -0.146538    -0.029706
-0.229171    -0.19046    -0.03907
-0.22968    -0.291882    -0.035203
-0.229007    -0.327343    -0.040314
0.127625    -0.224671    -0.21859
0.126527    -0.228425    -0.219045
0.116385    -0.457582    -0.223246
0.128296    -0.165511    -0.218312
0.113299    -0.521072    -0.224525
-0.20359    -0.506356    -0.121328
-0.206775    -0.445103    -0.113638
-0.224672    -0.3331    -0.070428
-0.219838    -0.323561    -0.082099
-0.224298    -0.384034    -0.071331
-0.166775    -0.534161    -0.165388
0.081219    -0.383429    -0.237813
0.113181    -0.15108    -0.224574
0.103354    -0.311784    -0.228644
0.084446    -0.313607    -0.236476
0.086907    -0.169532    -0.235457
-0.215839    -0.172536    -0.091753
-0.214885    -0.171885    -0.094056
-0.20225    -0.194324    -0.124562
-0.213671    -0.222726    -0.096988
-0.201403    -0.442653    -0.126606
0.045932    -0.310434    -0.244803
0.06956    -0.401562    -0.241693
0.043605    -0.494914    -0.245109
0.057859    -0.444689    -0.243233
0.033286    -0.4972    -0.246468
0.07466    -0.528367    -0.239184
-0.195673    -0.452278    -0.134637
-0.195365    -0.302914    -0.135038
-0.194075    -0.382425    -0.136719
-0.186577    -0.302282    -0.146491
-0.191426    -0.481468    -0.140171
0.010264    -0.297315    -0.249498
0.050696    -0.244949    -0.244176
0.028532    -0.39577    -0.247094
0.024942    -0.409621    -0.247566
0.01092    -0.209686    -0.249412
0.06742    -0.534102    -0.237761
-0.167666    -0.187425    -0.171135
-0.174951    -0.190751    -0.161642
-0.17292    -0.16154    -0.164288
-0.170764    -0.290633    -0.167098
-0.186786    -0.266529    -0.146219
-0.111923    -0.168812    -0.216833
-0.114413    -0.204669    -0.214922
-0.140993    -0.471116    -0.194527
-0.129543    -0.277079    -0.203312
-0.142206    -0.510674    -0.193595
-0.010561    -0.490563    -0.246848
-0.024799    -0.384562    -0.244974
-0.025415    -0.414778    -0.244893
0.005648    -0.190073    -0.248982
-0.019189    -0.403643    -0.245712
-0.012721    -0.532429    -0.243214
-0.131802    -0.195284    -0.201579
-0.138409    -0.275664    -0.196509
-0.132477    -0.164644    -0.201061
-0.11776    -0.140024    -0.212353
-0.151095    -0.373828    -0.186775
-0.097857    -0.326931    -0.222704
-0.100466    -0.247521    -0.221623
-0.103833    -0.428714    -0.220229
-0.110493    -0.513554    -0.21747
-0.087519    -0.239435    -0.226986
-0.070527    -0.489204    -0.234025
-0.090257    -0.525054    -0.225852
-0.098297    -0.471905    -0.222522
-0.084214    -0.370922    -0.228356
-0.066044    -0.234762    -0.235882
-0.044337    -0.443566    -0.242402
-0.051444    -0.362759    -0.241466
-0.026079    -0.181515    -0.244805
-0.015413    -0.121564    -0.246209
-0.024616    -0.282405    -0.244998
-0.042026    -0.180212    -0.242706
0.214652    -0.427664    0.123525
0.191405    -0.455212    0.153821
0.20623    -0.321866    0.134501
0.209558    -0.299499    0.130164
0.203215    -0.453677    0.138431
0.214963    -0.142494    0.12312
0.194568    -0.340405    0.1497
0.198977    -0.325883    0.143954
0.186163    -0.165584    0.160654
0.20252    -0.156419    0.139336
0.230878    -0.223407    0.09111
0.234625    -0.261195    0.082066
0.225197    -0.331143    0.104823
0.242182    -0.14039    0.063823
0.221102    -0.326553    0.11471
0.153906    -0.068342    0.114843
0.127698    -0.036016    0.09426
0.184296    -0.119453    0.161784
0.169366    -0.251673    0.175747
0.181582    -0.505153    0.166373
0.173418    -0.334305    0.172637
0.163118    -0.209048    0.180541
0.176111    -0.15481    0.170571
0.240002    -0.421151    0.069085
0.244872    -0.26947    0.057328
0.241861    -0.475603    0.064596
0.223404    -0.501501    0.109152
0.23831    -0.515998    0.07317
0.199767    -0.095103    0.100321
0.12034    0.000399    0.041545
0.239667    -0.118542    0.065484
0.130488    -0.022102    0.067065
0.098779    -0.033782    0.117599
0.096416    -0.02081    0.102557
0.148692    -0.473185    0.19161
0.13948    -0.360349    0.198679
0.158743    -0.340183    0.183898
0.177901    -0.517611    0.169197
0.133696    -0.168974    0.203117
0.104249    -0.057076    0.143667
0.067287    -0.005114    0.104516
0.117388    -0.079544    0.162777
0.101021    -0.536081    0.144733
0.163143    -0.536081    0.12044
0.018847    -0.536081    0.15864
0.245059    -0.174971    0.056851
0.247756    -0.252832    0.036365
0.247804    -0.319672    0.035998
0.246498    -0.19755    0.045919
0.252055    -0.135948    0.003701
0.227642    -0.101788    0.050564
0.166256    -0.038014    0.031463
0.038032    0.081382    0.019457
0.031758    0.049347    0.063974
0.077911    -0.153685    0.226952
0.130217    -0.343434    0.205286
0.130399    -0.230329    0.205211
0.091288    -0.20032    0.221411
0.127512    -0.210121    0.206407
0.097691    -0.065678    0.15949
0.079898    -0.047538    0.14715
-0.165948    -0.536081    0.134319
-0.002006    -0.536081    0.12312
-0.047707    -0.536081    0.122816
0.093864    -0.536081    0.118022
-0.081117    -0.536081    0.181939
-0.069687    -0.536081    0.192927
0.124243    -0.533874    0.203366
0.093786    -0.536081    0.175371
0.25181    -0.23775    0.005565
0.249628    -0.327825    0.022136
0.252649    -0.184807    -0.000815
0.252463    -0.299823    0.000601
0.250585    -0.369085    0.014866
0.253334    -0.491981    -0.006014
0.194056    -0.057091    -0.016182
0.183998    -0.048041    -0.00577
0.186342    -0.054126    0.020805
0.079672    0.053561    0.006768
0.070208    0.052046    0.024202
0.011587    0.089545    0.030374
0.084187    -0.363138    0.224352
0.115085    -0.494077    0.211554
0.11598    -0.47761    0.211183
0.112883    -0.416288    0.212466
0.12538    -0.502588    0.20729
0.100793    -0.502988    0.217474
0.119552    -0.111376    0.200091
0.07517    -0.107165    0.213898
0.015387    0.032546    0.088194
0.158906    -0.536081    0.072026
0.138374    -0.536081    0.074327
0.123556    -0.536081    0.075793
0.003185    -0.536081    0.088837
0.173693    -0.536081    0.08972
-0.02944    -0.536081    0.205212
0.250734    -0.393701    -0.025969
0.249864    -0.149519    -0.032579
0.252261    -0.270427    -0.014367
0.250841    -0.142779    -0.025157
0.252726    -0.463978    -0.01083
0.248641    -0.212946    -0.041867
0.133949    0.007659    -0.052392
0.083622    0.065971    -0.052437
0.091175    0.047999    -0.007274
0.019085    0.098389    0.011189
0.05537    -0.250597    0.231329
0.058014    -0.421043    0.230981
0.031284    -0.181349    0.234501
0.064943    -0.244651    0.230069
0.067741    -0.40768    0.2297
0.036162    -0.105243    0.219475
0.049922    -0.11339    0.225486
0.022146    -0.068058    0.185618
-0.006398    0.01236    0.112203
0.083694    -0.536081    0.072166
-0.064842    -0.536081    0.06553
-0.03123    -0.536081    0.065711
0.03814    -0.536081    0.08077
-0.070918    -0.536081    0.07681
0.247922    -0.531462    0.013447
-0.074772    -0.534641    0.215217
0.245154    -0.147936    -0.06836
0.246497    -0.194838    -0.058158
0.245357    -0.44261    -0.066815
0.250173    -0.454369    -0.030228
0.246611    -0.203744    -0.057288
0.253203    -0.12021    -0.007121
0.20132    -0.066435    -0.039314
0.118762    0.022078    -0.074394
0.092044    0.055628    -0.063362
0.033337    0.104961    -0.019673
-0.038154    0.137937    -0.01494
0.029852    -0.443553    0.234689
0.058757    -0.441806    0.230883
0.047359    -0.36897    0.232384
0.04599    -0.387922    0.232564
0.029418    -0.363035    0.234746
-0.018293    0.006405    0.119448
0.00957    -0.110055    0.227597
-0.098597    -0.536081    0.055259
-0.160681    -0.536081    0.035968
-0.073242    -0.536081    0.044511
-0.189632    -0.536081    0.004478
-0.132224    -0.536081    0.008987
-0.128091    -0.536081    0.018017
-0.167237    -0.353656    0.159463
-0.166971    -0.176918    0.15981
-0.180516    -0.351205    0.142159
-0.164666    -0.509301    0.162814
-0.170034    -0.24544    0.155818
-0.149354    -0.232628    0.175879
-0.159937    -0.198734    0.167758
-0.145357    -0.475969    0.178946
-0.144095    -0.435162    0.179915
-0.157178    -0.399302    0.169875
-0.133659    -0.381634    0.187923
-0.108737    -0.337139    0.205967
-0.066129    -0.499647    0.223616
-0.091341    -0.525104    0.213172
-0.083919    -0.335421    0.216247
-0.110048    -0.369649    0.205424
0.172572    -0.536081    0.044882
0.108914    -0.536081    0.023105
0.172049    -0.536081    0.00139
0.125603    -0.536081    0.001205
-0.157192    -0.536081    -0.005556
-0.030547    -0.536081    -0.005563
0.243485    -0.314474    -0.072906
0.23686    -0.233457    -0.088898
0.239478    -0.126583    -0.082578
0.229179    -0.169863    -0.10744
0.238414    -0.129043    -0.085148
0.144435    -0.017862    -0.101144
0.211568    -0.086513    -0.08051
0.027606    0.118616    -0.055292
0.03459    0.113686    -0.081761
-0.055088    0.132672    -0.003809
0.000663    -0.139748    0.236095
-0.01047    -0.343493    0.234629
-0.00629    -0.126317    0.23518
0.004885    -0.24333    0.236651
-0.036047    -0.122868    0.231262
-0.017866    -0.100867    0.216506
-0.039936    -0.080489    0.195545
-0.056258    0.04483    0.0839
-0.189052    -0.137999    0.131036
-0.193648    -0.297095    0.125046
-0.196875    -0.386643    0.120841
-0.172954    -0.203203    0.152014
-0.189414    -0.297038    0.130564
-0.175038    -0.164735    0.149298
-0.122103    -0.404267    0.196791
-0.113399    -0.178988    0.20347
-0.115259    -0.300439    0.202043
-0.122999    -0.237096    0.196103
-0.152449    -0.142368    0.173504
-0.107427    -0.14203    0.20651
-0.059538    -0.153824    0.226346
-0.069685    -0.400976    0.222142
-0.070015    -0.183807    0.222006
-0.067702    -0.122315    0.222964
0.143581    -0.536081    -0.011619
-0.068277    -0.536081    -0.012522
0.037582    -0.536081    -0.007453
0.079238    -0.536081    -0.010765
-0.078645    -0.536081    -0.011384
0.174787    -0.536081    -0.015863
-0.038641    -0.334433    0.23092
-0.051485    -0.360438    0.229229
-0.051343    -0.365444    0.229248
-0.029046    -0.46734    0.232183
-0.03666    -0.484736    0.231181
0.223689    -0.353377    -0.120692
0.228845    -0.272052    -0.108246
0.221487    -0.404083    -0.126008
0.231553    -0.413345    -0.10171
0.221943    -0.162665    -0.124907
0.221148    -0.205731    -0.126828
0.227719    -0.104965    -0.079533
0.160051    -0.037925    -0.104779
0.119446    0.017865    -0.088459
0.005485    0.137238    -0.09886
-0.063734    0.121576    0.009823
-0.054655    -0.086809    0.199207
-0.053591    0.082914    0.052273
-0.213656    -0.391491    0.084794
-0.221768    -0.479247    0.065209
-0.201367    -0.19812    0.114466
-0.206574    -0.395749    0.101892
-0.203545    -0.428449    0.109207
-0.158594    -0.040388    0.094131
-0.171748    -0.071142    0.106496
-0.126485    -0.062477    0.143349
-0.13943    -0.119498    0.182866
-0.105344    -0.094106    0.185086
-0.078998    -0.104722    0.205057
-0.054453    -0.536081    -0.038752
-0.012617    -0.536081    -0.043744
-0.102389    -0.536081    -0.041454
-0.009534    -0.536081    -0.041717
0.054509    -0.536081    -0.0479
-0.171115    -0.536081    -0.019302
0.210498    -0.299731    -0.141169
0.215067    -0.265562    -0.135213
0.210455    -0.376807    -0.141225
0.192462    -0.154777    -0.164676
0.208775    -0.305568    -0.143415
0.207867    -0.171972    -0.144598
0.143971    -0.040543    -0.137814
-0.007468    0.147584    -0.103564
-0.013866    0.186163    -0.071557
-0.084985    0.180589    -0.029526
-0.096452    -0.000359    0.108767
-0.077382    0.039117    0.08406
-0.225779    -0.422107    0.052595
-0.228937    -0.330737    0.028618
-0.226007    -0.355688    0.050865
-0.23057    -0.501412    0.016215
-0.229186    -0.408895    0.026729
-0.224703    -0.150914    0.058122
-0.207043    -0.160541    0.100761
-0.216576    -0.21594    0.077745
-0.220636    -0.418682    0.067943
-0.207462    -0.160206    0.099749
-0.170218    -0.033594    0.072465
-0.130302    -0.025365    0.108236
-0.115827    -0.074552    0.162
-0.061943    -0.536081    -0.080716
0.07007    -0.536081    -0.071648
0.209068    -0.536081    -0.08333
-0.003807    -0.536081    -0.081747
0.166418    -0.536081    -0.085086
0.184102    -0.260996    -0.175572
0.1942    -0.398894    -0.16241
0.199256    -0.396765    -0.15582
0.202787    -0.385481    -0.151218
0.216463    -0.502183    -0.133394
0.172309    -0.085728    -0.151952
0.141866    -0.061807    -0.164591
0.079955    0.029833    -0.142469
0.001864    0.122228    -0.133797
-0.017535    0.181174    -0.062696
-0.090205    0.138112    -0.014296
-0.091292    0.047338    0.071605
-0.230553    -0.169342    0.016343
-0.232773    -0.387811    -0.000515
-0.229575    -0.161842    0.023777
-0.231141    -0.337577    0.01188
-0.231123    -0.240085    0.012016
-0.206613    -0.097945    0.073641
-0.201267    -0.094101    0.081691
-0.143042    0.020226    0.056448
-0.120315    0.059271    0.04404
-0.009749    -0.536081    -0.111617
-0.19679    -0.536081    -0.097539
-0.202693    -0.536081    -0.105377
-0.202432    -0.536081    -0.103581
0.214552    -0.531577    -0.131146
0.142648    -0.475898    -0.208478
0.153508    -0.390439    -0.200146
0.138148    -0.523995    -0.211931
0.170887    -0.478049    -0.186811
0.169917    -0.27691    -0.187555
0.134058    -0.069624    -0.177818
0.135366    -0.081209    -0.185343
0.039142    0.074338    -0.14581
-0.011703    0.169739    -0.087432
-0.036196    0.189136    -0.075409
-0.096573    0.15716    -0.033835
-0.221448    -0.100358    0.025591
-0.209523    -0.065703    0.011654
-0.232515    -0.236104    -0.013678
-0.231402    -0.365912    -0.02213
-0.228035    -0.427926    -0.047696
-0.226349    -0.506061    -0.060502
-0.230156    -0.391956    -0.031593
-0.205401    -0.533107    -0.107371
-0.203982    -0.062095    0.03468
-0.040946    -0.536081    -0.128309
0.141674    -0.536081    -0.126083
0.120833    -0.536081    -0.14338
0.049434    -0.536081    -0.138556
0.185658    -0.534036    -0.166736
0.157181    -0.157972    -0.197328
0.155082    -0.247709    -0.198938
0.155229    -0.136729    -0.198825
0.167885    -0.12233    -0.189115
0.158872    -0.250514    -0.19603
0.08698    -0.036985    -0.189913
0.026371    0.088387    -0.145523
-0.022151    0.181834    -0.12036
-0.056106    0.189136    -0.041731
-0.041058    0.17492    -0.031176
-0.103452    0.182745    -0.037514
-0.225961    -0.101392    -0.005564
-0.228389    -0.226051    -0.045009
-0.227452    -0.186841    -0.052126
-0.229245    -0.214481    -0.03851
-0.225768    -0.259421    -0.064911
-0.228911    -0.345068    -0.041045
-0.167627    0.033442    0.001918
-0.129556    -0.536081    -0.154316
-0.099661    -0.536081    -0.14777
0.059933    -0.536081    -0.173469
-0.122125    -0.536081    -0.164245
0.125396    -0.471419    -0.219513
0.114659    -0.238577    -0.223961
0.128934    -0.264617    -0.218048
0.109415    -0.459041    -0.226133
0.080964    -0.499567    -0.237919
0.05404    0.002968    -0.184577
0.114232    -0.097135    -0.212051
0.0377    0.034621    -0.174869
-0.008415    0.171679    -0.095828
-0.110735    0.189136    -0.093923
-0.103781    0.147235    -0.030772
-0.18427    0.012433    -0.032221
-0.218484    -0.093003    -0.053473
-0.222097    -0.238681    -0.076644
-0.217204    -0.493116    -0.088457
-0.208789    -0.412904    -0.108774
-0.221716    -0.289473    -0.077565
-0.216676    -0.455456    -0.089734
-0.215551    -0.444589    -0.092449
0.143259    -0.536081    -0.178121
0.122292    -0.536081    -0.17952
0.083381    -0.536081    -0.201853
0.094922    -0.323082    -0.232137
0.076524    -0.309515    -0.239758
0.089156    -0.271521    -0.234525
0.081564    -0.217513    -0.23767
0.076766    -0.40034    -0.239658
0.046144    -0.012764    -0.196084
0.057711    -0.0565    -0.21419
-0.038421    0.175295    -0.136593
-0.131501    0.189136    -0.067551
-0.173093    0.045121    -0.047367
-0.189109    -0.01059    -0.074454
-0.202919    -0.249827    -0.122947
-0.201423    -0.31106    -0.126559
-0.222987    -0.142401    -0.074495
-0.21933    -0.135374    -0.083325
-0.208494    -0.19359    -0.109488
-0.13287    0.130571    -0.046318
-0.057574    -0.536081    -0.202922
-0.010306    -0.536081    -0.205447
0.048722    -0.399924    -0.244436
0.031223    -0.445303    -0.246739
0.028478    -0.495244    -0.247101
0.045804    -0.514128    -0.24482
0.069051    -0.397588    -0.24176
0.016752    -0.11598    -0.24696
0.059447    -0.105808    -0.2373
-0.045477    0.117349    -0.16038
-0.115492    0.175531    -0.12681
-0.133543    0.142618    -0.06855
-0.16379    0.068142    -0.067746
-0.206559    -0.110236    -0.107159
-0.1926    -0.277938    -0.138642
-0.198759    -0.379384    -0.130616
-0.190189    -0.273707    -0.141784
-0.197196    -0.186318    -0.132653
-0.176167    -0.387751    -0.160057
-0.124815    -0.528322    -0.205402
-0.070831    -0.536081    -0.218851
0.049852    -0.261321    -0.244287
0.022145    -0.162111    -0.247934
0.015154    -0.33247    -0.248855
0.028958    -0.289065    -0.247038
0.051537    -0.205493    -0.244065
0.080908    -0.536081    -0.232153
0.007658    -0.072691    -0.230968
-0.036919    0.069133    -0.180187
-0.06627    0.159522    -0.146274
-0.129638    0.158138    -0.096932
-0.194949    -0.086689    -0.118686
-0.179992    -0.03966    -0.121837
-0.174581    -0.380015    -0.162124
-0.177602    -0.356671    -0.158187
-0.181305    -0.233472    -0.153361
-0.165271    -0.18726    -0.174257
-0.166572    -0.203307    -0.172562
-0.13027    -0.35322    -0.202755
-0.121563    -0.524444    -0.209435
-0.117632    -0.525657    -0.212452
-0.146335    -0.521324    -0.190427
-0.133426    -0.339018    -0.200333
-0.0153    -0.384399    -0.246224
-0.003242    -0.382984    -0.247812
-0.037735    -0.50479    -0.243271
-0.003772    -0.479535    -0.247742
0.007719    -0.21953    -0.249255
-0.010615    -0.531503    -0.243969
-0.0099    -0.072005    -0.231363
-0.023192    -0.020496    -0.212979
-0.05952    0.120742    -0.160384
-0.130816    0.178395    -0.10945
-0.174186    0.021628    -0.092399
-0.167832    -0.004575    -0.125082
-0.183752    -0.059848    -0.126243
-0.141996    -0.259372    -0.193757
-0.135348    -0.211896    -0.198858
-0.16121    -0.345927    -0.179014
-0.159855    -0.146665    -0.180053
-0.151918    -0.225372    -0.186143
-0.106879    -0.332432    -0.218967
-0.089077    -0.121229    -0.226341
-0.08112    -0.213218    -0.229637
-0.095732    -0.120854    -0.223584
-0.102426    -0.249867    -0.220811
-0.058145    -0.407895    -0.239154
-0.058611    -0.515392    -0.238961
-0.080937    -0.442878    -0.229713
-0.063218    -0.422924    -0.237053
-0.068442    -0.289806    -0.234889
-0.061821    -0.389187    -0.237632
-0.051579    -0.223015    -0.241448
-0.024201    -0.287082    -0.245053
-0.049368    -0.207169    -0.241739
-0.017776    -0.274431    -0.245898
-0.043502    -0.313294    -0.242512
-0.057131    -0.058852    -0.220898
-0.074499    0.112167    -0.161515
-0.091433    0.187281    -0.142954
-0.132231    0.096912    -0.128251
-0.162244    -0.083311    -0.163572
-0.139456    -0.073967    -0.181637
-0.133325    -0.099818    -0.194204
-0.102764    -0.023835    -0.192691
-0.096828    -0.113657    -0.221224
-0.088119    -0.027577    -0.199844
-0.064592    0.173001    -0.150449
-0.111785    0.1215    -0.140861
-0.146579    0.055008    -0.127589
-0.114088    -0.092786    -0.206826
-0.088739    0.060194    -0.173097
-0.075423    0.185902    -0.150788
-0.115881    0.027192    -0.168527
0.194676    -0.106801    0.126832
0.113908    -0.019457    0.084192
0.213813    -0.109395    0.103904
0.210045    -0.088188    0.057372
0.212372    -0.093417    0.065469
0.136636    -0.031116    0.074316
0.081199    -0.001558    0.089219
0.102233    -0.031866    0.112458
0.112151    -0.057941    0.138727
0.158077    -0.110536    0.171823
0.186934    -0.059515    0.037945
0.153111    -0.023707    0.025666
0.085485    0.015564    0.062335
0.041257    0.041032    0.066837
0.026214    0.007735    0.109326
0.169263    -0.029555    -0.02868
0.198614    -0.062458    -0.011653
0.203153    -0.067701    -0.007899
0.181825    -0.048006    0.010473
0.107407    0.024745    0.010934
0.070468    0.054247    0.02036
0.030049    0.078643    0.029518
0.112487    -0.106426    0.197639
0.043155    -0.032619    0.146158
0.081436    -0.086638    0.188998
0.139046    0.002731    -0.046851
0.133519    0.009204    -0.045268
0.124468    0.016331    -0.02113
0.027793    0.099747    -0.000682
-0.001662    0.105677    0.014789
0.020569    -0.058932    0.177063
0.038824    -0.10243    0.216424
0.017858    -0.105402    0.222038
0.183099    -0.048719    -0.058494
0.206495    -0.072695    -0.042136
0.208962    -0.07929    -0.067781
0.12738    0.015649    -0.049938
0.090686    0.056906    -0.06553
-0.023436    0.152389    -0.049883
-0.059242    0.143945    -0.017271
-0.004203    -0.035292    0.157627
-0.03181    0.09112    0.0442
0.188077    -0.05709    -0.076604
0.066437    0.074443    -0.105245
0.002403    0.141778    -0.082963
-0.056392    0.133423    -0.004571
-0.03812    -0.102642    0.215412
-0.028539    -0.020548    0.143938
-0.04389    0.012036    0.113066
0.169898    -0.053999    -0.114123
0.237878    -0.117154    -0.08012
0.104547    0.026287    -0.107878
-0.010424    0.151318    -0.075093
-0.048662    -0.034014    0.153219
-0.065366    -0.001387    0.122113
-0.068156    0.083189    0.050126
-0.185612    -0.110721    0.126401
-0.138654    -0.083644    0.152368
-0.146727    -0.09953    0.15995
-0.148034    -0.078402    0.140624
-0.061073    -0.11139    0.218172
-0.081333    -0.077611    0.180954
0.097359    0.008553    -0.143071
0.063123    0.069904    -0.120805
-0.062646    -0.057887    0.171862
-0.081718    -0.046077    0.153885
-0.173437    -0.051484    0.085434
-0.170646    -0.031512    0.06991
-0.126619    -0.044409    0.127578
0.190302    -0.106589    -0.15208
0.182867    -0.085863    -0.138344
0.082809    0.023266    -0.145894
-0.089407    0.133103    -0.008512
-0.079104    0.026022    0.094006
-0.189152    -0.053237    0.05929
-0.200942    -0.07155    0.053973
-0.132466    0.037616    0.052796
0.139159    -0.093422    -0.191424
0.126112    -0.058376    -0.175634
0.064882    0.021484    -0.164004
-0.099245    0.147014    -0.027734
-0.225903    -0.114466    0.034301
-0.211724    -0.079356    0.036102
-0.194746    -0.042964    0.032799
-0.156236    0.037961    0.022663
0.106571    -0.064369    -0.19504
0.040399    0.041752    -0.16824
-0.189985    -0.002482    -0.030618
-0.159166    0.053566    -0.002889
-0.12363    0.10508    -0.000754
0.067574    -0.016325    -0.189071
0.012017    0.045618    -0.179794
-0.022332    0.10262    -0.163298
-0.179793    0.023961    -0.033497
-0.224696    -0.101321    -0.026703
-0.151038    0.080496    -0.017036
0.062991    -0.05747    -0.21251
-0.016366    0.090151    -0.16842
-0.168199    0.057896    -0.049294
-0.19454    -0.02526    -0.069186
0.069648    -0.117313    -0.240526
0.028141    -0.043085    -0.216516
-0.016067    0.055259    -0.183033
-0.183938    0.013194    -0.055227
-0.218009    -0.112542    -0.081131
-0.224357    -0.119371    -0.070591
0.00806    -0.063447    -0.227245
-0.03973    0.080406    -0.176015
-0.157696    0.078829    -0.086695
-0.186469    -0.052236    -0.115015
-0.029409    -0.018648    -0.211564
-0.030216    -0.054327    -0.22298
-0.067233    0.132711    -0.15504
-0.170355    0.011874    -0.108976
-0.170509    -0.038951    -0.135218
-0.16819    -0.012486    -0.127751
-0.047605    -0.035454    -0.214596
-0.068072    0.085686    -0.171763
-0.125235    0.111433    -0.131414
-0.158185    -0.086584    -0.170158
-0.134109    -0.099481    -0.1935
-0.13212    -0.037138    -0.176064
-0.099598    -0.080863    -0.210557
-0.097125    -0.058184    -0.204998
-0.08485    -0.029498    -0.201755
-0.078804    0.101139    -0.164482
-0.147056    0.061378    -0.124211
-0.122241    -0.023784    -0.179583
-0.088956    0.028722    -0.182798
-0.105143    0.112314    -0.148848
-0.127487    0.031046    -0.158341
-0.094035    -0.536081    0.157275
0.143897    -0.536081    0.13105
0.181283    -0.536081    0.139758
-0.148415    -0.536081    0.159115
0.124506    -0.536081    0.113472
-0.142702    -0.536081    0.125792
-0.165056    -0.536081    0.146533
-0.099602    -0.536081    0.163023
-0.067858    -0.536081    0.185422
-0.022575    -0.536081    0.175989
0.0712    -0.536081    0.189716
0.037368    -0.536081    0.182439
0.101249    -0.536081    0.076946
0.0793    -0.536081    0.110074
-0.107367    -0.536081    0.110774
0.066698    -0.536081    0.105572
-0.076554    -0.536081    0.211419
-0.029996    -0.536081    0.210863
-0.0408    -0.536081    0.074139
0.02596    -0.536081    0.066837
0.047276    -0.536081    0.077509
0.185818    -0.536081    0.060304
0.066889    -0.536081    0.077123
-0.126542    -0.536081    0.023174
-0.101517    -0.536081    0.030822
-0.197903    -0.536081    0.041304
-0.017743    -0.536081    0.045121
-0.010421    -0.536081    0.023513
-0.162884    -0.536081    0.048511
0.103226    -0.536081    0.006725
0.188265    -0.536081    0.006825
0.000587    -0.536081    0.00517
-0.119158    -0.536081    -0.004666
0.121874    -0.536081    0.026161
0.173451    -0.536081    0.033765
0.187981    -0.536081    -0.040099
-0.113148    -0.536081    -0.00792
0.156783    -0.536081    -0.051506
0.13643    -0.536081    -0.046212
0.168768    -0.536081    -0.058298
-0.027143    -0.536081    -0.007962
0.086615    -0.536081    -0.04831
-0.170697    -0.536081    -0.017661
0.027149    -0.536081    -0.059895
-0.203128    -0.536081    -0.018622
-0.161194    -0.536081    -0.05287
-0.176805    -0.536081    -0.027975
0.004793    -0.536081    -0.086309
-0.024508    -0.536081    -0.074744
0.189369    -0.536081    -0.09477
0.01007    -0.536081    -0.078595
-0.060543    -0.536081    -0.077669
-0.144117    -0.536081    -0.07931
-0.147462    -0.536081    -0.078669
-0.042726    -0.536081    -0.110704
-0.003767    -0.536081    -0.116599
-0.036629    -0.536081    -0.10302
-0.051744    0.189136    -0.060866
0.040138    -0.536081    -0.133239
0.066423    -0.536081    -0.155152
0.05158    -0.536081    -0.131052
0.145947    -0.536081    -0.16888
0.182919    -0.536081    -0.154116
-0.085783    0.189136    -0.044626
-0.066649    0.184141    -0.023942
-0.162972    -0.536081    -0.141737
-0.122668    -0.536081    -0.151887
-0.032478    -0.536081    -0.169791
-0.106764    0.189136    -0.105056
0.116878    -0.536081    -0.185079
0.041132    -0.536081    -0.179756
-0.043143    -0.536081    -0.174715
-0.018348    0.181783    -0.122559
-0.099523    -0.536081    -0.200101
-0.13489    -0.536081    -0.180473
0.004262    -0.536081    -0.219554
0.050156    -0.536081    -0.233976
-0.043671    0.174549    -0.144569
-0.073497    0.186558    -0.151042
0.125297    -0.160159    0.135985
0.11629    -0.123603    0.133998
0.107227    -0.174946    0.13568
0.111754    0.088144    0.12156
0.109285    0.098893    0.110187
0.066888    0.083473    0.071269
0.041729    0.08945    0.028769
0.089738    0.102901    0.08392
0.068974    0.079832    0.086796
0.130809    0.123664    0.152632
0.136192    0.115711    0.14446
0.100351    -0.030286    0.13954
0.134101    0.12574    0.162276
0.019631    0.119763    0.001332
0.138038    -0.188221    0.147073
0.097528    -0.120582    0.14194
0.10196    0.114599    0.138304
0.139406    0.099753    0.150374
0.096901    0.108471    0.142758
0.048841    0.129144    0.074376
0.140552    -0.050975    0.164605
0.140473    0.041658    0.153399
0.00145    0.083033    0.033077
0.124928    0.129144    0.170539
0.139085    -0.116841    0.169007
0.090863    0.079628    0.156825
0.082551    0.128077    0.127833
0.09878    0.132796    0.160999
0.116343    0.091844    0.178415
-0.030475    0.104969    -0.009371
0.090688    0.032283    0.160451
-0.032667    0.121174    -0.004107
0.134486    -0.060513    0.176371
0.065771    0.123011    0.121164
0.094302    0.123263    0.172462
0.017478    0.115086    0.068221
0.02474    0.094529    0.079093
0.130289    -0.068434    0.179947
0.00487    0.105906    0.055913
0.106339    0.125537    0.182558
0.126444    0.020843    0.182146
0.103629    0.047716    0.181437
0.125022    -0.034269    0.182734
0.119872    -0.006616    0.184136
0.12669    -0.109677    0.136562
0.12326    -0.012671    0.135141
0.108824    -0.054646    0.135019
0.132423    -0.126568    0.140298
0.046144    0.082546    0.046871
0.061419    0.09036    0.053565
0.026109    0.101277    0.000996
0.121221    0.13047    0.134646
0.137272    0.046466    0.145868
0.098275    -0.08388    0.141134
0.003065    0.122177    -0.016292
0.006717    0.107852    -0.02404
0.062945    0.078864    0.091972
0.140365    0.112564    0.152689
0.029285    0.07947    0.055581
0.140676    0.111499    0.163669
0.097184    0.132796    0.144983
0.03775    0.129073    0.06334
0.14021    -0.049015    0.166291
0.060829    0.127544    0.102797
0.090603    -0.062852    0.158798
0.008005    0.127145    0.035458
-0.028174    0.092922    0.008723
0.136826    0.057845    0.173319
0.08989    0.121786    0.154609
0.132139    0.039076    0.178527
0.076533    0.117332    0.143053
0.015677    0.098717    0.069127
0.097768    -0.183252    0.17698
0.111528    -0.046399    0.184085
0.103102    -0.026022    0.181179
0.10104    -0.1589    0.179596
0.113665    0.099663    0.184367
0.116331    0.099876    0.184603
