-0.005082    0.077257    -0.061563
-0.023175    0.074347    -0.055052
-0.014044    0.094157    -0.065364
0.035062    0.091758    -0.056559
-0.014044    0.059515    -0.055221
-0.033905    0.061402    -0.045473
-0.056218    0.076635    -0.024332
0.007468    0.040427    -0.057564
0.022905    0.053339    -0.052281
-0.029151    0.021909    -0.051673
-0.062822    0.081947    -0.011833
0.017599    0.056417    -0.054551
0.025398    0.02051    -0.053368
0.037379    0.05683    -0.042632
-0.063454    0.081825    -0.008362
-0.048347    0.020733    -0.034584
0.029208    0.005314    -0.053257
0.040786    0.061883    -0.039238
-0.055289    0.071723    -0.013205
0.003159    -0.019191    -0.066333
0.049392    0.017998    -0.03232
0.047142    0.060904    -0.030813
0.055695    0.103452    -0.032023
-0.056161    0.008583    -0.021643
0.021691    -0.012919    -0.061272
0.056629    0.013529    -0.017267
-0.063755    0.089222    -0.017456
-0.05771    0.024812    -0.010846
-0.0257    -0.027027    -0.062528
0.039047    -0.018524    -0.052966
0.059031    0.075505    0.009159
-0.055269    0.073605    0.019076
-0.059763    -0.008852    -0.022919
-0.044153    -0.039099    -0.054248
0.058253    0.022834    -0.004797
0.043052    0.111776    -0.041217
0.062528    0.101488    0.015984
-0.057159    0.041351    0.007659
0.000351    -0.051526    -0.071878
0.06    0.086363    0.024604
0.057699    0.038247    0.001346
0.057601    0.076776    0.020062
-0.028639    0.117302    -0.050571
-0.04562    0.072433    0.034533
-0.057105    0.019686    0.014681
-0.013713    -0.046283    -0.070062
0.057407    0.081357    0.026167
0.042974    -0.037502    -0.054233
0.065354    -0.022682    0.009138
0.035587    0.117969    -0.045317
0.060272    0.109855    0.006025
-0.045741    0.043301    0.0344
-0.002074    -0.065273    -0.07378
0.04973    0.084596    0.040672
0.067177    -0.028793    0.005672
0.05085    0.028718    0.027673
0.05015    0.043625    0.026961
-0.036502    0.077804    0.049502
-0.042654    0.029589    0.039617
-0.065334    -0.033489    -0.022243
-0.021113    -0.068142    -0.071178
0.06267    -0.049392    -0.033982
0.057904    -0.005702    0.023528
0.04517    0.012224    0.03766
-0.03952    0.088115    0.05205
-0.05026    -0.005369    0.037289
-0.065691    -0.043504    -0.025581
0.037174    -0.067678    -0.064147
0.065081    -0.049616    -0.028695
0.05526    -0.018321    0.034742
0.038932    0.049486    0.041235
0.053732    0.113941    0.021834
-0.019558    0.018569    0.055535
-0.06638    -0.024916    0.007098
0.01025    -0.077599    -0.074802
0.034503    0.095829    0.055406
0.07069    -0.064154    0.017926
0.052148    -0.055606    0.048814
0.039175    0.006515    0.045397
-0.055057    0.095853    0.035686
-0.017507    0.045992    0.054311
-0.0298    -0.008744    0.055542
-0.05557    -0.07731    -0.050908
-0.047211    -0.090917    -0.061118
0.067183    -0.067521    -0.030878
0.047936    -0.082351    -0.05874
0.027498    0.007481    0.052992
-0.047078    0.102629    0.043865
-0.009791    0.063672    0.054686
-0.036497    -0.023266    0.055506
-0.066333    -0.080525    -0.036574
0.033627    -0.094043    -0.069557
0.071168    -0.077421    -0.023366
0.054992    -0.076525    0.050036
0.032348    -0.030932    0.059177
0.01502    0.024123    0.056136
-0.000433    0.088326    0.065188
-0.002769    0.002146    0.060823
-0.005941    -0.033591    0.067815
-0.058876    -0.094302    -0.050203
-0.036484    -0.120808    -0.071819
0.07482    -0.080337    -0.007063
0.04744    -0.087207    0.059217
0.022761    -0.007428    0.058342
0.01536    0.126693    -0.05381
0.00424    -0.012805    0.063525
-0.019811    -0.039416    0.066175
-0.067629    -0.096407    -0.038135
0.027088    -0.115342    -0.075079
0.076657    -0.09239    -0.001419
0.041349    -0.090853    0.063828
0.013262    -0.020245    0.064314
-0.055024    -0.054616    0.046386
-0.072824    -0.066844    0.013891
-0.00642    -0.125323    -0.08005
-0.011138    0.105092    0.061887
0.075626    -0.105973    0.019107
0.05072    -0.108751    -0.060134
0.002042    0.124704    0.055174
-0.015637    -0.050893    0.068899
-0.069567    -0.110611    -0.037406
0.026254    -0.13519    -0.077161
0.076353    -0.116475    -0.021101
0.055323    -0.115819    0.056086
0.022534    0.127461    -0.050432
-0.023875    -0.059446    0.068514
-0.078181    -0.10302    -0.007169
0.01969    -0.128202    -0.078119
0.068531    -0.118936    -0.040414
0.07325    -0.118998    0.029861
0.018388    -0.076354    0.072177
-0.039304    -0.062075    0.061381
-0.07698    -0.095624    0.005708
0.00766    -0.14004    -0.081293
0.060992    -0.123593    -0.052323
0.070636    -0.128856    0.036896
0.059358    -0.126432    -0.05456
-0.065213    -0.0862    0.038964
-0.07717    -0.098801    0.007864
-0.003747    -0.16292    -0.08226
0.070327    -0.137442    -0.04015
0.070299    -0.13818    0.039045
0.012035    -0.123747    0.078538
-0.003692    0.126209    0.055334
-0.075506    -0.103521    0.019935
-0.06703    -0.153953    -0.04782
-0.042386    -0.169771    -0.070967
0.079472    -0.14401    0.014256
0.016244    -0.151523    0.079894
-0.030637    0.128206    0.044442
-0.078992    -0.12262    0.013706
0.019313    -0.165729    -0.080143
0.07762    -0.155917    -0.025184
0.065385    -0.146413    0.047743
-0.011007    -0.125267    0.078686
-0.06861    -0.11718    0.039534
-0.077812    -0.148287    -0.02658
0.024759    -0.172934    -0.080152
0.076328    -0.160334    -0.02939
0.036847    -0.166366    0.073336
0.051508    -0.170403    -0.064304
-0.078568    -0.135852    0.019105
0.015849    -0.175205    -0.08835
-0.07719    -0.176424    -0.05264
0.076603    -0.166183    0.028993
0.01229    -0.168129    0.080824
-0.053333    0.128438    0.003651
-0.079934    -0.161868    -0.018742
-0.029357    -0.177759    -0.090982
0.08717    -0.174953    -0.018903
0.007605    -0.167976    0.08114
-0.066242    -0.138628    0.045885
-0.082562    -0.168059    -0.00635
-0.065295    -0.182222    -0.081147
0.08959    -0.175637    -0.014404
-0.01948    -0.15655    0.078884
-0.048843    -0.136141    0.063918
-0.090471    -0.177431    -0.030515
-0.049675    -0.183893    -0.094842
0.092712    -0.178105    -0.024874
-0.023792    -0.158444    0.078101
-0.073145    -0.155477    0.03716
-0.098949    -0.179427    -0.001476
-0.043972    -0.1859    -0.100634
0.097905    -0.18394    -0.041249
0.042064    -0.176762    0.08319
0.094719    -0.181119    -0.036743
-0.092563    -0.176877    0.015212
0.078407    -0.185657    -0.076096
0.093719    -0.18613    -0.056598
0.099259    -0.181611    0.02406
-0.032855    -0.175326    0.083299
-0.053077    -0.157548    0.061695
0.038028    -0.188286    -0.106425
-0.077443    -0.19303    -0.090152
0.114851    -0.190788    -0.005406
0.056852    -0.185225    0.091339
0.108439    -0.185935    -0.009505
-0.10451    -0.184836    0.026362
0.091676    -0.192332    -0.073244
-0.101391    -0.193253    -0.061518
-0.11423    -0.194986    0.035268
-0.056254    -0.174547    0.066637
-0.071276    -0.174775    0.051634
0.040811    -0.194196    -0.112591
-0.03498    -0.199717    -0.119645
0.119884    -0.19571    -0.007132
0.105302    -0.19039    0.044664
-0.076827    -0.181528    0.068209
-0.07885    -0.182697    0.068905
0.108518    -0.199237    -0.060377
-0.065216    -0.204341    -0.110718
-0.128609    -0.205516    0.007971
0.100038    -0.197389    0.0701
0.008352    -0.190668    0.114126
0.076665    -0.201663    -0.100117
-0.036762    -0.207731    -0.125601
-0.124637    -0.206332    -0.037733
-0.093265    -0.196897    0.078668
-0.014026    -0.190206    0.113317
0.050605    -0.207614    -0.120532
0.129328    -0.207825    -0.016235
-0.117798    -0.210593    -0.060582
0.11075    -0.205848    0.066286
0.085034    -0.198533    0.088997
0.007879    -0.197238    0.12101
0.103835    -0.212795    -0.085061
-0.028693    -0.221027    -0.136418
-0.132524    -0.217355    -0.032177
-0.09464    -0.200183    0.08191
0.05408    -0.204962    0.116501
0.046331    -0.219099    -0.130106
0.137797    -0.219779    0.006068
-0.108792    -0.219813    -0.08471
-0.135285    -0.217479    0.017644
0.093555    -0.209428    0.091815
-0.015823    -0.200439    0.12339
0.101778    -0.217674    -0.092225
0.1226    -0.220973    0.062121
-0.095653    -0.228564    -0.105363
-0.141045    -0.22831    0.003056
0.082516    -0.211302    0.103603
-0.063474    -0.203573    0.110066
0.118664    -0.223235    -0.072664
-0.011654    -0.228276    -0.140817
-0.126655    -0.231949    -0.065441
0.083461    -0.221292    0.109518
0.062385    -0.218022    0.1217
-0.062408    -0.208357    0.114462
0.115685    -0.231501    -0.08266
0.129259    -0.227271    0.054432
-0.108166    -0.23593    -0.094508
-0.141388    -0.23322    0.022866
-0.089933    -0.215514    0.100409
-0.019045    -0.212514    0.131651
0.123345    -0.233673    -0.072366
0.103449    -0.23675    0.098853
-0.111471    -0.238806    -0.091843
-0.143493    -0.237504    0.00826
-0.095884    -0.218837    0.097443
0.003152    -0.217327    0.135554
0.104629    -0.235655    -0.098991
0.143469    -0.239395    0.015697
-0.058916    -0.242267    -0.133346
-0.144411    -0.241718    -0.016566
-0.133478    -0.235836    0.052093
-0.043867    -0.21906    0.130378
0.087559    -0.243439    -0.116234
0.138899    -0.243201    0.043086
-0.00133    -0.250794    -0.146717
-0.126587    -0.249122    -0.073673
-0.140323    -0.242461    0.037022
-0.041008    -0.231737    0.136279
0.057513    -0.250584    -0.134734
0.145874    -0.250518    -0.003636
0.090372    -0.247874    0.113996
-0.068461    -0.258854    -0.130865
0.004226    -0.243304    0.14441
-0.119802    -0.239811    0.079976
0.033997    -0.252783    -0.142648
0.13999    -0.252708    -0.042061
0.101953    -0.252192    0.104605
-0.044166    -0.259469    -0.140087
-0.144433    -0.260532    -0.02537
-0.092595    -0.239586    0.110129
0.045601    -0.260453    -0.140663
0.134727    -0.259175    -0.058154
0.083569    -0.255814    0.119347
-0.026245    -0.643593    -0.145422
-0.005372    -0.453766    -0.146851
-0.012839    -0.555887    -0.14634
-0.028012    -0.56847    -0.145301
-0.007594    -0.357439    -0.146699
-0.021674    -0.317846    -0.145735
-0.024569    -0.469898    -0.145537
-0.018257    -0.398153    -0.145969
-0.016828    -0.394034    -0.146067
-0.023557    -0.434156    -0.145606
-0.011605    -0.525988    -0.146424
-0.022862    -0.391613    -0.145654
0.005102    -0.292071    -0.147568
-0.054639    -0.394433    -0.136555
-0.03319    -0.265596    -0.143905
-0.063298    -0.305865    -0.133588
-0.06012    -0.474571    -0.134677
-0.037833    -0.339844    -0.142314
-0.060122    -0.299583    -0.134676
-0.059965    -0.531157    -0.13473
-0.039118    -0.380208    -0.141874
-0.040957    -0.321035    -0.141243
-0.046097    -0.458795    -0.139482
-0.060846    -0.523165    -0.134428
-0.056036    -0.454966    -0.136076
-0.051393    -0.508976    -0.137667
-0.094074    -0.612624    -0.113735
-0.094726    -0.665514    -0.113297
-0.092258    -0.434878    -0.114957
-0.070915    -0.309553    -0.129307
-0.097082    -0.42316    -0.111713
-0.094794    -0.655489    -0.113252
-0.076048    -0.401518    -0.125856
-0.09602    -0.478032    -0.112427
-0.075185    -0.371381    -0.126436
-0.095161    -0.60503    -0.113004
-0.089702    -0.379455    -0.116675
-0.090943    -0.3686    -0.115841
-0.096751    -0.480565    -0.111936
-0.100643    -0.384805    -0.107984
-0.104925    -0.590361    -0.103072
-0.099008    -0.308742    -0.109859
-0.099121    -0.693984    -0.109729
-0.106817    -0.54998    -0.100903
-0.102588    -0.325478    -0.105752
-0.118501    -0.278206    -0.087502
-0.108435    -0.344171    -0.099047
-0.106697    -0.463404    -0.10104
-0.106024    -0.515302    -0.101812
-0.105612    -0.60979    -0.102285
-0.100431    -0.340255    -0.108227
-0.099544    -0.700961    -0.109244
-0.129508    -0.378276    -0.06919
-0.130732    -0.284215    -0.066689
-0.13026    -0.399997    -0.067654
-0.129009    -0.44068    -0.070208
-0.127273    -0.368161    -0.073754
-0.126273    -0.275412    -0.075797
-0.125181    -0.400403    -0.078028
-0.130663    -0.399714    -0.06683
-0.129846    -0.509334    -0.0685
-0.127912    -0.47275    -0.07245
-0.128279    -0.328733    -0.071701
-0.127182    -0.572062    -0.073941
-0.13474    -0.415852    -0.058503
-0.14673    -0.296955    -0.013721
-0.141166    -0.661406    -0.042121
-0.140295    -0.388385    -0.046566
-0.144232    -0.462499    -0.026471
-0.141088    -0.472945    -0.042518
-0.144463    -0.410884    -0.025289
-0.143022    -0.350484    -0.032648
-0.14249    -0.392426    -0.035363
-0.143967    -0.385164    -0.027822
-0.141338    -0.468    -0.041243
-0.14096    -0.666973    -0.043173
-0.144248    -0.460682    -0.026389
-0.141138    -0.664663    -0.042262
-0.146164    -0.289553    0.009958
-0.145401    -0.345878    0.021113
-0.146883    -0.40807    -0.000545
-0.147292    -0.281743    -0.006518
-0.145444    -0.296203    0.020478
-0.146536    -0.540212    0.004531
-0.147252    -0.471082    -0.00593
-0.147207    -0.279826    -0.005268
-0.14751    -0.548378    -0.009705
-0.147027    -0.418403    -0.002644
-0.147162    -0.268009    -0.004612
-0.14709    -0.58504    -0.003561
-0.146979    -0.490735    -0.00194
-0.117305    -0.245455    0.085487
0.041001    -0.300061    -0.141582
0.032914    -0.368144    -0.143166
0.01569    -0.402829    -0.14654
0.032758    -0.416905    -0.143197
0.018398    -0.349408    -0.14601
0.017628    -0.660108    -0.146161
0.00995    -0.705171    -0.147665
0.011843    -0.638204    -0.147294
0.019858    -0.587675    -0.145724
0.026793    -0.356437    -0.144365
0.030896    -0.473141    -0.143561
0.014308    -0.50297    -0.146811
0.021115    -0.267831    -0.145477
0.058262    -0.270347    -0.134858
0.05168    -0.51688    -0.13808
0.071255    -0.369768    -0.128497
0.055399    -0.496998    -0.136259
0.055359    -0.379596    -0.136279
0.063303    -0.43472    -0.13239
0.051792    -0.598901    -0.138025
0.059657    -0.357071    -0.134175
0.051571    -0.590449    -0.138133
0.054144    -0.528683    -0.136874
0.066158    -0.306037    -0.130992
0.05484    -0.268111    -0.136533
0.066852    -0.409101    -0.130652
0.092278    -0.565778    -0.114081
0.098508    -0.426399    -0.108649
0.102947    -0.334154    -0.104779
0.102431    -0.320689    -0.105229
0.103157    -0.377936    -0.104596
0.082743    -0.376783    -0.122395
0.097265    -0.372083    -0.109733
0.089978    -0.436575    -0.116086
0.091211    -0.405101    -0.115012
0.091431    -0.290177    -0.11482
0.094185    -0.407937    -0.112418
0.089682    -0.496132    -0.116345
0.093636    -0.270663    -0.112897
0.126015    -0.434941    -0.075145
0.127078    -0.500587    -0.073564
0.127543    -0.536142    -0.072872
0.122225    -0.444041    -0.080782
0.131694    -0.37134    -0.066698
0.129847    -0.448346    -0.069445
0.123199    -0.360723    -0.079333
0.128738    -0.321961    -0.071095
0.114857    -0.272229    -0.091739
0.114301    -0.30257    -0.092566
0.122703    -0.469051    -0.08007
0.130351    -0.527096    -0.068696
0.129721    -0.634591    -0.069632
0.137353    -0.461459    -0.050688
0.135838    -0.337353    -0.055108
0.139064    -0.312617    -0.045697
0.135609    -0.386861    -0.055779
0.141769    -0.303162    -0.037803
0.144479    -0.602471    -0.029893
0.141252    -0.414513    -0.03931
0.136972    -0.324896    -0.051799
0.143502    -0.451091    -0.032746
0.137969    -0.45086    -0.04889
0.140561    -0.43678    -0.041327
0.141571    -0.484209    -0.03838
0.143473    -0.487313    -0.032831
0.147049    -0.352202    0.006954
0.146877    -0.457691    0.004443
0.146681    -0.392383    0.001576
0.145815    -0.435536    -0.011083
0.145229    -0.309583    -0.019643
0.145629    -0.342754    -0.013795
0.145408    -0.331514    -0.017035
0.14555    -0.449254    -0.014956
0.14642    -0.27672    -0.002243
0.145626    -0.309168    -0.013845
0.145681    -0.396328    -0.013045
0.146038    -0.288911    -0.007825
0.145695    -0.443705    -0.012844
0.141448    -0.579643    0.037948
0.139889    -0.585237    0.045903
0.141777    -0.488728    0.036268
0.144045    -0.413869    0.024692
0.139825    -0.306982    0.046231
0.142392    -0.476588    0.033126
0.140869    -0.365628    0.040904
0.141132    -0.511208    0.039559
0.143514    -0.486182    0.027403
0.140005    -0.493573    0.045311
0.141049    -0.527888    0.039985
0.141434    -0.471229    0.038016
0.13997    -0.712245    0.045493
0.132574    -0.308456    0.061235
0.123596    -0.54402    0.079573
0.127385    -0.365829    0.071835
0.12759    -0.512799    0.071415
0.127742    -0.563039    0.071105
0.132778    -0.375234    0.060818
0.128728    -0.38369    0.069092
0.122915    -0.773187    0.080964
0.137451    -0.307904    0.051273
0.126312    -0.495104    0.074027
0.129016    -0.444816    0.068502
0.12934    -0.542933    0.067841
0.136842    -0.264914    0.052517
0.098926    -0.634846    0.108567
0.120525    -0.274567    0.083794
0.098592    -0.57663    0.10895
0.107714    -0.432175    0.098488
0.102902    -0.272253    0.104007
0.10635    -0.506837    0.100053
0.102299    -0.565815    0.104698
0.107025    -0.448578    0.099278
0.118034    -0.275786    0.086652
0.113551    -0.371887    0.091794
0.100741    -0.376334    0.106485
0.099697    -0.285356    0.107683
0.103955    -0.560936    0.102799
0.081002    -0.416465    0.1213
0.091806    -0.379117    0.114036
0.072593    -0.360149    0.126954
0.096489    -0.300619    0.110887
0.094277    -0.412999    0.112375
0.080418    -0.339633    0.121693
0.089997    -0.300693    0.115252
0.077648    -0.398764    0.123556
0.089011    -0.49133    0.115915
0.091701    -0.277787    0.114107
0.090976    -0.544727    0.114594
0.089474    -0.549493    0.115604
0.091623    -0.484881    0.114159
0.064777    -0.657075    0.131969
0.06482    -0.441172    0.131954
0.056643    -0.4154    0.134757
0.048636    -0.436039    0.1375
0.060664    -0.438007    0.133379
0.035681    -0.273884    0.14194
0.062771    -0.461413    0.132657
0.049485    -0.43439    0.13721
0.063072    -0.389757    0.132554
0.044954    -0.387593    0.138762
0.064073    -0.487471    0.13221
0.058001    -0.526872    0.134291
0.063233    -0.570511    0.132498
0.002085    -0.574956    -0.147362
0.001317    -0.436495    -0.147309
-0.020385    -0.716693    -0.145823
-0.007915    -0.580566    -0.146677
-0.009292    -0.640315    -0.146583
0.004361    -0.557466    -0.147517
-0.001745    -0.683109    -0.147099
-0.024192    -0.744427    -0.145563
0.006196    -0.521734    -0.147643
0.002258    -0.770302    -0.147373
-0.017982    -0.710197    -0.145988
0.006853    -0.330558    -0.147688
0.001252    -0.501021    -0.147305
-0.042612    -0.636713    -0.140676
-0.065225    -0.772441    -0.132928
-0.047175    -0.589317    -0.139113
-0.036849    -0.379496    -0.142651
-0.039853    -0.50136    -0.141622
-0.036792    -0.688827    -0.14267
-0.053353    -0.767713    -0.136996
-0.04682    -0.555794    -0.139234
-0.030784    -0.684119    -0.144729
-0.030022    -0.721888    -0.14499
-0.04956    -0.715035    -0.138295
-0.03605    -0.616141    -0.142925
-0.039605    -0.424276    -0.141707
-0.06705    -0.282742    -0.131905
-0.075478    -0.731329    -0.126239
-0.092559    -0.726808    -0.114754
-0.079956    -0.622453    -0.123228
-0.076664    -0.566778    -0.125442
-0.068885    -0.603712    -0.130672
-0.068326    -0.392515    -0.131048
-0.067906    -0.602585    -0.13133
-0.069284    -0.708493    -0.130404
-0.088443    -0.642659    -0.117521
-0.08103    -0.517945    -0.122506
-0.066674    -0.362652    -0.132159
-0.06959    -0.643862    -0.130198
-0.112268    -0.639885    -0.094651
-0.107266    -0.761854    -0.100387
-0.115732    -0.562066    -0.090678
-0.113067    -0.679551    -0.093734
-0.10947    -0.772057    -0.09786
-0.118504    -0.532422    -0.087499
-0.104165    -0.770075    -0.103944
-0.11432    -0.485229    -0.092298
-0.108895    -0.596621    -0.098519
-0.107171    -0.732513    -0.100496
-0.12146    -0.740177    -0.084108
-0.119425    -0.644282    -0.086442
-0.119529    -0.519056    -0.086324
-0.131474    -0.604221    -0.065175
-0.139102    -0.392771    -0.049593
-0.138799    -0.515995    -0.050211
-0.137236    -0.638788    -0.053403
-0.134802    -0.687033    -0.058376
-0.134297    -0.686252    -0.059407
-0.132828    -0.556918    -0.062408
-0.131883    -0.532429    -0.064338
-0.140062    -0.496397    -0.047632
-0.12659    -0.758151    -0.07515
-0.126518    -0.688924    -0.075298
-0.139964    -0.348984    -0.047831
-0.133296    -0.550442    -0.061452
-0.147154    -0.70564    -0.011553
-0.146573    -0.549601    -0.014521
-0.145667    -0.698528    -0.019143
-0.145144    -0.488567    -0.021814
-0.14136    -0.692664    -0.041131
-0.143995    -0.537219    -0.027679
-0.141842    -0.739327    -0.03867
-0.14676    -0.470596    -0.013564
-0.144976    -0.732757    -0.022675
-0.146833    -0.507621    -0.013193
-0.145472    -0.775662    -0.020142
-0.145906    -0.636079    -0.017924
-0.146541    -0.593431    -0.014685
-0.145535    -0.726168    0.019158
-0.146839    -0.713942    0.000103
-0.146197    -0.605792    0.009485
-0.145791    -0.620639    0.01542
-0.144888    -0.666446    0.0286
-0.145289    -0.774408    0.022742
-0.145156    -0.749928    0.024684
-0.145639    -0.553338    0.017628
-0.145625    -0.687215    0.017838
-0.14638    -0.711121    0.00681
-0.145781    -0.465523    0.015558
-0.145405    -0.542001    0.021057
-0.145089    -0.606121    0.025663
-0.132992    -0.276052    0.063415
-0.143943    -0.629199    0.031458
-0.141486    -0.497271    0.038627
-0.140598    -0.477203    0.041218
-0.139647    -0.337524    0.043993
-0.139165    -0.432025    0.045399
-0.136037    -0.261974    0.054528
-0.139828    -0.390152    0.043466
-0.142485    -0.346201    0.035711
-0.141872    -0.454445    0.037501
-0.142296    -0.387091    0.036261
-0.136473    -0.312049    0.053257
-0.139362    -0.293322    0.044825
0.025607    -0.559812    -0.144597
0.033052    -0.776203    -0.143139
0.026073    -0.743451    -0.144506
0.03857    -0.414187    -0.142058
0.032271    -0.706716    -0.143292
0.030649    -0.519778    -0.14361
0.025669    -0.715859    -0.144585
0.028611    -0.636701    -0.144009
0.042554    -0.575621    -0.141277
0.036609    -0.49751    -0.142442
0.044564    -0.424222    -0.140884
0.033554    -0.469868    -0.14304
0.046461    -0.39267    -0.140512
0.073658    -0.556529    -0.12732
0.077014    -0.646844    -0.125677
0.078874    -0.734544    -0.124767
0.063221    -0.697131    -0.13243
0.059242    -0.687243    -0.134378
0.062132    -0.708726    -0.132963
0.071689    -0.481214    -0.128284
0.054296    -0.749348    -0.136799
0.0668    -0.727206    -0.130678
0.079004    -0.639237    -0.124703
0.078948    -0.655731    -0.12473
0.077163    -0.719658    -0.125604
0.065914    -0.748023    -0.131112
0.106124    -0.735824    -0.102009
0.107561    -0.367019    -0.100756
0.104507    -0.401746    -0.103419
0.098981    -0.615457    -0.108237
0.10364    -0.624578    -0.104175
0.109399    -0.661737    -0.099154
0.098309    -0.770287    -0.108823
0.104255    -0.651729    -0.103639
0.091561    -0.678794    -0.114707
0.102398    -0.653802    -0.105258
0.107283    -0.503984    -0.100998
0.098065    -0.673016    -0.109036
0.10756    -0.754865    -0.100757
0.123142    -0.736414    -0.079417
0.114462    -0.567276    -0.092327
0.117673    -0.485712    -0.087551
0.111581    -0.635404    -0.096612
0.111478    -0.631574    -0.096765
0.12026    -0.566407    -0.083705
0.122221    -0.665091    -0.080787
0.11601    -0.535329    -0.090025
0.119663    -0.735178    -0.084592
0.115401    -0.407372    -0.09093
0.112838    -0.478872    -0.094742
0.115838    -0.627552    -0.090281
0.120681    -0.762051    -0.083077
0.139776    -0.744712    -0.043617
0.136973    -0.48531    -0.051797
0.138575    -0.773413    -0.047123
0.133753    -0.624956    -0.061194
0.136855    -0.628597    -0.052142
0.136946    -0.745388    -0.051876
0.136884    -0.634803    -0.052056
0.135314    -0.625042    -0.056637
0.136375    -0.666628    -0.053543
0.132837    -0.715283    -0.063867
0.137148    -0.641912    -0.051286
0.13321    -0.474874    -0.062777
0.136641    -0.581216    -0.052766
0.146019    -0.600997    -0.008099
0.145108    -0.454276    -0.021417
0.145107    -0.66093    -0.021426
0.145198    -0.450846    -0.020094
0.144547    -0.643326    -0.029614
0.144603    -0.482009    -0.028794
0.145145    -0.469424    -0.020872
0.144739    -0.541726    -0.026814
0.144714    -0.674287    -0.02717
0.145229    -0.462999    -0.019652
0.146521    -0.676609    -0.000766
0.144768    -0.388734    -0.026385
0.145285    -0.516143    -0.018832
0.146781    -0.747265    0.010726
0.143919    -0.665445    0.025334
0.146189    -0.35097    0.013746
0.145025    -0.522318    0.019686
0.143957    -0.694622    0.02514
0.146384    -0.353409    0.012748
0.14395    -0.5549    0.025176
0.141429    -0.695935    0.038044
0.145595    -0.680875    0.01678
0.145829    -0.451469    0.015585
0.143529    -0.530205    0.027322
0.14344    -0.685628    0.027777
0.147167    -0.683564    0.008753
0.136514    -0.706181    0.053187
0.136222    -0.534273    0.053785
0.139655    -0.494924    0.046772
0.130283    -0.723411    0.065915
0.135163    -0.490051    0.055948
0.133824    -0.521581    0.058683
0.134239    -0.534474    0.057835
0.13932    -0.310904    0.047456
0.135427    -0.479277    0.055408
0.13639    -0.414278    0.05344
0.129843    -0.735672    0.066813
0.135813    -0.553261    0.05462
0.132519    -0.503897    0.061348
0.100336    -0.734403    0.10695
0.119948    -0.662579    0.084456
0.11499    -0.76737    0.090143
0.119782    -0.76735    0.084646
0.11633    -0.408064    0.088606
0.110943    -0.758867    0.094784
0.111738    -0.724556    0.093872
0.117249    -0.705938    0.087552
0.109162    -0.635948    0.096827
0.122329    -0.324482    0.081725
0.119571    -0.388409    0.084889
0.111615    -0.678117    0.094014
0.118904    -0.622135    0.085654
0.083971    -0.772626    0.119304
0.067451    -0.37851    0.130412
0.066785    -0.362636    0.130859
0.090145    -0.710765    0.115153
0.084443    -0.722338    0.118987
0.084399    -0.725269    0.119016
0.067807    -0.679212    0.130172
0.068333    -0.740173    0.129819
0.066904    -0.37495    0.13078
0.086407    -0.620912    0.117666
0.08155    -0.547745    0.120932
0.077466    -0.732543    0.123678
0.074237    -0.625301    0.125849
0.029775    -0.709415    0.143964
0.049884    -0.566462    0.137073
0.029487    -0.409913    0.144063
0.036376    -0.61796    0.141702
0.033061    -0.688032    0.142838
0.051856    -0.726766    0.136397
0.045794    -0.613547    0.138474
0.036764    -0.406397    0.141569
0.038344    -0.762714    0.141028
0.053735    -0.775913    0.135753
0.054074    -0.733173    0.135637
0.030172    -0.291939    0.143828
0.043004    -0.578712    0.139431
0.001534    -0.290859    0.146096
0.022201    -0.670492    0.144682
0.024724    -0.592823    0.144509
0.015263    -0.372138    0.145156
0.021187    -0.503983    0.144751
0.027799    -0.290621    0.144299
0.028654    -0.461097    0.14424
0.011351    -0.421545    0.145424
0.01655    -0.558774    0.145068
0.006677    -0.299014    0.145744
0.02456    -0.635541    0.14452
0.021095    -0.345348    0.144757
-0.000171    -0.375148    0.146212
-0.053795    -0.780467    -0.134275
-0.033763    -0.780467    -0.129283
0.033091    -0.780467    -0.126492
-0.065162    -0.780467    -0.087214
-0.014826    -0.780467    -0.105211
-0.100632    -0.780467    -0.09186
-0.003079    -0.780467    -0.096796
-0.103468    -0.780467    -0.053969
-0.017443    -0.780467    -0.073017
-0.013252    -0.780467    -0.063125
-0.12401    -0.780467    -0.057521
-0.124909    -0.780467    -0.06469
-0.043878    -0.780467    -0.058183
-0.052068    -0.780467    -0.018298
-0.135547    -0.780467    -0.013154
-0.120631    -0.780467    -0.043837
0.068761    -0.780467    -0.034057
0.111601    -0.780467    -0.027709
0.017177    -0.780467    -0.026082
-0.141062    -0.780467    -0.01424
-0.084163    -0.780467    0.008126
-0.104625    -0.780467    0.017877
-0.128879    -0.780467    0.004051
-0.074621    -0.780467    0.019271
-0.131421    -0.780467    0.016751
0.073527    -0.780467    0.010984
-0.05295    -0.780467    0.010999
0.014547    -0.780467    0.009629
-0.134827    -0.7733    0.058059
-0.132632    -0.587067    0.064465
-0.137999    -0.725396    0.048802
-0.138113    -0.737761    0.048471
-0.132589    -0.727466    0.06459
-0.138831    -0.701089    0.046375
-0.133442    -0.411446    0.0621
-0.138457    -0.531937    0.047466
-0.134085    -0.44861    0.060224
-0.134983    -0.538506    0.057605
-0.136205    -0.697279    0.054039
-0.141214    -0.716751    0.039419
-0.139739    -0.574576    0.043726
0.065906    -0.780467    -0.13036
0.034509    -0.780467    -0.138098
0.046744    -0.780467    -0.114121
0.066529    -0.780467    -0.101782
0.022076    -0.780467    -0.115839
-0.092454    -0.780467    -0.083394
0.056502    -0.780467    -0.071789
-0.090212    -0.780467    -0.081462
-0.00105    -0.780467    -0.086053
0.098687    -0.780467    -0.080598
0.124667    -0.780467    -0.05117
0.127543    -0.780467    -0.030794
0.078834    -0.780467    -0.035194
0.0748    -0.780467    -0.054365
0.131293    -0.780467    -0.06105
0.090043    -0.780467    -0.052549
-0.005845    -0.780467    -0.053936
0.096543    -0.780467    -0.014165
-0.018177    -0.780467    -0.017451
0.014791    -0.780467    -0.011326
0.083463    -0.780467    -0.025275
-0.060003    -0.780467    -0.01119
0.07021    -0.780467    -0.014287
0.108221    -0.780467    -0.010482
-0.018773    -0.780467    0.034253
0.127106    -0.780467    0.045071
0.134855    -0.780467    0.023246
0.025503    -0.780467    0.032945
0.138591    -0.780467    0.035003
0.041228    -0.780467    0.035177
0.136348    -0.780467    0.012837
0.102171    -0.780467    0.077213
0.083611    -0.780467    0.077648
0.121152    -0.780467    0.059682
0.034152    -0.780467    0.063282
0.063661    -0.780467    0.05332
-0.03065    -0.780467    0.069371
-0.005745    -0.780467    0.094787
0.087496    -0.780467    0.104432
0.058989    -0.780467    0.091583
0.022665    -0.780467    0.092181
-0.047336    -0.780467    0.124085
0.035716    -0.780467    0.121671
-0.015179    -0.780467    0.139461
0.021711    -0.7731    0.144715
-0.002755    -0.536318    0.146389
-0.006648    -0.676225    0.146656
0.019996    -0.674646    0.144832
-0.008029    -0.750674    0.14675
0.014173    -0.695858    0.145231
-0.005073    -0.75556    0.146548
0.005168    -0.51756    0.145847
-0.008624    -0.600961    0.146791
-0.008218    -0.656266    0.146763
-0.00729    -0.337116    0.1467
-0.003108    -0.709338    0.146413
-0.002509    -0.696869    0.146372
0.018284    -0.780467    0.044135
-0.08871    -0.780467    0.050353
0.068375    -0.780467    0.049858
-0.138435    -0.780467    0.030118
-0.010289    -0.780467    0.048008
0.01761    -0.780467    0.053842
-0.105252    -0.780467    0.053739
-0.118729    -0.339867    0.085494
-0.123452    -0.465208    0.078469
-0.118459    -0.336165    0.085895
-0.127459    -0.5867    0.072509
-0.128351    -0.267664    0.071183
-0.131914    -0.552926    0.065883
-0.11759    -0.264334    0.087187
-0.127697    -0.469902    0.072155
-0.124101    -0.531858    0.077503
-0.117374    -0.362252    0.087508
-0.128137    -0.37055    0.071501
-0.117735    -0.333417    0.086971
-0.129785    -0.428457    0.069049
-0.082275    -0.780467    0.07454
-0.014685    -0.780467    0.088999
-0.094864    -0.780467    0.073696
-0.115234    -0.780467    0.084215
-0.010187    -0.780467    0.074179
0.049097    -0.780467    0.113385
-0.064763    -0.780467    0.11047
-0.016365    -0.780467    0.106494
-0.061855    -0.780467    0.11266
-0.046636    -0.780467    0.128733
-0.01549    -0.310593    0.145651
-0.013259    -0.486165    0.146088
-0.013623    -0.3434    0.146017
-0.027789    -0.386979    0.143242
-0.025499    -0.296175    0.14369
-0.026754    -0.312043    0.143444
-0.03041    -0.310735    0.142728
-0.011942    -0.42977    0.146346
-0.012747    -0.698142    0.146189
-0.032245    -0.367288    0.142369
-0.019065    -0.486411    0.144951
-0.024073    -0.462686    0.14397
-0.036888    -0.34946    0.141459
-0.12569    -0.752935    0.075141
-0.118728    -0.540988    0.085494
-0.122062    -0.761641    0.080536
-0.112202    -0.494386    0.095201
-0.124781    -0.730103    0.076492
-0.119795    -0.56256    0.083907
-0.120908    -0.509724    0.082252
-0.126773    -0.673088    0.07353
-0.119348    -0.489288    0.084572
-0.122165    -0.56068    0.080383
-0.112738    -0.543991    0.094404
-0.11174    -0.559554    0.095887
-0.113818    -0.608676    0.092796
-0.092536    -0.337079    0.113158
-0.093659    -0.475746    0.11218
-0.104526    -0.323411    0.102705
-0.082809    -0.417646    0.12164
-0.090406    -0.351233    0.115016
-0.087416    -0.611145    0.117623
-0.099683    -0.422372    0.106928
-0.084692    -0.275321    0.119998
-0.086355    -0.691124    0.118548
-0.082683    -0.437189    0.121749
-0.08286    -0.685101    0.121596
-0.082949    -0.365367    0.121518
-0.101193    -0.273931    0.105611
-0.047947    -0.732428    0.139079
-0.062293    -0.420467    0.132056
-0.054326    -0.268916    0.135957
-0.072186    -0.323177    0.127213
-0.062539    -0.270831    0.131936
-0.058914    -0.598927    0.13371
-0.064083    -0.38595    0.13118
-0.079225    -0.278985    0.123767
-0.070856    -0.358228    0.127864
-0.07353    -0.369884    0.126555
-0.065933    -0.286349    0.130274
-0.069351    -0.355756    0.128601
-0.06238    -0.438883    0.132014
-0.108253    -0.356403    0.099455
-0.094994    -0.686163    0.111016
-0.104347    -0.651686    0.102861
-0.093742    -0.708402    0.112107
-0.108537    -0.562889    0.099208
-0.098663    -0.517417    0.107817
-0.095192    -0.655317    0.110843
-0.101176    -0.481212    0.105626
-0.096957    -0.741452    0.109304
-0.106254    -0.483849    0.101198
-0.102763    -0.727325    0.104242
-0.103601    -0.518263    0.103512
-0.103036    -0.599527    0.104003
-0.053571    -0.735777    0.136326
-0.078699    -0.628264    0.124024
-0.062511    -0.592562    0.131949
-0.067895    -0.547312    0.129314
-0.078097    -0.457138    0.124319
-0.077227    -0.589607    0.124745
-0.074456    -0.398251    0.126102
-0.068171    -0.670185    0.129179
-0.072037    -0.590213    0.127286
-0.060413    -0.751193    0.132976
-0.061017    -0.659635    0.132681
-0.067285    -0.666672    0.129612
-0.072618    -0.573042    0.127001
-0.024596    -0.684672    0.143867
-0.019763    -0.776573    0.144814
-0.024443    -0.74024    0.143897
-0.030387    -0.571799    0.142733
-0.037027    -0.630079    0.141432
-0.035653    -0.500962    0.141701
-0.033276    -0.614786    0.142167
-0.036609    -0.623525    0.141514
-0.044829    -0.671157    0.139904
-0.034719    -0.661274    0.141884
-0.045554    -0.716833    0.139762
-0.019665    -0.66865    0.144833
-0.031273    -0.728155    0.142559
-0.003658    0.114856    -0.049139
-0.028231    0.114078    -0.040394
-0.046581    0.085947    -0.016605
-0.046521    0.119665    0.014674
-0.036841    0.116679    0.032228
-0.013783    0.105727    0.046528
0.013278    0.081335    -0.047556
0.035766    0.10019    -0.033864
0.048726    0.116519    -0.000249
0.008266    0.086706    -0.048538
-0.027791    0.094971    -0.04069
-0.0439    0.086727    -0.02208
-0.045208    0.079491    0.018505
-0.033997    0.083946    0.034708
-0.008212    0.093028    0.04762
0.048096    0.104937    0.006782
0.035629    0.109287    0.032647
0.02139    0.086775    -0.044238
0.040092    0.088908    -0.028013
0.048743    0.091687    -1.4e-05
0.041644    0.078781    0.024998
0.030678    0.106379    0.037525
