0.17061    -0.434369    0.037145
0.151207    -0.434833    0.080424
0.165587    -0.43499    -0.039418
0.177529    -0.431146    0.055155
0.16102    -0.427646    0.107914
0.192933    -0.427841    -0.013625
0.191745    -0.411205    0.108666
0.123066    -0.437055    -0.038075
0.134411    -0.435044    -0.10214
0.2146    -0.411857    0.039511
0.164418    -0.410702    0.146004
0.125186    -0.437055    0.049842
0.124081    -0.434735    -0.119423
0.15641    -0.432731    -0.093906
0.177526    -0.409365    -0.131737
0.199173    -0.39513    0.121974
0.101726    -0.437055    -0.086592
0.094682    -0.437055    -0.109515
0.10296    -0.434043    -0.143159
0.157241    -0.416241    -0.143577
0.169887    -0.404719    -0.148135
0.208949    -0.389431    0.113986
0.081929    -0.437055    -0.087318
0.097015    -0.437055    0.041248
0.078174    -0.437055    -0.108105
0.114495    -0.433318    -0.138725
0.140942    -0.410075    -0.169191
0.170806    -0.401837    -0.150539
0.230129    -0.386085    0.067222
0.055083    -0.43112    0.17735
0.057453    -0.437055    -0.054234
0.071163    -0.437055    -0.031907
0.083687    -0.434509    -0.152196
0.147509    -0.386338    0.186911
0.22564    -0.388422    -0.075532
0.240186    -0.376386    0.032321
0.217973    -0.366686    0.117388
0.056627    -0.437055    0.012157
0.05782    -0.437055    0.042034
0.040724    -0.437055    -0.048666
0.049338    -0.435881    -0.155241
0.080809    -0.392924    0.219537
0.09842    -0.40442    -0.202755
0.128482    -0.37675    -0.206453
0.244499    -0.364122    0.035787
0.217415    -0.343858    0.126726
0.039162    -0.437055    0.045642
0.034429    -0.437055    -0.10636
0.022001    -0.437055    -0.119193
0.00276    -0.433725    -0.179592
0.10262    -0.376719    0.219354
0.168393    -0.356356    0.183276
0.233901    -0.354326    -0.084202
0.088882    -0.365542    -0.22999
0.246992    -0.340069    -0.040888
0.179672    -0.356771    0.173143
0.017544    -0.437055    0.097852
0.002703    -0.437055    0.141557
0.015379    -0.437055    0.032512
-0.013907    -0.413739    0.214979
0.006145    -0.401164    0.228513
0.16159    -0.34621    0.190166
0.01356    -0.367326    -0.245975
0.094247    -0.364913    -0.227954
0.247726    -0.229571    0.03567
0.25069    -0.142506    0.013155
0.250132    -0.33733    0.017393
0.248001    -0.30588    0.033578
0.248523    -0.268204    -0.029591
0.250352    -0.326595    -0.015694
0.248546    -0.277297    -0.02942
0.248072    -0.286142    -0.03302
0.227146    -0.284539    0.105509
0.243612    -0.273317    0.065756
0.237202    -0.334624    0.081231
0.241358    -0.295718    0.071198
0.190976    -0.301121    0.162066
0.215145    -0.328335    0.13057
0.213789    -0.155377    0.132336
0.206381    -0.33957    0.14199
-0.012515    -0.434508    0.172255
-0.012546    -0.437055    0.14953
-0.01124    -0.437055    0.137979
-0.013137    -0.437055    0.14761
-0.001014    -0.437055    0.066914
-0.020322    -0.437055    -0.006579
-0.026507    -0.437055    -0.076908
-0.018421    -0.431724    -0.18237
0.057634    -0.383168    0.233633
0.174176    -0.302974    0.181574
0.177195    -0.269789    0.179257
0.136224    -0.324671    0.210695
0.162661    -0.31185    0.190409
-0.009583    -0.389259    -0.237047
0.240427    -0.166519    -0.073424
0.242279    -0.145716    -0.068954
0.239994    -0.263061    -0.074471
0.238809    -0.159758    -0.077331
0.131148    -0.340692    -0.214411
0.060516    -0.358692    -0.241526
0.200105    -0.219756    -0.150148
0.1979    -0.270462    -0.153022
0.192006    -0.301513    -0.160703
0.196293    -0.33283    -0.155116
0.248744    -0.146579    0.027937
0.245681    -0.203359    0.051202
0.246926    -0.157266    0.041741
0.249384    -0.143265    0.023076
0.244169    -0.173084    -0.062666
0.244194    -0.31072    -0.062472
0.245175    -0.286993    -0.055021
0.247368    -0.134853    -0.038367
0.237927    -0.10195    0.079482
0.223322    -0.215277    0.11474
0.221436    -0.158743    0.119294
0.220835    -0.215731    0.120744
0.192267    -0.166257    0.160384
0.185318    -0.276618    0.16944
0.196718    -0.136712    0.154584
0.184894    -0.298232    0.169992
-0.042753    -0.437055    0.000915
-0.065783    -0.437055    -0.137968
-0.075917    -0.437055    -0.133825
-0.075548    -0.421883    0.189851
0.054427    -0.366004    0.241165
0.146298    -0.189791    0.202965
0.131423    -0.255533    0.214379
0.135526    -0.156319    0.21123
0.126692    -0.214826    0.218009
-0.039682    -0.397677    -0.226625
-0.027235    -0.357443    -0.245944
0.224311    -0.276654    -0.112332
0.235031    -0.117299    -0.086451
0.237719    -0.091925    -0.079964
0.229682    -0.131054    -0.099364
0.14917    -0.254507    -0.20074
0.132353    -0.328737    -0.213644
0.144757    -0.219994    -0.204126
0.149338    -0.210675    -0.200611
0.10996    -0.316597    -0.225003
0.098966    -0.27695    -0.229557
0.089508    -0.199215    -0.233475
0.091925    -0.257936    -0.232474
0.032193    -0.276825    -0.247751
0.040091    -0.338348    -0.246711
0.047187    -0.288364    -0.245777
0.013692    -0.329668    -0.250186
0.201139    -0.192814    -0.148801
0.188647    -0.094546    -0.165081
0.189174    -0.086167    -0.164394
0.195418    -0.176212    -0.156256
0.245742    -0.08344    -0.045556
-0.072631    -0.433833    0.161904
-0.07497    -0.437055    0.066536
-0.058989    -0.437055    0.010355
-0.085986    -0.428422    0.171138
0.113042    -0.314192    0.223748
0.094342    -0.22128    0.231494
0.099195    -0.278855    0.229483
0.113884    -0.314323    0.223399
0.046556    -0.358449    0.243417
-0.066503    -0.421987    -0.193429
-0.080351    -0.380231    -0.226593
-0.054589    -0.270191    -0.244675
-0.063869    -0.292932    -0.243453
-0.050404    -0.328587    -0.245226
-0.058943    -0.252739    -0.244102
0.225127    -0.076675    -0.10131
0.170672    -0.166692    -0.184241
0.170508    -0.091141    -0.184367
0.173028    -0.244483    -0.182433
0.153064    -0.200742    -0.197752
0.125667    -0.30461    -0.218497
0.100612    -0.095709    -0.228875
0.091586    -0.116429    -0.232614
0.120438    -0.115353    -0.220663
0.062398    -0.321935    -0.243774
0.055425    -0.19431    -0.244692
0.019649    -0.128728    -0.249402
0.053663    -0.086477    -0.244924
-0.01509    -0.169527    -0.249875
-0.010964    -0.165463    -0.250418
-0.045437    -0.136478    -0.24588
-0.037724    -0.166443    -0.246895
0.228859    -0.073238    0.088618
-0.093747    -0.435028    0.140163
-0.080158    -0.437055    -0.035391
-0.100001    -0.437055    -0.081698
-0.113009    -0.422573    0.16955
0.09193    -0.227891    0.232493
0.102609    -0.139041    0.228069
0.091733    -0.153505    0.232574
0.10668    -0.132498    0.226383
-0.021403    -0.368914    0.24418
-0.089127    -0.409704    -0.201238
-0.102291    -0.375207    -0.219739
-0.094364    -0.296133    -0.231062
-0.116687    -0.338149    -0.221816
-0.090061    -0.264081    -0.232845
-0.097385    -0.238011    -0.229811
-0.104085    -0.141459    -0.227036
-0.070732    -0.192085    -0.240851
-0.092757    -0.165876    -0.231728
-0.101171    -0.092672    -0.228243
0.147565    -0.081604    -0.200168
-0.045593    -0.075262    -0.241778
0.240567    -0.062706    -0.014649
-0.096529    -0.4349    0.139241
-0.10065    -0.437055    -0.025934
-0.088587    -0.435668    -0.138027
-0.113209    -0.431767    -0.143649
0.02789    -0.284852    0.248338
0.034708    -0.25008    0.247441
0.023596    -0.266832    0.248903
0.025394    -0.313833    0.248667
-0.093104    -0.38668    0.218466
0.152907    -0.066204    0.187889
-0.132206    -0.347737    -0.211697
-0.136622    -0.130655    -0.209626
-0.147515    -0.138548    -0.201267
-0.136559    -0.170952    -0.209673
-0.162619    -0.135775    -0.189677
0.179656    -0.060992    -0.159106
-0.07813    -0.071303    -0.231639
0.215713    -0.053729    0.094657
0.190534    -0.053343    -0.138103
-0.115611    -0.437055    -0.004928
-0.101199    -0.434099    -0.143239
-0.120833    -0.426141    -0.154773
0.017961    -0.102141    0.249645
0.014419    -0.11188    0.250112
0.009342    -0.176483    0.25078
0.018226    -0.237751    0.24961
-0.094402    -0.374185    0.223483
0.128428    -0.062934    0.204433
-0.169784    -0.345021    -0.183309
-0.174284    -0.11202    -0.180726
-0.161784    -0.333057    -0.190318
-0.155575    -0.237151    -0.195082
-0.157878    -0.181711    -0.193315
0.140532    -0.056883    -0.190979
-0.028154    -0.059928    -0.23671
0.228928    -0.046645    0.032707
0.224817    -0.049086    -0.065805
-0.129082    -0.437055    0.027083
-0.164623    -0.427095    0.104124
0.111671    -0.054555    0.208873
-0.047932    -0.329802    0.245572
-0.045556    -0.303371    0.245885
-0.016658    -0.276888    0.249689
-0.013472    -0.253124    0.250109
-0.124902    -0.375051    0.209358
-0.160049    -0.417327    -0.136353
-0.186661    -0.37778    -0.152467
-0.181155    -0.26385    -0.173581
-0.197022    -0.212464    -0.152903
-0.188227    -0.093424    -0.164364
-0.21093    -0.102736    -0.134778
-0.137988    -0.063848    -0.196959
-0.020142    -0.05827    -0.236856
0.224299    -0.037976    0.021989
0.216891    -0.033711    -0.055668
-0.141619    -0.435975    0.078759
-0.140498    -0.434223    -0.1031
-0.179579    -0.422743    0.096742
-0.053628    -0.152847    0.244822
-0.048793    -0.260012    0.245459
-0.020978    -0.125647    0.249121
-0.043846    -0.220402    0.24611
-0.108928    -0.354628    0.222947
-0.193999    -0.380617    0.141013
-0.191381    -0.40464    -0.11896
-0.211327    -0.241994    -0.134259
-0.208959    -0.235197    -0.137346
-0.216531    -0.236922    -0.127478
-0.20768    -0.228595    -0.139013
-0.191931    -0.07218    -0.150802
0.017936    -0.048622    -0.231816
0.059723    -0.041697    -0.221491
0.186789    -0.031985    0.119281
0.142193    -0.025173    -0.161676
-0.150765    -0.434701    -0.081729
-0.210334    -0.408948    0.06907
0.061564    -0.053799    0.229101
-0.090378    -0.222894    0.232735
-0.091091    -0.239811    0.232439
-0.067646    -0.170979    0.24215
-0.076803    -0.334629    0.238357
-0.195484    -0.368836    0.147025
0.140356    -0.031466    0.169945
-0.215905    -0.361163    -0.122977
-0.230471    -0.170323    -0.09512
-0.241838    -0.089766    -0.06768
-0.221854    -0.200403    -0.115923
-0.222988    -0.270529    -0.113185
0.099433    -0.030903    -0.196567
-0.140614    -0.039234    -0.176132
0.205095    -0.024809    0.065839
0.156597    -0.023194    -0.146159
-0.161387    -0.434292    -0.064139
-0.222279    -0.378351    0.092134
0.095261    -0.036772    0.203142
-0.12003    -0.136443    0.220452
-0.115594    -0.114782    0.22229
-0.104117    -0.242447    0.227044
-0.103426    -0.127412    0.22733
-0.149979    -0.347552    0.198111
-0.200926    -0.413562    -0.076185
-0.219044    -0.385918    -0.091804
-0.242777    -0.314198    -0.065413
-0.23899    -0.16756    -0.074554
-0.226966    -0.327303    -0.103582
-0.240307    -0.154084    -0.071376
-0.214125    -0.062889    -0.109137
-0.032658    -0.03024    -0.216424
-0.045416    -0.018672    -0.204687
0.169842    -0.012913    0.112607
0.126884    -0.014305    -0.16063
-0.232054    -0.392951    0.022889
-0.219495    -0.409609    0.017223
-0.003846    -0.061295    0.24068
-0.130645    -0.165428    0.214233
-0.15914    -0.258586    0.192368
-0.154296    -0.334079    0.196085
-0.12665    -0.17371    0.217298
-0.224937    -0.355791    0.103027
-0.19833    -0.42343    -0.041158
-0.234188    -0.380298    -0.058185
-0.248308    -0.319953    -0.023864
-0.246523    -0.234524    -0.037424
-0.24398    -0.207279    -0.056739
-0.245482    -0.231863    -0.045329
-0.228468    -0.063219    -0.074977
-0.119985    -0.018693    -0.170935
-0.174358    -0.023598    -0.122324
0.147647    -0.005472    0.128474
0.111694    -0.010843    -0.167623
-0.238345    -0.385116    0.011476
-0.21209    -0.415771    -0.012454
-0.11652    -0.082081    0.22057
-0.166732    -0.122531    0.186542
-0.164358    -0.161262    0.188364
-0.149808    -0.156194    0.199529
-0.145306    -0.173408    0.202983
-0.196121    -0.317393    0.154099
-0.21572    -0.233405    0.128557
-0.194022    -0.318703    0.156834
-0.217653    -0.172849    0.126038
-0.231086    -0.324118    0.093657
-0.239273    -0.334793    0.073892
-0.235811    -0.290183    0.08225
-0.240717    -0.247949    0.070406
-0.250816    -0.314214    0.004835
-0.246539    -0.283926    0.037323
-0.249978    -0.158616    0.011202
-0.247348    -0.319587    0.031176
-0.240824    -0.365242    -0.05515
-0.249661    -0.091054    -0.013589
-0.247116    -0.201991    -0.032916
-0.248568    -0.160186    -0.021885
-0.250815    -0.309957    -0.004818
-0.244059    -0.075557    -0.026066
-0.094123    -0.006225    -0.17269
-0.201481    -0.030735    -0.085553
0.178313    -0.003647    0.074512
0.150085    0.002333    -0.108682
0.049534    -0.020597    0.205968
-0.179482    -0.143364    0.175783
-0.201044    -0.114758    0.147683
-0.212097    -0.119431    0.133278
-0.189957    -0.213038    0.162132
-0.223452    -0.259432    0.112087
-0.218832    -0.095112    0.123241
-0.224666    -0.123427    0.109157
-0.221788    -0.245845    0.116105
-0.247057    -0.090085    0.033385
-0.244796    -0.232806    0.050566
-0.243353    -0.209419    0.061528
-0.24509    -0.144788    0.048329
-0.246448    -0.120083    0.038013
0.076426    0.002248    -0.168741
-0.179134    -0.005289    -0.075282
-0.075955    -0.003181    -0.176346
0.182046    0.003647    -0.023741
0.010977    -0.020075    0.210591
-0.162498    -0.08011    0.187211
0.099756    -0.001136    0.162654
0.078719    0.007441    -0.16032
-0.185444    -0.01065    -0.075016
-0.025429    0.007582    -0.175991
0.14849    0.010456    0.091414
0.118427    0.010434    -0.127676
-0.014116    -0.030469    0.219085
-0.208772    -0.08031    0.134383
-0.224514    -0.043364    0.041519
-0.168597    -0.003487    -0.095055
-0.20505    -0.019512    -0.045089
0.150999    0.01251    0.07987
0.085793    0.013031    -0.147225
-0.047006    -0.020199    0.205827
-0.176746    -0.056354    0.157519
-0.20286    -0.036855    0.094423
-0.201952    -0.011348    -0.00404
-0.213617    -0.024543    0.013262
-0.132762    0.012662    -0.104547
0.151101    0.020326    -0.04205
-0.012114    0.004905    0.181354
-0.133473    -0.040045    0.182339
-0.193762    -0.041918    0.120561
-0.169564    0.010534    -0.033233
-0.197767    -0.01934    0.068876
0.145532    0.025017    0.009269
0.111889    0.021634    -0.105136
-0.054803    -0.016099    0.200416
-0.171589    -0.042915    0.150588
-0.141391    0.024523    -0.039225
-0.162562    0.016149    0.014276
-0.119542    0.024605    -0.083255
0.12774    0.02865    -0.045651
-0.036036    0.016835    0.158965
-0.073172    0.013345    0.151577
-0.17653    -0.019909    0.114292
-0.178986    -0.00134    0.062535
-0.083128    0.029642    -0.102303
0.129571    0.030456    -0.012607
-0.024157    0.023093    0.147265
-0.125745    -0.016158    0.163279
-0.009837    0.029934    -0.130959
-0.054963    0.031794    -0.112993
0.095156    0.034346    0.065451
0.01429    0.026097    0.142082
-0.10684    0.009801    0.137185
0.011775    0.033345    -0.119083
-0.149139    0.00909    0.093068
0.096859    0.035552    0.053212
0.001882    0.028954    0.135117
-0.121779    0.015439    0.111229
-0.129386    0.030113    0.014561
0.093094    0.037978    0.002148
0.051644    0.034234    0.103795
-0.111656    0.030012    0.068993
-0.134402    0.027076    0.039579
0.085814    0.038637    -0.010051
-0.054329    0.033378    0.106539
-0.033366    0.037683    -0.088648
0.072236    0.038791    0.028715
-0.000737    0.035034    0.112597
0.01584    0.038786    -0.073477
-0.095697    0.037371    0.018659
-0.012012    0.037731    0.093588
-0.005653    0.038781    -0.071934
0.057836    0.097498    0.005989
0.045519    0.130022    0.036007
0.058013    0.135535    -0.004629
0.050725    0.061991    -0.029201
0.034528    0.038783    0.065255
0.032666    0.078773    0.047973
0.009242    0.04753    -0.056975
-0.011938    0.111072    -0.056493
-0.03812    0.102584    -0.043023
-0.050423    0.064404    -0.027713
-0.055712    0.056474    -0.014749
0.056042    0.192954    0.016508
0.047567    0.098992    0.033338
0.052117    0.197877    -0.025962
0.040245    0.117498    -0.042136
0.018935    0.197889    -0.054737
-0.074036    0.038799    0.032259
0.001205    0.202679    -0.058033
-0.018929    0.183616    -0.054338
-0.029734    0.12332    -0.049457
-0.054978    0.104606    -0.016717
-0.056747    0.159785    -0.006885
0.021514    0.096073    0.053691
-0.046973    0.038769    0.04672
0.064257    0.206675    0.00036
0.007948    0.049929    0.057167
-0.005151    0.104188    0.057408
-0.034441    0.050087    0.045867
-0.048987    0.144773    0.030225
-0.058731    0.206141    0.004172
-0.013581    0.185861    0.056298
-0.022726    0.125483    0.052788
-0.044517    0.127052    0.03605
-0.066386    0.207504    -0.01331
-0.041339    0.209372    -0.058081
0.066084    0.211867    -0.035172
-0.075021    0.215441    -0.008786
0.057036    0.220717    -0.052218
-0.062696    0.222229    0.043276
0.006566    0.228429    -0.073121
0.070224    0.231093    -0.004082
-0.066899    0.232103    -0.002051
0.034433    0.232561    -0.02538
0.006333    0.232561    -0.011564
-0.027834    0.232561    0.049581
0.030842    0.232561    0.030732
-0.001746    0.232561    -0.017647
-0.034712    0.232561    0.017138
0.06401    0.050988    0.00816
0.061107    0.05333    0.021014
0.064532    0.190599    -0.004173
0.063203    0.063641    -0.01427
0.054755    0.05229    0.034491
0.058698    0.170553    -0.02681
0.04941    0.094301    0.041456
0.057663    0.05141    -0.029309
0.042331    0.113237    0.048629
0.061284    0.203741    0.043637
0.102835    0.043353    -0.008656
0.039013    0.058312    0.051175
0.050331    0.127315    -0.040235
0.113211    0.041585    0.002193
0.025382    0.148327    0.059021
0.038236    0.091961    -0.051749
0.121436    0.039808    -0.002313
0.07377    0.032816    0.123966
0.039306    0.041079    0.107729
0.033117    0.076843    -0.055677
0.125617    0.033908    -0.062891
0.048915    0.034726    0.128484
0.017891    0.044789    0.087608
0.021491    0.065621    -0.060611
0.141545    0.032342    -0.034619
0.141989    0.026401    0.069881
0.016002    0.055538    0.062566
0.012939    0.030357    0.148499
0.022667    0.045252    -0.075931
0.1413    0.025337    -0.077582
0.127876    0.026155    0.093548
-0.002284    0.148282    0.064245
-0.014478    0.036746    0.130348
0.012071    0.13267    -0.063063
0.148456    0.031029    -0.005137
0.16449    0.020978    0.041344
0.065407    0.021133    0.154677
-0.020377    0.045262    0.081626
0.033696    0.219052    0.076291
0.014478    0.038969    -0.123298
0.156708    0.019933    -0.066409
0.16233    0.013863    0.079475
0.030989    0.01569    0.17439
-0.035534    0.045254    0.07683
0.015735    0.220574    0.081859
0.014174    0.041922    -0.109635
0.16364    0.015188    -0.070481
0.182406    0.012953    0.00832
0.054589    0.003429    0.187703
-0.025148    0.125857    0.058717
-0.031379    0.019489    0.167783
-0.001639    0.199387    -0.064309
-0.00197    0.025746    -0.159937
0.111538    0.009069    -0.149995
0.149103    0.004579    0.122674
0.003163    0.008898    0.188111
-0.064997    0.042403    0.086255
0.080523    0.224683    0.02261
-0.028803    0.044581    -0.086439
0.191545    0.006231    -0.007328
0.085642    0.004237    -0.173655
0.189417    -0.000105    0.062944
0.01289    -0.010015    0.209406
-0.070615    0.043445    0.073699
-0.072233    0.015768    0.161191
-0.031436    0.150387    -0.05609
-0.050851    0.031228    -0.137777
0.123011    -0.005723    -0.163911
0.212761    -0.013088    0.015683
0.122946    -0.011003    0.171094
-0.048997    0.087112    0.040733
-0.056237    0.226567    0.059621
0.041152    0.230571    0.069319
-0.034432    0.038725    -0.121045
0.197736    -0.012412    -0.077201
0.091119    -0.011119    -0.190185
0.217708    -0.017587    0.008623
0.102329    -0.025692    0.199714
-0.048709    0.177519    0.041108
-0.064202    0.227016    0.049813
0.044626    0.232541    0.064764
-0.062269    0.044202    -0.071124
0.219396    -0.026637    -0.055546
0.060441    -0.01813    -0.209987
-0.088101    0.01524    -0.155555
0.181678    -0.029241    0.135998
0.016494    -0.027806    0.225144
-0.055939    0.096785    0.031153
-0.113543    0.008706    0.148343
-0.051053    0.181575    -0.038032
0.01648    0.224077    -0.081278
0.177787    -0.027082    -0.137991
0.039035    -0.025467    -0.220122
-0.100206    0.023243    -0.129693
0.188283    -0.034295    0.133137
0.055694    -0.030194    0.221904
-0.060198    0.13558    0.020871
-0.124782    0.035183    0.052606
0.022245    0.234062    0.074022
-0.083255    0.043756    -0.053203
0.211051    -0.034704    -0.09348
0.007239    -0.031657    -0.22928
-0.073722    0.005885    -0.17582
0.215982    -0.040567    0.092177
0.078445    -0.041562    0.222138
-0.076172    -0.0165    0.201571
-0.062643    0.059268    0.011189
-0.144757    0.023053    0.079266
-0.055542    0.144093    -0.03209
-0.10807    0.034462    -0.085243
0.159404    -0.035388    -0.168947
-0.019792    -0.04405    -0.236133
-0.025071    -0.030751    -0.226174
0.23504    -0.048396    -0.053015
0.173897    -0.057856    0.175271
-0.048479    -0.042041    0.230979
-0.063138    0.120748    0.007429
-0.134882    0.035291    0.010184
-0.030108    0.238358    0.062053
-0.096115    0.043222    -0.038131
0.228769    -0.050422    -0.077504
0.079844    -0.050459    -0.227531
-0.102705    -0.026872    -0.200236
-0.148526    0.014492    -0.099638
0.238968    -0.063662    0.071699
0.074897    -0.062849    0.236889
-0.121603    -0.019279    0.181047
-0.062937    0.10619    -0.008931
-0.171286    0.002669    0.095193
-0.06393    0.197114    -0.001397
-0.062336    0.200313    -0.01643
0.214493    -0.055096    -0.118606
0.093699    -0.058433    -0.226482
-0.10884    -0.00165    -0.168556
-0.112985    -0.048186    -0.212065
0.247735    -0.072649    -0.049452
0.159069    -0.06504    0.191493
-0.0397    -0.060391    0.242831
-0.175137    -0.007973    0.111239
-0.174762    0.007647    0.069511
-0.047872    0.220762    -0.067647
0.134128    -0.078077    -0.217387
-0.027604    -0.066834    -0.247636
-0.117311    -0.032115    -0.197654
-0.166834    0.016651    -0.054017
0.221817    -0.068656    0.118807
0.075015    -0.068948    0.239808
-0.095351    -0.052404    0.221873
-0.079328    0.226624    -0.020434
0.039467    0.239021    -0.001537
0.000632    0.239021    -0.060071
-0.02162    0.239021    0.044233
0.033137    0.239013    -0.055738
0.168957    -0.081504    -0.192444
-0.00371    -0.078236    -0.255524
-0.154645    -0.023529    -0.160289
-0.136942    -0.068332    -0.209419
0.250728    -0.141104    0.061926
0.252642    -0.165944    0.047392
0.254098    -0.216286    0.036333
0.255085    -0.132083    0.028838
0.254241    -0.189894    -0.035221
0.256858    -0.086629    -0.015347
0.251178    -0.107484    -0.058486
0.258108    -0.282939    -0.005853
0.233794    -0.131953    0.106194
0.226444    -0.272087    0.123937
0.246498    -0.086763    0.075523
0.233794    -0.125922    0.106194
0.213216    -0.128607    0.143601
0.204312    -0.182372    0.155206
0.18502    -0.328082    0.180347
0.189794    -0.112269    0.174126
0.198213    -0.187018    0.163154
0.179143    -0.129602    0.185834
0.170639    -0.11485    0.192359
0.150093    -0.106257    0.208125
0.173084    -0.11838    0.190483
0.128505    -0.173273    0.224275
0.123436    -0.264057    0.226375
0.092661    -0.092174    0.239122
0.116252    -0.087799    0.229351
0.021002    -0.098832    0.255705
0.02618    -0.089097    0.255023
0.052718    -0.187201    0.251529
0.052077    -0.202268    0.251613
-0.070782    -0.06405    0.238898
-0.194633    -0.001706    0.052485
0.039943    0.239021    -0.002537
0.00899    0.239021    -0.003092
-0.017958    0.239021    0.025822
0.014612    0.237993    -0.068633
0.246737    -0.283845    -0.074926
0.245238    -0.097518    -0.078545
0.237369    -0.152405    -0.097542
0.246313    -0.140431    -0.07595
0.19094    -0.091429    -0.172611
0.204184    -0.102451    -0.155352
0.215269    -0.270349    -0.140906
0.214038    -0.156857    -0.14251
0.143526    -0.235967    -0.213143
0.157838    -0.186599    -0.202161
0.164256    -0.087128    -0.197236
0.146983    -0.210951    -0.210491
0.083809    -0.112295    -0.242768
0.10947    -0.09064    -0.232138
0.081801    -0.185342    -0.243599
0.092449    -0.094058    -0.239188
0.023685    -0.236395    -0.25533
0.011391    -0.281305    -0.256949
0.022151    -0.187888    -0.255532
0.012551    -0.118571    -0.256796
-0.023779    -0.119677    -0.25519
-0.039349    -0.202329    -0.253141
-0.065453    -0.304042    -0.249704
-0.029219    -0.102069    -0.254474
-0.12574    -0.254141    -0.224998
-0.113426    -0.225135    -0.230098
-0.078447    -0.117569    -0.244587
-0.110789    -0.176432    -0.23119
-0.123613    -0.216412    -0.225878
-0.181863    -0.190238    -0.182983
-0.169616    -0.169713    -0.19238
-0.165606    -0.236713    -0.195457
-0.180778    -0.139576    -0.183815
-0.166065    -0.032771    -0.159079
-0.177814    0.005384    -0.069981
0.256591    -0.220904    0.017398
0.251734    -0.314498    0.054286
0.256609    -0.290068    0.017261
0.257087    -0.191766    0.013629
0.249025    -0.164783    0.069423
0.234586    -0.282273    0.10428
0.245702    -0.284526    0.077445
0.245952    -0.316549    0.076841
0.250151    -0.23455    -0.066288
0.251061    -0.19148    -0.059378
0.252009    -0.162871    -0.052179
0.255742    -0.253812    -0.023823
0.198157    -0.28316    0.163227
0.213708    -0.267796    0.14296
0.217441    -0.305606    0.138096
0.202445    -0.331389    0.157638
0.130536    -0.12534    0.223133
0.13659    -0.266018    0.218487
0.159008    -0.24722    0.201285
0.16403    -0.303841    0.197431
0.100623    -0.235971    0.235824
0.0953    -0.293693    0.238029
0.082365    -0.153555    0.243387
0.108458    -0.266379    0.232579
0.07361    -0.294842    0.247013
0.010181    -0.323448    0.257129
0.03718    -0.2943    0.253575
0.00507    -0.153549    0.257802
0.00631    -0.160288    0.257639
-0.018264    -0.208085    0.255938
-0.01791    -0.105048    0.255984
-0.018963    -0.247126    0.255846
-0.01817    -0.162742    0.25595
-0.123009    -0.049391    0.207778
-0.217117    -0.027656    0.06307
3.6e-05    0.237875    -0.070717
0.226473    -0.211683    -0.123848
0.230492    -0.31295    -0.114144
0.228927    -0.141962    -0.117922
0.228879    -0.267217    -0.118038
0.199    -0.281067    -0.162108
0.208509    -0.336089    -0.149715
0.189535    -0.296482    -0.174442
0.203664    -0.290446    -0.15603
0.175865    -0.222025    -0.188328
0.182016    -0.274563    -0.183608
0.156291    -0.324052    -0.203348
0.168928    -0.289807    -0.193651
0.113459    -0.164252    -0.230486
0.126264    -0.262357    -0.225182
0.112696    -0.153967    -0.230802
0.105253    -0.268152    -0.233885
0.058372    -0.164898    -0.250764
0.011751    -0.302497    -0.256902
0.064334    -0.097094    -0.249979
0.033744    -0.294078    -0.254006
-0.009788    -0.147073    -0.257033
-0.013382    -0.163131    -0.256559
-0.020285    -0.244703    -0.255651
-0.01662    -0.248213    -0.256133
-0.013364    -0.333682    -0.256562
-0.097296    -0.272445    -0.23678
-0.074335    -0.226834    -0.24629
-0.087239    -0.227865    -0.240945
-0.07574    -0.244414    -0.245708
-0.164546    -0.292115    -0.19627
-0.167553    -0.280622    -0.193963
-0.152165    -0.227001    -0.20577
-0.143055    -0.181684    -0.212761
-0.192542    -0.156407    -0.169262
-0.192379    -0.272964    -0.169475
-0.193892    -0.252912    -0.167502
-0.185397    -0.244912    -0.178574
-0.189252    -0.020228    -0.112082
-0.207549    -0.068583    -0.139407
0.253685    -0.346706    -0.032895
0.168348    -0.357771    0.19122
0.022688    -0.345144    0.254826
-0.066367    -0.217399    0.249604
-0.047251    -0.234521    0.252121
-0.025262    -0.256606    0.255016
-0.016863    -0.309566    0.256122
-0.151789    -0.059565    0.192663
-0.209672    -0.016282    0.05369
-0.035072    0.236462    -0.064884
0.14107    -0.357365    -0.212196
0.00052    -0.362517    -0.255436
-0.123212    -0.342501    -0.225714
-0.221042    -0.183422    -0.13212
-0.207462    -0.242696    -0.149818
-0.21654    -0.250896    -0.137987
-0.223039    -0.118215    -0.129518
-0.191409    -0.017667    -0.102611
-0.227037    -0.076115    -0.111882
0.231856    -0.358479    0.104622
0.14197    -0.351456    0.2125
0.008916    -0.36606    0.253886
-0.101145    -0.18457    0.235207
-0.100023    -0.120006    0.235672
-0.090094    -0.229234    0.239784
-0.067552    -0.245314    0.249121
-0.150673    -0.066317    0.197857
-0.2172    -0.048077    0.099786
-0.233494    -0.03836    0.006633
0.218071    -0.357112    -0.133618
0.124561    -0.34584    -0.225084
-0.010695    -0.362705    -0.253945
-0.181018    -0.364241    -0.179117
-0.22479    -0.133659    -0.125573
-0.226763    -0.117016    -0.120809
-0.228187    -0.122921    -0.117373
-0.224362    -0.229727    -0.126605
-0.200473    -0.029619    -0.107502
0.249156    -0.373169    0.027419
0.202478    -0.372318    0.148211
0.100558    -0.368958    0.23116
-0.060118    -0.353651    0.248651
-0.105402    -0.314871    0.233444
-0.109905    -0.246273    0.231578
-0.102336    -0.267244    0.234713
-0.094759    -0.229592    0.237852
-0.207971    -0.069628    0.139585
-0.236399    -0.050818    0.045439
0.222908    -0.37981    -0.109483
0.153287    -0.374231    -0.197461
0.01808    -0.384249    -0.245363
-0.114774    -0.383368    -0.218444
-0.247155    -0.306044    -0.071579
-0.247523    -0.234053    -0.070691
-0.24309    -0.150803    -0.081393
-0.237532    -0.326651    -0.094812
-0.233782    -0.329523    -0.103865
0.245697    -0.386805    0.010791
0.188533    -0.391586    0.153387
0.068737    -0.36945    0.244122
-0.004316    -0.369875    0.253023
-0.138153    -0.101938    0.216544
-0.154336    -0.202034    0.204127
-0.145206    -0.120513    0.211132
-0.139529    -0.122969    0.215489
-0.187152    -0.080162    0.173853
-0.249474    -0.066926    0.010836
0.197937    -0.390516    -0.141832
0.124303    -0.376743    -0.217843
-0.076398    -0.390168    -0.231317
-0.179766    -0.381602    -0.170264
-0.254264    -0.134236    -0.027695
-0.250934    -0.15054    -0.052986
-0.251298    -0.130138    -0.050222
0.235912    -0.397239    0.037797
0.172479    -0.402552    0.160749
0.099887    -0.401485    0.213323
-0.050126    -0.375823    0.244529
-0.170519    -0.32661    0.191708
-0.16713    -0.337783    0.194309
-0.163954    -0.238372    0.196746
-0.141083    -0.334411    0.214296
-0.192158    -0.088837    0.169784
-0.20337    -0.158384    0.155172
-0.200544    -0.090411    0.158855
-0.21602    -0.158433    0.138687
-0.246576    -0.225922    0.072998
-0.241712    -0.205849    0.084741
-0.24337    -0.216921    0.080738
-0.243807    -0.203056    0.079682
-0.238122    -0.125201    0.093408
-0.254571    -0.093489    0.025381
-0.256036    -0.193526    0.014255
-0.256075    -0.091711    0.013954
-0.255881    -0.108819    0.015435
0.184473    -0.392692    -0.157419
0.098322    -0.399062    -0.215945
-0.023203    -0.398922    -0.235981
-0.203876    -0.380783    -0.139396
-0.25305    -0.226065    -0.03692
-0.255466    -0.118112    -0.018563
-0.251089    -0.312461    -0.051815
-0.257657    -0.090875    -0.001919
0.232394    -0.406938    0.007985
0.187854    -0.403629    0.139365
0.077208    -0.410568    0.215238
-0.014847    -0.407038    0.230875
-0.189887    -0.149415    0.172743
-0.207797    -0.271973    0.149403
-0.215259    -0.302319    0.139678
-0.210875    -0.330775    0.145392
-0.193655    -0.276089    0.167833
-0.234488    -0.274371    0.102181
-0.223614    -0.109721    0.128433
-0.225997    -0.25136    0.122679
-0.228527    -0.156367    0.116572
-0.252845    -0.270922    0.038493
-0.25131    -0.174744    0.050154
-0.250713    -0.244632    0.054686
-0.257617    -0.319201    0.002245
0.187959    -0.408741    -0.132818
0.029066    -0.410379    -0.226545
-0.092644    -0.405064    -0.212954
-0.217616    -0.374948    -0.125139
-0.25729    -0.224702    -0.004703
0.220165    -0.417221    0.024741
0.214727    -0.420922    -0.029384
0.005922    -0.415311    0.224721
-0.117921    -0.383684    0.217021
-0.202492    -0.346732    0.154906
0.199957    -0.420769    -0.084018
0.143153    -0.424259    -0.157655
-0.05007    -0.414204    -0.220201
-0.199737    -0.401566    -0.125174
0.206046    -0.427648    0.028772
0.205801    -0.425856    -0.048343
0.034726    -0.426051    0.206931
-0.051789    -0.422349    0.209382
-0.195154    -0.360135    0.161597
-0.255202    -0.347005    0.013743
0.170419    -0.424751    -0.125624
0.072143    -0.426737    -0.196239
-0.079858    -0.426842    -0.192496
-0.213628    -0.402117    -0.096206
0.196515    -0.432542    0.02846
0.157294    -0.437878    0.100035
0.067701    -0.431171    0.190105
-0.085318    -0.42914    0.187041
-0.179415    -0.383273    0.169616
-0.245255    -0.368435    0.064591
0.177364    -0.429926    -0.105119
0.081746    -0.429791    -0.187842
-0.086837    -0.431708    -0.180365
-0.219312    -0.401849    -0.083016
0.196338    -0.431864    0.042233
0.195328    -0.431739    -0.052171
0.037709    -0.433698    0.192095
-0.106623    -0.417398    0.194639
-0.191966    -0.388339    0.149841
-0.246097    -0.381776    0.016221
0.067995    -0.437337    -0.173988
-0.081461    -0.437799    -0.166813
-0.16705    -0.437768    -0.080412
-0.23182    -0.403759    -0.0235
0.140356    -0.442109    0.087619
0.086043    -0.44099    0.151531
-0.138879    -0.427965    0.154177
-0.162306    -0.403191    0.169818
-0.238445    -0.396424    0.015956
0.099275    -0.440087    -0.150473
-0.040782    -0.442491    -0.157373
-0.136719    -0.442246    -0.089377
-0.227372    -0.408209    0.031362
0.157685    -0.443061    0.009781
0.083661    -0.442279    0.141667
-0.065743    -0.442742    0.145258
-0.128692    -0.433268    0.148356
-0.227718    -0.398956    0.068494
0.046947    -0.443033    -0.151045
-0.097681    -0.441455    -0.137963
-0.161052    -0.442142    -0.029845
-0.216274    -0.420617    0.013322
0.111796    -0.443515    -0.065639
0.12928    -0.443515    0.059217
0.083019    -0.443515    0.111065
0.078787    -0.443515    -0.127757
0.044645    -0.443515    0.089053
0.053793    -0.443515    0.059848
0.009398    -0.443515    -0.049108
0.032295    -0.443515    0.106158
0.024134    -0.443515    0.138926
-0.032462    -0.443515    0.059564
-0.039367    -0.443515    -0.047525
-0.020471    -0.443515    0.040505
-0.05057    -0.443515    0.109779
-0.062821    -0.443515    0.123487
-0.065694    -0.443515    -0.028207
-0.096669    -0.443515    0.094285
-0.160858    -0.414976    0.157593
-0.189609    -0.41518    0.11969
0.125781    -0.443515    -0.018369
0.109731    -0.443515    0.006031
0.108129    -0.443515    -0.050719
0.064641    -0.443515    0.006309
0.072303    -0.443515    0.054698
0.038193    -0.443515    0.091628
0.033771    -0.443515    0.042379
0.029107    -0.443515    -0.106602
-0.021933    -0.443515    -0.127981
-0.007492    -0.443515    0.07573
-0.016365    -0.443515    -0.010037
-0.052985    -0.443515    -0.0655
-0.063697    -0.443515    -0.035262
-0.050624    -0.443515    -0.120211
-0.096872    -0.443515    -0.053318
-0.078763    -0.443515    -0.00118
-0.110251    -0.443515    -0.102
-0.134206    -0.443515    -0.01227
-0.176065    -0.440349    0.019274
-0.135584    -0.442424    0.088683
-0.127901    -0.443515    0.034565
-0.189131    -0.434594    0.039556
-0.18098    -0.433163    0.075606
