0.00689    0.518454    0.003397
-0.001003    0.514209    0.049924
0.005347    0.516217    0.088534
0.014007    0.521216    0.007217
-0.008895    0.526937    -0.008624
0.001179    0.526905    0.024307
-0.008431    0.517958    -0.013091
0.006119    0.518485    0.045966
0.00578    0.52362    0.064651
0.038978    0.181206    -0.019387
0.041508    0.150106    -0.027301
0.037233    0.202467    -0.014103
0.022146    0.183629    -0.037208
0.037124    0.206215    -0.013064
0.031255    0.15532    -0.037136
0.043303    0.155475    -0.000782
0.052427    -0.047314    -0.000782
0.064436    -0.286812    -0.000782
0.048614    0.128388    -0.000782
0.06504    -0.250859    -0.000782
0.063455    -0.040595    -0.000782
0.054671    0.121271    -0.013301
0.029696    0.143751    -0.041393
0.026875    0.298424    -0.022665
0.015423    0.270161    -0.031601
0.058313    -0.213057    -0.000782
0.06959    -0.200368    -0.000782
0.066764    0.063555    -0.000782
0.068428    -0.076954    -0.000782
0.061141    0.07664    -0.033675
0.019311    0.163986    -0.042457
0.029152    0.33493    -0.019737
0.017443    0.324282    -0.030776
0.050324    -0.061935    -0.000782
0.071585    -0.186267    -0.000782
0.073401    -0.18164    -0.000782
0.069101    0.074263    -0.010957
0.033726    0.105046    -0.050766
0.004709    0.268921    -0.034723
0.016266    0.352921    -0.029606
0.052802    -0.125168    -0.000782
0.051203    -0.194781    -0.000782
0.020951    0.227752    -0.000782
0.0407    -0.106085    -0.000782
0.032136    0.201931    -0.000782
0.046855    -0.091988    -0.000782
0.035728    0.044558    -0.000782
0.034652    0.102574    -0.000782
0.046069    -0.120755    -0.000782
0.032434    0.075622    -0.000782
0.034488    0.016618    -0.000782
0.033464    0.311064    -0.010904
0.074112    -0.119964    -0.000782
0.077437    -0.067297    -0.000782
0.074103    -0.063053    -0.000782
0.06382    0.058767    -0.039624
0.010462    0.16196    -0.046029
0.000156    0.335576    -0.011996
0.000156    0.306249    -0.020355
0.000156    0.337196    -0.03287
0.004124    -0.045543    -0.000782
0.002545    -0.28023    -0.000782
0.023503    -0.141095    -0.000782
0.029737    -0.085285    -0.000782
0.015903    0.063647    -0.000782
0.006971    0.264351    -0.000782
0.050754    -0.34392    -0.000782
0.006598    -0.017442    -0.000782
0.019626    -0.145993    -0.000782
0.030125    -0.322652    -0.000782
0.038037    -0.250621    -0.000782
0.042294    -0.282589    -0.000782
0.022836    -0.215195    -0.000782
0.05971    -0.333032    -0.000782
0.035077    -0.311122    -0.000782
0.013297    0.058056    -0.000782
0.008514    -0.123355    -0.000782
0.020862    -0.033562    -0.000782
0.006003    0.056653    -0.000782
0.011646    0.107389    -0.000782
0.008229    0.166055    -0.000782
0.002666    0.034229    -0.000782
0.002959    0.284671    -0.000782
0.010819    0.067117    -0.000782
0.012917    0.132987    -0.000782
0.013745    -0.428971    -0.000782
0.019396    -0.334636    -0.000782
0.020615    -0.001306    -0.000782
0.021477    -0.327892    -0.000782
0.046113    -0.345214    -0.000782
0.032198    -0.047904    -0.000782
0.027175    0.332357    -0.000782
0.016835    0.346115    -0.000782
0.034233    0.27031    -0.007686
0.048557    -0.432026    -0.000994
0.077421    -0.252084    -0.000782
0.079185    0.042125    -0.004217
0.043422    0.072622    -0.056066
0.032035    0.352921    -0.004125
0.000156    0.335826    -0.001946
0.000156    -0.397161    -0.056801
0.000156    -0.261747    -0.059843
0.000156    -0.213974    -0.003291
0.000156    -0.18128    -0.00868
0.000156    -0.035895    -0.022437
0.000156    -0.011922    -0.005536
0.000156    0.017387    -0.022905
0.000156    -0.255166    -0.051595
0.000156    -0.004882    -0.010399
0.000156    0.010617    -0.006731
0.000156    -0.051619    -0.011588
0.000156    -0.039796    -0.030868
0.000156    0.04557    -0.030655
0.000156    -0.063783    -0.029589
0.000156    -0.193974    -0.054462
0.000156    -0.01333    -0.018865
0.000156    -0.224854    -0.030781
0.000156    -0.352332    -0.052583
0.000156    -0.231194    -0.047168
0.000156    -0.125602    -0.030095
0.000156    -0.055407    -0.005974
0.000156    0.023805    -0.027637
0.000156    0.10445    -0.00249
0.000156    -0.2022    -0.011829
0.000156    -0.404977    -0.007306
0.000156    0.017771    -0.001046
0.000156    -0.389934    -0.022669
0.000156    -0.412876    -0.013341
0.000156    -0.274705    -0.041477
0.000156    -0.392394    -0.074364
0.000156    0.220014    -0.003759
0.000156    -0.27452    -0.054437
0.000156    -0.093038    -0.030866
0.061929    -0.432026    -0.024218
0.077137    -0.376324    -0.018769
0.080811    -0.219246    -0.000782
0.081594    -0.232092    -0.000782
0.075909    0.008611    -0.044416
0.037537    0.064915    -0.0634
0.000156    0.227177    -0.030959
0.000156    -0.427407    -0.018073
0.000156    -0.323299    -0.074868
0.000156    -0.045779    -0.041846
0.000156    -0.145762    -0.053403
0.000156    -0.227488    -0.062764
0.055927    -0.432026    -0.038025
0.083836    -0.332142    -0.018794
0.088471    -0.193362    -0.000782
0.087593    -0.041153    -0.000782
0.078938    0.007757    -0.037619
0.02823    0.042395    -0.074359
0.005407    0.11751    -0.05728
0.000156    0.071138    -0.063694
0.000156    0.049533    -0.073191
0.004843    -0.432026    -0.041088
0.000156    -0.059771    -0.050521
0.000156    -0.229707    -0.076809
0.000156    -0.001364    -0.041097
0.000156    -0.090974    -0.058476
0.000156    0.022065    -0.042988
0.000156    -0.032301    -0.047026
0.000156    -0.206071    -0.068217
0.037665    -0.432026    -0.042602
0.088796    -0.313299    -0.002274
0.084662    -0.320618    -0.024211
0.092921    -0.022331    -0.000782
0.091629    -0.016221    -0.004168
0.051216    0.012027    -0.069867
0.030273    0.027436    -0.077428
0.000156    0.023716    -0.073375
0.000156    0.143827    -0.046244
0.022135    -0.024533    -0.091753
0.013168    -0.432026    -0.023934
0.000156    -0.175489    -0.075211
0.000156    -0.228814    -0.085572
0.000156    0.071631    -0.04129
0.018962    -0.392047    -0.074567
0.067793    -0.372903    -0.042815
0.071807    -0.358572    -0.04064
0.092847    -0.176992    -0.000782
0.084664    -0.011008    -0.032621
0.057826    -0.000107    -0.067919
0.013599    0.06618    -0.071713
0.000156    0.184168    -0.035909
0.000156    -0.114834    -0.097983
0.017995    -0.084323    -0.096069
0.007835    -0.022166    -0.093253
0.000156    0.267384    -0.013832
0.000156    0.135488    -0.03546
0.000156    -0.176663    -0.083264
0.018009    -0.320798    -0.086544
0.024707    -0.385792    -0.073781
0.057151    -0.385484    -0.053044
0.06324    -0.33701    -0.057731
0.070723    -0.349451    -0.044892
0.093713    -0.208693    -0.000782
0.086212    -0.039528    -0.039688
0.056995    -0.022826    -0.073917
0.009824    0.007123    -0.087265
0.000156    -0.107245    -0.087579
0.000156    -0.063337    -0.081357
0.010713    -0.129427    -0.099075
0.040793    -0.064111    -0.088116
0.000156    -0.184049    -0.092371
0.000156    0.077418    -0.045515
0.000156    0.121824    -0.039875
0.024658    -0.345381    -0.081105
0.025774    -0.371896    -0.076172
0.053409    -0.354222    -0.063501
0.084881    -0.280431    -0.036933
0.09334    -0.037945    -0.014823
0.070758    -0.048165    -0.065446
0.000156    0.107247    -0.045878
0.000156    -0.180854    -0.098157
0.001463    -0.177716    -0.100302
0.046289    -0.090459    -0.086849
0.041651    -0.038978    -0.085748
0.006444    -0.243852    -0.096699
0.037389    -0.316986    -0.080486
0.04353    -0.360001    -0.069999
0.094384    -0.260836    -0.004508
0.079447    -0.290632    -0.046979
0.096519    -0.057888    -0.007469
0.076874    -0.063827    -0.059214
0.023939    -0.182625    -0.097269
0.027462    -0.124487    -0.096412
0.004797    -0.217916    -0.098522
0.041211    -0.297113    -0.081779
0.094239    -0.230734    -0.023385
0.073152    -0.27059    -0.0588
0.097434    -0.21862    -0.004652
0.093206    -0.070493    -0.028976
0.01063    -0.201245    -0.098445
0.064166    -0.093432    -0.074436
0.027931    -0.235615    -0.093592
0.048142    -0.261812    -0.082655
0.072606    -0.244388    -0.063346
0.097239    -0.20659    -0.010469
0.090758    -0.088737    -0.036366
0.030188    -0.202837    -0.094514
0.064586    -0.12249    -0.075705
0.034515    -0.206197    -0.092599
0.092097    -0.218728    -0.032307
0.09822    -0.191656    -0.006508
0.098473    -0.11478    -0.006242
0.083395    -0.117408    -0.054009
0.070061    -0.11944    -0.071448
0.068692    -0.190776    -0.072098
0.096644    -0.173606    -0.022785
0.096523    -0.11819    -0.02198
0.085957    -0.121636    -0.05083
0.075659    -0.141593    -0.064955
0.093444    -0.177408    -0.032863
0.097419    -0.147297    -0.022034
0.082133    -0.173785    -0.055929
0.086793    -0.155571    -0.050432
0.024201    0.204693    0.029821
0.030065    0.191058    0.027536
0.013042    0.138434    0.049355
0.023839    0.230468    0.025848
0.010692    0.132475    0.05092
0.034407    0.214087    0.01406
0.000156    0.190168    0.040941
0.000156    0.130661    0.046648
0.000156    -0.297542    0.062865
0.000156    -0.2016    0.060456
0.000156    -0.200519    0.063837
0.000156    0.101313    0.057077
0.008628    0.11455    0.056109
0.040766    0.184847    0.010823
0.028427    0.294795    0.018877
0.031846    0.285603    0.012352
0.000156    0.155395    0.039581
0.000156    0.006795    0.065122
0.000156    -0.173628    0.066659
0.000156    0.073695    0.068223
0.03943    0.095969    0.048261
0.035899    0.223063    0.00318
0.02542    0.279561    0.022848
0.03387    0.309804    0.005524
0.01635    0.250144    0.029977
0.000156    -0.362384    0.069908
0.000156    -0.371855    0.073902
0.021765    0.079478    0.063906
0.049225    0.138021    0.015067
0.033767    0.255991    0.006317
0.000156    0.118996    0.029524
0.000156    -0.310502    0.058595
0.000156    0.117866    0.037762
0.000156    -0.321713    0.058535
0.000156    0.201028    0.034431
0.000156    -0.216674    0.05154
0.000156    0.206244    0.019593
0.000156    -0.203026    0.049135
0.000156    0.084357    0.028067
0.000156    -0.033959    0.035991
0.000156    0.086335    0.027384
0.000156    0.17828    0.033668
0.009816    0.26257    0.03272
0.000156    -0.021435    0.078333
0.000156    -0.155514    0.073102
0.007481    0.059193    0.072929
0.050084    0.088021    0.041464
0.035322    0.228605    -0.000782
0.033113    0.27499    -0.000782
0.020946    0.297587    -0.000782
0.000156    -0.238066    0.034294
0.000156    -0.162193    0.037148
0.000156    -0.128878    0.003392
0.000156    -0.232959    0.004833
0.000156    0.171187    0.006285
0.000156    -0.420064    0.011648
0.000156    -0.314493    0.035589
0.000156    -0.029956    0.02862
0.000156    -0.185278    0.015566
0.000156    -0.288834    0.038454
0.000156    -0.361295    0.023977
0.000156    -0.255962    0.017125
0.000156    -0.301303    0.038275
0.000156    -0.003993    0.006117
0.000156    0.154399    0.009544
0.000156    -0.23541    0.033917
0.000156    -0.408394    0.048565
0.000156    -0.266295    0.043426
0.000156    0.111959    0.001954
0.000156    -0.311152    0.002284
0.000156    -0.233974    0.035547
0.000156    -0.239387    0.005543
0.000156    -0.215771    0.008175
0.000156    0.22996    0.004557
0.000156    0.056805    5e-05
0.000156    -0.423318    0.055518
0.000156    0.247371    0.007145
0.000156    -0.336542    0.022471
0.000156    -0.342089    0.028664
0.000156    -0.102918    0.017027
0.000156    -0.425668    0.028277
0.000156    -0.288811    0.005205
0.000156    0.294273    0.033401
0.000156    0.274817    0.025377
0.003575    0.260739    0.033759
0.015061    -0.417759    0.068786
0.000156    -0.356013    0.077712
0.033348    0.047583    0.069113
0.052697    0.116513    0.021247
0.036724    -0.381081    -0.000782
0.036199    -0.246711    -0.000782
0.014935    -0.100147    -0.000782
0.038978    -0.126498    -0.000782
0.049063    -0.237328    -0.000782
0.015848    -0.221598    -0.000782
0.026374    -0.316471    -0.000782
0.029375    -0.067095    -0.000782
0.045026    -0.132316    -0.000782
0.023869    -0.322816    -0.000782
0.021206    0.098033    -0.000782
0.023471    -0.333425    -0.000782
0.031325    -0.059371    -0.000782
0.033461    -0.160209    -0.000782
0.03005    -0.328742    -0.000782
0.022814    -0.030904    -0.000782
0.057353    -0.225813    -0.000782
0.018709    0.118073    -0.000782
0.026002    -0.21855    -0.000782
0.038934    -0.201117    -0.000782
0.011345    -0.037977    -0.000782
0.072134    -0.394082    -0.000782
0.007515    -0.411303    -0.000782
0.00344    -0.021156    -0.000782
0.007458    0.00927    -0.000782
0.042192    -0.086163    -0.000782
0.014138    0.036687    -0.000782
0.038382    -0.23327    -0.000782
0.007101    -0.006594    -0.000782
0.003834    -0.114578    -0.000782
0.013343    -0.407144    -0.000782
0.008419    -0.126204    -0.000782
0.004949    -0.002903    -0.000782
0.02428    0.057391    -0.000782
0.006878    0.339542    0.033319
0.019244    -0.432026    0.036175
0.000358    -0.37855    0.078166
0.000156    0.007579    0.083543
0.000156    -0.160979    0.082761
0.044514    0.012854    0.073209
0.059433    0.100071    0.016862
0.007061    -0.430367    -0.000782
0.067467    -0.427931    -0.000782
0.059226    -0.196788    -0.000782
0.072624    -0.353786    -0.000782
0.071458    -0.289032    -0.000782
0.039628    -0.020151    -0.000782
0.029793    -0.400746    0.067577
0.010679    -0.35577    0.080372
0.000156    -0.23617    0.087875
0.000156    -0.288767    0.081734
0.059795    0.007691    0.062982
0.068105    0.049396    0.035774
0.058335    0.106716    -0.000782
0.096663    -0.068078    -0.000782
0.068587    -0.427976    0.005222
0.02941    0.1253    -0.000782
0.059176    -0.143602    -0.000782
0.084821    -0.335105    -0.000782
0.007306    0.2932    -0.000782
0.035712    0.086289    -0.000782
0.072845    -0.186662    -0.000782
0.044611    0.010442    -0.000782
0.07528    -0.390117    0.01067
0.04171    -0.427174    0.054126
0.002821    -0.308232    0.088455
0.025365    -0.352005    0.077972
0.000156    -0.060484    0.08833
0.041997    -0.008201    0.079048
0.068086    0.015132    0.050606
0.065848    0.065651    0.029363
0.022679    0.248749    -0.000782
0.096395    -0.066436    0.005543
0.073638    -0.401074    0.007004
0.084176    -0.212479    -0.000782
0.057122    -0.033457    -0.000782
0.080201    -0.184687    -0.000782
0.086517    -0.328465    0.003615
0.075908    -0.382523    0.017011
0.03999    -0.386652    0.065522
0.03812    -0.337383    0.075043
0.007108    -0.023321    0.091491
0.05359    -0.023286    0.07489
0.087477    -0.014222    0.026489
0.067646    0.082598    0.0002
0.052976    0.093713    -0.000782
0.09388    -0.101161    -0.000782
0.094143    -0.072604    0.024192
0.089567    -0.004881    0.004456
0.066075    -0.058852    -0.000782
0.054377    0.007932    -0.000782
0.084145    -0.192475    -0.000782
0.08957    -0.310281    0.001714
0.064172    -0.41438    0.03107
0.05982    -0.338963    0.059854
0.015589    -0.282406    0.089801
0.042713    -0.35768    0.069429
0.000156    -0.056872    0.093189
0.051178    -0.028903    0.077581
0.084799    -0.019595    0.035598
0.081812    0.032666    0.000536
0.083277    -0.069237    -0.000782
0.013311    0.285138    -0.000782
0.097034    -0.116543    0.019757
0.091341    -0.032505    0.024139
0.093215    -0.220296    -0.000782
0.027569    0.18572    -0.000782
0.094174    -0.262146    0.007442
0.073301    -0.363905    0.033665
0.057052    -0.39666    0.048161
0.065192    -0.343281    0.052156
0.051874    -0.297642    0.073292
0.013151    -0.04209    0.093049
0.066152    -0.026816    0.06585
0.07529    -0.062529    -0.000782
0.091519    -0.159841    -0.000782
0.098543    -0.168211    0.00917
0.093498    -0.104715    0.029943
0.096055    -0.230026    0.012126
0.086406    -0.288062    0.030344
0.084026    -0.316593    0.026602
0.06726    -0.325    0.053983
0.030917    -0.260574    0.088212
0.076658    -0.304589    0.046734
0.03326    -0.061588    0.089926
0.07948    -0.052944    0.053212
0.097327    -0.177951    0.018275
0.086218    -0.111191    0.04843
0.09575    -0.214223    0.021786
0.082564    -0.286442    0.04005
0.029746    -0.245892    0.090101
0.070248    -0.276338    0.06031
0.019468    -0.070146    0.094294
0.05993    -0.085343    0.075742
0.091591    -0.16352    0.036803
0.075713    -0.092598    0.060663
0.086534    -0.212541    0.046101
0.078885    -0.246489    0.053508
0.072543    -0.266965    0.05875
0.00246    -0.096332    0.097365
0.051712    -0.101359    0.082891
0.090111    -0.168898    0.040287
0.076015    -0.101751    0.061051
0.079706    -0.22272    0.054947
0.04861    -0.235327    0.083092
0.002041    -0.183358    0.098041
0.018083    -0.117531    0.095992
0.065816    -0.111834    0.072654
0.075401    -0.184229    0.062994
0.051304    -0.229461    0.081551
0.046751    -0.204571    0.085632
0.039577    -0.130945    0.089724
0.071721    -0.164555    0.068299
0.060477    -0.209325    0.075982
0.028254    -0.170757    0.094349
0.017533    -0.137272    0.096684
0.059327    -0.173009    0.078141
0.035297    -0.160478    0.091758
-0.042066    0.175677    0.012358
-0.025211    0.21118    0.027519
-0.044407    0.151158    0.019109
-0.03991    0.19621    0.003491
-0.048555    0.112318    0.031201
-0.024694    0.239413    0.023879
-0.053878    -0.060102    -0.000782
-0.048394    0.115046    -0.000782
-0.056591    -0.017531    -0.000782
-0.064396    -0.221307    -0.000782
-0.062799    -0.186078    -0.000782
-0.060201    -0.09762    -0.000782
-0.054769    0.105236    0.023515
-0.011352    0.200518    0.03692
-0.020277    0.296092    0.026902
-0.043263    0.116151    -0.000782
-0.038788    0.206247    0.001582
-0.068435    -0.274754    -0.000782
-0.063084    0.06556    -0.000782
-0.067666    0.014679    -0.000782
-0.057679    0.079283    0.035703
-0.02761    0.345019    0.019754
-0.021911    0.33358    0.025665
-0.008581    0.331842    0.032616
-0.030173    0.295766    0.016436
-0.070408    -0.290613    -0.000782
-0.070908    -0.175141    -0.000782
-0.058601    0.070427    0.039101
-0.01069    0.166929    0.043389
-0.018289    0.352921    0.016811
-0.037753    -0.021556    -0.000782
-0.042054    0.078114    -0.000782
-0.047298    -0.181968    -0.000782
-0.061793    -0.322528    -0.000782
-0.024635    0.232365    -0.000782
-0.010897    0.301511    -0.000782
-0.035687    0.190312    -0.000782
-0.027414    0.207304    -0.000782
-0.039547    -0.097566    -0.000782
-0.031833    0.179939    -0.000782
-0.0394    0.074108    -0.000782
-0.056464    -0.247733    -0.000782
-0.070716    -0.420351    -2.6e-05
-0.076398    -0.267182    -0.000782
-0.07311    -0.089331    -0.000782
-0.065606    0.056367    0.035978
-0.026046    0.111609    0.051475
0.000156    0.219287    0.034616
0.000156    0.342601    0.032885
0.000156    0.352764    0.026168
-0.012332    -0.377592    -0.000782
-0.016415    -0.069142    -0.000782
-0.05274    -0.368523    -0.000782
-0.049395    -0.31884    -0.000782
-0.05732    -0.419165    -0.000782
-0.038686    -0.320944    -0.000782
-0.034223    -0.371339    -0.000782
-0.002291    0.014394    -0.000782
-0.026068    -0.190331    -0.000782
-0.058791    -0.32374    -0.000782
-0.026784    -0.212407    -0.000782
-0.005539    -0.120941    -0.000782
-0.059962    -0.399676    -0.000782
-0.00773    0.223019    -0.000782
-0.008951    -0.206883    -0.000782
-0.023353    -0.140008    -0.000782
-0.033996    -0.324271    -0.000782
-0.001231    0.092684    -0.000782
-0.00714    0.091899    -0.000782
-0.017611    0.014035    -0.000782
-0.034164    -0.229328    -0.000782
-0.031415    -0.260623    -0.000782
-0.009308    0.130456    -0.000782
-0.020637    -0.157155    -0.000782
-0.020551    -0.225832    -0.000782
-0.028939    -0.270832    -0.000782
-0.003026    -0.167885    -0.000782
-0.00733    -0.058018    -0.000782
-0.058358    -0.342535    -0.000782
-0.028334    -0.212236    -0.000782
-0.01437    -0.037804    -0.000782
-0.024179    0.325133    -0.000782
-0.0213    0.296277    -0.000782
-0.030059    0.347953    -0.000782
-0.053695    -0.432026    2.6e-05
-0.076787    -0.259144    -0.000782
-0.077766    -0.341461    -0.000782
-0.056767    0.059404    0.046552
-0.002383    0.133275    0.051757
0.000156    0.055386    0.021677
0.000156    -0.399951    0.062471
0.000156    0.037184    0.010819
0.000156    -0.263819    0.053599
0.000156    0.241976    0.007061
0.000156    0.260291    0.003939
0.000156    -0.302048    0.019134
0.000156    -0.372663    0.025112
0.000156    0.161055    0.00276
0.000156    0.116527    0.020156
0.000156    0.123878    0.015625
0.000156    -0.087913    0.003941
0.000156    -0.378375    0.060481
0.000156    -0.102471    0.032874
0.000156    -0.304652    0.064193
0.000156    -0.20365    0.032343
0.000156    -0.26045    0.016299
0.000156    -0.201228    0.029363
0.000156    -0.315532    0.037397
0.000156    -0.214048    0.02863
0.000156    -0.15206    0.030958
0.000156    0.18596    0.01272
0.000156    -0.422888    0.001879
0.000156    -0.117905    0.026115
0.000156    0.152598    0.017837
0.000156    -0.027999    0.036265
0.000156    -0.362246    0.057592
0.000156    -0.214976    0.015471
0.000156    -0.008392    0.025697
0.000156    -0.273274    0.014819
0.000156    -0.310175    0.016222
0.000156    -0.233764    0.028417
0.000156    -0.178728    0.02967
0.000156    -0.396192    0.068711
-0.034587    0.335936    0.001127
-0.072145    -0.401683    0.018908
-0.076987    -0.381109    0.009885
-0.080551    -0.062085    -0.000782
-0.084886    0.018606    -0.000279
-0.040582    0.040558    0.06783
-0.026335    0.099902    0.054888
0.000156    -0.430487    0.043347
0.000156    -0.377262    0.076116
0.000156    -0.168336    0.051316
0.000156    -0.241832    0.05815
0.000156    -0.035677    0.040916
-0.043304    -0.432026    0.031727
-0.067982    -0.399759    0.029829
-0.088816    -0.215459    -0.000782
-0.084591    -0.317286    -0.000782
-0.083085    0.015977    0.018049
-0.071843    0.009936    0.047278
-0.030226    0.077775    0.06085
0.000156    0.090672    0.060487
0.000156    0.083974    0.059989
-0.006857    -0.432026    0.032016
0.000156    -0.261949    0.079889
0.000156    -0.193768    0.062282
0.000156    -0.159361    0.065192
0.000156    -0.022913    0.046978
0.000156    -0.260047    0.067684
0.000156    -0.311986    0.088685
0.000156    -0.292748    0.084321
-0.034255    -0.432026    0.056922
-0.052952    -0.425171    0.043806
-0.081787    -0.355866    0.003627
-0.083583    -0.324956    0.022826
-0.092153    -0.047643    -0.000782
-0.072135    0.002065    0.049441
-0.039476    0.010849    0.076063
-0.007563    0.09249    0.062666
0.000156    0.072272    0.059459
-0.001547    -0.071138    0.096209
-0.005549    -0.432026    0.01893
0.000156    -0.172424    0.073912
0.000156    -0.081092    0.063718
0.000156    -0.296174    0.08895
-0.008978    -0.347142    0.082076
-0.040032    -0.422857    0.056217
-0.088555    -0.295886    0.017159
-0.078445    -0.333993    0.031762
-0.090658    -0.021783    0.015214
-0.076367    -0.016834    0.049578
-0.009596    0.031368    0.080066
0.000156    0.007462    0.086086
0.000156    0.166879    0.037127
-0.004268    -0.095228    0.09688
-0.000559    -0.054869    0.095808
-0.024389    -0.422861    0.064433
0.000156    0.048955    0.048171
0.000156    0.167586    0.029195
-0.001151    -0.302216    0.089867
-0.017627    -0.349046    0.08064
-0.040121    -0.401397    0.061605
-0.065585    -0.368348    0.044994
-0.080151    -0.300849    0.040002
-0.0725    -0.315987    0.048802
-0.091888    -0.030654    0.015078
-0.081186    -0.035565    0.04758
-0.040539    -0.013982    0.080903
-0.008202    0.044839    0.076827
0.000156    0.178374    0.033448
0.000156    -0.155528    0.095187
-0.016059    -0.107529    0.096106
-0.02767    -0.03898    0.089857
0.000156    -0.108655    0.079342
0.000156    -0.115604    0.07681
-0.004385    -0.280569    0.09193
-0.028038    -0.326752    0.081079
-0.060779    -0.326763    0.06124
-0.09133    -0.270419    0.017342
-0.071616    -0.30609    0.05237
-0.085043    -0.052177    0.044095
-0.051142    -0.04586    0.079684
0.000156    -0.125852    0.087846
0.000156    0.180258    0.029697
-0.01514    -0.139837    0.096894
-0.031416    -0.082773    0.090912
-0.007685    -0.223034    0.096218
-0.040147    -0.277603    0.082938
-0.05178    -0.372304    0.059391
-0.043313    -0.348364    0.07058
-0.086969    -0.268552    0.032659
-0.057489    -0.290305    0.069959
-0.089048    -0.056253    0.035508
-0.0518    -0.053612    0.080187
-0.002381    -0.178051    0.098576
-0.048721    -0.067236    0.083221
-0.028454    -0.261971    0.089383
-0.040586    -0.256095    0.084897
-0.088614    -0.25281    0.032328
-0.049137    -0.29672    0.07548
-0.096222    -0.077909    0.010518
-0.070605    -0.08415    0.066408
-0.045004    -0.131589    0.08746
-0.06069    -0.071504    0.074244
-0.041651    -0.228822    0.086633
-0.094178    -0.214929    0.02554
-0.053405    -0.266989    0.07621
-0.098838    -0.115499    -0.0003
-0.081593    -0.091649    0.052616
-0.040244    -0.169514    0.089448
-0.040991    -0.199679    0.088428
-0.065232    -0.237499    0.070178
-0.076553    -0.232005    0.057479
-0.089538    -0.202552    0.038015
-0.092    -0.109749    0.033018
-0.054849    -0.159504    0.081661
-0.055621    -0.182873    0.080687
-0.080813    -0.236777    0.051418
-0.091427    -0.189737    0.034462
-0.091893    -0.130043    0.034833
-0.069485    -0.174434    0.070181
-0.097214    -0.154476    0.018958
-0.080876    -0.192522    0.054802
-0.087403    -0.149186    0.047035
-0.081081    -0.165558    0.055609
-0.021568    0.164744    -0.041601
-0.020724    0.158484    -0.043322
-0.009095    0.19246    -0.040887
-0.034054    0.148962    -0.036504
-0.009581    0.162625    -0.04643
-0.034958    0.154352    -0.033853
0.000156    0.045191    -0.049787
0.000156    0.032237    -0.051184
0.000156    0.040102    -0.053094
0.000156    -0.164486    -0.06181
0.000156    0.040108    -0.056274
0.000156    0.117651    -0.056158
0.000156    -0.151081    -0.062086
-0.035531    0.111586    -0.046902
-0.019812    0.243089    -0.02899
-0.033    0.313018    -0.010328
0.000156    0.1052    -0.044042
0.000156    0.007408    -0.069738
0.000156    0.019009    -0.069686
0.000156    -0.245045    -0.068694
-0.005339    0.081855    -0.067921
-0.045124    0.137849    -0.025884
-0.018105    0.26083    -0.030318
-0.030068    0.284246    -0.017503
-0.034011    0.320222    -0.003598
0.000156    -0.190713    -0.070992
0.000156    -0.112918    -0.072809
-0.010983    0.08672    -0.065627
-0.047533    0.122736    -0.029441
-0.034281    0.229136    -0.009092
-0.027002    0.352921    -0.02167
0.000156    0.211179    -0.029125
0.000156    -0.113505    -0.049849
0.000156    -0.136845    -0.053822
0.000156    0.103958    -0.040059
0.000156    0.133058    -0.040816
0.000156    -0.24519    -0.059384
0.000156    0.286154    -0.013623
0.000156    0.100933    -0.042653
0.000156    -0.249888    -0.054881
0.000156    0.244969    -0.025095
0.000156    -0.062351    -0.045368
-0.000729    0.229385    -0.036923
0.000156    -0.24929    -0.075321
0.000156    -0.001434    -0.076069
0.000156    -0.145029    -0.076575
-0.03267    0.070155    -0.064007
-0.045421    0.163365    -0.00619
-0.029488    0.328844    -0.000782
-0.028785    0.321253    -0.000782
-0.014481    0.330219    -0.000782
0.000156    -0.315248    -0.037713
0.000156    -0.081587    -0.030119
0.000156    -0.400114    -0.044407
0.000156    -0.327121    -0.028196
0.000156    0.075351    -0.020168
0.000156    0.230094    -0.00707
0.000156    -0.287824    -0.04974
0.000156    -0.101489    -0.034736
0.000156    -0.405519    -0.021755
0.000156    0.068781    -0.00712
0.000156    -0.415349    -0.050467
0.000156    -0.140076    -0.04338
0.000156    0.1732    -0.008882
0.000156    -0.375972    -0.056302
0.000156    -0.114555    -0.021293
0.000156    -0.142122    -0.024055
0.000156    -0.22491    -0.02095
0.000156    -0.103338    -0.023395
0.000156    -0.333993    -0.008572
0.000156    0.163377    -0.011735
0.000156    -0.097551    -0.012756
0.000156    -0.246738    -0.023851
0.000156    -0.236384    -0.036479
0.000156    -0.302514    -0.036301
0.000156    -0.369577    -0.01476
0.000156    -0.303937    -0.051396
0.000156    -0.41809    -0.008515
0.000156    -0.105528    -0.009894
0.000156    0.038076    -0.013794
0.000156    0.279544    -0.007055
0.000156    0.030558    -0.00992
0.000156    0.251737    -0.035434
0.000156    0.337087    -0.022764
-0.00579    0.289443    -0.034986
-0.010077    -0.432026    -0.050271
0.000156    -0.334706    -0.079704
-0.020093    0.039731    -0.078271
-0.053511    0.051898    -0.055486
-0.029265    0.232019    -0.000782
-0.029762    -0.02976    -0.000782
-0.010594    -0.416299    -0.000782
-0.03704    -0.14362    -0.000782
-0.027121    -0.152739    -0.000782
-0.003784    0.192659    -0.000782
-0.02988    -0.348127    -0.000782
-0.006522    -0.046807    -0.000782
-0.029742    0.011816    -0.000782
-0.017801    -0.384299    -0.000782
-0.016939    -0.148047    -0.000782
-0.023104    -0.253355    -0.000782
-0.009683    0.05349    -0.000782
-0.016812    -0.277548    -0.000782
-0.014781    -0.373339    -0.000782
-0.020728    -0.178145    -0.000782
-0.025308    -0.2123    -0.000782
-0.005082    0.002994    -0.000782
-0.036375    -0.098733    -0.000782
-0.045601    -0.281698    -0.000782
-0.044701    -0.40033    -0.000782
-0.026141    -0.311879    -0.000782
-0.064838    -0.354169    -0.000782
-0.026034    -0.339606    -0.000782
-0.013538    -0.291015    -0.000782
-0.003291    -0.397164    -0.000782
-0.002244    0.137822    -0.000782
-4.8e-05    -0.160759    -0.000782
-0.002899    0.25205    -0.000782
-0.02119    0.054738    -0.000782
-0.017454    -0.112883    -0.000782
-0.026423    -0.333394    -0.000782
-0.005911    -0.096441    -0.000782
-0.053805    -0.349172    -0.000782
-0.018816    -0.044546    -0.000782
-0.019217    -0.432026    -0.047329
-0.028158    -0.430581    -0.06282
0.000156    -0.15842    -0.081743
0.000156    -0.014669    -0.087829
-0.039088    0.022505    -0.074884
-0.053527    0.062335    -0.050992
-0.071596    0.052012    -0.000782
-0.054632    -0.421368    -0.000782
-0.00335    0.320895    -0.000782
-0.057171    -0.167855    -0.000782
-0.074271    -0.372969    -0.000782
-0.059848    -0.226505    -0.000782
-0.027884    -0.432026    -0.039917
-0.02037    -0.349297    -0.081583
0.000156    -0.082742    -0.087985
0.000156    -0.29924    -0.086401
-0.034486    0.014907    -0.078688
-0.067285    0.034988    -0.045286
-0.052981    0.132059    -0.001253
-0.068576    0.052412    -0.000782
-0.08185    0.017365    -0.000782
-0.054306    -0.432026    -0.007525
-0.057311    -0.075119    -0.000782
-0.035325    0.046991    -0.000782
-0.065836    -0.183788    -0.000782
-0.050789    -0.055215    -0.000782
-0.061784    -0.193629    -0.000782
-0.080354    -0.306892    -0.000782
-0.088106    -0.306045    -0.000782
-0.023938    -0.432026    -0.023808
-0.029809    -0.378987    -0.073009
-0.038094    -0.364254    -0.072186
0.000156    -0.117007    -0.090378
-0.008543    0.004243    -0.087907
-0.054214    0.006757    -0.068814
-0.078598    0.025881    -0.026746
-0.017515    0.272667    -0.000782
-0.035186    0.188944    -0.000782
-0.093254    -0.027969    -0.006738
-0.046849    -0.432026    -0.02555
-0.085061    -0.258793    -0.000782
-0.044899    0.027764    -0.000782
-0.068174    -0.111207    -0.000782
-0.086853    -0.327712    -0.001143
-0.043998    -0.400714    -0.060633
-0.02476    -0.306517    -0.086928
0.000156    -0.161564    -0.093493
-0.031278    -0.01755    -0.08672
-0.068605    0.003685    -0.055159
-0.083312    0.014344    -0.020716
-0.097715    -0.12791    -0.000782
-0.065103    0.038361    -0.000782
-0.098531    -0.106984    -0.003079
-0.09338    -0.041317    -0.015134
-0.09373    -0.24008    -0.000782
-0.049384    0.026284    -0.000782
-0.026194    0.183915    -0.000782
-0.088985    -0.304295    -0.011674
-0.075853    -0.375369    -0.023196
-0.060205    -0.402731    -0.043276
-0.056585    -0.332445    -0.064885
-0.029359    -0.297316    -0.086167
0.000156    -0.070002    -0.095768
-0.047116    -0.036539    -0.083016
-0.066016    -0.007597    -0.061992
-0.08904    -0.010801    -0.016406
-0.07637    0.051705    -0.002686
-0.032058    0.183213    -0.000782
-0.099319    -0.124678    -0.002413
-0.089978    -0.072895    -0.035338
-0.092721    -0.194907    -0.000782
-0.066242    -0.029534    -0.000782
-0.016741    0.255883    -0.000782
-0.090518    -0.286032    -0.01597
-0.069249    -0.383528    -0.035155
-0.063171    -0.33836    -0.057157
-0.037289    -0.278112    -0.085259
0.000156    -0.206228    -0.095674
-0.028946    -0.034221    -0.090219
-0.058918    0.025842    -0.000782
-0.09761    -0.171962    -0.000782
-0.066089    -0.00809    -0.000782
-0.097712    -0.139171    -0.014602
-0.086116    -0.041877    -0.039853
-0.093487    -0.252998    -0.018043
-0.077485    -0.315502    -0.043553
-0.060914    -0.377153    -0.050086
-0.019188    -0.247846    -0.094125
-0.055617    -0.283414    -0.073797
-0.000824    -0.055634    -0.097829
-0.055627    -0.061049    -0.079434
-0.097562    -0.189047    -0.013736
-0.093474    -0.139774    -0.033016
-0.079721    -0.059193    -0.054651
-0.090136    -0.269498    -0.027344
-0.022776    -0.222882    -0.095303
-0.062983    -0.255575    -0.071544
-0.006787    -0.215726    -0.097835
-0.033734    -0.082513    -0.091866
-0.095566    -0.205324    -0.024952
-0.086195    -0.137551    -0.050623
-0.071897    -0.06532    -0.065206
-0.088591    -0.229391    -0.039301
-0.053192    -0.244988    -0.080199
-0.016072    -0.192666    -0.097439
-0.049435    -0.112476    -0.086518
-0.091095    -0.185961    -0.038138
-0.084215    -0.12795    -0.053054
-0.087912    -0.21221    -0.043657
-0.072986    -0.234916    -0.063599
-0.059075    -0.243082    -0.075902
0.000156    -0.133464    -0.099846
-0.062648    -0.100794    -0.075773
-0.078789    -0.140451    -0.060323
-0.072158    -0.195063    -0.067807
-0.023058    -0.155863    -0.097652
-0.008012    -0.139368    -0.099531
-0.053159    -0.122222    -0.084106
-0.065848    -0.141178    -0.074864
-0.002857    -0.161613    -0.100139
-0.050415    -0.197832    -0.085434
-0.030574    -0.127183    -0.094773
-0.053096    -0.173603    -0.084219
-0.002422    0.415452    -0.024244
-0.004865    0.417658    -0.020143
0.010892    0.352921    -0.011281
0.017273    0.352921    -0.002048
-0.023598    0.401854    -0.001142
0.004015    0.42715    -0.006099
-0.022682    0.384245    0.005746
-0.006224    0.460821    -0.002541
0.005644    0.504164    0.002854
0.004055    0.496924    0.004504
0.008022    0.399688    0.021501
-0.005396    0.365236    -0.023852
0.003566    0.417658    -0.02258
-0.020407    0.39011    -0.012746
0.015929    0.417658    -0.006382
-0.021631    0.397969    0.008283
-0.017072    0.372751    0.015528
-0.007917    0.408294    0.021415
0.00353    0.418026    -0.006471
0.00609    0.521119    0.002051
-0.001794    0.458563    0.005518
-0.02451    -0.39073    0.072531
0.039943    -0.38738    0.067404
0.075729    -0.387111    0.022129
-0.07731    -0.389213    0.00216
-0.003224    -0.389505    0.076774
0.042407    -0.391121    0.065196
0.07912    -0.389161    0.006434
