0.039384    -0.590239    0.118605
0.109571    -0.590239    0.029764
0.096308    -0.590239    0.04196
0.074304    -0.590239    0.092978
0.063832    -0.590239    0.085619
0.052758    -0.590239    0.093542
0.095151    -0.109757    0.082053
0.11004    -0.556659    0.056266
0.094057    -0.346127    0.083949
0.106442    -0.558041    0.062497
0.096446    -0.176469    0.079811
0.09218    -0.220372    0.087199
0.092551    -0.341995    0.086557
0.095384    -0.493169    0.08165
0.106322    -0.557605    0.062705
0.091382    -0.377821    0.088581
0.099702    -0.572852    0.074171
0.101024    -0.310683    0.071881
0.114843    -0.582085    0.047947
0.099365    -0.573717    0.074755
0.103698    -0.582016    0.06725
0.100673    -0.217479    0.072489
0.092794    -0.373236    0.086136
0.108062    -0.34873    0.059691
0.101443    -0.496844    0.071156
0.116401    -0.588028    0.045247
0.091765    -0.273424    0.087918
0.101123    -0.37528    0.07171
0.111725    -0.481002    0.053346
0.102385    -0.411863    0.069523
0.100398    -0.426495    0.072966
0.097514    -0.311977    0.077961
0.10021    -0.434314    0.073291
0.095416    -0.18082    0.081595
0.09167    -0.053876    0.088082
0.105571    -0.36676    0.064005
0.093426    -0.451224    0.085042
0.036043    -0.299605    0.121715
0.041884    -0.433163    0.118343
0.056737    -0.399757    0.109768
0.044316    -0.333205    0.116939
0.070591    -0.384833    0.101769
0.049154    -0.186928    0.114145
0.048829    -0.258825    0.114333
0.039296    -0.197953    0.119837
0.056406    -0.272196    0.109959
0.03361    -0.523416    0.12312
0.056409    -0.459227    0.109957
0.049765    -0.216809    0.113793
0.036053    -0.455358    0.121709
0.06152    -0.379336    0.107006
0.042749    -0.361849    0.117844
0.063097    -0.577722    0.106096
0.046162    -0.274132    0.115873
0.082466    -0.520182    0.094913
0.07493    -0.540343    0.099264
0.044991    -0.488284    0.116549
0.041559    -0.411279    0.118531
0.074693    -0.489969    0.099401
0.061271    -0.558493    0.10715
0.054763    -0.45779    0.110907
0.066176    -0.492704    0.104318
0.043673    -0.419664    0.11731
0.066679    -0.405785    0.104028
0.079656    -0.555624    0.096535
0.043399    -0.553799    0.117468
0.040449    -0.27648    0.119171
0.074668    -0.431985    0.099415
0.056227    -0.590239    0.063277
0.073661    -0.590239    0.028102
0.035319    -0.590239    0.096299
0.035554    -0.590239    0.092677
-0.025277    -0.590239    0.119571
0.062218    -0.590239    0.06412
0.017101    -0.590239    0.094163
0.053032    -0.590239    0.082804
0.12343    -0.201442    0.014265
0.12343    -0.515621    -0.010061
0.12343    -0.528977    -0.011105
0.12343    -0.537898    -0.015371
0.12343    -0.327116    0.005837
0.12343    -0.140644    0.026281
0.12343    -0.442586    -0.000276
0.12343    -0.062223    0.026698
0.12343    -0.539017    -0.015542
0.12343    -0.42818    0.000572
0.12343    -0.381686    0.018544
0.12343    -0.256833    0.030435
0.12343    -0.55727    -0.027349
0.12343    -0.423862    0.005727
0.12343    -0.470925    0.015512
0.12343    -0.362017    0.028695
0.12343    -0.333971    0.010759
0.12343    -0.140903    0.027041
0.12343    -0.485656    -0.02016
0.12343    -0.046788    0.031628
0.12343    -0.359953    0.019529
0.12343    -0.286843    0.025888
0.12343    -0.289247    0.025483
0.12343    -0.296588    0.011858
0.12343    -0.166419    0.029991
0.12343    -0.249952    0.022254
0.12343    -0.091876    0.025543
0.12343    -0.347659    0.013498
0.12343    -0.393963    0.020999
0.12343    -0.131513    0.02925
0.105448    -0.136663    0.064219
0.123326    -0.414369    0.033253
0.114912    -0.383839    0.047827
0.105934    -0.199132    0.063376
0.104706    -0.24814    0.065504
0.100296    -0.071775    0.073142
0.099362    -0.130273    0.07476
0.119908    -0.114638    0.039173
0.11235    -0.221511    0.052264
0.114376    -0.074687    0.048755
0.11526    -0.26284    0.047224
0.11341    -0.113382    0.050427
0.104658    -0.244647    0.065587
0.105344    -0.102624    0.064398
0.116084    -0.181037    0.045797
0.114074    -0.12215    0.049279
0.09398    -0.011424    0.084081
0.120546    -0.330455    0.038067
0.123373    -0.15764    0.033172
0.119333    -0.458081    0.040169
0.098997    -0.085438    0.075393
0.11477    -0.010287    0.048073
0.11543    -0.040033    0.04693
0.122908    -0.083638    0.033977
0.123396    -0.554371    0.033132
0.101514    -0.053043    0.071033
0.094212    -0.031093    0.083681
0.103637    -0.125466    0.067356
0.117082    -0.224627    0.044068
0.114295    -0.123165    0.048895
0.11591    -0.255216    0.046098
0.087622    -0.160679    0.091936
0.04831    -0.018447    0.114633
0.089241    -0.454424    0.091002
0.088262    -0.124631    0.091566
0.088891    -0.310301    0.091203
0.060287    -0.081238    0.107718
0.061274    -0.137061    0.107148
0.075535    -0.219389    0.098914
0.080182    -0.094711    0.096231
0.047267    -0.045568    0.115235
0.08457    -0.307484    0.093698
0.055145    -0.00405    0.110687
0.058671    -0.176512    0.108651
0.088729    -0.554137    0.091297
0.056478    -0.016023    0.109917
0.0811    -0.11911    0.095701
0.067959    -0.035925    0.103288
0.060216    0.004882    0.107759
0.067258    -0.151475    0.103693
0.059673    -0.17586    0.108072
0.07603    -0.398927    0.098629
0.045375    -0.068849    0.116327
0.067062    -0.042091    0.103806
0.071185    -0.084383    0.101426
0.087461    -0.076223    0.092029
0.074279    -0.251252    0.099639
0.089499    -0.320879    0.090853
0.077074    -0.072322    0.098026
0.059328    -0.070974    0.108272
0.061537    -0.119964    0.106996
0.062866    -0.119309    0.106229
0.027952    -0.505049    0.12343
0.032325    -0.120976    0.12343
-0.011    -0.519129    0.12343
0.020315    -0.323908    0.12343
0.007176    -0.321364    0.12343
-0.015654    -0.551759    0.12343
-0.007289    -0.580949    0.12343
-0.01272    -0.507983    0.12343
-0.01585    -0.548089    0.12343
0.025731    -0.238732    0.12343
0.031692    -0.306647    0.12343
0.022872    -0.179426    0.12343
0.018229    -0.450002    0.12343
0.030364    -0.37872    0.12343
0.007422    -0.391486    0.12343
0.003225    -0.411154    0.12343
0.023813    -0.539324    0.12343
0.028897    -0.056389    0.12343
0.027928    -0.267405    0.12343
0.00266    -0.562911    0.12343
0.010449    -0.557425    0.12343
0.025302    -0.516652    0.12343
0.022297    -0.529732    0.12343
0.030021    -0.558251    0.12343
0.023088    -0.40922    0.12343
0.013406    -0.173137    0.12343
0.023827    -0.509982    0.12343
0.001734    -0.527276    0.12343
0.009949    -0.419    0.12343
0.026716    -0.286925    0.12343
0.023988    -0.590239    0.051326
0.049757    -0.590239    0.02405
0.029648    -0.590239    0.051154
-0.01896    -0.590239    0.100144
0.049719    -0.590239    -0.013788
0.106157    -0.590239    -0.037789
0.043391    -0.590239    0.018043
0.066228    -0.590239    0.007209
0.039827    -0.590239    0.028292
0.100355    -0.590239    -0.019118
0.038629    -0.590239    0.025069
0.12343    -0.035451    -0.022316
0.12343    -0.119082    -0.03172
0.12343    -0.034696    0.00236
0.12343    -0.204037    0.000121
0.12343    -0.17162    0.004651
0.12343    -0.171985    -0.016866
0.12343    -0.207219    0.008161
0.12343    -0.055307    -0.032447
0.12343    -0.033721    -0.005157
0.12343    -0.055749    0.023527
0.12343    -0.021856    0.014066
0.12343    -0.105552    0.005313
0.12343    -0.209296    -0.011393
0.12343    -0.055005    -0.014572
0.12343    -0.00612    -0.013525
0.12343    -0.028943    -0.021518
0.12343    -0.323933    -0.014613
0.12343    -0.071164    -0.02547
0.12343    -0.02577    0.015623
0.12343    -0.097843    0.017403
0.12343    -0.394146    -0.020864
0.12343    -0.156557    -0.021777
0.12343    -0.025358    -0.011343
0.12343    0.000715    -0.018602
0.12343    -0.28257    -0.007385
0.12343    -0.263868    -0.008014
0.12343    -0.050016    -0.03047
0.12343    -0.180865    -0.031071
0.12343    -0.012916    0.016833
0.12343    -0.111177    -0.005374
0.12343    0.000135    -0.001634
0.114856    0.012798    0.040297
0.053632    0.014792    0.10585
0.005544    -0.204576    0.12343
-0.020854    -0.338441    0.12343
0.015197    -0.109791    0.12343
-0.028974    -0.259169    0.12343
-0.016805    -0.418421    0.12343
-0.007414    -0.102683    0.12343
-0.028794    -0.317653    0.12343
0.014727    -0.055874    0.12343
-0.032065    -0.441167    0.12343
-0.01826    -0.069633    0.12343
-0.024479    -0.33474    0.12343
-0.009812    -0.281909    0.12343
0.015176    -0.15502    0.12343
0.005138    -0.129299    0.12343
0.009035    -0.052482    0.12343
-0.022676    -0.175695    0.12343
-0.030971    -0.392573    0.12343
-0.026152    -0.369174    0.12343
-0.025454    -0.396993    0.12343
-0.006175    -0.263918    0.12343
-0.026203    -0.013016    0.12343
-0.026154    -0.210721    0.12343
-0.004787    -0.249944    0.12343
-0.030333    -0.489606    0.12343
-0.013754    -0.170609    0.12343
-0.03062    -0.012704    0.12343
-0.025144    -0.107704    0.12343
-0.031626    -0.282497    0.12343
-0.02661    -0.124943    0.12343
0.021893    -0.019962    0.12343
-0.022224    -0.432694    0.12343
-0.022488    -0.590239    0.040756
-0.055062    -0.590239    0.066853
-0.041792    -0.590239    0.081283
0.020222    -0.590239    -0.008452
0.064197    -0.590239    -0.056154
-0.05935    -0.590239    0.091692
0.057921    -0.590239    -0.051152
-0.050637    -0.590239    0.06863
0.062509    -0.590239    -0.060488
-0.069475    -0.590239    0.10102
0.009914    -0.590239    0.016125
0.030423    -0.590239    -0.010863
-0.028829    -0.590239    0.106023
0.092839    -0.164086    -0.086058
0.115346    -0.523016    -0.047075
0.09861    -0.211168    -0.076063
0.092848    -0.171649    -0.086043
0.111267    -0.392713    -0.05414
0.091756    -0.314459    -0.087935
0.094808    -0.375708    -0.082648
0.101539    -0.59009    -0.07099
0.090986    -0.324686    -0.089268
0.09939    -0.204461    -0.074711
0.106997    -0.499364    -0.061535
0.106372    -0.525627    -0.062618
0.093956    -0.480632    -0.084123
0.097784    -0.429149    -0.077494
0.091971    -0.027045    -0.087561
0.102711    -0.242613    -0.068959
0.11011    -0.581212    -0.056143
0.098159    -0.525297    -0.076843
0.115696    -0.496181    -0.046468
0.095642    -0.517338    -0.081203
0.094443    -0.069792    -0.08328
0.099736    -0.194885    -0.074112
0.104389    -0.360672    -0.066054
0.110298    -0.357266    -0.055818
0.096553    -0.562003    -0.079625
0.090503    -0.516213    -0.090104
0.098379    -0.14852    -0.076463
0.113623    -0.498154    -0.050059
0.104891    -0.57081    -0.065183
0.09603    -0.433843    -0.080531
0.119946    -0.431762    -0.039107
0.119908    -0.197142    -0.039173
0.122387    -0.015536    -0.034879
0.10548    -0.145806    -0.064164
0.120465    -0.173329    -0.038209
0.111441    -0.052076    -0.053838
0.09944    -0.041855    -0.074625
0.108565    -0.07838    -0.05882
0.122582    -0.564247    -0.034542
0.116847    -0.365098    -0.044475
0.110142    -0.271847    -0.056089
0.112181    -0.256484    -0.052557
0.095333    -0.076448    -0.081738
0.12256    -0.151443    -0.03458
0.116339    -0.259431    -0.045354
0.111717    -0.25092    -0.05336
0.12223    -0.031731    -0.035152
0.108283    -0.251088    -0.059309
0.10222    -0.140334    -0.06981
0.107119    -0.251402    -0.061324
0.105936    -0.114207    -0.063374
0.102328    -0.018593    -0.069622
0.121562    -0.488081    -0.036308
0.122119    -0.138201    -0.035344
0.117431    -0.423785    -0.043463
0.108663    -0.256565    -0.058649
0.110276    -0.061557    -0.055857
0.123136    -0.483684    -0.033582
0.113307    -0.092855    -0.050606
0.103908    -0.136998    -0.066886
0.10508    -0.113291    -0.064856
0.122368    0.007955    -0.004363
0.090887    0.021278    0.07218
0.115977    0.019207    0.025212
0.046188    0.023942    0.104147
0.014668    0.018474    0.116393
-0.004396    0.015022    0.118354
-0.047712    -0.346499    0.114978
-0.057005    -0.51737    0.109613
-0.052354    -0.53924    0.112298
-0.057768    -0.285931    0.109172
-0.066612    -0.516087    0.104066
-0.051386    -0.454658    0.112857
-0.046357    -0.239434    0.115761
-0.078958    -0.545486    0.096938
-0.034215    -0.340649    0.12277
-0.040136    -0.115532    0.119352
-0.03509    -0.031536    0.122266
-0.036401    -0.294065    0.121509
-0.042228    -0.375767    0.118144
-0.073438    -0.5262    0.100125
-0.040476    -0.368239    0.119156
-0.069007    -0.52123    0.102683
-0.037263    -0.371892    0.121011
-0.047262    -0.576744    0.115238
-0.043385    -0.544779    0.117476
-0.052495    -0.205303    0.112216
-0.039742    -0.139718    0.11958
-0.049157    -0.512389    0.114144
-0.077896    -0.472857    0.097551
-0.077244    -0.519483    0.097928
-0.033173    -0.298026    0.123372
-0.054226    -0.32199    0.111218
-0.044729    -0.12248    0.116701
-0.041793    -0.234224    0.118396
-0.062377    -0.401548    0.106511
-0.068309    -0.428093    0.103086
0.018323    -0.590239    -0.086313
-0.058707    -0.590239    0.058604
0.002607    -0.590239    -0.012064
0.026612    -0.590239    -0.052567
0.06731    -0.590239    -0.068916
0.008911    -0.590239    -0.016384
0.016695    -0.590239    -0.088952
-0.033173    -0.590239    0.03248
0.039766    -0.590239    -0.105917
0.008618    -0.590239    -0.046734
0.013252    -0.590239    -0.070161
0.049152    -0.590239    -0.084561
0.038819    -0.590239    -0.09098
0.050846    -0.008568    -0.113169
0.084784    -0.408801    -0.093575
0.080568    -0.45993    -0.096009
0.052673    -0.143532    -0.112114
0.083863    -0.011848    -0.094106
0.07123    0.004282    -0.1014
0.069287    -0.334652    -0.102522
0.089602    -0.01401    -0.090793
0.072192    -0.010309    -0.100845
0.061342    -0.139672    -0.107109
0.083358    -0.047666    -0.094398
0.081022    -0.149395    -0.095746
0.07038    -0.315545    -0.101891
0.061305    -0.141841    -0.10713
0.040765    -0.041111    -0.118989
0.059573    -0.021419    -0.10813
0.077011    -0.225627    -0.098062
0.043995    -0.078567    -0.117124
0.069182    -0.356302    -0.102583
0.049555    -0.094829    -0.113914
0.052325    -0.072308    -0.112315
0.076671    -0.252388    -0.098259
0.070977    -0.357393    -0.101546
0.078102    -0.016262    -0.097432
0.066099    -0.270054    -0.104362
0.061798    -0.001131    -0.106845
0.053369    -0.083972    -0.111712
0.084496    -0.449416    -0.093741
0.079943    -0.082473    -0.09637
0.074538    -0.408424    -0.09949
0.051202    -0.016173    -0.112963
0.087628    0.01703    -0.082651
0.112209    0.01702    -0.040087
0.078304    0.038823    0.055833
0.073325    0.039458    0.062726
0.110781    0.027788    -0.019118
0.061737    0.04122    0.07112
0.054617    0.035934    0.083556
-0.006922    0.022688    0.114
-0.079326    -0.057293    0.096726
-0.079017    -0.382225    0.096904
-0.053695    -0.05932    0.111524
-0.07761    -0.192696    0.097717
-0.086702    -0.04187    0.092467
-0.089012    -0.236492    0.091133
-0.090269    -0.013459    0.090408
-0.07758    -0.385639    0.097734
-0.054532    -0.179581    0.111041
-0.082145    -0.032836    0.095098
-0.080186    -0.263267    0.096229
-0.08439    -0.167217    0.093802
-0.089788    -0.345834    0.090685
-0.071789    -0.047664    0.101077
-0.088902    -0.05304    0.091197
-0.082781    -0.214185    0.094731
-0.088669    -0.468905    0.091331
-0.077352    -0.2521    0.097865
-0.086348    -0.546052    0.092671
-0.071833    -0.062351    0.101052
-0.090169    -0.551401    0.090466
-0.084859    -0.474884    0.093531
-0.074084    -0.398786    0.099752
-0.061776    -0.258215    0.106858
-0.073188    -0.243089    0.10027
-0.077397    -0.341663    0.09784
-0.044522    -0.082209    0.11682
-0.054241    -0.141045    0.111209
-0.077978    -0.069777    0.097504
-0.089459    -0.004609    0.090876
-0.061256    -0.005946    0.107159
-0.058275    -0.590239    0.000478
-0.082323    -0.590239    0.036204
-0.040757    -0.590239    -0.010459
-0.078996    -0.590239    0.064573
0.001233    -0.590239    -0.070221
-0.057699    -0.590239    0.001981
-0.060686    -0.590239    -0.00453
-0.104487    -0.590239    0.054497
-0.007331    -0.590239    -0.055462
-0.095348    -0.590239    0.066737
-0.010834    -0.590239    -0.055543
0.037462    -0.478223    -0.120896
0.069301    -0.428735    -0.102514
0.045583    -0.251982    -0.116207
0.056973    -0.259946    -0.109632
0.039744    -0.378462    -0.119578
0.074034    -0.505374    -0.099781
0.035499    -0.375619    -0.122029
0.044741    -0.507781    -0.116693
0.076839    -0.468482    -0.098162
0.038094    -0.175649    -0.120531
0.03396    -0.082191    -0.122918
0.075735    -0.465025    -0.098799
0.051426    -0.388287    -0.112834
0.056263    -0.447081    -0.110041
0.055644    -0.26236    -0.110399
0.051211    -0.383779    -0.112958
0.05554    -0.509453    -0.110459
0.036618    -0.340796    -0.121383
0.034774    -0.367636    -0.122448
0.049113    -0.208625    -0.114169
0.053007    -0.323369    -0.111921
0.04467    -0.517601    -0.116735
0.034941    -0.046171    -0.122352
0.033088    -0.133329    -0.123422
0.038224    -0.263681    -0.120456
0.039872    -0.42041    -0.119505
0.07919    -0.476342    -0.096804
0.045232    -0.514351    -0.11641
0.042424    -0.111614    -0.118031
0.033646    -0.185352    -0.123099
0.077988    0.007698    -0.096441
0.042245    0.013975    -0.11296
0.073851    0.014364    -0.094457
0.109292    0.027748    -0.03237
0.086974    0.045082    0.023744
0.085224    0.042534    0.033725
0.098781    0.036586    -0.02344
0.027358    0.047125    0.08167
0.002108    0.040114    0.093969
0.015349    0.043344    0.089563
-0.038558    0.007109    0.119592
-0.095585    -0.331883    0.081303
-0.10022    -0.213393    0.073274
-0.111037    -0.392977    0.054539
-0.114053    -0.530425    0.049314
-0.11476    -0.502831    0.048089
-0.113742    -0.458321    0.049854
-0.097055    -0.350378    0.078756
-0.102394    -0.499112    0.069509
-0.0988    -0.210591    0.075733
-0.093614    -0.569109    0.084716
-0.10739    -0.419279    0.060855
-0.093373    -0.449954    0.085133
-0.103684    -0.420436    0.067274
-0.091271    -0.14603    0.088774
-0.090544    -0.575838    0.090034
-0.098916    -0.513454    0.075533
-0.095254    -0.480238    0.081876
-0.111241    -0.5381    0.054185
-0.092989    -0.132058    0.085798
-0.100746    -0.332169    0.072362
-0.091633    -0.181317    0.088148
-0.10488    -0.441979    0.065203
-0.102919    -0.409574    0.068599
-0.111463    -0.496045    0.053801
-0.100475    -0.50967    0.072832
-0.103822    -0.455652    0.067036
-0.108547    -0.564975    0.058851
-0.102563    -0.231235    0.069216
-0.093959    -0.235968    0.084119
-0.091415    -0.183562    0.088525
-0.108347    -0.499002    0.059197
-0.02746    -0.590239    -0.074114
-0.025665    -0.590239    -0.096665
-0.006493    -0.590239    -0.106104
-0.02593    -0.590239    -0.075624
-0.07655    -0.590239    -0.021644
-0.093734    -0.590239    -0.014959
-0.011929    -0.590239    -0.106984
-0.009344    -0.590239    -0.122166
0.011174    -0.186482    -0.12343
0.025252    -0.479978    -0.12343
0.031539    -0.075722    -0.12343
-0.019589    -0.026451    -0.12343
0.019919    -0.208801    -0.12343
-0.01619    -0.025801    -0.12343
-0.004223    -0.222864    -0.12343
0.03228    -0.524317    -0.12343
0.022569    -0.438517    -0.12343
0.01535    -0.272229    -0.12343
0.013298    -0.219921    -0.12343
0.029774    -0.434873    -0.12343
0.022163    -0.21631    -0.12343
-0.000381    -0.135137    -0.12343
0.018701    -0.414499    -0.12343
0.007245    0.001665    -0.12343
0.030407    -0.256846    -0.12343
-0.011675    -0.115545    -0.12343
-0.001936    -0.124649    -0.12343
-0.029401    0.001956    -0.12343
0.030075    -0.241388    -0.12343
0.003285    -0.126576    -0.12343
0.015506    -0.242434    -0.12343
0.013502    -0.19992    -0.12343
0.005427    -0.231296    -0.12343
0.011644    -0.306555    -0.12343
0.022269    -0.422422    -0.12343
0.018934    -0.260095    -0.12343
0.030259    -0.056996    -0.12343
0.006936    -0.103098    -0.12343
0.011825    0.014732    -0.118519
0.022727    0.024564    -0.112935
0.072858    0.029179    -0.083663
0.073259    0.041457    -0.057389
0.060785    0.049465    0.057149
0.048323    0.062369    0.043534
0.077333    0.052312    0.00422
0.043729    0.049896    0.067855
-0.004949    0.048537    0.082481
-0.072773    0.025886    0.087523
-0.08783    0.008453    0.090263
-0.115225    -0.424873    0.047284
-0.115243    -0.341561    0.047254
-0.095905    -0.076576    0.080748
-0.106525    -0.016835    0.062354
-0.104787    -0.171625    0.065364
-0.095089    -0.056029    0.082161
-0.098915    -0.002664    0.075535
-0.098998    -0.00725    0.07539
-0.120088    -0.259323    0.038861
-0.108486    -0.208663    0.058958
-0.106957    -0.127786    0.061606
-0.114995    -0.145545    0.047683
-0.110261    -0.052971    0.055882
-0.09279    -0.010483    0.086143
-0.119889    -0.222389    0.039207
-0.120704    -0.449859    0.037794
-0.110655    -0.35043    0.055201
-0.100175    -0.016863    0.073352
-0.116519    -0.312766    0.045044
-0.118543    -0.433535    0.041537
-0.119812    -0.115701    0.039339
-0.109908    -0.094592    0.056493
-0.114013    -0.287514    0.049384
-0.118063    -0.35617    0.042369
-0.111782    -0.33894    0.053247
-0.116319    -0.453906    0.04539
-0.106646    -0.271874    0.062143
-0.100183    0.002743    0.073339
-0.109851    -0.295776    0.056593
-0.120013    -0.52554    0.038992
-0.046336    -0.590239    -0.107032
-0.064615    -0.590239    -0.07194
-0.049692    -0.590239    -0.104175
-0.097891    -0.590239    -0.044075
-0.104524    -0.590239    -0.023084
0.00633    -0.352369    -0.12343
-0.031818    -0.409197    -0.12343
0.025903    -0.551614    -0.12343
0.014323    -0.479703    -0.12343
0.018416    -0.536944    -0.12343
-0.001514    -0.30549    -0.12343
-0.001032    -0.286028    -0.12343
-0.027305    -0.350498    -0.12343
0.020731    -0.522449    -0.12343
-0.011344    -0.341572    -0.12343
-0.028304    -0.455562    -0.12343
-0.029455    -0.557159    -0.12343
-0.024877    -0.325187    -0.12343
-0.014101    -0.310794    -0.12343
-0.032902    -0.065664    -0.12343
-0.012053    -0.500974    -0.12343
-0.024999    -0.089041    -0.12343
-0.019483    -0.150387    -0.12343
-0.010674    -0.306188    -0.12343
-0.001422    -0.456554    -0.12343
-0.007995    -0.327177    -0.12343
-0.029464    -0.585392    -0.12343
-0.015769    -0.227991    -0.12343
0.002256    -0.47169    -0.12343
-0.005014    -0.58271    -0.12343
-0.00927    -0.523556    -0.12343
-0.011987    -0.449782    -0.12343
0.01929    -0.559859    -0.12343
-0.005788    -0.360121    -0.12343
0.009639    -0.567132    -0.12343
0.007691    0.011014    -0.12063
0.00589    0.012916    -0.11955
-0.022521    0.039087    -0.095369
0.039994    0.043692    -0.079781
0.031929    0.047182    -0.078941
0.074513    0.049247    -0.033966
0.048181    0.066461    0.032616
0.03483    0.067372    0.045469
-0.001044    0.052631    0.076897
-0.031364    0.027774    0.109832
-0.032906    0.041037    0.088055
-0.100151    0.006913    0.072454
-0.12343    -0.512804    0.029658
-0.12343    -0.552253    -0.009126
-0.12343    -0.47314    0.014847
-0.12343    -0.538827    0.010074
-0.12343    -0.531593    0.031178
-0.12343    -0.489629    0.017629
-0.12343    -0.156095    0.019831
-0.12343    -0.35718    0.00069
-0.12343    -0.404395    0.000239
-0.12343    -0.306388    0.013295
-0.12343    -0.272531    0.011476
-0.12343    -0.382343    -0.009823
-0.12343    -0.439317    0.007874
-0.12343    -0.141095    0.022035
-0.12343    -0.362303    0.017855
-0.12343    -0.547703    0.030688
-0.12343    -0.198998    0.014164
-0.12343    -0.131161    0.028857
-0.12343    -0.561777    -0.007188
-0.12343    -0.312415    0.008716
-0.12343    -0.40952    0.006256
-0.12343    -0.451479    -0.008175
-0.12343    -0.250162    0.014079
-0.12343    -0.338396    2.3e-05
-0.12343    -0.351498    0.001971
-0.12343    -0.528479    -0.020014
-0.12343    -0.227091    0.011573
-0.12343    -0.499587    0.012147
-0.12343    -0.450906    0.025066
-0.12343    -0.508919    0.025749
-0.12343    -0.148705    0.022499
-0.085599    -0.590239    -0.080999
-0.099381    -0.590239    -0.060588
-0.047259    -0.283828    -0.11524
-0.071942    -0.528399    -0.100989
-0.046146    -0.371547    -0.115882
-0.047332    -0.287077    -0.115198
-0.050009    -0.288475    -0.113652
-0.040771    -0.58674    -0.118986
-0.057146    -0.312297    -0.109531
-0.058399    -0.418482    -0.108808
-0.048913    -0.164095    -0.114285
-0.054372    -0.41407    -0.111133
-0.051383    -0.464872    -0.112859
-0.033517    -0.065634    -0.123174
-0.048883    -0.432146    -0.114302
-0.056309    -0.532278    -0.110015
-0.06868    -0.52614    -0.102872
-0.038536    -0.508563    -0.120276
-0.062653    -0.560672    -0.106352
-0.054453    -0.263963    -0.111086
-0.064312    -0.590009    -0.105394
-0.080461    -0.508134    -0.096071
-0.03906    -0.529129    -0.119974
-0.06955    -0.397733    -0.10237
-0.044069    -0.275498    -0.117081
-0.0731    -0.427135    -0.10032
-0.035587    -0.033235    -0.121978
-0.037118    -0.153002    -0.121095
-0.034359    -0.150542    -0.122687
-0.068059    -0.524805    -0.103231
-0.048343    -0.241949    -0.114614
-0.048948    -0.341294    -0.114264
-0.030875    0.026291    -0.111447
-0.048001    0.016255    -0.108142
-0.009141    0.047934    -0.083304
-0.041879    0.047231    -0.07312
0.032881    0.049972    -0.073997
0.050252    0.06268    -0.039344
0.051418    0.07247    0.014588
0.028665    0.073853    0.042384
-0.038075    0.044337    0.079873
-0.046196    0.040958    0.080507
-0.115335    0.011087    0.041412
-0.12343    -0.48862    -0.027735
-0.12343    -0.249478    -0.028374
-0.12343    -0.116055    0.008112
-0.12343    -0.289177    -0.004706
-0.12343    -0.412433    -0.025331
-0.12343    -0.394676    -0.02849
-0.12343    -0.088806    -0.004606
-0.12343    -0.065543    0.020791
-0.12343    -0.154255    -0.023289
-0.12343    -0.225334    -0.028534
-0.12343    -0.304829    -0.020697
-0.12343    -0.023147    -0.024078
-0.12343    -0.336499    -0.01947
-0.12343    -0.282657    -0.019291
-0.12343    -0.082529    0.021071
-0.12343    -0.278708    -0.003528
-0.12343    -0.016871    0.004687
-0.12343    -0.162062    -0.032655
-0.12343    -0.077913    -0.006868
-0.12343    -0.249553    -0.022994
-0.12343    -0.210573    -0.009182
-0.12343    -0.138769    -0.010066
-0.12343    -0.199192    -0.020343
-0.12343    -0.486208    -0.028088
-0.12343    -0.331459    -0.021169
-0.12343    -0.39441    -0.024872
-0.12343    -0.089524    -0.003526
-0.12343    -0.299607    -0.011473
-0.12343    -0.31674    -0.023131
-0.12343    -0.339679    -0.007235
-0.100838    -0.588344    -0.072204
-0.112783    -0.467888    -0.051515
-0.10596    -0.42007    -0.063332
-0.108166    -0.37679    -0.059511
-0.092245    -0.173319    -0.087087
-0.105473    -0.473653    -0.064175
-0.101204    -0.39937    -0.071569
-0.10201    -0.568719    -0.070174
-0.1047    -0.355023    -0.065515
-0.101672    -0.305992    -0.070758
-0.112744    -0.540826    -0.051581
-0.114355    -0.533366    -0.048791
-0.090395    -0.271632    -0.090292
-0.104877    -0.590015    -0.065207
-0.102271    -0.256895    -0.069722
-0.092136    -0.35295    -0.087275
-0.102502    -0.500328    -0.069321
-0.101669    -0.567822    -0.070763
-0.102471    -0.377795    -0.069375
-0.096232    -0.39813    -0.080181
-0.091621    -0.318031    -0.088167
-0.11329    -0.498994    -0.050636
-0.10874    -0.448685    -0.058516
-0.100404    -0.412594    -0.072955
-0.11524    -0.540417    -0.047259
-0.097053    -0.32442    -0.07876
-0.093287    -0.241983    -0.085282
-0.094748    -0.379087    -0.082752
-0.095088    -0.098966    -0.082163
-0.110965    -0.572399    -0.054664
-0.115149    -0.549476    -0.047416
-0.048057    -0.088241    -0.114779
-0.067051    -0.041585    -0.103813
-0.061186    -0.281482    -0.107199
-0.078986    -0.315477    -0.096922
-0.063918    -0.14395    -0.105621
-0.086484    -0.527088    -0.092593
-0.06586    -0.197701    -0.104501
-0.060698    -0.101327    -0.107481
-0.074772    -0.409011    -0.099355
-0.050082    -0.153483    -0.11361
-0.070679    -0.320956    -0.101718
-0.046169    -0.068095    -0.115869
-0.074823    -0.074612    -0.099325
-0.087294    -7.7e-05    -0.092126
-0.082143    -0.281883    -0.095099
-0.087611    -0.025434    -0.091943
-0.073832    -0.275554    -0.099898
-0.068586    -0.149519    -0.102927
-0.075661    -0.100374    -0.098842
-0.052644    -0.031011    -0.112131
-0.085408    -0.170105    -0.093214
-0.089791    -0.526567    -0.090684
-0.044275    0.00515    -0.116962
-0.063208    -0.018404    -0.106032
-0.072541    -0.015968    -0.100643
-0.083719    -0.319347    -0.09419
-0.084677    -0.472758    -0.093636
-0.051125    -0.055245    -0.113008
-0.058414    -0.039954    -0.108799
-0.0881    -0.530117    -0.09166
-0.076907    -0.04571    -0.098122
-0.079897    0.018243    -0.088423
0.008524    0.049275    -0.081475
-0.053639    0.040238    -0.077344
-0.055058    0.03971    -0.077355
-0.026974    0.053208    -0.072311
0.024776    0.054084    -0.072202
0.036074    0.08526    0.026635
0.044686    0.083271    -0.013979
-0.002291    0.072463    0.051827
-0.050647    0.051622    0.061143
-0.080669    0.038297    0.053173
-0.084538    0.029671    0.069999
-0.10392    0.032662    0.028272
-0.118779    0.014274    -0.001383
-0.111475    -0.129119    -0.05378
-0.10674    -0.158261    -0.06198
-0.104018    -0.105471    -0.066696
-0.105225    -0.091035    -0.064604
-0.09102    0.002709    -0.089209
-0.114219    -0.210645    -0.049027
-0.118897    -0.505032    -0.040924
-0.107641    -0.154431    -0.06042
-0.101669    -0.121696    -0.070764
-0.099111    0.001848    -0.075195
-0.116161    -0.395906    -0.045663
-0.110641    -0.226696    -0.055223
-0.114787    -0.278056    -0.048043
-0.107252    -0.123677    -0.061095
-0.108476    -0.121027    -0.058974
-0.099886    -0.114904    -0.073852
-0.107041    -0.077713    -0.06146
-0.105638    -0.167677    -0.06389
-0.121079    -0.33315    -0.037144
-0.122648    -3.6e-05    -0.034427
-0.121929    -0.452202    -0.035673
-0.105386    -0.21684    -0.064326
-0.096709    -0.023992    -0.079354
-0.121316    -0.316009    -0.036734
-0.115985    -0.252904    -0.045968
-0.120585    -0.441724    -0.038
-0.119737    -0.39436    -0.03947
-0.107767    -0.278159    -0.060202
-0.111053    -0.165488    -0.054511
-0.098721    -0.024008    -0.075869
-0.104943    -0.158708    -0.065093
-0.111796    0.009383    -0.049476
0.00508    0.061076    -0.065379
-0.081302    0.030735    -0.072703
-0.073423    0.038628    -0.064819
-0.067044    0.054047    -0.033809
0.024463    0.080374    -0.040533
0.036329    0.144674    0.019362
0.030843    0.172482    0.028865
0.031408    0.214244    0.027886
0.030593    0.238795    0.029298
0.035337    0.116134    0.021081
0.041143    0.220806    0.010679
0.041143    0.131666    0.003704
0.041143    0.191773    0.006997
0.041143    0.142833    -0.006502
0.036508    0.166249    -0.019053
0.030148    0.30142    -0.030068
0.031004    0.146893    -0.028585
0.036836    0.154756    -0.018484
0.016289    0.161495    0.038103
0.028409    0.109614    0.031106
0.016928    0.175886    0.037735
0.014879    0.226484    0.038917
0.019609    0.120159    0.036186
-0.052518    0.05299    0.057907
-0.061326    0.058667    0.03111
-0.083243    0.047978    -0.008323
-0.112617    0.025122    0.014822
-0.113549    0.023482    0.007906
-0.114912    0.014813    -0.037913
-0.01624    0.078117    -0.04676
-0.076288    0.044638    -0.043463
-0.055186    0.068224    -0.015674
0.013335    0.109155    -0.039809
0.02369    0.102402    -0.033831
0.016599    0.175631    -0.037924
0.023991    0.098231    -0.033657
0.011945    0.130575    -0.040611
0.036132    0.231675    0.019703
0.03663    0.220295    0.018841
0.039938    0.232022    0.013112
0.03252    0.334308    0.02596
0.016129    0.298875    0.038196
0.024349    0.316881    0.03345
0.019119    0.259546    0.03647
0.025703    0.217167    0.032669
0.041143    0.261115    0.000751
0.041143    0.329166    -0.009925
0.041143    0.239167    -0.008694
0.041143    0.321428    -0.008531
0.041143    0.164661    -0.004872
0.040042    0.221201    -0.012931
0.038712    0.251192    -0.015235
0.040526    0.179375    -0.012093
0.040645    0.346816    -0.011887
0.023316    0.27852    -0.034047
0.028575    0.230016    -0.03101
0.022927    0.29671    -0.034271
0.025143    0.29789    -0.032992
0.023173    0.317048    -0.034129
-0.000827    0.188311    0.041143
0.007364    0.260278    0.041143
0.010769    0.320217    0.041143
-0.000497    0.148493    0.041143
-0.049145    0.068154    0.026329
-0.053676    0.069657    -0.005521
-0.101308    0.034733    -0.006103
-0.106272    0.031094    0.007844
-0.081617    0.04917    0.002121
-0.043346    0.072157    -0.028925
-0.008461    0.105265    -0.041143
-0.007023    0.17954    -0.041143
-0.004393    0.259788    -0.041143
-0.000266    0.118503    -0.041143
0.007141    0.267132    -0.041143
0.001125    0.255165    -0.041143
0.001719    0.266748    -0.041143
0.010505    0.189012    -0.041143
0.00744    0.217343    -0.041143
0.03391    0.346842    -0.011441
0.013122    0.346842    0.004533
0.000623    0.346842    -0.012171
-0.009149    0.237625    0.041143
-0.010078    0.168684    0.041143
-0.003294    0.286327    0.041143
-0.009092    0.258863    0.041143
-0.027039    0.087686    0.03425
-0.052127    0.071935    0.006284
-0.014054    0.121466    -0.039394
-0.018014    0.22515    -0.037108
-0.019716    0.190257    -0.036125
-0.018456    0.218554    -0.036852
-0.033754    0.089957    -0.025319
0.00205    0.346842    -0.040185
-0.023437    0.346842    0.028973
-0.022683    0.346842    0.026868
-0.030618    0.346842    0.011707
-0.016121    0.13867    0.0382
-0.011337    0.2073    0.040963
-0.01106    0.249783    0.041122
-0.017028    0.181993    0.037677
-0.043586    0.086067    0.012707
-0.018033    0.262433    -0.037096
-0.020071    0.24014    -0.03592
-0.017996    0.286661    -0.037118
-0.019596    0.234584    -0.036194
-0.016751    0.321785    -0.037836
-0.0345    0.146183    -0.022531
-0.035152    0.11344    -0.021402
-0.033537    0.192461    -0.024199
-0.038278    0.150336    -0.015986
-0.022724    0.346842    -0.027946
-0.027355    0.241112    0.031715
-0.029218    0.211548    0.030639
-0.020154    0.331929    0.035872
-0.019334    0.269254    0.036345
-0.038108    0.227252    0.016281
-0.034817    0.310549    0.021982
-0.034335    0.302502    0.022816
-0.040716    0.15201    0.011764
-0.039065    0.12735    0.014624
-0.036808    0.147717    0.018533
-0.030681    0.270261    0.029145
-0.030276    0.147388    0.029846
-0.030861    0.125442    0.028834
-0.041143    0.219497    -0.00105
-0.041143    0.24595    -0.003898
-0.041143    0.183695    0.001133
-0.041143    0.103631    -0.006813
-0.039041    0.15571    -0.014665
-0.040913    0.301839    -0.011422
-0.039143    0.255391    -0.014489
-0.038115    0.225678    -0.016269
-0.037021    0.204161    -0.018163
-0.041143    0.303641    -0.003432
-0.041143    0.337856    0.00674
-0.041143    0.297992    0.000327
-0.041143    0.159134    0.009784
