-0.046031    0.250415    0.003243
-0.038271    0.252515    0.023434
-0.018663    0.251102    -0.043858
-0.012641    0.249578    -0.04471
-0.048305    0.227312    0.007655
-0.01833    0.253034    0.041304
0.008169    0.251941    -0.046094
-0.035004    0.206481    0.004612
-0.001598    0.248998    -0.047569
-0.037666    0.255352    0.017461
-0.000265    0.249413    0.048734
0.015021    0.249815    -0.044332
0.003532    0.250104    0.048544
-0.008722    0.241339    0.048515
0.022888    0.254315    -0.039233
-0.00124    0.25549    -0.040539
0.000153    0.215348    0.048007
-0.018635    0.257012    0.032823
0.023654    0.238816    -0.041098
-0.002429    0.247959    0.025674
0.009613    0.247959    -0.03174
0.015262    0.257012    0.008291
0.032839    0.249727    0.03284
0.023446    0.237452    0.043385
0.038926    0.250258    0.027751
0.037055    0.247959    0.004374
0.028058    0.206481    0.03979
0.03332    0.217314    0.033292
0.043626    0.253453    -7.4e-05
0.044252    0.241467    0.021482
0.048108    0.235102    -0.011754
0.044771    0.194173    0.005294
0.016175    0.184961    0.043602
-0.10741    -0.083333    -0.047125
-0.111797    -0.088744    -0.036534
-0.108262    -0.144616    -0.045068
-0.110879    -0.109174    -0.038749
-0.114576    -0.167842    -0.028171
-0.116913    -0.125444    -0.010419
-0.116848    -0.118714    -0.010917
-0.091672    -0.151208    -0.073159
-0.090141    -0.152255    -0.075154
-0.086644    -0.117259    -0.079711
-0.085907    -0.095239    -0.080671
-0.075448    -0.100719    -0.089913
-0.071458    -0.087299    -0.092974
-0.080523    -0.109671    -0.086018
-0.046378    -0.084591    -0.107712
-0.044364    -0.108062    -0.108546
-0.056083    -0.208481    -0.103692
-0.052248    -0.172716    -0.105281
-0.025628    -0.179597    -0.114898
-0.028607    -0.211643    -0.114506
-0.026436    -0.189354    -0.114792
-0.11583    -0.092368    0.018685
-0.116059    -0.13563    0.016947
-0.116699    -0.076166    0.012084
-0.11669    -0.156364    0.012153
-0.112597    -0.211359    0.034639
-0.114143    -0.123347    0.030906
-0.111193    -0.206138    0.038029
-0.097182    -0.081694    0.066016
-0.101827    -0.121689    0.059962
-0.092325    -0.151016    0.072345
-0.102405    -0.249678    0.059209
-0.062209    -0.163829    0.100108
-0.065266    -0.137103    0.097763
-0.059968    -0.23056    0.101828
-0.031745    -0.22511    0.11381
-0.033741    -0.135113    0.112983
-0.037576    -0.132222    0.111395
-0.048678    -0.13322    0.106796
-0.005039    -0.169803    0.117646
-0.008125    -0.091476    0.11724
-0.003983    -0.190226    0.117785
0.029347    -0.165222    0.114447
0.02807    -0.074333    0.114615
0.020875    -0.168523    0.115562
0.053238    -0.216287    0.10491
0.051482    -0.072835    0.105638
0.041705    -0.100665    0.109687
0.058444    -0.069994    0.102754
0.001166    -0.117943    -0.11812
0.001863    -0.171137    -0.118028
0.00043    -0.236638    -0.118217
0.04284    -0.106884    -0.10918
0.042956    -0.172677    -0.109132
0.042827    -0.143436    -0.109186
0.040459    -0.177655    -0.110166
0.066695    -0.098691    -0.096635
0.077198    -0.069234    -0.088576
0.066801    -0.135318    -0.096554
0.086703    -0.095604    -0.079646
0.098051    -0.121643    -0.064857
0.095751    -0.167638    -0.067854
0.090946    -0.139906    -0.074117
0.113161    -0.229816    -0.033263
0.110508    -0.162359    -0.039667
0.108915    -0.074207    -0.043514
0.115629    -0.122426    -0.020238
0.118227    -0.162981    -0.000506
0.116369    -0.14215    -0.014616
0.115392    -0.111797    -0.022035
0.116006    -0.099641    0.017408
0.117058    -0.094488    0.009421
0.115614    -0.14889    0.020385
0.108116    -0.088208    0.04548
0.104297    -0.093476    0.054698
0.108375    -0.083821    0.044854
0.109807    -0.112196    0.041397
0.087723    -0.21999    0.078354
0.093319    -0.122295    0.071061
0.087854    -0.1475    0.078183
0.083541    -0.23302    0.083746
0.073963    -0.072609    0.091095
0.071139    -0.069554    0.093262
0.059596    -0.071226    0.102119
-0.106663    -0.219249    -0.04893
-0.104801    -0.227295    -0.053426
-0.111576    -0.186235    -0.037067
-0.088138    -0.241367    -0.077765
-0.098436    -0.13882    -0.064345
-0.086652    -0.232892    -0.079701
-0.116595    -0.152462    -0.012835
-0.117588    -0.202316    -0.005294
-0.116915    -0.249686    -0.010407
-0.116201    -0.180379    -0.01583
-0.074694    -0.213635    -0.090491
-0.066007    -0.146314    -0.097157
-0.07052    -0.192057    -0.093694
-0.047433    -0.184191    -0.107275
-0.034759    -0.132938    -0.112525
-0.042424    -0.210228    -0.10935
-0.031795    -0.214333    -0.113752
-0.017012    -0.246794    -0.116033
-0.009713    -0.207479    -0.116994
-0.013566    -0.182348    -0.116486
-0.115444    -0.227248    0.021614
-0.114631    -0.186649    0.027785
-0.116471    -0.241613    0.013818
-0.114259    -0.147368    0.030611
-0.103884    -0.177023    0.055675
-0.103315    -0.093097    0.057051
-0.103891    -0.130669    0.055659
-0.084098    -0.135861    0.083067
-0.087214    -0.148302    0.079006
-0.091792    -0.206544    0.073039
-0.08525    -0.167077    0.081565
-0.082121    -0.143951    0.084828
-0.073342    -0.183275    0.091566
-0.082512    -0.213521    0.084529
-0.032272    -0.260045    0.113592
-0.035004    -0.26005    0.11246
-0.047998    -0.152494    0.107078
-0.052943    -0.144647    0.10503
-0.018111    -0.162762    0.115925
-0.01823    -0.196342    0.115909
-0.028615    -0.185355    0.114542
0.000306    -0.077369    0.11827
0.009514    -0.167401    0.117058
0.006576    -0.250625    0.117445
0.008165    -0.142069    0.117235
0.039669    -0.213322    0.110531
0.052777    -0.238182    0.105101
0.048973    -0.243001    0.106677
0.063799    -0.118416    0.098894
0.07107    -0.25689    0.093315
0.066797    -0.146944    0.096594
0.077407    -0.251007    0.088452
0.029908    -0.124523    -0.114336
0.008172    -0.21928    -0.117198
0.020879    -0.183907    -0.115525
0.05522    -0.260092    -0.104053
0.033702    -0.256156    -0.112966
0.05556    -0.210962    -0.103912
0.060408    -0.255953    -0.101459
0.083238    -0.261679    -0.083941
0.073622    -0.253247    -0.09132
0.069828    -0.241503    -0.094231
0.085936    -0.121308    -0.080646
0.089618    -0.184618    -0.075846
0.088957    -0.146665    -0.076708
0.110072    -0.204552    -0.040719
0.103527    -0.100036    -0.056521
0.106829    -0.237346    -0.048549
0.108511    -0.238874    -0.044488
0.115673    -0.237626    -0.019903
0.11453    -0.150968    -0.028586
0.114542    -0.107549    -0.028497
0.117874    -0.131618    0.003224
0.117708    -0.240113    0.004481
0.115818    -0.211296    0.018843
0.116281    -0.197728    0.015321
0.113238    -0.172749    0.033115
0.113361    -0.151463    0.032816
0.113004    -0.185876    0.033679
0.101687    -0.178219    0.060155
0.094912    -0.235912    0.068985
0.100204    -0.203115    0.062089
0.095738    -0.141597    0.067908
-0.109989    -0.095759    -0.041538
-0.106779    -0.139626    -0.049287
-0.116748    -0.106109    -0.013543
-0.084753    -0.182111    -0.082578
-0.08389    -0.192248    -0.083704
-0.075581    -0.089708    -0.090119
-0.076482    -0.088064    -0.089427
-0.057546    -0.24671    -0.10335
-0.057219    -0.2259    -0.103485
-0.027817    -0.234526    -0.114856
-0.117575    -0.209991    0.007301
-0.117296    -0.136188    0.009416
-0.114482    -0.185225    0.030728
-0.113798    -0.20215    0.03238
-0.095292    -0.126544    0.068879
-0.061209    -0.117953    0.101183
-0.062358    -0.153555    0.100302
-0.030871    -0.112038    0.114436
-0.041669    -0.187512    0.109963
-0.017725    -0.101624    0.116222
-0.001955    -0.13076    0.118298
0.022011    -0.170854    0.115659
0.042225    -0.102287    0.109736
0.051135    -0.147447    0.106046
0.083277    -0.150334    0.084256
0.076446    -0.107652    0.089498
0.088404    -0.146114    0.077867
0.10663    -0.142224    0.049704
0.103123    -0.102899    0.058171
0.013853    -0.167214    -0.116696
0.001861    -0.179977    -0.118274
0.040383    -0.138206    -0.110463
0.051363    -0.11679    -0.105915
0.074693    -0.134241    -0.090806
0.101758    -0.113193    -0.060426
0.096732    -0.106779    -0.066976
0.110163    -0.146861    -0.041136
0.110953    -0.121255    -0.039229
0.115037    -0.073613    -0.026599
0.116872    -0.077463    0.012694
0.11713    -0.108937    0.010735
-0.112591    -0.259816    -0.035256
-0.10996    -0.169734    -0.041608
-0.098384    -0.134563    -0.064813
-0.117297    -0.135334    -0.009375
-0.116736    -0.256831    -0.013633
-0.079376    -0.241153    -0.087207
-0.07269    -0.210011    -0.092337
-0.031759    -0.12726    -0.114031
-0.046109    -0.18371    -0.108087
-0.020517    -0.209365    -0.115817
-0.1147    -0.139371    0.029139
-0.11627    -0.157889    0.017209
-0.10378    -0.107974    0.056564
-0.105224    -0.233682    0.053077
-0.085448    -0.099112    0.08171
-0.072182    -0.195856    0.092764
-0.069745    -0.185626    0.094634
-0.050257    -0.258636    0.106406
-0.052166    -0.244595    0.105615
-0.016149    -0.243402    0.116429
-0.006008    -0.258508    0.117765
0.017765    -0.247475    0.116218
0.050042    -0.219357    0.106499
0.031981    -0.153007    0.11398
0.060816    -0.227484    0.101491
0.062986    -0.199787    0.099826
0.100568    -0.145611    0.062014
0.111717    -0.154585    0.037421
0.11424    -0.221317    0.031331
0.01094    -0.257404    -0.117079
0.025216    -0.254286    -0.1152
0.055403    -0.235926    -0.104241
0.052459    -0.221594    -0.105461
0.078846    -0.108779    -0.087619
0.087484    -0.23422    -0.079029
0.091334    -0.202028    -0.074012
0.109733    -0.235852    -0.042174
0.111348    -0.238132    -0.038275
0.116068    -0.210019    -0.018766
0.118007    -0.117572    0.004074
0.115038    -0.259048    0.026628
-0.080382    -0.262677    0.086436
-0.044657    0.254241    -0.00557
-0.048663    0.248379    -0.000572
-0.013909    0.251895    0.043233
-0.040579    0.216249    -0.023412
-0.020996    0.253324    0.039265
-0.042015    0.228452    0.024043
-0.008944    0.253579    0.045973
-0.023657    0.21397    -0.041123
-0.030369    0.235832    0.038036
0.007431    0.250507    0.045601
-0.021084    0.206481    0.030473
0.011962    0.252398    0.043259
0.02801    0.252077    -0.038546
0.020313    0.249264    -0.043391
-0.025123    0.257012    -0.026691
-0.019481    0.247959    -0.024121
-0.007495    0.257012    -0.015805
0.017766    0.248961    0.043773
0.003295    0.247959    -0.003552
0.034525    0.253128    -0.027349
0.014754    0.247959    -0.032791
0.012417    0.247959    0.002084
0.013474    0.256867    0.038138
0.025128    0.206603    -0.042603
0.032073    0.247959    -0.017391
0.041244    0.254094    -0.01464
0.036343    0.206481    0.020854
0.040589    0.255379    -0.012738
0.044668    0.224438    -0.020977
0.045761    0.223038    0.01784
0.047375    0.207209    -4.9e-05
0.048789    0.247282    0.006089
-0.03289    0.184956    0.029768
-0.039679    0.200847    0.005845
-0.016862    0.201459    0.03581
0.019555    0.203178    -0.032733
0.038393    0.201172    -0.011289
0.042411    0.194584    0.013832
0.044509    0.183132    -0.001141
-0.046618    0.181883    -0.008524
0.00384    0.181883    0.0531
0.006672    0.181883    0.054939
0.04505    0.181883    -0.021243
-0.037253    0.181036    0.044233
-0.039454    0.179015    -0.041762
-0.005419    0.178811    -0.053159
-0.006505    0.178811    0.052804
-0.041759    0.178811    -0.008206
0.029544    0.178811    -0.041528
0.004258    0.178811    0.047769
0.017118    0.178481    0.036716
0.035746    0.175836    0.014439
-0.035485    0.172003    0.015487
-0.024705    0.170135    0.030071
-0.038876    0.164597    0.007717
0.038891    0.16235    0.010305
0.036471    0.159049    -0.017746
0.017995    0.15581    -0.037003
-0.014845    0.15289    -0.039062
-0.039855    0.147247    -0.016712
0.028887    0.144494    0.033391
-0.027811    0.143433    0.034613
0.046662    0.137798    -0.000348
-0.001279    0.136544    -0.046981
-0.048459    0.131642    -0.005186
0.006942    0.134163    0.047153
0.048438    0.132759    0.001743
0.00081    0.126332    -0.051402
0.044278    0.127161    0.025535
-0.043672    0.120573    0.031781
0.016363    0.115726    -0.054656
0.049425    0.119518    0.02333
-0.054082    0.118468    0.011993
0.001744    0.111404    -0.059726
0.026347    0.111696    0.053257
0.055233    0.10973    -0.024901
-0.056365    0.106434    -0.028034
-0.063103    0.105224    0.008816
-0.020583    0.101287    -0.063593
-0.028283    0.101561    0.060219
-0.005099    0.100921    -0.066841
0.013907    0.09745    0.068658
0.048983    0.098512    -0.04934
0.028154    0.095527    0.06573
-0.061462    0.095442    0.012468
-0.039072    0.095442    -0.055774
-0.023529    0.095442    0.029129
0.002224    0.095417    -0.071881
0.009151    0.095442    -0.003982
-0.002691    0.095442    -0.062116
-0.005721    0.095442    -0.061585
0.019907    0.095442    -0.009648
0.045029    0.095442    -0.025855
0.056794    0.087322    -0.054573
0.064775    0.095442    0.014206
-0.054955    0.093086    0.049144
-0.039795    0.095442    -0.020425
-0.02349    0.089945    0.072671
-0.027883    0.095442    0.055741
-0.01277    0.095442    0.063216
-0.001692    0.095442    0.028156
0.013513    0.095442    -0.001585
0.03021    0.095442    -0.017391
0.025948    0.095442    0.058061
0.049251    0.095442    -0.028955
0.064221    0.095442    0.026084
0.003127    0.087172    -0.078659
0.074824    0.09171    0.003606
-0.017216    0.091147    0.073515
-0.080731    0.079222    -0.025369
0.025109    0.079262    -0.080803
-0.074255    0.082432    0.035015
0.03354    0.081169    0.075864
-0.062662    0.079235    -0.056784
0.052535    0.079458    -0.065723
-0.079887    0.082721    0.019817
0.026541    0.076465    0.082421
-0.07092    0.073894    -0.052129
0.046324    0.073179    -0.075933
-0.084251    0.071957    0.029725
0.008991    0.072881    0.088239
-0.0937    0.065292    -0.003228
0.043354    0.074087    -0.07716
0.094073    0.064178    0.005767
-0.017368    0.065136    0.09196
0.080432    0.068941    0.04383
0.006115    0.0634    -0.094421
0.092504    0.058063    -0.030752
-0.075373    0.060573    0.059344
0.058389    0.063334    0.074288
-0.096638    0.058074    0.010846
-0.007464    0.060244    -0.095916
0.09748    0.056657    0.01022
-0.014122    0.05838    0.096064
0.090517    0.053095    0.042412
-0.073256    0.044907    -0.074204
0.058331    0.048165    -0.083855
-0.096381    0.047162    0.035142
0.004551    0.051847    0.100715
-0.102541    0.043862    -0.0174
-0.038119    0.042464    -0.097362
0.08446    0.043145    -0.061178
-0.079643    0.04728    0.064493
0.032826    0.046937    0.097465
-0.106412    0.038914    -0.003458
0.005689    0.039718    -0.105816
0.104957    0.03107    -0.03086
-0.058931    0.037907    0.088812
0.068747    0.035288    0.082473
-0.104283    0.037871    -0.022505
0.011641    0.031964    -0.107845
0.095833    0.036682    -0.047613
-0.085943    0.030613    0.066972
0.043624    0.029052    0.10048
-0.109557    0.025117    -0.015459
-0.054172    0.027671    -0.096519
0.096076    0.019771    -0.059017
-0.097532    0.018803    0.057598
0.055682    0.019251    0.098513
-0.099152    0.022609    -0.051582
-0.050324    0.016344    -0.101583
0.078279    0.019749    -0.081299
-0.102272    0.020424    0.045702
-0.024088    0.025843    0.108238
0.0991    0.016856    0.056019
-0.087872    0.01231    -0.072684
0.038054    0.013011    -0.107428
0.112973    0.012972    0.014074
-0.042086    0.009607    0.106564
0.084063    0.014818    0.076832
-0.113714    0.006728    0.01841
-0.018808    0.006958    -0.113596
0.109007    0.006472    -0.037859
-0.081878    0.013557    0.080104
0.031957    0.005018    0.111805
-0.108396    -0.002339    -0.043017
-0.055902    0.00364    -0.102155
0.065481    -0.0025    -0.096761
-0.109093    -0.000688    0.040775
-0.014517    0.001019    0.115262
0.108301    0.001942    0.041756
-0.096822    -0.006315    -0.066265
-0.018313    -0.006058    -0.115713
0.114868    -0.002863    -0.021503
-0.083    -0.006192    0.083992
0.0312    0.002286    0.11263
-0.117729    -0.012243    -0.007971
-0.054552    -0.014834    -0.105048
0.09716    -0.017108    -0.067369
-0.114868    -0.015646    0.031047
-0.00106    -0.019328    0.119153
0.110206    -0.013134    0.041872
-0.08506    -0.012409    -0.082598
-0.008556    -0.014083    -0.117767
0.116965    -0.020299    -0.018061
-0.084104    -0.020417    0.084629
0.039922    -0.017795    0.111368
-0.115541    -0.030499    -0.029658
-0.058124    -0.022035    -0.104098
0.06877    -0.025845    -0.096498
-0.107045    -0.025896    0.05106
-0.00457    -0.030416    0.118868
0.084539    -0.025596    0.084399
-0.116819    -0.034002    0.019964
-0.018766    -0.032455    -0.116961
0.108123    -0.031723    -0.048429
-0.098818    -0.025932    0.065778
0.005542    -0.026311    0.118744
-0.089309    -0.037152    -0.077864
0.004431    -0.034918    -0.118845
0.115279    -0.043326    -0.027157
-0.073107    -0.037963    0.092921
0.078714    -0.038119    0.088611
-0.068579    -0.042304    -0.095976
0.067325    -0.042825    -0.096898
0.099002    -0.042907    0.064617
-0.010718    -0.043399    0.117455
-0.102876    -0.045812    0.058939
-0.007984    -0.046704    -0.117137
-0.104857    -0.047589    -0.050866
-0.081555    -0.048093    0.082606
-0.077793    -0.048612    0.083865
-0.068665    -0.049034    0.089596
-0.065041    -0.049456    0.091627
-0.065172    -0.04993    0.090755
-0.068339    -0.05128    0.086579
-0.074062    -0.052369    0.081144
-0.070098    -0.053313    0.083597
-0.069467    -0.054136    0.083656
-0.029793    -0.057088    0.104622
-0.052929    -0.057343    0.095003
-0.001814    -0.059459    0.108987
-0.012823    -0.059431    0.107534
0.025777    -0.061476    0.106551
0.007987    -0.060637    0.108545
0.010821    -0.062831    0.109306
0.003112    -0.06349    0.110826
0.001921    -0.065363    0.113053
-0.0017    -0.064698    0.112215
-0.023852    -0.065756    0.11073
-0.0796    -0.066586    0.083722
-0.116692    -0.066857    0.003052
-0.037254    -0.067573    0.111299
-0.038497    -0.263525    0.110987
-0.085719    -0.264394    -0.079939
0.098161    -0.265132    -0.062018
-0.09699    -0.265799    -0.058305
0.102426    -0.26545    0.051337
0.001603    -0.265935    0.112522
-0.083369    -0.266188    0.074026
0.103033    -0.266928    -0.03786
0.052386    -0.268541    -0.094695
-0.057085    -0.268552    -0.091721
-0.102753    -0.271368    -0.026535
0.092678    -0.271193    0.051869
0.043314    -0.271419    0.096065
-0.028957    -0.27273    0.101442
-0.090948    -0.273623    0.053111
0.102202    -0.275165    -0.021586
0.062552    -0.276349    -0.083149
0.0041    -0.278369    -0.104506
-0.03403    -0.279064    -0.098774
-0.106454    -0.282739    -0.001115
0.090866    -0.282683    0.055186
0.011352    -0.282413    0.104974
-0.03557    -0.28396    0.100717
-0.095796    -0.284191    0.047936
0.102904    -0.285375    -0.033624
0.042319    -0.286265    -0.100694
-0.03411    -0.286941    -0.105213
-0.103918    -0.287626    -0.042366
-0.019533    -0.287788    0.11111
0.047022    -0.28816    0.103055
-0.088334    -0.289809    -0.072942
-0.013104    -0.291196    -0.114632
0.096439    -0.292073    -0.064541
0.11619    -0.29236    0.005779
0.075998    -0.294309    0.088804
-0.097074    -0.294874    0.065507
-0.03103    -0.295632    0.113884
0.056523    -0.297279    0.103668
-0.087286    -0.298335    -0.079166
-0.050437    -0.29962    -0.10628
0.053719    -0.29999    -0.104899
0.102731    -0.30163    -0.058673
0.110611    -0.302949    0.039029
0.07335    -0.303807    0.091118
-0.098133    -0.304314    0.063921
-0.001979    -0.305781    0.117017
-0.101886    -0.30854    -0.053956
-0.032948    -0.309175    -0.110141
0.047376    -0.309314    -0.10407
0.112536    -0.310521    -0.013161
0.112993    -0.311189    -0.001592
0.089246    -0.311542    -0.066463
0.04967    -0.312807    -0.097444
-0.049541    -0.313259    -0.096802
-0.070988    -0.315045    -0.080134
-0.106549    -0.314994    -0.009235
-0.096207    -0.316964    -0.043966
0.0062    -0.315822    0.106366
-0.019609    -0.317472    0.103831
-0.037211    -0.31908    0.098279
-0.091156    -0.32029    0.053389
-0.099478    -0.321721    0.033687
-0.103317    -0.323146    0.019023
0.0662    -0.324515    0.081938
0.083213    -0.324936    0.064785
0.105467    -0.327481    0.017073
0.093587    -0.327345    -0.052852
0.062213    -0.329242    -0.088864
-0.018232    -0.330102    -0.107927
-0.068746    -0.330732    -0.086634
-0.111655    -0.331035    -0.004115
-0.091854    -0.331592    -0.065916
-0.033477    -0.331533    0.108116
0.075606    -0.331616    0.084626
0.093216    -0.331938    0.068552
-0.060404    -0.332615    -0.100935
-0.092235    -0.333439    0.072621
-0.10489    -0.460168    -0.053847
-0.103678    -0.475753    -0.056774
-0.106222    -0.465936    -0.050633
-0.104988    -0.59296    -0.05361
-0.109734    -0.446521    -0.042153
-0.107668    -0.512915    -0.047142
-0.115244    -0.55493    -0.024973
-0.11469    -0.417038    -0.029177
-0.115698    -0.562507    -0.021524
-0.11474    -0.520647    -0.028801
-0.114708    -0.613556    -0.029042
-0.114505    -0.444828    -0.030583
-0.089606    -0.364228    -0.076253
-0.093426    -0.353621    -0.071274
-0.087343    -0.53958    -0.079203
-0.090321    -0.461331    -0.075321
-0.092425    -0.353827    -0.07258
-0.093527    -0.369487    -0.071143
-0.072781    -0.335639    -0.092267
-0.071882    -0.408096    -0.092957
-0.081696    -0.416055    -0.085427
-0.075932    -0.394252    -0.089849
-0.07822    -0.353112    -0.088094
-0.082834    -0.638154    -0.084554
-0.058053    -0.547957    -0.10314
-0.049019    -0.44445    -0.106882
-0.051584    -0.350265    -0.105819
-0.04728    -0.468199    -0.107602
-0.044661    -0.3427    -0.108687
-0.046857    -0.382141    -0.107778
-0.026138    -0.525266    -0.115077
-0.029622    -0.512048    -0.114619
-0.029967    -0.518842    -0.114573
-0.019417    -0.538402    -0.115962
-0.02611    -0.542223    -0.115081
-0.118413    -0.35158    0.000928
-0.116292    -0.339784    0.017044
-0.117924    -0.531285    0.004649
-0.11844    -0.57294    0.000722
-0.116709    -0.462574    0.013876
-0.118414    -0.633897    0.000923
-0.112943    -0.552388    0.034445
-0.109123    -0.459491    0.043667
-0.110376    -0.530907    0.040641
-0.11423    -0.626989    0.031338
-0.113106    -0.501196    0.03405
-0.112669    -0.515327    0.035105
-0.097526    -0.481538    0.065968
-0.091017    -0.386054    0.074451
-0.095889    -0.504883    0.068102
-0.098634    -0.485922    0.064523
-0.101861    -0.355461    0.060318
-0.098234    -0.374882    0.065045
-0.060624    -0.483769    0.101632
-0.076066    -0.422929    0.089784
-0.075344    -0.401212    0.090337
-0.072105    -0.491515    0.092823
-0.066181    -0.519585    0.097368
-0.074699    -0.42616    0.090833
-0.038163    -0.529112    0.111416
-0.033083    -0.555214    0.11352
-0.040071    -0.443785    0.110625
-0.046443    -0.405879    0.107986
-0.032833    -0.366131    0.113623
-0.046351    -0.38381    0.108024
-0.012447    -0.461651    0.116917
-0.004914    -0.515336    0.117908
-0.026768    -0.359815    0.115031
-0.021706    -0.341356    0.115698
-1.5e-05    -0.630499    0.118553
-0.012268    -0.504426    0.11694
0.025175    -0.500819    0.115242
0.016153    -0.367998    0.11643
0.004238    -0.365224    0.117999
0.015046    -0.468078    0.116576
0.026978    -0.572036    0.115005
0.01405    -0.40454    0.116707
0.056571    -0.375454    0.103794
0.052803    -0.360815    0.105355
0.047262    -0.480399    0.10765
0.04389    -0.410098    0.109047
0.052793    -0.523666    0.105359
0.081064    -0.574712    0.085954
0.07541    -0.447042    0.090293
0.077466    -0.499671    0.088715
0.081875    -0.625207    0.085332
0.07025    -0.450366    0.094252
0.066759    -0.366933    0.096931
0.086878    -0.345889    0.079855
0.084219    -0.364833    0.083321
0.088381    -0.397779    0.077897
0.095197    -0.359344    0.069014
0.091277    -0.492575    0.074123
0.085866    -0.511921    0.081174
0.108061    -0.431307    0.046249
0.113056    -0.341232    0.03419
0.102712    -0.433526    0.059165
0.103854    -0.46091    0.056407
0.104298    -0.593325    0.055334
0.10943    -0.456782    0.042944
0.00745    -0.358054    -0.117539
0.007225    -0.420698    -0.117568
0.017138    -0.369936    -0.116263
0.015222    -0.36934    -0.116516
0.016639    -0.368295    -0.116329
0.001855    -0.362278    -0.118275
0.032562    -0.354912    -0.113702
0.032257    -0.564359    -0.113829
0.038414    -0.482785    -0.111278
0.036437    -0.367012    -0.112097
0.042899    -0.494283    -0.10942
0.031607    -0.494323    -0.114098
0.063399    -0.388518    -0.099472
0.059361    -0.530894    -0.102571
0.076058    -0.392704    -0.089759
0.059662    -0.376566    -0.10234
0.062243    -0.433593    -0.100359
0.05996    -0.510931    -0.102111
0.091264    -0.351719    -0.074103
0.091571    -0.440961    -0.073703
0.092133    -0.433359    -0.072971
0.095682    -0.345527    -0.068346
0.092799    -0.490818    -0.072102
0.088918    -0.393336    -0.07716
0.111087    -0.565594    -0.038907
0.108496    -0.34127    -0.045163
0.105494    -0.340836    -0.052409
0.112347    -0.523942    -0.035865
0.110126    -0.348889    -0.041226
0.118102    -0.498598    -0.003316
0.118312    -0.497546    -0.001719
0.116956    -0.460802    -0.012021
0.117576    -0.474073    -0.007312
0.116774    -0.514759    -0.013405
0.11777    -0.451905    -0.005841
0.115551    -0.553051    0.022728
0.115263    -0.51001    0.024921
0.115246    -0.339625    0.025047
0.117524    -0.41093    0.007747
0.117196    -0.363075    0.010236
0.115236    -0.349852    0.025119
-0.112667    -0.483796    -0.035073
-0.113489    -0.431755    -0.033088
-0.112054    -0.65122    -0.036553
-0.107637    -0.614261    -0.047217
-0.106569    -0.647029    -0.049793
-0.103529    -0.650926    -0.057133
-0.099995    -0.660273    -0.062713
-0.102139    -0.573128    -0.059919
-0.099811    -0.569485    -0.062953
-0.084956    -0.665621    -0.082314
-0.092759    -0.529705    -0.072144
-0.100605    -0.370365    -0.061917
-0.117127    -0.633917    -0.010666
-0.117915    -0.553442    -0.004673
-0.118403    -0.356825    -0.000967
-0.116357    -0.65175    -0.016512
-0.11664    -0.61467    -0.014365
-0.116517    -0.528059    -0.015299
-0.063011    -0.459988    -0.099764
-0.061121    -0.418392    -0.101214
-0.075416    -0.562022    -0.090246
-0.069152    -0.509124    -0.095051
-0.067625    -0.500112    -0.096224
-0.073713    -0.613219    -0.091552
-0.034059    -0.556412    -0.113078
-0.03366    -0.604779    -0.113244
-0.050948    -0.629052    -0.106083
-0.045579    -0.606846    -0.108307
-0.032276    -0.663178    -0.113817
-0.035267    -0.450328    -0.112578
-0.001058    -0.587288    -0.118379
-0.007108    -0.438876    -0.117583
-0.000839    -0.626749    -0.118408
-0.005377    -0.556226    -0.117811
-0.009031    -0.465    -0.11733
-0.117232    -0.646384    0.009901
-0.115321    -0.51029    0.024423
-0.115517    -0.481905    0.022931
-0.115102    -0.393779    0.026088
-0.116788    -0.656908    0.013277
-0.116681    -0.536316    0.014092
-0.103509    -0.397291    0.057217
-0.107507    -0.600631    0.047568
-0.110957    -0.603268    0.039239
-0.104028    -0.538785    0.055964
-0.104684    -0.401016    0.054381
-0.103595    -0.648033    0.057011
-0.09866    -0.625856    0.06449
-0.100713    -0.642923    0.061814
-0.096007    -0.597398    0.067948
-0.084545    -0.434772    0.082886
-0.09584    -0.637051    0.068165
-0.08816    -0.492952    0.078175
-0.074266    -0.614908    0.091165
-0.0732    -0.547609    0.091983
-0.082691    -0.356018    0.0847
-0.082823    -0.369358    0.084599
-0.07742    -0.542615    0.088745
-0.071927    -0.529148    0.09296
-0.047086    -0.491177    0.107719
-0.050018    -0.489293    0.106505
-0.058602    -0.477988    0.10295
-0.054878    -0.643426    0.104492
-0.056649    -0.475269    0.103759
-0.058546    -0.431238    0.102973
-0.021457    -0.535562    0.115731
-0.013693    -0.53307    0.116753
-0.003355    -0.642034    0.118114
-0.026114    -0.388919    0.115118
-0.028924    -0.459975    0.114748
-0.023282    -0.429252    0.11549
0.014929    -0.609075    0.116591
0.005709    -0.453924    0.117805
0.017754    -0.658488    0.116219
0.009521    -0.509816    0.117303
0.01114    -0.519005    0.11709
0.002507    -0.377747    0.118226
0.040043    -0.540833    0.11064
0.035931    -0.438333    0.112344
0.036711    -0.634368    0.112021
0.040862    -0.513464    0.110301
0.053832    -0.662594    0.104929
0.064218    -0.493002    0.09888
0.067049    -0.450231    0.096709
0.063923    -0.652598    0.099107
0.063859    -0.631809    0.099156
0.059753    -0.392068    0.102307
0.059686    -0.43252    0.102358
0.095596    -0.608936    0.068494
0.099676    -0.595083    0.063177
0.10214    -0.419273    0.059966
0.093911    -0.51732    0.07069
0.096392    -0.644007    0.067456
0.093816    -0.563719    0.070813
0.112595    -0.459475    0.035303
0.108469    -0.529048    0.045265
0.112123    -0.423827    0.036441
0.104789    -0.639532    0.05415
0.109606    -0.504755    0.042519
0.105359    -0.607792    0.052774
0.026279    -0.397868    -0.11506
0.019674    -0.64152    -0.115929
0.025339    -0.461584    -0.115184
0.021881    -0.459749    -0.115639
0.027805    -0.551163    -0.114859
0.012992    -0.558887    -0.116809
0.050897    -0.433503    -0.106107
0.0456    -0.587147    -0.108302
0.040352    -0.641611    -0.110475
0.051219    -0.590205    -0.105974
0.057055    -0.393403    -0.103557
0.055146    -0.483428    -0.104347
0.076852    -0.643872    -0.089149
0.079625    -0.654623    -0.087021
0.074788    -0.502211    -0.090733
0.074216    -0.596166    -0.091172
0.083738    -0.453313    -0.083866
0.079613    -0.657186    -0.087031
0.086089    -0.525674    -0.080847
0.088419    -0.640306    -0.07781
0.088286    -0.435515    -0.077984
0.087602    -0.599752    -0.078874
0.091496    -0.470482    -0.0738
0.086281    -0.524632    -0.080597
0.104925    -0.545711    -0.053783
0.103783    -0.522179    -0.056541
0.103697    -0.582727    -0.056749
0.11073    -0.651645    -0.039767
0.107173    -0.618513    -0.048355
0.110007    -0.573185    -0.041513
0.116596    -0.626508    -0.014758
0.114882    -0.409429    -0.027777
0.116605    -0.59951    -0.014689
0.115263    -0.408382    -0.02488
0.114642    -0.455064    -0.029594
0.11809    -0.513782    0.003448
0.117286    -0.638795    0.009552
0.117972    -0.394732    0.004344
0.115913    -0.616628    0.019978
0.117624    -0.516852    0.006983
0.117427    -0.462387    0.008481
-0.01788    -0.666657    -0.115967
-0.059072    -0.667225    -0.102222
-0.11379    -0.668536    -0.028085
-0.100762    -0.668761    -0.059809
-0.086926    -0.671355    -0.075343
-0.111236    -0.672083    -0.030239
0.115797    -0.671143    0.001422
0.109997    -0.674007    0.029335
0.113821    -0.673784    0.001674
0.109363    -0.67519    -0.026107
0.111192    -0.675815    0.007622
0.108729    -0.676982    0.016898
0.108206    -0.677397    -0.01716
-0.094741    -0.679092    -0.051704
-0.106673    -0.679754    -0.004385
-0.075844    -0.680106    -0.074849
-0.042139    -0.681261    -0.094696
-0.019515    -0.681423    -0.1016
0.04641    -0.681981    -0.091249
0.090289    -0.682246    -0.046939
-0.088845    -0.682836    0.046161
-0.02972    -0.683215    0.094219
0.047718    -0.683825    0.083674
0.095025    -0.683628    0.018222
-0.069225    -0.683882    -0.027039
-0.051628    -0.683882    -0.079397
-0.052574    -0.683882    -0.04547
-0.02924    -0.683882    -0.080154
-0.035768    -0.683882    -0.012317
-0.031003    -0.683882    -0.058974
-0.000725    -0.683882    -0.063506
-0.014417    -0.683882    -0.048054
0.019751    -0.683882    -0.086327
0.022336    -0.683882    0.066987
0.023371    -0.683882    0.075345
0.045701    -0.683882    0.04071
0.044947    -0.683882    -0.040979
0.06112    -0.683882    -0.057911
0.058965    -0.683882    -0.070993
0.08244    -0.683882    0.024135
-0.076224    -0.683882    0.032696
-0.061468    -0.683882    0.035779
-0.057786    -0.683882    0.013476
-0.044597    -0.683882    0.084108
-0.03668    -0.683882    0.086159
-0.021044    -0.683882    0.077638
-0.010577    -0.683882    0.063149
-0.014024    -0.683882    0.010435
0.006576    -0.683882    0.037157
0.005477    -0.683882    0.070386
0.025071    -0.683882    0.04825
0.024938    -0.683882    -0.038121
0.030658    -0.683882    0.005731
0.054267    -0.683882    0.003365
0.063699    -0.683882    0.042178
0.074221    -0.683882    0.041633
-0.024797    -0.068372    -0.115187
-0.109362    -0.081478    -0.043052
-0.116274    -0.128445    -0.017142
-0.114855    -0.197337    -0.027927
-0.086794    -0.105518    -0.079918
-0.093474    -0.077988    -0.071212
-0.083102    -0.121257    -0.084348
-0.080706    -0.090374    -0.086187
-0.056388    -0.120101    -0.10383
-0.013566    -0.093645    -0.116733
-0.010767    -0.129812    -0.117101
-0.117415    -0.111626    0.008517
-0.11604    -0.125012    0.018961
-0.113312    -0.189884    0.033554
-0.100072    -0.21157    0.06265
-0.087675    -0.0791    0.078807
-0.070241    -0.083444    0.094254
-0.064079    -0.086602    0.098981
-0.030775    -0.11967    0.114475
-0.033984    -0.219116    0.113146
-0.014471    -0.14957    0.11665
0.017754    -0.14583    0.116219
0.021812    -0.096937    0.115685
0.043993    -0.121705    0.109004
0.047251    -0.115319    0.107655
0.076741    -0.127584    0.089271
0.092954    -0.107857    0.071937
0.087592    -0.209769    0.078925
0.104329    -0.093628    0.055259
0.105983    -0.159415    0.051267
0.009369    -0.128261    -0.117286
0.003499    -0.221789    -0.118059
0.050437    -0.107519    -0.106298
0.061086    -0.130951    -0.101247
0.063052    -0.074368    -0.099738
0.092454    -0.104901    -0.072552
0.086786    -0.072334    -0.079938
0.109414    -0.11701    -0.042946
0.118536    -0.085129    -2e-05
0.115446    -0.100302    -0.023487
0.114652    -0.238687    0.029557
0.115391    -0.086698    0.023949
-0.108159    -0.204572    -0.045956
-0.112677    -0.24014    -0.03505
-0.096896    -0.187263    -0.066752
-0.118352    -0.255207    -0.001356
-0.118341    -0.122342    -0.001437
-0.063751    -0.186676    -0.099196
-0.064603    -0.210388    -0.098542
-0.033524    -0.20842    -0.1133
-0.003623    -0.092668    -0.118041
-0.010705    -0.18034    -0.117109
-0.116187    -0.194325    0.017842
-0.11659    -0.220449    0.014781
-0.105886    -0.160328    0.051479
-0.084213    -0.073946    0.08332
-0.084688    -0.082822    0.0827
-0.083139    -0.168574    0.084356
-0.081791    -0.195824    0.085391
-0.046822    -0.22934    0.107829
-0.052935    -0.239833    0.105297
-0.00397    -0.242678    0.118033
0.016823    -0.175938    0.116342
0.006571    -0.200828    0.117691
0.050777    -0.244287    0.106194
0.042068    -0.167172    0.109802
0.067056    -0.20728    0.096703
0.0869    -0.257869    0.079827
0.102426    -0.22496    0.059594
0.111636    -0.212181    0.037617
0.114439    -0.214167    0.03085
0.014809    -0.199662    -0.11657
0.0226    -0.25295    -0.115544
0.052953    -0.246348    -0.105256
0.08097    -0.141574    -0.085989
0.061444    -0.251345    -0.100972
0.089578    -0.137905    -0.0763
0.101156    -0.257363    -0.061212
0.104056    -0.235984    -0.055881
0.114928    -0.153244    -0.027429
0.115838    -0.183764    -0.020513
0.116456    -0.227705    0.015856
0.116853    -0.214897    0.012838
