-0.227878    -0.448457    -0.019924
-0.221498    -0.448457    0.055145
-0.230066    -0.310755    0.041017
-0.227569    -0.323072    0.052314
-0.232578    -0.186124    0.029652
-0.230663    -0.176258    0.038319
-0.233097    -0.264135    0.027302
-0.233194    -0.425062    -0.011988
-0.231956    -0.208411    -0.039912
-0.232318    -0.360303    -0.031757
-0.233069    -0.396943    -0.014822
-0.232577    -0.224216    -0.025913
-0.232762    -0.377904    -0.02173
-0.213595    -0.189398    -0.098989
-0.217941    -0.201952    -0.085238
-0.219041    -0.233879    -0.081757
-0.221713    -0.322491    -0.073303
-0.216097    -0.167916    -0.091072
-0.214605    -0.448457    0.02062
-0.208759    -0.448457    0.018723
-0.214236    -0.448457    0.076291
-0.222607    -0.359377    0.074765
-0.226515    -0.080783    0.057085
-0.222922    -0.301483    0.07334
-0.22578    -0.14244    0.060411
-0.22363    -0.274908    0.070136
-0.234185    -0.087101    0.01036
-0.234504    -0.078506    0.017546
-0.233689    -0.274753    -0.000828
-0.234097    -0.099714    0.008367
-0.234245    -0.201517    0.011705
-0.230255    -0.286105    -0.046272
-0.223584    -0.224398    -0.067382
-0.230443    -0.35168    -0.045678
-0.222004    -0.216414    -0.072383
-0.23189    -0.447129    -0.041098
-0.226269    -0.252526    -0.058887
-0.211723    -0.256974    -0.102268
-0.196951    -0.235111    -0.125423
-0.192206    -0.067276    -0.13286
-0.190905    -0.171481    -0.134899
-0.189915    -0.157043    -0.136451
-0.209894    -0.448457    -0.072641
-0.193125    -0.448457    -0.114752
-0.193917    -0.448457    0.009486
-0.191312    -0.448457    0.086439
-0.21215    -0.282257    0.098127
-0.218847    -0.34713    0.085242
-0.216289    -0.294966    0.090163
-0.219561    -0.253671    0.083867
-0.209577    -0.384889    0.103077
-0.218435    -0.294491    0.086033
-0.219293    -0.05025    -0.023509
-0.206704    -0.408274    -0.110135
-0.197681    -0.376843    -0.124279
-0.194123    -0.38617    -0.129855
-0.197929    -0.382809    -0.12389
-0.205528    -0.432408    -0.111979
-0.193128    -0.05025    -0.013118
-0.192711    -0.05025    -0.043931
-0.17882    -0.448457    -0.012033
-0.172212    -0.448457    -0.049157
-0.173276    -0.448457    0.084662
-0.185085    -0.448457    -0.035845
-0.186654    -0.448457    0.099657
-0.183839    -0.448457    -0.050743
-0.195585    -0.081841    0.129998
-0.20453    -0.189033    0.112788
-0.195487    -0.38224    0.130188
-0.19586    -0.219377    0.129469
-0.213631    -0.104001    0.095278
-0.209089    -0.05025    -0.041106
-0.173481    -0.155987    -0.157754
-0.159229    -0.388707    -0.170796
-0.147204    -0.386009    -0.181801
-0.155006    -0.310194    -0.174661
-0.175666    -0.268885    -0.155755
-0.139741    -0.412431    -0.18863
-0.180142    -0.05025    0.051572
-0.174191    -0.05025    0.041105
-0.179541    -0.05025    -0.047178
-0.154268    -0.448457    -0.13019
-0.142846    -0.448457    -0.095635
-0.159468    -0.448457    -0.058025
-0.148751    -0.448457    -0.114474
-0.140992    -0.448457    -0.145318
-0.162308    -0.448457    -0.098339
-0.15964    -0.448457    0.066559
-0.174752    -0.241539    0.154907
-0.186858    -0.295258    0.141678
-0.190825    -0.130432    0.137342
-0.190902    -0.42309    0.137258
-0.176402    -0.31908    0.153103
-0.135441    -0.301958    -0.192565
-0.142125    -0.236903    -0.186449
-0.168796    -0.138827    -0.162041
-0.152772    -0.247327    -0.176705
-0.134965    -0.390576    -0.193001
-0.169705    -0.131037    -0.161209
-0.180396    -0.103304    0.148739
-0.156882    -0.327411    0.174434
-0.16643    -0.066056    0.164
-0.16766    -0.094163    0.162657
-0.162935    -0.074844    0.16782
-0.137869    -0.05025    -0.170159
-0.140165    -0.05025    -0.154867
-0.15335    -0.05025    -0.101576
-0.148013    -0.05025    0.067169
-0.141495    -0.448457    -0.042988
-0.128003    -0.448457    0.017693
-0.140962    -0.448457    0.056266
-0.131485    -0.448457    -0.086637
-0.138055    -0.448457    0.092056
-0.130094    -0.448457    0.099141
-0.123129    -0.448457    0.088964
-0.136538    -0.448457    0.111904
-0.136084    -0.448457    -0.001075
-0.101383    -0.393923    -0.210458
-0.100276    -0.342567    -0.211033
-0.128223    -0.362764    -0.196508
-0.132269    -0.445829    -0.194405
-0.131252    -0.092719    -0.194934
-0.144176    -0.290694    0.184987
-0.134015    -0.263364    0.191469
-0.149084    -0.080841    0.181856
-0.135427    -0.218356    0.190568
-0.12127    -0.12906    0.1996
-0.138886    -0.240118    0.188362
-0.145947    -0.05025    0.067256
-0.119317    -0.05025    0.008061
-0.131636    -0.05025    -0.091435
-0.143473    -0.05025    0.165406
-0.112965    -0.448457    -0.181197
-0.107195    -0.448457    -0.183815
-0.103642    -0.448457    0.058851
-0.091156    -0.448457    -0.187726
-0.119221    -0.448457    -0.179886
-0.118646    -0.448457    -0.13643
-0.114038    -0.448457    -0.171638
-0.108136    -0.448457    -0.010178
-0.114986    -0.448457    0.020555
-0.117563    -0.448457    -0.194031
-0.105837    -0.211366    0.209446
-0.125699    -0.3574    0.196775
-0.122354    -0.383442    0.198909
-0.122207    -0.27653    0.199003
-0.106444    -0.353854    0.209059
-0.124849    -0.43154    0.197317
-0.082661    -0.277444    -0.220188
-0.089851    -0.123546    -0.216451
-0.107788    -0.181905    -0.207129
-0.098552    -0.145775    -0.211929
-0.080598    -0.333464    -0.22126
-0.123884    -0.05025    -0.13437
-0.120983    -0.05025    -0.071475
-0.052501    -0.448457    0.16611
-0.096459    -0.448457    0.199035
-0.059542    -0.448457    0.137911
-0.085061    -0.448457    0.031317
-0.060566    -0.448457    0.173198
-0.051707    -0.448457    0.148392
-0.07816    -0.448457    -0.013583
-0.094947    -0.448457    0.144169
-0.073455    -0.448457    0.009133
-0.051392    -0.448457    0.181081
-0.0637    -0.448457    0.018719
-0.077044    -0.448457    0.097029
-0.076324    -0.179678    0.220758
-0.064388    -0.085314    0.22453
-0.093071    -0.360064    0.215466
-0.093576    -0.077469    0.215306
-0.094894    -0.096082    0.21489
-0.133644    -0.05025    -0.191286
-0.0891    -0.05025    -0.12677
-0.123622    -0.05025    -0.147264
-0.074993    -0.092215    -0.222557
-0.047364    -0.361031    -0.228663
-0.057538    -0.415206    -0.226415
-0.079223    -0.436628    -0.221622
-0.043323    -0.299756    -0.229557
-0.092808    -0.05025    0.099455
-0.040345    -0.448457    -0.202898
-0.041049    -0.448457    0.174862
-0.04057    -0.448457    -0.15529
-0.043577    -0.448457    -0.163618
-0.05892    -0.448457    -0.092979
-0.044809    -0.448457    0.036689
-0.0699    -0.448457    -0.206354
-0.039435    -0.448457    -0.227997
-0.065573    -0.448457    -0.093307
-0.049429    -0.448457    0.0547
-0.067651    -0.448457    -0.107305
-0.045507    -0.448457    -0.173373
-0.049076    -0.208712    0.229369
-0.063269    -0.225545    0.224884
-0.043788    -0.348155    0.23104
-0.054778    -0.373016    0.227567
-0.0537    -0.347698    0.227908
-0.050195    -0.308793    0.229016
-0.053403    -0.05025    0.210965
-0.082439    -0.05025    0.167868
-0.021296    -0.37272    -0.234425
-0.039014    -0.242908    -0.230509
-0.063435    -0.07898    -0.225111
-0.039306    -0.10049    -0.230444
-0.034924    -0.089587    -0.231413
-0.0282    -0.371551    -0.232899
-0.090599    0.032325    0.020272
-0.091475    0.09117    0.016307
-0.092696    -0.028446    -0.005292
-0.092376    0.008014    -0.01251
-0.0197    -0.448457    0.216569
-0.006601    -0.448457    0.104723
-0.032139    -0.448457    0.113135
0.002894    -0.448457    0.090224
-0.012876    -0.448457    0.108997
-0.03052    -0.448457    0.11406
-0.018972    -0.448457    -0.175621
-0.013309    -0.448457    -0.022502
-0.01525    -0.448457    0.001403
-0.003797    -0.448457    0.192154
0.002689    -0.448457    0.038407
-0.025725    -0.448457    0.135719
-0.018343    -0.273737    0.232913
-0.03711    -0.051946    0.232081
-0.035742    -0.078424    0.232141
-0.037137    -0.234046    0.232079
0.011221    -0.06323    0.234223
-0.028506    -0.191838    0.232462
-0.091144    -0.02559    -0.019686
-0.084883    0.228207    -0.039496
-0.081483    -0.05025    -0.12642
-0.046789    -0.05025    -0.228024
-0.065427    -0.05025    -0.208729
0.00901    -0.334684    -0.233326
-0.006964    -0.291744    -0.234035
0.012338    -0.409464    -0.233179
0.00372    -0.443318    -0.233561
-0.014584    -0.284556    -0.234372
-0.090939    0.187666    0.018734
-0.091455    0.231164    0.016401
-0.093244    0.024411    0.007083
-0.093023    0.11491    0.002087
-0.089114    0.098663    -0.026109
-0.09108    0.262315    -0.019889
0.017605    -0.448457    -0.052217
0.024915    -0.448457    0.034779
0.031504    -0.448457    -0.038162
-0.001617    -0.448457    -0.214832
0.009337    -0.448457    -0.221156
0.008523    -0.448457    -0.034819
0.020217    -0.448457    -0.222691
0.01025    -0.448457    -0.223394
0.019881    -0.448457    -0.223896
-0.00452    -0.448457    -0.14674
0.013759    -0.448457    0.069032
0.023013    -0.448457    0.096845
0.001131    -0.448457    -0.060673
0.019785    -0.334685    0.234603
-0.014515    -0.315363    0.233082
0.007395    -0.411199    0.234054
-0.023503    -0.367904    0.232684
0.017533    -0.084388    0.234503
-0.022931    -0.05025    0.139601
-0.018383    -0.05025    0.199653
-0.065502    -0.05025    0.083992
-0.082103    -0.045635    0.04334
-0.084391    0.097792    0.038939
-0.084296    0.006202    -0.040484
-0.076303    0.281088    -0.053012
-0.079079    0.08834    -0.048661
-0.037129    -0.05025    -0.156498
0.039621    -0.180476    -0.231969
0.032763    -0.286892    -0.232273
0.017498    -0.259288    -0.23295
0.033786    -0.08886    -0.232228
-0.011311    -0.088926    -0.234227
-0.085185    0.299604    -0.038448
0.04564    -0.448457    0.151618
0.03779    -0.448457    0.05672
0.05633    -0.448457    0.181144
0.044081    -0.448457    0.143407
0.051669    -0.448457    0.133272
0.047426    -0.448457    0.129165
0.066779    -0.448457    0.148191
0.061787    -0.448457    0.162138
0.032016    -0.448457    -0.012087
0.025462    -0.448457    0.156319
0.034118    -0.448457    0.163329
0.040335    -0.448457    -0.014504
0.038124    -0.243973    0.230706
0.044565    -0.25978    0.229282
0.02483    -0.310989    0.233644
0.03978    -0.170011    0.23034
0.056344    -0.065092    0.226679
-0.044424    -0.05025    0.084436
-0.013775    -0.05025    0.145115
-0.070939    0.124598    0.059999
-0.075962    0.031038    0.05451
-0.077757    0.101622    0.051703
-0.083909    0.233518    0.039866
-0.067407    -0.03875    -0.06416
-0.063195    -0.04406    -0.068014
0.002718    -0.05025    -0.17446
-0.003186    -0.05025    -0.187261
0.051808    -0.168835    -0.228506
0.067416    -0.361958    -0.223573
0.06512    -0.317028    -0.224299
0.084301    -0.370923    -0.218237
0.053264    -0.146967    -0.228045
0.042115    -0.197143    -0.231569
0.08582    -0.448457    0.061813
0.063975    -0.448457    -0.223126
0.056458    -0.448457    -0.197497
0.087074    -0.448457    -0.198326
0.079464    -0.448457    -0.166467
0.071316    -0.448457    -0.102685
0.079339    -0.448457    -0.156905
0.091044    -0.448457    -0.029947
0.068247    -0.448457    -0.213928
0.078826    -0.448457    -0.198989
0.08338    -0.448457    0.010703
0.077801    -0.448457    0.067434
0.045456    -0.283095    0.229085
0.04889    -0.340898    0.228326
0.073847    -0.40484    0.22281
0.064656    -0.203298    0.224841
0.04947    -0.445977    0.228198
0.051621    -0.05025    0.204296
0.050161    -0.05025    0.190097
-0.039863    0.039318    0.084692
-0.040149    -0.047237    0.08451
0.00916    -0.05025    0.107581
-0.016576    0.160094    0.092127
-0.064793    0.206494    0.066715
-0.062898    0.13043    0.068786
-0.071535    0.299604    -0.031412
-0.059987    0.159797    -0.070949
-0.056036    0.081991    -0.074565
-0.050813    0.221718    -0.078219
-0.034203    -0.050144    -0.086853
0.029626    -0.05025    -0.197754
0.087927    -0.08612    -0.217091
0.079845    -0.203739    -0.219645
0.059775    -0.132768    -0.225988
0.085933    -0.221084    -0.217721
0.072622    -0.057501    -0.221928
0.096379    -0.136576    -0.21442
0.112267    -0.448457    0.191831
0.099844    -0.448457    0.072707
0.106743    -0.448457    0.007705
0.121388    -0.448457    0.166974
0.100382    -0.448457    0.076802
0.097856    -0.448457    -0.152625
0.09525    -0.448457    0.138322
0.107661    -0.448457    0.074622
0.098998    -0.448457    -0.072447
0.118252    -0.448457    0.199556
0.117638    -0.085859    0.202009
0.097968    -0.268695    0.212233
0.09548    -0.289731    0.213526
0.127937    -0.071918    0.196657
0.116728    -0.152328    0.202482
0.013562    -0.05025    0.132754
0.065812    -0.05025    0.145923
-0.048869    0.218605    0.078946
-0.05215    0.212265    0.076853
-0.037014    0.208598    0.085668
-0.03771    0.168075    0.085448
-0.003218    0.007666    0.092788
0.00447    0.06617    0.093128
-0.007677    0.287746    0.09259
-0.009525    0.135723    0.092508
-0.032701    0.289509    -0.087633
-0.032631    0.075083    -0.08767
-0.028846    0.033074    -0.088704
-0.031737    0.077108    -0.088065
-0.00447    0.109781    -0.093128
0.001495    0.117174    -0.092864
0.038026    -0.05025    -0.176839
0.067878    -0.05025    -0.200429
0.052174    -0.05025    -0.166253
0.108753    -0.18887    -0.207586
0.107211    -0.411931    -0.208569
0.100706    -0.359282    -0.21272
0.136525    -0.397083    -0.189868
0.11986    -0.356374    -0.2005
0.120586    -0.448457    0.004978
0.119669    -0.448457    -0.153917
0.128501    -0.448457    -0.189341
0.12511    -0.448457    -0.099165
0.133776    -0.448457    0.024744
0.133439    -0.448457    -0.073165
0.144604    -0.448457    -0.043589
0.111454    -0.448457    -0.192699
0.132041    -0.448457    -0.166088
0.116836    -0.274047    0.202426
0.113036    -0.338463    0.204401
0.125716    -0.128617    0.197811
0.100285    -0.346624    0.211028
0.106902    -0.403674    0.207589
0.100516    -0.05025    0.142648
0.107317    -0.05025    0.188277
0.086835    -0.05025    0.059436
0.016864    -0.021615    0.091352
0.026479    -0.038503    0.089227
0.046637    0.160927    0.08039
0.042347    -0.03092    0.08262
-0.049762    0.299604    0.009544
-0.026789    0.299604    0.07099
0.027553    0.274382    0.08899
0.018747    0.215512    0.090936
-0.040719    0.299604    0.028123
-0.008279    0.021808    -0.093249
-0.02314    0.290951    -0.089965
0.013386    0.143305    -0.092337
0.012741    0.114068    -0.092366
0.037175    -0.049213    -0.085617
0.024938    0.02647    -0.089484
0.087793    -0.05025    -0.162547
0.14534    -0.198492    -0.184244
0.120302    -0.063646    -0.200218
0.150979    -0.141611    -0.180647
0.145681    -0.365178    -0.184027
0.130822    -0.16535    -0.193506
0.149983    -0.448457    0.169094
0.151647    -0.448457    -0.131422
0.155583    -0.448457    3e-06
0.146906    -0.448457    0.056318
0.158386    -0.448457    0.08044
0.15767    -0.448457    0.08404
0.164965    -0.448457    0.057411
0.171222    -0.448457    0.069974
0.149613    -0.079691    0.179596
0.140372    -0.366882    0.188053
0.155911    -0.256789    0.173832
0.150013    -0.284764    0.17923
0.142988    -0.104348    0.185659
0.075615    -0.05025    0.122968
0.040658    0.200206    0.083498
0.043713    0.281634    0.08191
0.069421    -0.020554    0.062317
0.06357    0.13424    0.067671
0.063467    0.242871    0.067765
0.054435    0.049576    0.07603
-0.020777    0.299604    -0.004019
0.023695    0.299604    0.038937
0.000474    0.299604    -0.083631
0.037307    0.175708    -0.085575
0.03442    0.236729    -0.086487
0.041357    0.045113    -0.083739
0.073709    0.017954    -0.056971
0.063638    -0.012031    -0.067977
0.087545    -0.05025    -0.050404
0.131279    -0.05025    0.048653
0.117933    -0.05025    -0.142808
0.112695    -0.05025    -0.119707
0.127194    -0.05025    -0.047873
0.152846    -0.344774    -0.178844
0.159658    -0.15637    -0.1714
0.180557    -0.065736    -0.148563
0.152519    -0.080059    -0.179202
0.155657    -0.383272    -0.175773
0.151688    -0.443245    -0.180109
0.179358    -0.448457    -0.118579
0.183806    -0.448457    0.052119
0.17146    -0.448457    -0.145417
0.158393    -0.448457    -0.109628
0.18272    -0.448457    -0.047688
0.164793    -0.278042    0.165705
0.157673    -0.299768    0.17222
0.163468    -0.248572    0.166917
0.170352    -0.169174    0.160617
0.174615    -0.353939    0.156716
0.165764    -0.348604    0.164816
0.154392    -0.05025    0.044761
0.15463    -0.05025    -0.087739
0.15338    -0.05025    -0.015805
0.072878    0.100015    0.05838
0.072291    -0.04516    0.059301
0.130132    -0.05025    0.172082
0.089509    -0.033726    0.024857
0.088193    0.058257    0.029021
0.063245    0.299604    0.048441
0.02915    0.299604    -0.030249
0.057485    0.225953    -0.073449
0.05687    0.186025    -0.073842
0.063899    0.242576    -0.067692
0.070189    0.27226    -0.060818
0.080572    0.278782    -0.046286
0.078354    0.096444    -0.050554
0.083332    0.1494    -0.040976
0.084431    0.011811    -0.038863
0.113839    -0.05025    -0.043544
0.109627    -0.05025    -0.049202
0.182917    -0.165503    -0.145984
0.18786    -0.359502    -0.140582
0.192214    -0.175889    -0.135824
0.180157    -0.342708    -0.149
0.171722    -0.38831    -0.158217
0.190634    -0.337811    -0.137551
0.176719    -0.05025    0.091045
0.18396    -0.05025    0.053827
0.188318    -0.05025    -0.055035
0.194988    -0.448457    0.035605
0.205479    -0.448457    0.098453
0.199511    -0.448457    0.040706
0.193004    -0.448457    -0.015024
0.197224    -0.267172    0.124994
0.204843    -0.380883    0.113052
0.199654    -0.36576    0.121186
0.189047    -0.413216    0.137812
0.18932    -0.269895    0.137385
0.082927    0.010557    0.04263
0.080637    0.114433    0.04622
0.092536    0.06908    0.008885
0.092271    0.040888    0.014877
0.086358    0.268653    0.034829
0.089791    0.25929    0.023966
0.073553    0.299604    -0.028097
-0.004838    -0.048893    0.00148
0.092111    0.295645    -0.013432
0.091487    0.27223    -0.016253
0.092038    0.093343    -0.01376
0.092265    0.044753    -0.012732
0.196599    -0.381124    -0.128047
0.197458    -0.119869    -0.126395
0.199951    -0.165506    -0.121598
0.198189    -0.161635    -0.124989
0.208509    -0.156198    -0.105131
0.191924    -0.05025    0.086249
0.198475    -0.05025    0.024208
0.217738    -0.448457    -0.051898
0.20729    -0.448457    0.011377
0.212674    -0.448457    -0.09664
0.206298    -0.097041    0.110772
0.197873    -0.169424    0.123978
0.2008    -0.060305    0.119389
0.213178    -0.073159    0.099987
0.207012    -0.308518    0.109653
0.082321    0.299604    0.024368
0.092801    0.109656    0.002906
0.092698    0.230011    0.005249
-0.003807    0.295596    0.00331
0.200854    -0.367907    -0.119862
0.2134    -0.26769    -0.095722
0.220929    -0.332813    -0.081234
0.21544    -0.283142    -0.091796
0.218468    -0.377809    -0.085971
0.196616    -0.42951    -0.128016
0.21095    -0.05025    -0.051337
0.220336    -0.448457    0.065957
0.216649    -0.36973    0.089328
0.219881    -0.402761    0.0791
0.225422    -0.3217    0.061566
0.216128    -0.203988    0.090975
0.215224    -0.277018    0.093836
0.216106    -0.338918    0.091043
0.004676    -0.026185    0.00194
0.23348    -0.074118    -0.025571
0.226011    -0.117377    -0.059363
0.22229    -0.123327    -0.0762
0.221372    -0.275379    -0.080356
0.221399    -0.250873    -0.080233
0.226716    -0.200615    -0.056177
0.226253    -0.448457    -0.031453
0.222261    -0.210534    0.071567
0.222819    -0.094658    0.069802
0.217502    -0.091373    0.086627
0.23156    -0.400006    0.042142
0.227576    -0.199182    0.054749
0.003838    0.193553    -0.003277
-0.00273    0.042436    0.004241
0.234118    -0.38268    -0.022685
0.23201    -0.265111    -0.032223
0.227861    -0.322626    -0.050996
0.233396    -0.347794    -0.02595
0.23229    -0.34241    -0.030956
0.22833    -0.397165    -0.048871
0.232745    -0.396202    0.022114
0.234268    -0.40269    -0.012231
0.232376    -0.148693    0.030458
0.231923    -0.230725    0.040668
0.232853    -0.378228    0.019698
0.002193    0.222079    -0.004584
-1e-06    0.010721    0.005048
0.234447    -0.244068    -0.016271
0.234344    -0.352757    -0.013953
0.234596    -0.4379    -0.019618
0.23218    -0.084699    0.03486
0.233425    -0.16112    0.006786
0.001521    0.291082    -0.004809
0.003117    -0.033412    0.003984
0.000461    0.182248    -0.005028
-0.229978    -0.269041    0.041415
-0.2302    -0.250966    0.040413
-0.23277    -0.40269    0.028784
-0.229375    -0.425036    0.044144
-0.233658    -0.39347    0.024764
-0.231921    -0.060297    -0.040709
-0.232059    -0.13533    -0.03759
-0.234017    -0.422627    0.006558
-0.233125    -0.406112    -0.01355
-0.233665    -0.330355    -0.001362
-0.232155    -0.185893    -0.035433
-0.215412    -0.291227    -0.09324
-0.219211    -0.447971    -0.08122
-0.227706    -0.391365    -0.05434
-0.230793    -0.447541    -0.044569
-0.222905    -0.281506    -0.069532
-0.223486    -0.3607    0.070788
-0.222444    -0.415919    0.075506
-0.227613    -0.083392    0.052116
-0.221824    -0.280499    0.078309
-0.222706    -0.275974    0.074318
-0.228469    -0.208012    0.048245
-0.233732    -0.275066    0.000146
-0.234107    -0.269309    0.008592
-0.233925    -0.12557    0.004497
-0.233609    -0.081503    -0.002636
-0.234023    -0.321444    0.0067
-0.229177    -0.083954    -0.049685
-0.226095    -0.238426    -0.059435
-0.216311    -0.064628    -0.090396
-0.225075    -0.285951    -0.062665
-0.23128    -0.106752    -0.043027
-0.21868    -0.09053    -0.0829
-0.212093    -0.307777    -0.101689
-0.206523    -0.31407    -0.110418
-0.200746    -0.21686    -0.119474
-0.199277    -0.089614    -0.121777
-0.190469    -0.124363    -0.135583
-0.219378    -0.142894    0.084219
-0.213488    -0.213434    0.095552
-0.214557    -0.41207    0.093495
-0.221286    -0.128381    0.080548
-0.201532    -0.430553    0.118557
-0.228557    -0.05025    0.040081
-0.185541    -0.193886    -0.143307
-0.18657    -0.179544    -0.141694
-0.182752    -0.440089    -0.147678
-0.193563    -0.347283    -0.130733
-0.182819    -0.23492    -0.147574
-0.181675    -0.09416    -0.149367
-0.197023    -0.05025    -0.020622
-0.187905    -0.05025    -0.067259
-0.201576    -0.07634    0.118472
-0.196034    -0.336221    0.129135
-0.198353    -0.36058    0.124672
-0.211217    -0.132407    0.099923
-0.213471    -0.052512    0.095585
-0.19909    -0.05025    0.076645
-0.17239    -0.236901    -0.158753
-0.15563    -0.371781    -0.17409
-0.153586    -0.445289    -0.17596
-0.147376    -0.383446    -0.181643
-0.140005    -0.407047    -0.188388
-0.168885    -0.2946    -0.16196
-0.177529    -0.05025    -0.092128
-0.158656    -0.05025    0.10811
-0.1633    -0.05025    0.107187
-0.187004    -0.395206    0.141518
-0.191842    -0.120547    0.136231
-0.170289    -0.416501    0.159784
-0.191493    -0.365914    0.136613
-0.174285    -0.373097    0.155417
-0.140475    -0.378947    -0.187959
-0.161943    -0.059024    -0.168313
-0.139726    -0.106912    -0.188643
-0.141751    -0.101356    -0.186791
-0.147131    -0.078766    -0.181867
-0.137086    -0.178739    -0.19106
-0.170972    -0.18632    0.159037
-0.188641    -0.086592    0.139729
-0.180017    -0.056285    0.149153
-0.159567    -0.186005    0.1715
-0.15626    -0.2105    0.175114
-0.159349    -0.05025    0.056415
-0.15134    -0.05025    -0.076516
-0.138995    -0.05025    -0.122353
-0.149071    -0.05025    -0.155802
-0.117264    -0.396646    -0.202204
-0.120901    -0.199665    -0.200313
-0.116852    -0.248054    -0.202418
-0.13041    -0.290215    -0.195371
-0.096697    -0.447784    -0.212893
-0.112187    -0.069426    0.205395
-0.150835    -0.19933    0.180738
-0.13681    -0.299739    0.189686
-0.134821    -0.213052    0.190955
-0.123551    -0.147295    0.198145
-0.135309    -0.079613    0.190644
-0.14486    -0.05025    0.146628
-0.131079    -0.05025    0.047372
-0.142749    -0.05025    0.060881
-0.109226    -0.05025    0.194463
-0.10167    -0.271905    0.212105
-0.143186    -0.387827    0.185618
-0.133673    -0.328205    0.191687
-0.129939    -0.343447    0.194069
-0.101739    -0.200525    0.21206
-0.081548    -0.135897    -0.220767
-0.100177    -0.08102    -0.211084
-0.086014    -0.217938    -0.218445
-0.091119    -0.229776    -0.215792
-0.090114    -0.188809    -0.216315
-0.088691    -0.319179    -0.217054
-0.125404    -0.05025    -0.084638
-0.121651    -0.05025    -0.074232
-0.077928    -0.275403    0.220251
-0.086755    -0.213939    0.217462
-0.096329    -0.325455    0.214436
-0.096477    -0.197943    0.214389
-0.051829    -0.083133    0.228499
-0.079833    -0.231728    0.219649
-0.126738    -0.05025    -0.197103
-0.098238    -0.05025    -0.075229
-0.041363    -0.315654    -0.22999
-0.056113    -0.357327    -0.22673
-0.040296    -0.36029    -0.230226
-0.035406    -0.354715    -0.231306
-0.076267    -0.330362    -0.222275
-0.091197    -0.05025    0.043384
-0.047855    -0.218238    0.229755
-0.050173    -0.138535    0.229022
-0.042643    -0.129119    0.231402
-0.075887    -0.396438    0.220896
-0.045416    -0.388471    0.230525
-0.078584    -0.05025    0.157124
-0.094047    -0.05025    0.181998
-0.094716    -0.05025    0.196772
-0.034231    -0.092103    -0.231566
-0.025026    -0.077894    -0.2336
-0.064479    -0.131524    -0.224881
-0.041062    -0.057526    -0.230056
-0.03642    -0.155172    -0.231082
-0.046338    -0.20043    -0.22889
-0.090901    0.118379    0.018904
-0.092545    0.004834    0.011467
-0.09225    0.098408    -0.015344
-0.005198    -0.064568    0.233495
-0.028259    -0.209989    0.232473
-0.030009    -0.303668    0.232395
-0.026133    -0.29549    0.232567
-0.038847    -0.058365    0.232004
-0.004807    -0.134685    0.233513
-0.087325    0.142921    -0.03177
-0.086414    -0.027407    -0.034653
-0.080149    -0.05025    -0.161852
-0.063811    -0.05025    -0.13976
-0.032491    -0.05025    -0.200617
0.007263    -0.288414    -0.233404
-0.003365    -0.422082    -0.233875
-0.003492    -0.353413    -0.233881
-0.000758    -0.448138    -0.233759
0.028547    -0.396395    -0.23246
-0.090958    0.146052    0.018648
-0.08894    0.289072    0.027777
-0.092426    0.232859    -0.011386
-0.093035    0.215492    0.002375
-0.09168    -0.020409    -0.01799
-0.087286    0.279848    -0.031894
0.018416    -0.069236    0.234542
0.012711    -0.301679    0.234289
-0.004278    -0.335823    0.233536
0.001146    -0.352895    0.233777
0.019898    -0.055598    0.234608
-0.034641    -0.05025    0.124593
0.003098    -0.05025    0.202489
-0.069091    -0.05025    0.076887
-0.081917    0.10121    0.043699
-0.081075    -0.016501    0.045319
-0.081547    0.096824    -0.044792
-0.076168    0.181821    -0.053224
-0.073252    -0.038063    -0.057794
-0.07634    0.065119    -0.052954
0.032777    -0.156681    -0.232273
0.015173    -0.207221    -0.233053
0.009071    -0.111393    -0.233324
0.037265    -0.364629    -0.232074
-0.01094    -0.066809    -0.234211
0.011076    -0.254133    -0.233235
0.037429    -0.067036    0.230859
0.042028    -0.167159    0.229843
0.034109    -0.07856    0.231593
0.04731    -0.21291    0.228675
0.04007    -0.123794    0.230275
-0.047494    -0.05025    0.083773
-0.064645    0.040924    0.066877
-0.067967    -0.036248    0.063246
-0.079779    0.140771    0.047813
-0.079639    0.281285    0.048081
-0.063008    0.018557    -0.068185
-0.065546    0.050921    -0.065863
-0.031892    -0.05025    -0.100727
0.000688    -0.05025    -0.170158
-0.006967    -0.05025    -0.151824
0.044702    -0.261012    -0.230751
0.045533    -0.14588    -0.230489
0.057975    -0.275759    -0.226557
0.043424    -0.08355    -0.231155
0.045062    -0.209315    -0.230638
0.062064    -0.427886    0.225414
0.072263    -0.251413    0.22316
0.051664    -0.294507    0.227713
0.06403    -0.393324    0.22498
0.048756    -0.410847    0.228356
0.041296    -0.421645    0.230004
0.048296    -0.05025    0.197273
0.060783    -0.05025    0.22242
-0.051084    -0.013801    0.077533
-0.001526    -0.05025    0.101403
-0.025629    -0.001155    0.089265
-0.017301    0.117458    0.091897
-0.071888    0.264881    0.058961
-0.061533    0.065966    0.070278
-0.061131    0.107388    -0.069903
-0.058309    0.289875    -0.072485
-0.046299    0.038145    -0.080565
-0.051991    0.148345    -0.077607
-0.02882    -0.05025    -0.119123
0.087088    -0.056133    -0.217356
0.051717    -0.055016    -0.228534
0.052937    -0.115718    -0.228149
0.091432    -0.318923    -0.215984
0.0862    -0.062741    -0.217637
0.08139    -0.315002    -0.219157
0.082761    -0.386576    0.220136
0.089523    -0.098681    0.216621
0.114199    -0.197638    0.203797
0.128673    -0.073081    0.196274
0.103921    -0.125578    0.209139
0.028293    -0.05025    0.122277
0.069512    -0.05025    0.177743
-0.047312    0.23437    0.07994
-0.049558    0.290204    0.078507
-0.030114    0.158551    0.087848
-0.028302    0.255797    0.088421
-0.004382    -0.013157    0.092736
-0.004606    0.055868    0.092726
-0.008921    0.19961    0.092535
-0.036314    0.228073    -0.085756
-0.043029    0.169722    -0.082265
-0.018962    0.016866    -0.090889
-0.024219    0.167926    -0.089727
-0.005821    0.115915    -0.093188
-0.001321    -0.018269    -0.092989
0.029811    -0.05025    -0.167653
0.082917    -0.05025    -0.181492
0.048659    -0.05025    -0.198209
0.106297    -0.107283    -0.209153
0.139223    -0.409802    -0.188147
0.130897    -0.368778    -0.193458
0.113752    -0.357906    -0.204397
0.105282    -0.345153    -0.2098
0.115598    -0.274965    0.20307
0.111161    -0.42108    0.205375
0.128211    -0.221498    0.196514
0.125311    -0.443956    0.198022
0.10476    -0.404495    0.208702
0.133424    -0.098594    0.193805
0.086889    -0.05025    0.156928
0.08486    -0.05025    0.059043
0.018538    0.000557    0.090982
0.020576    -0.002746    0.090532
0.070061    -0.05025    0.100685
0.045361    0.023709    0.081053
0.048244    0.119265    0.079555
0.02156    0.224003    0.090314
-0.023918    0.209647    -0.089793
-0.010638    0.076027    -0.092728
0.012877    0.228139    -0.09236
0.015748    -0.0227    -0.092232
0.02962    0.006834    -0.088004
0.019881    0.003502    -0.091082
0.047979    -0.05025    -0.127344
0.075525    -0.05025    -0.094229
0.138806    -0.27244    -0.188413
0.147206    -0.368582    -0.183053
0.139055    -0.183035    -0.188254
0.149774    -0.212508    -0.181416
0.13611    -0.131311    -0.190133
0.160693    -0.170066    0.169457
0.150781    -0.125999    0.178528
0.136135    -0.24918    0.19193
0.135533    -0.115549    0.192481
0.157345    -0.080414    0.172521
0.080872    -0.05025    0.139352
0.045278    0.228284    0.081096
0.04374    0.19803    0.081896
0.066045    0.019315    0.065406
0.065129    0.053293    0.066244
0.067181    0.268778    0.064366
0.059373    0.097823    0.071512
0.031397    0.184056    -0.087443
0.038557    -0.003277    -0.08518
0.050864    -0.031195    -0.077674
0.048521    -0.011604    -0.079169
0.075609    -0.040395    -0.054895
0.073721    0.063433    -0.056958
0.139826    -0.05025    -0.158612
0.130568    -0.05025    -0.146322
0.124406    -0.05025    -0.178658
0.120866    -0.05025    -0.154094
0.130579    -0.05025    -0.058936
0.175943    -0.09455    -0.153604
0.153283    -0.400631    -0.178367
0.160719    -0.121958    -0.170241
0.156726    -0.157415    -0.174604
0.159212    -0.284112    -0.171888
0.159121    -0.291405    0.170895
0.17142    -0.232212    0.159641
0.168052    -0.396752    0.162722
0.153621    -0.300156    0.175928
0.171006    -0.37545    0.160019
0.178278    -0.272118    0.153364
0.162501    -0.05025    -0.007319
0.142146    -0.05025    0.181235
0.165588    -0.05025    0.020962
0.078898    0.065021    0.048945
0.072898    0.191681    0.058349
0.0981    -0.05025    0.015867
0.087613    0.092495    0.030857
0.085043    -0.037933    0.038992
0.047466    0.256116    -0.079842
0.064053    0.203874    -0.067524
0.073589    0.27378    -0.057102
0.080344    0.253174    -0.046725
0.076797    0.155009    -0.05355
0.087534    0.102337    -0.032892
0.080474    0.004387    -0.046475
0.109383    -0.05025    -0.095685
0.098164    -0.05025    -0.002776
0.101064    -0.05025    -0.15224
0.189302    -0.167756    -0.139007
0.183693    -0.336784    -0.145136
0.179087    -0.433989    -0.150169
0.178806    -0.381403    -0.150476
0.19226    -0.198456    -0.135774
0.166063    -0.05025    -0.078683
0.161529    -0.05025    -0.165498
0.184558    -0.05025    -0.119661
0.200313    -0.359563    0.120153
0.182914    -0.440755    0.147426
0.181376    -0.445485    0.149836
0.181189    -0.349983    0.15013
0.185858    -0.191537    0.14281
0.082609    0.129297    0.043129
0.074887    0.273832    0.055231
0.092519    0.172778    0.009273
0.092642    0.034213    0.006503
0.090679    0.119509    0.021156
0.091717    0.080597    0.017871
0.089601    0.089294    -0.024786
0.089702    0.068065    -0.02433
0.093166    0.134236    -0.008656
0.090199    -0.022673    -0.022084
0.200842    -0.076542    -0.119883
0.202475    -0.244318    -0.116741
0.200582    -0.33923    -0.120385
0.210561    -0.109515    -0.101185
0.193489    -0.144406    -0.134031
0.189897    -0.05025    0.006442
0.192044    -0.05025    0.025242
0.206704    -0.097155    0.110136
0.210617    -0.198279    0.104001
0.206069    -0.260849    0.111131
0.21324    -0.055014    0.099891
0.197626    -0.194793    0.124364
0.212249    -0.124387    0.101444
0.093049    0.166969    -0.002683
0.093034    0.161854    -0.002347
0.212551    -0.285443    -0.097355
0.209761    -0.409157    -0.102723
0.204818    -0.291985    -0.112234
0.21311    -0.419287    -0.096279
0.218238    -0.149275    -0.086413
0.201314    -0.05025    -0.116929
0.214005    -0.128266    0.097694
0.214106    -0.114777    0.097372
0.226541    -0.391644    0.058025
0.217991    -0.239999    0.085081
0.220058    -0.44458    0.07854
0.215486    -0.31063    0.093007
0.226349    -0.105745    -0.057834
0.226132    -0.123625    -0.058819
0.224851    -0.189569    -0.064614
0.223886    -0.100232    -0.06898
0.221952    -0.125008    -0.077732
0.226949    -0.05025    0.0463
0.224397    -0.153052    0.06481
0.229143    -0.305469    0.049791
0.228754    -0.284049    0.051023
0.226016    -0.115051    0.059687
0.23124    -0.22812    0.043156
0.234465    -0.31397    -0.021114
0.232563    -0.1364    -0.029718
0.233902    -0.397709    -0.023659
0.229379    -0.34736    -0.044127
0.23281    -0.159283    -0.0286
0.23371    -0.178843    -0.024531
0.232341    -0.33104    0.03123
0.233032    -0.281685    0.015655
0.233686    -0.377106    0.000892
0.232247    -0.191123    0.033366
0.23272    -0.230078    0.022692
0.234055    -0.179495    -0.007425
0.234054    -0.322331    -0.007396
0.232965    -0.054823    0.017159
0.234164    -0.323036    -0.009874
0.234459    -0.174389    -0.016526
0.233403    -0.263256    0.00729
-0.077767    0.299604    0.051565
-0.066866    0.299604    -0.026183
-0.032755    0.299604    0.004298
-0.011553    0.299604    0.067431
-0.020678    0.299604    0.014046
0.013993    0.299604    0.007996
-0.005787    0.299604    -0.00755
0.042831    0.299604    -0.030296
0.061977    0.299604    0.032246
0.039388    0.299604    -0.082306
0.051284    0.299604    -0.062898
0.076981    0.299604    0.050891
