-0.035394    -0.707629    0.100715
0.081541    -0.707629    0.099692
0.08889    -0.707629    0.100884
-0.078828    -0.661699    0.114879
-0.078005    -0.706533    0.114879
-0.059444    -0.689016    0.114879
-0.061106    -0.686497    0.114879
-0.100212    -0.707629    0.089443
0.108115    -0.692523    0.094247
0.023494    -0.680888    0.114879
0.044127    -0.681764    0.114879
0.069891    -0.689747    0.114879
0.051491    -0.707629    0.083996
0.11185    -0.672644    0.019866
0.11185    -0.680804    0.051706
0.11185    -0.657403    -0.062145
0.11185    -0.658679    -0.060881
-0.111632    -0.689821    0.046296
-0.111632    -0.702615    -0.034807
-0.111632    -0.692425    0.0667
-0.079968    -0.707629    0.076104
-0.095499    -0.707629    0.057421
0.048561    -0.687424    0.078567
-0.013285    -0.703631    0.078567
0.11185    -0.707484    0.082075
0.11185    -0.696328    -0.039446
0.11185    -0.687343    -0.037328
-0.111632    -0.676053    -0.027102
-0.111632    -0.668673    0.029919
-0.111632    -0.696705    -0.049715
-0.077882    -0.707629    -0.001931
-0.080043    -0.707629    -0.062771
-0.07532    -0.687438    -0.0271
-0.07532    -0.693352    0.048331
0.094617    -0.707629    0.015536
0.102277    -0.707629    -0.037928
-0.061594    -0.694362    0.078567
0.11185    -0.653094    -0.000791
0.079268    -0.652813    0.103218
0.066009    -0.652813    0.10185
-0.064575    -0.648759    0.114879
-0.030034    -0.616454    0.114879
-0.084196    -0.64229    0.114879
-0.050099    -0.641934    0.114879
-0.019088    -0.652813    0.090643
-0.054493    -0.652813    0.094538
-0.110282    -0.652471    0.091996
-0.07532    -0.699402    0.023068
-0.07532    -0.704852    0.045152
0.01756    -0.680221    0.026859
-0.071035    -0.680221    0.048043
0.028212    -0.680221    0.046303
-0.007489    -0.680221    0.042492
-0.067351    -0.680221    -0.035982
-0.04623    -0.680221    0.052915
-0.05593    -0.680221    -0.000638
0.060703    -0.680221    0.069204
0.086179    -0.707629    -0.050767
0.110535    -0.618355    0.091773
0.063436    -0.652813    0.03693
0.039645    -0.652813    0.025284
-0.077029    -0.652813    -0.062496
-0.023314    -0.652813    -0.050492
-0.049299    -0.652813    -0.058044
-0.017001    -0.652813    -0.055072
0.047521    -0.652813    0.00212
0.04895    -0.652813    -0.071239
0.02488    -0.652813    0.021571
0.097691    -0.652813    0.068015
0.039634    -0.652813    0.032203
0.082671    -0.652813    -0.051883
0.014805    -0.652813    -0.033717
0.099109    -0.652813    0.068772
0.11185    -0.634924    -0.038758
0.11185    -0.605769    -0.054632
0.11185    -0.638499    -0.073047
0.11185    -0.650935    0.079303
0.00243    -0.707629    -0.107173
0.075116    -0.707629    -0.101238
-0.011377    -0.595346    0.114879
-0.054946    -0.586315    0.114879
-0.003212    -0.616535    0.114879
0.002919    -0.586771    0.114879
-0.037675    -0.652813    0.073723
-0.067469    -0.652813    0.085985
-0.013592    -0.652813    0.005907
0.058027    -0.652813    0.088659
-0.108651    -0.652813    -0.027968
-0.005604    -0.652813    0.065741
-0.100739    -0.652813    0.004847
0.012492    -0.652813    0.021518
-0.102068    -0.652813    -0.011935
-0.066713    -0.652813    0.088603
-0.105516    -0.652813    0.03155
-0.002334    -0.652813    0.002199
-0.08962    -0.652813    0.008188
-0.042661    -0.652813    0.078188
-0.111632    -0.655324    -0.075925
-0.073063    -0.707629    -0.085819
0.092385    -0.707629    -0.086572
-0.036864    -0.707629    -0.077831
0.040873    -0.680221    -9.9e-05
-0.015016    -0.680221    -0.04526
0.071615    -0.680221    -0.037994
0.040064    -0.680221    0.012617
0.055293    -0.680221    0.030526
0.014663    -0.680221    -0.038254
-0.040059    -0.680221    -0.047795
0.075538    -0.704206    0.052042
0.075538    -0.687828    0.040927
0.097351    -0.597444    0.105251
0.11185    -0.630298    0.069575
0.11185    -0.59284    -0.04859
0.11185    -0.604413    0.021251
0.11185    -0.628184    0.060207
0.054659    -0.652813    -0.088147
0.060569    -0.652813    -0.099041
0.003632    -0.682979    -0.108603
0.067349    -0.703262    -0.108603
0.065826    -0.674056    -0.108603
0.084354    -0.652951    -0.108603
0.071279    -0.585347    0.102287
-0.077725    -0.577899    0.114879
-0.111632    -0.637495    0.060028
-0.111632    -0.638562    0.030578
-0.111632    -0.608214    0.055678
-0.111632    -0.635631    0.006257
0.066259    -0.585347    0.093738
-0.042402    -0.585347    0.091452
-0.037416    -0.663214    -0.108603
-0.074531    -0.67813    -0.108603
0.004009    -0.663338    -0.108603
0.065282    -0.707629    -0.083003
-0.057004    -0.695588    -0.072291
0.038641    -0.680221    -0.071849
0.075538    -0.688346    -0.054945
0.07128    -0.585347    -0.07006
-0.077356    -0.585347    -0.077534
0.08321    -0.585347    -0.053792
0.024248    -0.585347    -0.061747
0.007766    -0.585347    0.005238
0.106508    -0.585347    -0.056263
0.039169    -0.585347    -0.059243
0.050657    -0.585347    -0.005979
0.06575    -0.585347    -0.079693
0.071281    -0.585347    -0.024934
-0.020464    -0.585347    -0.069932
0.012921    -0.585347    -0.056311
0.015908    -0.585347    -0.005883
0.037509    -0.585347    -0.071937
-0.067357    -0.652813    -0.106193
-0.087299    -0.652813    -0.094201
0.007207    -0.653375    -0.108603
-0.111632    -0.615767    -0.064455
-0.111632    -0.60486    -0.015481
-0.111632    -0.631336    -0.061494
-0.111632    -0.622265    -0.077115
-0.102732    -0.585347    0.028005
-0.019436    -0.585347    -0.003153
0.044521    -0.585347    0.041488
-0.036837    -0.585347    0.051866
-0.111314    -0.585347    0.021683
0.052901    -0.585347    0.087379
-0.053124    -0.585347    0.00235
0.006127    -0.585347    0.067452
0.000708    -0.585347    0.087235
-0.028802    -0.585347    -0.017671
-0.088152    -0.585347    0.012152
-0.026462    -0.585347    0.039069
0.04719    -0.585347    0.066369
0.017341    -0.585347    0.023766
0.019131    -0.68278    -0.072291
0.11185    -0.577791    0.083416
0.083375    -0.585347    -0.095254
0.006811    -0.585347    -0.092748
-0.005563    -0.649251    -0.108603
0.082227    -0.633666    -0.108603
0.028294    -0.612395    -0.108603
0.086384    -0.632043    -0.108603
-0.111074    -0.628231    -0.086294
0.086318    -0.576914    0.09813
-0.046636    -0.567392    0.114879
0.006197    -0.554853    0.114879
-0.040768    -0.559493    0.114879
-0.057785    -0.56777    0.114879
-0.111632    -0.58488    -0.032812
-0.072748    -0.576914    0.091797
-0.09114    -0.550404    0.11422
0.097422    -0.554797    0.105179
0.03737    -0.576914    0.000196
-0.033225    -0.576914    -0.069375
0.032911    -0.576914    -0.054694
0.099079    -0.576914    0.051934
0.064164    -0.576914    -0.045583
0.111357    -0.576914    0.058685
0.098923    -0.576914    -0.06609
0.101308    -0.576914    -0.015068
-0.032255    -0.576914    -0.051307
0.101209    -0.576914    -0.030999
0.03038    -0.576914    -0.044153
-0.090656    -0.576914    -0.078661
0.098646    -0.576914    0.070736
0.021447    -0.576914    -0.065372
0.11185    -0.573407    0.031942
0.11185    -0.55034    -0.015897
0.11185    -0.559263    -0.0792
-0.089206    -0.585347    -0.094944
-0.053758    -0.585347    -0.102315
0.02238    -0.600615    -0.108603
-0.036311    -0.585658    -0.108603
-0.064211    -0.600376    -0.108603
-0.055444    -0.595262    -0.108603
-0.103137    -0.604422    -0.094931
-0.006462    -0.538532    0.114879
0.011987    -0.51403    0.114879
0.017292    -0.546502    0.114879
0.062664    -0.561854    0.114879
-0.039308    -0.576914    0.004303
-0.020841    -0.576914    0.089894
-0.078905    -0.576914    0.045246
0.020856    -0.576914    0.020026
0.007791    -0.576914    0.064176
-0.098627    -0.576914    0.042313
-0.044765    -0.576914    0.087348
-0.111567    -0.576914    0.011161
-0.047587    -0.576914    0.017879
-0.093232    -0.576914    0.065255
0.045894    -0.576914    0.051869
-0.083251    -0.576914    0.047346
-0.015418    -0.576914    0.018166
-0.016015    -0.576914    0.058563
0.092742    -0.532938    0.109963
0.11185    -0.525049    0.011904
0.11185    -0.5655    0.074768
0.11185    -0.52868    -0.033756
0.11185    -0.520043    0.048094
0.077277    -0.576914    -0.104626
-0.017467    -0.576914    -0.096348
0.107762    -0.571347    -0.089604
0.092268    -0.513664    0.100152
-0.055087    -0.513664    0.114217
-0.111632    -0.553008    0.076087
-0.111632    -0.553942    -0.012642
-0.111632    -0.573412    0.078347
-0.111632    -0.566644    -0.050717
-0.035197    -0.513664    0.098912
-0.069052    -0.513664    0.090873
0.001035    -0.513664    -0.04649
0.08838    -0.513664    -0.071873
-0.009557    -0.513664    -0.078059
0.107048    -0.513664    0.026977
-0.034442    -0.513664    -0.074947
0.044639    -0.513664    -0.032713
0.050777    -0.513664    -0.054757
0.058993    -0.513664    -0.056906
0.05066    -0.513664    -0.075431
0.086377    -0.513664    0.013697
0.089504    -0.513664    -0.048454
0.095535    -0.513664    0.034823
0.048788    -0.513664    -0.060133
0.087421    -0.513664    0.007581
-0.068318    -0.576914    -0.107736
-0.02945    -0.576914    -0.100024
-0.007739    -0.578015    -0.108603
-0.111632    -0.524473    0.05416
-0.111632    -0.556391    -0.061892
-0.111632    -0.5386    -0.06734
-0.111632    -0.52807    -0.031855
-0.033378    -0.513664    0.008098
-0.032719    -0.513664    0.003112
0.058533    -0.513664    0.08666
-0.022746    -0.513664    0.002776
-0.059822    -0.513664    0.079343
-0.026928    -0.513664    0.049438
-0.055909    -0.513664    0.029525
0.030307    -0.513664    0.085982
-0.05351    -0.513664    0.018412
-0.09246    -0.513664    0.019596
0.018875    -0.513664    0.085451
-0.046101    -0.513664    0.048671
-0.096676    -0.513664    -0.052044
-0.017651    -0.513664    0.038219
0.11185    -0.505375    -0.020485
0.025433    -0.513664    -0.093172
-0.025431    -0.565739    -0.108603
-0.009723    -0.56968    -0.108603
0.077693    -0.523132    -0.108603
0.059228    -0.574805    -0.108603
-0.103863    -0.574961    -0.094141
0.007643    -0.505231    0.105567
-0.015258    -0.505231    0.112927
-0.005271    -0.479572    0.114879
-0.025971    -0.470812    0.114879
-0.036703    -0.466014    0.114879
-0.111632    -0.509486    0.051845
-0.032409    -0.505231    0.102851
0.041227    -0.505231    0.095239
-0.102726    -0.487121    0.100769
0.101628    -0.505231    0.039759
-0.03588    -0.505231    -0.041882
-0.039099    -0.505231    -0.08405
0.108647    -0.505231    -0.04512
-0.030377    -0.505231    -0.059963
0.05584    -0.505231    -0.033084
0.03114    -0.505231    -0.077788
0.102823    -0.505231    -0.002779
-0.017464    -0.505231    -0.042039
-0.025265    -0.505231    -0.033387
0.100573    -0.505231    -0.078775
0.099225    -0.505231    0.047451
0.090559    -0.505231    -0.052448
0.067122    -0.505231    0.033109
0.11185    -0.466714    -0.079698
0.11185    -0.469737    -0.082795
0.11185    -0.489025    -0.009884
0.11185    -0.503463    -0.035778
-0.040527    -0.513664    -0.102206
-0.051468    -0.524341    -0.108603
-0.051101    -0.531457    -0.108603
-0.016772    -0.533515    -0.108603
-0.057167    -0.544004    -0.108603
-0.102672    -0.53162    -0.095437
0.011726    -0.46876    0.114879
0.07725    -0.462195    0.114879
-0.005664    -0.471689    0.114879
0.086477    -0.482858    0.114879
-0.023901    -0.505231    -0.003029
-0.098023    -0.505231    0.066343
-0.088505    -0.505231    -0.064782
-0.073484    -0.505231    0.088723
-0.084436    -0.505231    -0.032545
-0.087449    -0.505231    -0.02248
-0.019753    -0.505231    0.032783
-0.098524    -0.505231    -0.033671
-0.019374    -0.505231    0.019261
-0.065409    -0.505231    -0.027665
-0.09877    -0.505231    -0.023712
0.090918    -0.505231    0.086401
-0.087435    -0.505231    -0.03768
-0.063906    -0.505231    0.071798
0.090548    -0.4596    0.112206
0.11185    -0.449829    -0.037987
0.11185    -0.44385    -0.065466
0.11185    -0.491696    0.085691
0.11185    -0.47972    0.062176
0.040229    -0.505231    -0.097299
0.036827    -0.505231    -0.098516
0.109978    -0.451247    -0.08748
0.091704    -0.441981    0.093041
0.085989    -0.441981    0.104085
-0.111632    -0.503931    -0.067406
-0.111632    -0.489264    0.002471
-0.111632    -0.501002    0.064046
-0.111632    -0.475217    0.059426
-0.076869    -0.441981    0.091113
-0.071454    -0.441981    0.10819
0.026252    -0.441981    -0.058486
-0.056906    -0.441981    -0.082418
0.016179    -0.441981    -0.003642
0.108833    -0.441981    0.000641
0.06355    -0.441981    -0.04262
-0.040933    -0.441981    -0.053165
-0.027007    -0.441981    -0.068721
0.091827    -0.441981    -0.062949
0.079935    -0.441981    -0.042089
0.057798    -0.441981    -0.053019
-0.058595    -0.441981    -0.085659
-0.018165    -0.441981    -0.045608
0.011422    -0.441981    -0.054897
0.095801    -0.441981    0.064957
-0.095509    -0.505231    -0.099386
0.002887    -0.505231    -0.10058
-0.05471    -0.50774    -0.108603
-0.111632    -0.443499    0.069737
-0.111632    -0.448194    -0.060416
-0.111632    -0.458359    0.007832
-0.111632    -0.451982    0.036022
-0.035678    -0.441981    0.074823
-0.071718    -0.441981    0.089648
-0.066344    -0.441981    -0.013203
-0.052888    -0.441981    0.068718
-0.086267    -0.441981    -0.05249
0.023249    -0.441981    0.068395
-0.073047    -0.441981    0.046186
-0.067667    -0.441981    -0.00927
0.086823    -0.441981    0.081803
-0.015393    -0.441981    -0.003309
-0.080549    -0.441981    0.070276
-0.108714    -0.441981    -0.059145
0.004075    -0.441981    0.053288
0.019592    -0.441981    0.021175
0.11185    -0.440571    0.064897
0.011929    -0.441981    -0.089911
0.025878    -0.503114    -0.108603
0.053928    -0.475881    -0.108603
-0.012715    -0.488385    -0.108603
-0.026648    -0.500736    -0.108603
-0.110792    -0.46677    -0.086601
-0.061701    -0.433548    0.112086
0.057642    -0.433548    0.099837
-0.064688    -0.428987    0.114879
-0.047328    -0.406722    0.114879
0.0491    -0.431028    0.114879
-0.006778    -0.432343    0.114879
-0.041969    -0.433548    0.105373
-0.085132    -0.433548    0.113215
-0.093063    -0.378581    0.111989
0.109924    -0.377997    0.092398
0.012696    -0.433548    -0.055201
-0.033754    -0.433548    -0.048021
0.097472    -0.433548    -0.063099
0.052839    -0.433548    0.005101
0.01119    -0.433548    -0.05662
0.101452    -0.433548    -0.075834
0.027791    -0.433548    -0.077676
0.109821    -0.433548    0.073969
-0.049502    -0.433548    -0.07773
-0.026335    -0.433548    -0.034175
0.054369    -0.433548    -0.024686
0.027516    -0.433548    -0.054564
0.109988    -0.433548    0.019016
0.11185    -0.428489    -0.031196
0.11185    -0.404326    -0.053494
0.11185    -0.429564    -0.085098
0.11185    -0.416596    -0.08149
-0.03275    -0.441981    -0.105359
0.033315    -0.441981    -0.102698
-0.066625    -0.45615    -0.108603
-0.050893    -0.487269    -0.108603
-0.076123    -0.475265    -0.108603
-0.040697    -0.482356    -0.108603
0.078771    -0.41254    0.114879
0.077107    -0.409472    0.114879
0.069789    -0.36974    0.114879
-0.049507    -0.371595    0.114879
0.03892    -0.403119    0.114879
0.017975    -0.433548    0.053767
-0.05957    -0.433548    -0.006624
0.010046    -0.433548    0.012324
-0.11023    -0.433548    0.082022
-0.062541    -0.433548    0.061119
-0.102516    -0.433548    0.032579
-0.040647    -0.433548    -0.026814
0.005899    -0.433548    0.059483
0.066652    -0.433548    0.064591
-0.057853    -0.433548    0.052894
0.027596    -0.433548    0.050859
-0.087392    -0.433548    -0.033853
0.056722    -0.433548    0.054744
-0.057524    -0.433548    0.001414
0.102478    -0.391719    0.10001
0.11185    -0.372476    -0.043024
0.11185    -0.382306    0.036072
0.11185    -0.389567    0.042704
0.11185    -0.388227    -0.022481
0.0868    -0.433548    -0.101018
0.045493    -0.433548    -0.09634
0.101101    -0.402565    -0.095986
0.01786    -0.366082    0.114345
0.066056    -0.366082    0.096246
0.00343    -0.36292    0.114879
-0.111632    -0.426101    0.089049
-0.111632    -0.424772    -0.02707
-0.111632    -0.418949    0.074353
-0.111632    -0.370131    0.083729
-0.075461    -0.366082    0.106825
-0.108574    -0.365178    0.09398
0.105223    -0.366082    0.053887
0.053758    -0.366082    -0.018997
-0.07677    -0.366082    -0.059433
0.084218    -0.366082    -0.047462
0.003888    -0.366082    -0.043061
-0.042059    -0.366082    -0.079371
-0.078451    -0.366082    -0.082097
0.080167    -0.366082    0.021131
0.043248    -0.366082    0.023895
-0.021467    -0.366082    -0.068857
0.099543    -0.366082    -0.085617
0.098155    -0.366082    -0.022201
0.10324    -0.366082    -0.010542
0.11185    -0.365039    -0.022279
-0.092267    -0.433548    -0.096508
0.097285    -0.397698    -0.099642
-0.102282    -0.435881    -0.095861
-0.111632    -0.371052    0.010217
-0.111632    -0.379313    -0.051018
-0.111632    -0.369295    0.078476
-0.111632    -0.376358    -0.065593
-0.013254    -0.366082    0.025002
-0.105603    -0.366082    0.035292
0.031227    -0.366082    0.080048
-0.031875    -0.366082    -0.015443
-0.063642    -0.366082    -0.00294
-0.004737    -0.366082    0.025133
-0.04493    -0.366082    -0.023914
-0.061651    -0.366082    0.078047
0.029149    -0.366082    0.089473
-0.102132    -0.366082    -0.020945
-0.096898    -0.366082    0.02554
-0.040951    -0.366082    0.034597
-0.020305    -0.366082    0.072937
-0.105259    -0.366082    0.086125
0.088911    -0.366082    -0.10673
0.068577    -0.366082    -0.09433
0.029404    -0.409159    -0.108603
-0.08137    -0.432761    -0.108603
-0.030316    -0.413903    -0.108603
0.02805    -0.394742    -0.108603
-0.03529    -0.428102    -0.108603
-0.043894    -0.357649    0.110474
-0.058197    -0.357649    0.113467
-0.060856    -0.295905    0.114879
-0.023704    -0.349698    0.114879
-0.073927    -0.212209    0.114879
0.004939    -0.332549    0.114879
0.014332    -0.285464    0.114879
-0.023685    -0.244282    0.114879
-0.061169    -0.291526    0.114879
0.06873    -0.342361    0.114879
-0.057954    -0.230525    0.114879
0.043179    -0.338328    0.114879
-0.079526    -0.218915    0.114879
-0.111632    -0.358619    0.076721
-0.011866    -0.357649    0.104908
0.056209    -0.357649    0.096473
-0.092396    -0.236327    0.112762
-0.090793    -0.292496    0.114624
0.109708    -0.232169    0.092619
0.09725    -0.345907    0.105354
0.085942    -0.357649    -0.010024
0.030399    -0.357649    -0.027272
0.038429    -0.357649    -0.059851
0.040304    -0.357649    -5.9e-05
0.047512    -0.357649    0.001268
0.005454    -0.357649    0.005598
0.09843    -0.357649    -0.055554
0.051318    -0.357649    -0.023251
0.108599    -0.357649    0.059964
-0.079858    -0.357649    -0.077405
0.051255    -0.357649    0.033174
-0.063285    -0.357649    -0.081759
0.029916    -0.357649    -0.014782
0.042957    -0.357649    -0.033308
0.11185    -0.227946    -0.082892
0.11185    -0.32555    0.049976
0.11185    -0.2942    -0.04019
0.11185    -0.342864    -0.072117
0.11185    -0.3172    0.016766
0.11185    -0.299148    -0.007393
0.11185    -0.355467    0.007613
0.11185    -0.346269    -0.010493
0.11185    -0.242506    -0.08041
0.11185    -0.292859    -0.050591
0.11185    -0.343436    0.021603
0.012868    -0.366082    -0.102928
-0.03957    -0.366082    -0.106492
-0.03316    -0.373043    -0.108603
0.006555    -0.373066    -0.108603
-0.073702    -0.393552    -0.108603
-0.020344    -0.396764    -0.108603
-0.096266    -0.376869    -0.102408
0.020634    -0.285721    0.114879
0.007914    -0.244774    0.114879
0.044318    -0.286961    0.114879
0.013127    -0.233194    0.114879
0.084729    -0.236355    0.114879
0.060928    -0.212701    0.114879
0.081552    -0.225374    0.114879
0.084093    -0.287139    0.114879
0.086293    -0.32181    0.114879
0.083002    -0.34817    0.114879
0.068724    -0.303991    0.114879
-0.111632    -0.360085    -0.000461
-0.011981    -0.357649    0.024001
0.025679    -0.357649    0.085636
-0.034974    -0.357649    0.021017
0.011764    -0.357649    0.084187
-0.071371    -0.357649    -0.025888
0.018678    -0.357649    0.058982
-0.062079    -0.357649    0.032302
-0.024526    -0.357649    -0.009276
-0.041798    -0.357649    0.015861
-0.029077    -0.357649    0.028312
-0.084181    -0.357649    -0.006649
-0.106716    -0.357649    0.023659
-0.106305    -0.357649    -0.054391
-0.104023    -0.286947    0.099263
-0.095908    -0.212548    0.108685
-0.104562    -0.254286    0.098637
0.09341    -0.196785    0.10928
0.098712    -0.249263    0.10386
0.11185    -0.225713    0.038867
0.11185    -0.173578    0.042364
0.11185    -0.190135    0.015197
0.11185    -0.244949    0.062919
0.11185    -0.189104    -0.038672
0.11185    -0.174433    0.014335
0.11185    -0.193527    -0.003477
0.11185    -0.233586    -0.020835
0.11185    -0.212027    0.03049
0.11185    -0.230756    0.046957
0.11185    -0.18605    0.003885
-0.012972    -0.357649    -0.089759
0.101258    -0.357649    -0.088713
0.100509    -0.33417    -0.096553
0.111262    -0.326515    -0.086251
0.052227    -0.363695    -0.108603
-0.111632    -0.344227    0.010414
-0.111632    -0.28007    0.066794
-0.111632    -0.348255    0.024344
-0.111632    -0.308508    0.056941
-0.111632    -0.2506    0.067075
-0.111632    -0.303875    0.013496
-0.111632    -0.324915    -0.041233
-0.111632    -0.297933    -0.007018
-0.111632    -0.334064    0.049951
-0.111632    -0.345116    -0.060742
-0.111632    -0.321575    0.021084
-0.111632    -0.297197    0.038356
0.11185    -0.165639    -0.059466
-0.054168    -0.357649    -0.102563
0.088994    -0.18526    -0.107587
0.092109    -0.321723    -0.104601
-0.071627    -0.358203    -0.108603
-0.111632    -0.237436    -0.049652
-0.111632    -0.325897    -0.083187
-0.111632    -0.196626    -0.061744
-0.111632    -0.311291    -0.085206
-0.111632    -0.183673    -0.065638
-0.111632    -0.286229    -0.057356
-0.111632    -0.176538    0.052964
-0.111632    -0.21586    -0.076951
-0.111632    -0.176914    -0.083897
-0.111632    -0.282076    -0.067891
-0.111632    -0.204757    -0.05906
-0.111632    -0.225208    -0.031879
0.11185    -0.166668    0.087006
0.006727    -0.268844    -0.108603
0.031011    -0.251875    -0.108603
-0.020938    -0.352379    -0.108603
0.028796    -0.257286    -0.108603
0.055215    -0.356865    -0.108603
-0.034674    -0.321792    -0.108603
0.012397    -0.308533    -0.108603
0.035593    -0.253898    -0.108603
-0.053731    -0.318494    -0.108603
-0.07446    -0.344424    -0.108603
0.05199    -0.241107    -0.108603
-0.11098    -0.194694    -0.086397
-0.106531    -0.332766    -0.091237
-0.063784    -0.159467    0.113495
0.001689    -0.159467    0.11009
-0.000906    -0.110645    0.10804
0.009872    -0.049305    0.099449
-0.050871    -0.10749    0.107599
0.054872    -0.062905    0.101354
0.080342    -0.151378    0.113746
0.062113    -0.101141    0.106709
0.030242    0.038275    0.087181
-0.033243    -0.123355    0.109821
-0.032857    -0.119061    0.109219
0.054985    0.006002    0.091702
-0.010589    -0.133735    0.111275
-0.012567    -0.066093    0.1018
0.033306    0.035196    0.087612
0.025771    0.033756    0.087814
0.056141    0.046879    0.085976
-0.009728    -0.047927    0.099255
0.058269    -0.157182    0.114559
0.008214    -0.035309    0.097488
-0.111632    -0.164125    0.080952
-0.084589    -0.159467    0.105416
-0.06829    -0.159467    0.100672
-0.081171    -0.001917    0.082933
-0.094884    -0.135197    0.103271
-0.083846    -0.045251    0.091616
0.080252    -0.011261    0.085292
0.099035    -0.111859    0.091503
0.081793    5.6e-05    0.080858
0.081562    -0.039727    0.091144
-0.082341    -0.159467    -0.07387
-0.017141    -0.159467    -0.038539
-0.072007    -0.159467    -0.084359
0.106232    -0.159467    -0.004309
0.034245    -0.159467    -0.023845
0.096514    -0.159467    0.001273
-0.025026    -0.159467    -0.029478
0.031358    -0.159467    -0.030332
0.061373    -0.159467    -0.005457
-0.098646    -0.159467    -0.085368
0.109802    -0.159467    -0.051099
0.08019    -0.159467    0.004006
0.107365    -0.159467    0.060108
0.097993    -0.060535    -0.059184
0.090597    -0.007736    -0.033286
0.106848    -0.123759    -0.029609
0.106999    -0.124834    0.01437
0.111679    -0.158247    0.041298
0.08798    0.010947    -0.006719
0.097195    -0.054838    0.033325
0.083161    0.045353    -0.010953
0.088697    0.00583    -0.058294
0.108624    -0.136437    0.062863
0.109462    -0.142421    0.056949
0.102365    -0.091751    0.001542
0.095264    -0.041054    -0.057377
0.100536    -0.078692    0.050263
0.101203    -0.083453    -0.056233
0.082204    0.052179    -0.050781
0.108296    -0.134094    -0.082454
0.109139    -0.140114    -0.011205
-0.045827    -0.180681    -0.108603
-0.01801    -0.182221    -0.108603
-0.055306    -0.277969    -0.108603
-0.068227    -0.211874    -0.108603
-0.087005    -0.307635    -0.108603
0.006393    -0.172973    -0.108603
0.026662    -0.228115    -0.108603
0.015195    -0.200974    -0.108603
0.059398    -0.173477    -0.108603
-0.056981    -0.263    -0.108603
-0.082432    -0.222379    -0.108603
-0.024357    -0.197033    -0.108603
-0.098599    -0.275978    -0.09987
-0.102884    -0.223391    -0.095207
-0.063475    0.000898    0.092416
-0.046892    0.043232    0.086487
-0.059467    -0.041921    0.098414
-0.070512    -0.066897    0.101913
-0.01361    0.039532    0.087005
-0.047329    0.047955    0.085825
-0.012337    0.062846    0.083739
-0.056253    0.089608    0.079991
-0.001521    0.089218    0.080045
-0.044324    0.073155    0.082295
-0.038925    0.126011    0.074892
-0.041541    0.076364    0.081846
0.076273    -0.051194    0.099448
0.080467    -0.082401    0.103043
-0.062905    -0.159467    -0.006823
-0.075475    -0.159467    0.046428
0.027635    -0.159467    0.067155
-0.033491    -0.159467    -0.008056
-0.068614    -0.159467    0.072878
0.033765    -0.159467    0.081411
-0.092463    -0.159467    0.075908
-0.069256    -0.159467    0.025527
-0.106956    -0.159467    0.001995
0.012183    -0.159467    0.078298
-0.004407    -0.159467    0.063801
-0.080163    -0.159467    -0.054325
-0.075668    -0.159467    -0.023792
-0.08159    -0.159467    0.070569
-0.081674    0.023993    0.075301
-0.080942    0.058265    0.066827
0.089056    0.003267    0.066436
0.080599    0.063639    0.053498
0.094805    -0.037782    0.051585
0.086631    0.020579    0.054942
0.087274    0.015985    0.058669
0.076687    0.091569    0.050368
0.07587    0.097401    0.047602
0.093618    -0.029304    0.049011
0.07262    0.120608    -0.044098
0.087789    0.012311    0.048092
0.075987    0.09657    0.016496
0.073056    -0.159467    -0.101416
0.065857    -0.159467    -0.089065
0.086037    -0.039428    -0.080944
0.096118    -0.109921    -0.088595
0.079734    0.056984    -0.063309
0.098682    -0.069392    -0.076185
0.049272    0.135697    0.063719
-0.089563    -0.001914    0.053827
-0.090267    -0.006937    0.065898
-0.074086    0.108583    0.047749
-0.080096    0.065677    0.024332
-0.103905    -0.104303    0.062859
-0.098698    -0.06713    -0.02972
-0.105995    -0.119223    -0.029043
-0.09133    -0.014523    0.012093
-0.110985    -0.15485    0.042022
-0.084975    0.030845    0.055616
-0.095464    -0.044041    -0.028918
-0.078896    0.074245    0.0365
-0.094773    -0.039109    -0.014156
-0.079919    0.066938    0.063822
-0.109519    -0.144379    -0.049334
-0.094872    -0.039815    -0.0171
-0.101393    -0.086369    -0.006364
-0.093861    -0.032596    -0.016801
0.019143    0.135697    0.062354
0.04334    0.135697    0.012294
0.060317    0.135697    -0.021744
-0.0092    0.135697    0.035327
-0.04626    0.135697    0.051437
-0.012827    0.135697    0.037848
0.027029    -0.159467    -0.103989
0.004358    -0.159467    -0.1044
0.07357    0.040489    -0.073265
0.062583    0.095392    -0.070311
-0.087691    0.011452    -0.057115
-0.079498    0.069947    -0.002807
-0.081859    0.05309    -0.010504
-0.092484    -0.022767    -0.01955
-0.075626    0.097588    0.021494
-0.080985    0.059326    -0.010291
-0.081291    0.057141    -0.026801
-0.079533    0.069693    -0.035504
-0.082919    0.045522    -0.005008
-0.082258    0.050242    -0.027721
-0.09471    -0.038654    -0.048398
-0.103002    -0.097854    -0.067132
-0.042875    0.135697    0.016169
0.000445    0.135697    -0.026731
-0.012572    0.135697    -0.035061
-0.032445    0.135697    -0.017352
-0.028233    0.135697    -0.047669
-0.031781    -0.080565    -0.097551
-0.048631    -0.132272    -0.104794
0.049428    0.064585    -0.07722
0.005766    -0.072881    -0.096475
-0.043908    -0.09346    -0.099357
0.00953    -0.005147    -0.086987
0.042828    0.021426    -0.083265
-0.022639    -0.075858    -0.096892
0.042758    -0.085426    -0.098232
0.052244    -0.150893    -0.107402
-0.050055    -0.127205    -0.104084
0.015172    0.022077    -0.083174
-0.053534    -0.155308    -0.10802
0.011788    -0.147491    -0.106926
0.044904    0.081418    -0.074862
-0.085766    -0.149905    -0.107264
0.054435    -0.091828    -0.099129
0.054731    0.018783    -0.083635
0.047496    -0.137502    -0.105526
-0.090985    -0.044533    -0.077839
-0.082644    -0.032709    -0.083796
-0.081721    0.032418    -0.067622
0.0027    0.135697    -0.054526
0.072799    0.012652    -0.046835
0.069735    0.112869    -0.053239
-0.035979    -0.008744    -0.087491
-0.039018    0.09818    -0.072514
0.048817    0.134343    -0.067449
-0.017907    0.12155    -0.069241
-0.029175    0.133896    -0.067511
-0.036686    0.061984    -0.077584
-0.004283    0.102855    -0.071859
0.032169    0.131361    -0.067866
-0.045075    0.001611    -0.086041
-0.058821    -0.071551    -0.096289
-0.054497    0.033468    -0.081578
-0.077066    -0.056091    -0.094123
-0.086794    -0.116504    -0.101383
-0.07039    0.029094    -0.080829
0.073624    0.116084    -0.047831
0.077539    0.104072    -0.040528
0.069601    -0.016102    -0.045991
0.055069    0.018273    -0.066774
0.00186    0.148347    -0.045792
0.083413    -0.006985    -0.023931
-0.038057    -0.016102    -0.016784
-0.026229    -0.016102    -0.051583
0.037016    -0.016102    -0.05125
0.043043    0.100573    -0.075299
0.001221    0.148347    -0.041233
0.008347    0.148347    -0.056389
-0.028716    0.148347    -0.062828
0.087987    0.1303    -0.012344
0.077298    -0.016102    -0.012397
-0.085498    0.018396    -0.022823
-0.085214    -0.015373    -0.022384
-0.077692    0.014993    -0.040997
0.038184    0.087298    -0.07802
0.035022    0.004623    -0.078785
-0.001367    0.148347    -0.03099
0.033393    0.165214    -0.053481
-0.004459    0.165214    -0.071205
0.087961    0.035802    -0.003839
0.087806    0.024175    -0.002462
-0.047253    -0.016102    -0.005965
-0.088948    0.133519    -0.01558
-0.089708    0.060774    0.000506
-0.089799    0.080878    -0.00934
-0.075125    0.038235    -0.045825
-0.055708    -0.009631    -0.066846
0.030467    0.123704    -0.081689
0.032145    0.022269    -0.079983
0.016682    0.148347    -0.023526
-0.042348    0.163399    -0.074173
-0.007627    0.165214    -0.046756
0.076918    0.159902    -0.032994
-0.040518    0.1514    -0.066905
0.088367    0.088182    0.010152
0.018405    -0.016102    0.003657
0.018236    -0.016102    0.005332
-0.089737    0.060124    0.003015
-0.058821    0.125501    -0.066019
-0.059337    0.116849    -0.065377
-0.053088    0.017865    -0.069439
0.013488    0.043571    -0.085534
-0.034266    0.148347    -0.008819
-0.079786    0.173165    -0.037546
-0.073521    0.165214    -0.018728
0.071826    0.179625    -0.048693
0.027384    0.165214    -0.040129
-0.039446    0.138934    -0.075238
0.088124    0.09269    0.01647
0.027741    -0.016102    0.021021
-0.087646    0.037345    0.020845
-0.089178    0.083283    0.016964
-0.034103    0.05146    -0.080481
0.010352    0.134455    -0.08699
-0.036691    0.148347    0.002699
-0.055503    0.148347    -0.00288
0.001879    0.165214    -0.014257
-0.000293    0.165214    -0.01455
0.000913    0.146446    -0.077325
0.08535    0.131467    0.027907
0.084355    0.124421    0.031111
-0.030155    -0.016102    0.034494
-0.08567    -0.00967    0.026438
-0.019897    0.148347    0.022549
-0.025268    0.148347    0.02542
-0.03183    0.030008    -0.08087
-0.001367    0.003934    -0.085639
0.045241    0.148347    0.004465
-0.034684    0.165214    0.001566
0.041453    0.165214    -0.00333
0.061353    0.193695    -0.054357
0.007862    0.186297    -0.083686
0.078911    0.013925    0.04159
0.008791    -0.016102    0.045649
-0.083499    0.063497    0.037022
0.05461    0.148347    0.028966
-0.076695    0.154954    0.035413
-0.024875    -0.010194    -0.082141
0.016375    0.165214    0.003915
-0.086842    0.186297    -0.004948
0.082696    0.157177    0.010044
-5.4e-05    0.188996    -0.081511
0.077224    0.114569    0.046704
0.042258    -0.016102    0.045195
-0.075781    0.054678    0.050642
-0.044234    0.148347    0.039834
-0.057291    0.165214    0.020483
-0.052677    0.165214    0.027668
-0.079429    0.165214    0.039023
0.087553    0.166819    0.009446
-0.085009    0.193223    -0.002658
0.026748    0.196846    -0.077252
0.045637    0.186297    -0.100747
0.069152    0.084311    0.059089
-0.009612    -0.016102    0.064264
-0.065872    0.05545    0.063156
-0.064318    0.145551    0.053239
-0.080996    0.183282    0.040406
-0.033469    0.165214    0.033706
0.050506    0.165214    0.055756
-0.069579    0.185007    -0.046171
-0.078499    0.192737    0.036343
0.054069    0.227991    -0.062582
0.056899    0.008021    0.06975
0.053126    0.047334    0.074052
-0.057025    0.075952    0.072664
-0.061425    0.082816    0.068249
-0.057063    0.153231    0.061273
-0.043492    0.165214    0.060849
-0.052935    0.190911    -0.064122
-0.085748    0.212477    0.012434
0.015241    0.228463    -0.066815
0.000328    0.222396    -0.082142
0.046536    0.074106    0.078272
0.037688    0.145883    0.07338
-0.055383    0.135602    0.074661
-0.048091    0.173371    0.077411
0.058407    0.154157    0.059141
-0.069754    0.223274    -0.04727
0.082823    0.204892    -0.011827
-0.008407    0.228463    -0.081285
0.047384    -0.005738    0.076733
-0.005757    0.148347    0.075471
-0.043256    0.045983    0.080685
-0.036932    0.156242    0.077771
-0.05621    0.194184    0.066611
-0.049463    0.224753    -0.0673
-0.045476    0.228463    0.069516
0.043192    0.166759    0.079382
0.02624    0.119984    0.088273
0.020781    0.163863    0.087577
-0.024738    0.132449    0.089179
0.047432    0.175893    0.077016
-0.060956    0.228463    -0.054311
0.083392    0.22522    -0.010345
0.019836    -0.000565    0.088439
0.012178    -0.007568    0.090288
-0.0183    0.033876    0.08981
-0.01468    0.168823    0.090638
0.082419    0.21504    0.020071
-0.026054    0.233194    -0.059565
-0.008292    0.134059    0.092348
-0.008377    0.143816    0.084951
-0.007694    0.011656    0.090929
-0.03311    0.191272    0.081042
-0.029097    0.228463    0.074051
-0.037463    0.235204    0.058378
0.059778    0.184503    0.061136
-0.022191    0.223268    0.084735
0.004993    0.236896    0.065208
0.000257    0.186773    0.086856
0.048082    0.224413    0.072497
0.001892    0.196836    0.087092
-0.023497    0.240506    -0.052962
0.011768    0.241113    -0.045913
-0.040412    0.241113    -0.024474
-0.007912    0.241113    -0.017496
0.02077    0.241113    0.014598
-0.01159    0.241113    0.026696
-0.02931    0.241113    -0.022744
0.028024    0.241113    -0.008714
-0.001827    0.241113    0.019604
0.021354    0.241113    0.049191
