0.087716    -0.29398    -0.014815
0.087596    -0.295336    -0.034784
0.083759    -0.296302    -0.09137
0.101954    -0.296302    -0.098764
0.063734    -0.28948    -0.032107
0.081246    -0.293567    0.031907
0.099178    -0.296302    0.095745
0.110707    -0.296302    -0.004421
0.108263    -0.296302    0.000329
0.106812    -0.296302    -0.074402
0.074566    -0.296302    -0.109246
0.078231    -0.2942    0.126712
0.126704    -0.296302    -0.004162
0.1275    -0.296302    0.065455
0.042188    -0.296302    -0.134785
0.068824    -0.296302    -0.114362
0.102636    -0.295816    0.10671
0.130625    -0.296302    0.044368
0.055087    -0.28944    -0.01076
0.040735    -0.296302    -0.137137
0.065063    -0.296302    0.110148
0.049133    -0.294277    -0.139954
0.038383    -0.289872    -0.0622
0.042891    -0.28944    0.053928
0.030056    -0.296302    -0.106561
0.082488    -0.291079    -0.125758
0.033161    -0.291496    -0.071894
0.042022    -0.28944    -0.00437
0.023914    -0.296302    -0.109312
0.042851    -0.296302    0.114174
0.148088    -0.295717    0.002911
0.028005    -0.28944    0.028243
0.036193    -0.294576    0.083773
0.028328    -0.296302    0.124866
0.067021    -0.289211    0.135685
0.008052    -0.294371    -0.090159
0.023771    -0.28944    0.000181
-0.017498    -0.296302    -0.145206
0.006718    -0.296302    0.122331
0.147865    -0.288959    0.034794
0.001414    -0.290616    -0.076112
0.011421    -0.28944    0.052416
-0.027566    -0.296302    -0.121929
-0.00105    -0.296302    0.100166
-0.025033    -0.296302    0.130954
0.072245    -0.286575    -0.134989
0.000592    -0.28944    0.027721
0.011672    -0.28944    -0.036658
-0.037585    -0.296302    -0.104759
-0.009094    -0.285661    0.15293
-0.061068    -0.285176    0.14035
-0.054567    -0.296302    -0.128067
-0.00276    -0.289489    -0.071455
-0.009553    -0.28944    0.041837
-0.0391    -0.294384    -0.081751
-0.044608    -0.296115    0.086849
-0.053677    -0.296302    0.116892
-0.000678    -0.289728    -0.151934
-0.028793    -0.291263    -0.072707
-0.013374    -0.28944    -0.035255
-0.033255    -0.28944    -0.028149
-0.030988    -0.28944    0.025129
-0.06908    -0.296302    0.108732
0.115526    -0.28278    -0.102643
-0.095882    -0.296302    -0.103539
-0.074005    -0.296302    -0.115029
-0.022784    -0.28944    -0.063089
-0.040126    -0.28944    -0.013317
0.062785    -0.28142    0.141469
-0.044495    -0.28944    0.049931
-0.076096    -0.296302    0.098887
-0.084789    -0.296302    0.106336
0.038203    -0.28492    -0.149448
-0.094379    -0.296302    -0.054408
0.013499    -0.279827    0.15495
-0.051007    -0.28944    0.004614
-0.088707    -0.296302    0.047206
0.152581    -0.278254    0.03629
-0.081507    -0.293288    -0.028399
-0.062002    -0.28944    0.000923
-0.098874    -0.296302    0.045157
-0.127651    -0.296302    -0.022785
-0.11795    -0.296302    0.026112
0.157511    -0.277854    -3.2e-05
-0.107399    -0.296302    0.065178
-0.111397    -0.296302    0.019544
-0.117198    -0.296302    -0.010913
-0.09636    -0.295812    -0.004435
0.017186    -0.277149    0.15551
-0.087494    -0.293692    0.007795
-0.134325    -0.296302    -0.045962
0.044007    -0.278953    -0.150336
0.131196    -0.277783    0.085597
-0.13534    -0.296302    0.040799
0.157752    -0.273728    -0.009301
-0.073299    -0.273699    0.140252
0.088067    -0.273412    -0.131227
-0.153015    -0.2868    -0.00414
-0.157976    -0.273056    0.009304
0.082989    -0.27185    0.135749
0.083321    -0.270501    -0.135999
0.134808    -0.271604    0.084335
0.014457    -0.274707    -0.156747
-0.054413    -0.269476    0.149474
0.158069    -0.26677    -0.022345
-0.148634    -0.267603    0.057733
-0.083328    -0.279639    -0.132014
-0.113098    -0.279479    -0.108084
0.052408    -0.264657    0.15161
0.035199    -0.267615    -0.156151
-0.118734    -0.26367    0.108739
-0.050254    -0.27263    -0.150179
-0.094533    -0.271953    -0.126853
-0.035071    -0.260456    0.158414
-0.036532    -0.267619    -0.155975
-0.119749    -0.267781    -0.105727
0.132817    -0.258911    0.093234
0.096839    -0.256563    -0.130771
-0.104151    -0.256769    0.125099
0.148671    -0.255253    -0.066939
-0.162025    -0.254807    0.01842
0.105873    -0.254784    0.124277
-0.153182    -0.258519    -0.054138
0.003189    -0.250966    0.164542
0.071242    -0.253289    -0.147235
-0.087463    -0.252225    0.138889
-0.00611    -0.257059    -0.163182
-0.146555    -0.248924    0.073973
0.160913    -0.246342    0.032577
-0.163927    -0.24747    -0.009414
0.085046    -0.2458    0.141174
-0.043166    -0.255147    -0.158537
0.06911    -0.244215    0.148587
0.111977    -0.242651    -0.12035
-0.023612    -0.241869    0.161875
0.048177    -0.245835    -0.157313
-0.059242    -0.240671    0.152386
0.03756    -0.245986    -0.160248
-0.123005    -0.239851    0.10807
0.129037    -0.237696    -0.099631
-0.163486    -0.239695    -0.009667
0.161352    -0.236825    -0.022289
-0.15904    -0.23454    -0.035726
0.157061    -0.235177    0.045433
-0.088527    -0.240808    -0.138121
0.048474    -0.233275    0.155258
0.08949    -0.23154    -0.134821
-0.087857    -0.233055    0.136681
0.116586    -0.230881    -0.112857
-0.100528    -0.234251    -0.127404
0.113973    -0.230568    0.115565
-0.043332    -0.231695    -0.156843
-0.133523    -0.228502    0.089477
0.158543    -0.226646    -0.030531
-0.141997    -0.227288    -0.077656
0.067784    -0.22537    0.146855
0.103348    -0.224506    -0.124758
-0.148746    -0.224287    0.064119
0.16086    -0.222297    0.02304
-0.021266    -0.22374    -0.160734
0.063016    -0.221165    0.150066
0.032252    -0.226018    -0.158556
-0.074149    -0.219351    0.145817
0.120134    -0.219952    -0.111186
-0.153398    -0.217921    0.056454
0.164002    -0.21513    -0.007793
-0.089557    -0.218044    -0.137123
0.118222    -0.216141    0.114543
0.024783    -0.217371    -0.16155
0.054781    -0.212848    0.154536
-0.153717    -0.212687    -0.056771
-0.055468    -0.211185    0.154308
0.099371    -0.210777    -0.130187
-0.128985    -0.210671    0.100932
0.165037    -0.210646    -0.001136
-0.09022    -0.209561    -0.13716
0.159474    -0.205843    0.041205
-0.039718    -0.208402    -0.159886
0.093699    -0.205061    0.134081
-0.163203    -0.204928    -0.012211
-0.024058    -0.203974    0.161498
-0.090565    -0.204099    -0.136314
-0.121401    -0.202081    0.109458
0.148677    -0.200165    -0.065759
-0.159371    -0.200813    -0.03578
0.108782    -0.199054    0.121057
-0.12726    -0.199008    -0.100679
-0.076798    -0.197979    0.143476
0.149666    -0.196666    -0.060761
-0.156787    -0.196647    -0.043551
0.06531    -0.1958    0.147456
0.094496    -0.194135    -0.129838
-0.158741    -0.193815    -0.02312
0.093022    -0.192489    0.131256
0.060974    -0.193517    -0.148287
-0.160479    -0.191494    0.015836
0.099501    -0.190696    0.127173
0.030027    -0.191014    -0.158803
-0.119199    -0.188624    0.110975
0.158688    -0.187477    0.038945
-0.088833    -0.186976    -0.136703
0.025705    -0.187069    0.160528
0.068195    -0.186057    -0.14791
-0.141612    -0.182772    0.08374
0.159193    -0.183356    -0.041368
-0.161216    -0.183428    -0.025908
0.133421    -0.181124    0.094714
-0.107802    -0.182213    -0.123247
0.038186    -0.180031    0.159997
0.017323    -0.179632    -0.162781
-0.082051    -0.17666    0.143276
0.123132    -0.177319    -0.108517
-0.151519    -0.177442    0.062085
0.16345    -0.175569    -0.013213
-0.160186    -0.175931    -0.038089
0.15372    -0.173273    0.056665
-0.105249    -0.17303    -0.125574
0.051617    -0.172779    0.155793
-0.029746    -0.172391    -0.161146
-0.049114    -0.170376    0.156582
0.092435    -0.169056    -0.134901
-0.14328    -0.169318    0.080912
0.159159    -0.169464    0.042626
-0.158205    -0.168224    -0.044414
0.088527    -0.165997    0.13722
0.015332    -0.166356    -0.162228
-0.106021    -0.164187    0.123259
0.158244    -0.162642    -0.038259
-0.118388    -0.163032    -0.111841
0.022363    -0.161186    0.159869
0.107212    -0.159755    -0.120485
-0.158904    -0.15967    -0.025082
0.080088    -0.160463    0.14125
0.084426    -0.158415    -0.137288
-0.154108    -0.156642    -0.048792
0.035792    -0.156118    0.157947
0.140305    -0.153515    -0.083449
-0.16206    -0.155061    -0.007245
0.098553    -0.154534    0.128306
0.010808    -0.154982    -0.161617
-0.138146    -0.151094    0.087236
0.160374    -0.151779    -0.027132
-0.151283    -0.151056    -0.059961
0.083889    -0.149869    0.141036
-0.001162    -0.147889    -0.164538
-0.05536    -0.148972    0.153614
0.116304    -0.146015    -0.116849
-0.15725    -0.145561    0.047734
0.163147    -0.144158    -0.01478
-0.147006    -0.146321    -0.072278
0.142722    -0.142937    0.082947
-0.084072    -0.141719    -0.141907
0.057695    -0.141891    0.153351
0.003408    -0.143055    -0.164684
-0.058753    -0.139845    0.152914
0.094457    -0.138816    -0.133892
-0.129021    -0.138066    0.100765
0.150558    -0.137515    -0.064227
-0.163983    -0.137441    -0.008343
0.151764    -0.135113    0.060719
-0.115491    -0.136534    -0.117572
0.068754    -0.134224    0.148326
0.027631    -0.132939    -0.160907
-0.090804    -0.132124    0.135786
0.146169    -0.130843    -0.072416
-0.162963    -0.130958    -0.009298
0.118518    -0.128703    0.11207
-0.022068    -0.129918    -0.161034
-0.067687    -0.127942    0.14734
0.162555    -0.127387    -0.005257
-0.137851    -0.127716    -0.08639
0.018183    -0.124921    0.159979
0.148784    -0.124499    -0.061016
-0.137253    -0.123899    -0.084876
-0.009242    -0.122751    0.160695
0.152565    -0.120934    -0.053125
-0.115379    -0.122838    -0.113271
-0.017677    -0.120486    0.160503
0.134553    -0.118389    -0.090932
-0.158163    -0.118244    -0.040909
0.100227    -0.117999    0.127568
-0.005159    -0.117553    -0.163047
-0.04781    -0.116435    0.156181
0.156292    -0.114139    -0.04876
-0.160452    -0.113992    0.030636
0.146336    -0.112472    0.073504
-0.097663    -0.113053    -0.130809
0.049719    -0.11151    0.156315
0.01786    -0.111776    -0.162476
-0.066253    -0.109409    0.149683
0.130766    -0.107532    -0.098542
-0.154115    -0.107801    0.055764
0.163735    -0.106451    -0.010969
-0.160875    -0.106242    -0.032747
0.152639    -0.104623    0.059409
-0.094509    -0.104522    -0.133886
0.069122    -0.103538    0.148579
-0.037156    -0.104918    -0.160286
-0.023383    -0.101862    0.161962
0.083493    -0.101101    -0.142091
-0.135544    -0.101314    0.092059
0.159628    -0.098942    -0.038785
-0.162734    -0.09833    -0.014424
0.141867    -0.098005    0.083155
-0.080229    -0.098874    -0.143537
-0.010181    -0.095687    0.162818
0.098198    -0.094443    -0.129427
-0.159565    -0.094046    0.031926
0.144988    -0.091737    0.072488
-0.047302    -0.092214    -0.155584
-0.081654    -0.091402    0.141018
0.161652    -0.090352    -0.007332
-0.083794    -0.089054    -0.138243
-0.042232    -0.089874    0.1568
0.159518    -0.088051    -0.016751
-0.049367    -0.086817    -0.153657
-0.092662    -0.086336    0.1319
0.161472    -0.085332    0.010326
-0.104898    -0.085183    -0.123057
-0.00394    -0.083581    0.162875
0.127796    -0.082202    -0.100179
-0.159722    -0.081415    0.032196
0.127647    -0.080419    0.101064
-0.053879    -0.080294    -0.15392
-0.012389    -0.079136    0.162807
0.083668    -0.079529    -0.141214
-0.125089    -0.077748    0.105159
0.162501    -0.075353    -0.018595
-0.164607    -0.075294    -0.002645
0.117206    -0.076035    0.11579
-0.10935    -0.074333    -0.122352
0.067262    -0.073774    0.149314
0.015058    -0.072834    -0.163148
-0.068712    -0.071665    0.148785
0.11024    -0.068478    -0.12178
-0.117701    -0.070407    0.115655
0.158427    -0.0684    -0.045348
-0.164569    -0.068457    -0.004303
0.14989    -0.065855    0.0655
-0.120631    -0.064731    -0.111269
0.067803    -0.064393    0.148786
-0.021012    -0.065195    -0.162128
-0.075043    -0.063173    0.145588
0.10099    -0.062007    -0.128007
-0.149677    -0.061533    0.064472
0.1606    -0.059986    0.026028
-0.118811    -0.058989    -0.111915
0.033795    -0.060034    0.159589
0.058981    -0.058545    -0.151224
-0.153716    -0.057857    0.052472
0.144386    -0.055977    0.073433
-0.062727    -0.056646    -0.149051
-0.113068    -0.054321    0.115998
0.150649    -0.053506    0.055761
-0.035946    -0.053748    -0.157274
-0.133932    -0.052017    0.089449
0.144815    -0.051735    0.070641
-0.035404    -0.052423    -0.157264
-0.139516    -0.048459    0.084272
0.158582    -0.049663    0.033534
-0.103411    -0.04895    -0.124633
0.010535    -0.047703    0.162233
0.092048    -0.046042    -0.134336
-0.144661    -0.046573    0.075354
0.161567    -0.044079    0.021693
-0.137103    -0.044681    -0.088945
0.072321    -0.042257    0.146812
-0.024719    -0.042027    -0.161505
-0.067862    -0.041777    0.148741
0.082669    -0.040469    -0.14267
-0.144898    -0.040617    0.07743
0.164911    -0.036006    -0.002078
-0.163017    -0.037128    -0.016192
0.150164    -0.035591    0.06546
-0.106355    -0.036031    -0.124819
0.046538    -0.035193    0.158
-0.022672    -0.034762    -0.162197
-0.003791    -0.033684    0.164649
0.043977    -0.032468    -0.158969
-0.123625    -0.030005    0.107434
0.158612    -0.031688    -0.04469
-0.164094    -0.031616    -0.00722
0.152157    -0.028863    0.059542
-0.091503    -0.028256    -0.135574
0.038722    -0.027291    0.159414
0.010179    -0.028113    -0.163307
-0.123275    -0.025509    0.106743
0.162463    -0.024951    -0.012091
-0.155103    -0.023477    -0.049667
0.060408    -0.02216    0.15024
0.073642    -0.022608    -0.144913
-0.151842    -0.020357    0.055039
0.119967    -0.019878    0.108378
0.035275    -0.019345    -0.157676
-0.154094    -0.018108    0.047176
0.128475    -0.016849    0.096573
0.072165    -0.017031    -0.143984
-0.161165    -0.015576    0.011174
0.135669    -0.013924    0.088963
0.024168    -0.014961    -0.159672
-0.125677    -0.013867    0.102015
0.159549    -0.012362    0.031262
-0.140363    -0.011212    -0.08407
0.052646    -0.010037    0.15442
0.044212    -0.01052    -0.157791
-0.09592    -0.009226    0.131814
0.147391    -0.008298    -0.070415
-0.158927    -0.009517    -0.041008
0.154007    -0.004645    0.055644
-0.097513    -0.006317    -0.13116
0.071449    -0.005299    0.147392
0.026732    -0.004227    -0.16151
-0.070454    -0.002553    0.148023
0.097657    -0.001785    -0.131457
-0.124781    -0.000739    0.106411
0.148034    0.001912    -0.070438
-0.161173    0.000455    -0.030442
0.15108    0.00259    0.063029
-0.142407    0.000676    -0.083417
0.09415    0.004422    0.133905
-0.01985    0.003208    -0.162463
-0.012825    0.00518    0.163198
0.103105    0.006705    -0.12671
-0.136635    0.006216    0.090302
0.164033    0.00746    -0.004138
-0.158106    0.006403    -0.045129
0.085371    0.011145    0.139228
-0.020705    0.009699    -0.161447
-0.063251    0.010821    0.149694
0.146562    0.01343    -0.068921
-0.15121    0.013151    -0.057931
0.074904    0.013068    0.144209
0.050854    0.014768    -0.153584
-0.16046    0.016344    0.012406
0.07926    0.01544    0.141524
0.094018    0.017458    -0.129994
-0.161892    0.018335    -0.001706
0.049821    0.019567    0.153889
0.105009    0.020324    -0.122995
-0.162025    0.020879    0.007985
0.090817    0.02218    0.13463
0.002694    0.022246    -0.16316
-0.095211    0.023019    0.131541
0.146851    0.024851    -0.07076
-0.145441    0.02416    -0.073737
0.087878    0.026997    0.138205
-0.045345    0.025677    -0.157569
-0.015087    0.027625    0.162667
0.113679    0.029599    -0.118847
-0.138285    0.030989    0.088565
0.159461    0.030505    -0.041988
-0.160737    0.030339    -0.032175
0.148383    0.031987    0.069535
-0.089577    0.032716    -0.137631
0.065858    0.033661    0.149963
-0.027605    0.033025    -0.16151
-0.010866    0.035236    0.163761
0.075984    0.036022    -0.145772
-0.138341    0.036654    0.088673
0.14609    0.039508    -0.074696
-0.164438    0.038187    0.004976
0.158242    0.04098    0.044991
-0.126396    0.041006    -0.103711
0.04813    0.041731    0.156832
-0.011706    0.043381    -0.16291
-0.055236    0.042491    0.153755
0.122694    0.04466    -0.107551
-0.161947    0.045325    0.016046
0.125159    0.046633    0.103575
-0.065717    0.046322    -0.148583
-0.068355    0.048084    0.146968
0.146488    0.049941    -0.067968
-0.155583    0.049052    -0.046748
0.018921    0.050657    0.159953
0.131766    0.051814    -0.092051
-0.149732    0.051944    -0.057974
0.007219    0.054295    0.161507
0.14656    0.0538    -0.066522
-0.116315    0.053046    -0.112144
0.020512    0.055462    0.160193
0.095752    0.057341    -0.130847
-0.159833    0.056691    0.026245
0.136643    0.058168    0.088562
-0.025271    0.058042    -0.160363
-0.05206    0.059073    0.15436
0.13747    0.061069    -0.088548
-0.160072    0.061926    0.033741
0.143199    0.063461    0.081159
-0.133385    0.062853    -0.094349
0.066672    0.064097    0.149278
-0.024331    0.063829    -0.16161
-0.054972    0.065674    0.154287
0.111719    0.069473    -0.120705
-0.12306    0.067177    0.108531
0.150341    0.068609    -0.064929
-0.163415    0.06975    -0.013512
0.154955    0.070514    0.053869
-0.127872    0.070783    -0.10237
0.089566    0.073229    0.137599
-0.057518    0.073122    -0.153355
-0.023036    0.074572    0.161941
0.065284    0.074644    -0.14999
-0.138504    0.074014    0.088267
0.144068    0.077678    -0.078606
-0.162705    0.077392    -0.014676
0.127693    0.079122    0.101257
-0.103687    0.079311    -0.125789
0.026372    0.079934    0.160716
0.111454    0.082268    -0.118969
-0.146704    0.082079    0.069879
0.145232    0.084053    0.071864
-0.049218    0.082767    -0.155055
-0.042649    0.083667    0.157466
0.146832    0.08543    -0.066781
-0.117675    0.086374    -0.110817
-0.055667    0.086652    0.150886
0.156002    0.088893    -0.037533
-0.020406    0.088367    -0.158562
-0.148062    0.08905    0.059276
0.061201    0.090463    0.146476
0.153486    0.091453    -0.043096
-0.071535    0.091162    -0.14185
-0.143501    0.093411    0.065275
0.100625    0.094313    0.120992
0.115984    0.094763    -0.106966
-0.099716    0.094813    -0.121533
-0.129662    0.095181    0.088975
0.093052    0.097152    0.125982
0.130396    0.097922    -0.087118
-0.108018    0.099097    -0.114146
-0.117756    0.100101    0.10322
0.094669    0.100634    0.124285
0.127716    0.102868    -0.090211
-0.079515    0.10284    -0.135922
-0.11348    0.103668    0.108825
0.106169    0.104515    0.115614
0.116817    0.105202    -0.104763
-0.09288    0.105842    -0.126051
-0.124688    0.107412    0.095159
0.094469    0.108078    0.12542
0.132905    0.109126    -0.085154
-0.080256    0.11101    -0.137484
-0.124036    0.110421    0.097448
0.092476    0.112266    0.128783
0.119452    0.113394    -0.105481
-0.115526    0.112925    -0.110246
-0.105304    0.113741    0.11981
0.131209    0.115295    0.091922
0.109742    0.368019    -0.113616
0.147437    0.363959    -0.059881
0.141772    0.368727    0.066853
0.053923    0.368839    0.147062
-0.03615    0.368472    0.153293
-0.117169    0.369763    0.10357
-0.156106    0.36338    -0.035786
-0.119351    0.364245    -0.105606
-0.019657    0.366712    -0.156421
0.133074    0.369307    -0.083245
0.15076    0.374828    0.029187
0.099503    0.367978    0.121501
-0.016039    0.371455    0.154322
-0.088493    0.371619    0.127479
-0.154444    0.368464    0.027448
-0.12292    0.369712    -0.09612
-0.040774    0.364374    -0.15491
0.109373    0.381129    -0.103356
0.145036    0.384023    0.032485
0.084999    0.379869    0.124366
-0.013719    0.377134    0.15148
-0.098153    0.380974    0.113477
-0.148589    0.380651    0.020272
-0.115345    0.382209    -0.094559
-0.01291    0.375929    -0.152281
0.119133    0.384631    -0.087347
0.142543    0.388388    0.032305
0.100674    0.384064    0.109315
-0.061952    0.386316    0.133152
-0.127627    0.385754    0.075223
-0.146836    0.38558    -0.011998
-0.099279    0.381528    -0.112214
0.007119    0.386218    -0.14711
0.124407    0.394496    -0.070304
0.124139    0.395078    0.070029
0.018287    0.389097    0.143957
0.067416    0.39186    -0.127332
-0.133758    0.393255    0.049692
-0.139463    0.389067    -0.042553
-0.042881    0.390499    -0.138388
0.071169    0.399622    -0.120261
0.138815    0.400615    0.003875
0.094372    0.392832    0.107644
-0.009814    0.392204    0.143174
-0.116114    0.400796    0.075406
-0.14144    0.39661    -0.002532
-0.092228    0.393633    -0.108677
0.084087    0.405435    -0.105733
0.132054    0.406594    -0.026087
0.109687    0.40465    0.079762
-0.027936    0.411438    0.128676
0.044886    0.405135    -0.127818
-0.133466    0.409341    0.001867
-0.103258    0.40194    -0.090995
0.029673    0.412777    -0.127581
0.121815    0.410005    -0.051216
0.105205    0.41343    0.076352
0.023788    0.410877    0.129586
0.039694    0.408854    -0.127386
-0.128981    0.412512    0.020346
-0.092139    0.405814    -0.099249
0.072031    0.418154    -0.104526
0.125499    0.417584    -0.020964
0.076367    0.420133    0.099508
-0.023617    0.420961    0.122841
-0.095034    0.416807    0.085901
-0.121303    0.42314    -0.023986
-0.044094    0.420353    -0.117344
0.065375    0.420172    -0.107909
0.122383    0.424509    0.008677
0.054842    0.422961    0.110978
-0.065629    0.418666    0.109002
-0.113584    0.424832    0.045238
-0.105271    0.424051    -0.064495
0.00921    0.418181    -0.126638
0.118043    0.429995    -0.012269
0.068696    0.431442    0.095516
-0.027806    0.435736    0.111851
-0.095599    0.427527    0.073194
-0.105559    0.431649    -0.05207
-6.7e-05    0.430604    -0.119209
0.105434    0.439075    -0.038477
0.097268    0.437139    0.059713
-0.000464    0.439323    0.11286
-0.092473    0.436721    0.066453
-0.105356    0.436428    -0.043616
-0.029263    0.43021    -0.11565
0.095204    0.445648    -0.050234
0.076869    0.447134    0.074044
-0.024781    0.448678    0.102537
-0.082318    0.443859    0.071004
-0.085492    0.443922    -0.066789
0.005665    0.439716    -0.111878
0.104918    0.448293    -0.008917
0.066467    0.451149    0.078861
-0.058755    0.446225    0.089465
-0.103068    0.44848    0.021888
-0.038033    0.451522    -0.095459
0.086368    0.453355    -0.053826
0.081161    0.455381    0.057962
-0.012685    0.451647    0.101863
-0.085093    0.459179    0.047129
-0.085695    0.45607    -0.051153
0.053074    0.45773    -0.082556
0.093754    0.462537    0.007855
0.013318    0.4611    0.094189
0.032545    0.46136    -0.089254
-0.073653    0.452418    -0.071621
0.05808    0.470871    -0.065126
0.083401    0.464293    0.040481
-0.012358    0.467766    0.088776
-0.084099    0.464054    0.03932
-0.057673    0.465626    -0.070986
0.059736    0.47483    -0.059647
0.066332    0.469025    0.059054
-0.056974    0.474786    0.061832
-0.083482    0.473872    -0.013321
0.015794    0.474546    -0.082586
0.082914    0.475675    0.00586
-0.003526    0.476559    0.082433
-0.067276    0.482927    0.037651
-0.030227    0.480679    -0.0725
0.079659    0.479466    -0.004928
0.008539    0.485239    0.07404
-0.072464    0.481175    0.029171
-0.027263    0.485867    -0.068768
0.069532    0.489895    0.010084
-0.007417    0.490139    0.069654
-0.068618    0.49142    0.006161
-0.002717    0.491192    -0.069285
0.059419    0.494949    0.027854
-0.051119    0.493782    0.042849
-0.036948    0.49083    -0.059105
0.061848    0.497853    -0.011715
-0.010209    0.503168    0.0568
-0.053765    0.503366    -0.02033
0.042472    0.508226    -0.031213
-0.000847    0.503969    0.057242
-0.043755    0.5012    -0.040835
0.049445    0.511856    0.017421
0.022161    0.513264    -0.047482
0.051151    0.513135    -0.012528
-0.049488    0.518971    0.017318
0.158951    0.115686    -0.021137
0.029485    0.115591    -0.157949
-0.157821    0.113251    -0.044441
0.133728    0.114813    -0.09467
0.164699    0.127293    0.013293
0.051632    0.115127    0.155863
-0.066254    0.11944    0.150293
-0.15968    0.134727    0.047753
-0.139708    0.115264    -0.086955
-0.016904    0.116697    -0.16311
0.118237    0.123801    -0.116396
0.161891    0.136522    0.041984
0.116049    0.121395    0.118187
-0.029796    0.134214    0.163253
-0.144141    0.12623    0.082956
-0.144503    0.130592    -0.083266
-0.055825    0.129851    -0.155786
0.130729    0.145872    -0.103577
0.165483    0.144349    -0.019752
0.142472    0.151604    0.089034
-0.023855    0.139898    0.16458
-0.14346    0.145666    0.086958
-0.16196    0.138018    -0.042587
-0.050313    0.148298    -0.15988
0.092315    0.147962    -0.139583
0.055881    0.145857    -0.15736
0.125013    0.149154    0.111462
0.023313    0.151539    0.1656
-0.108056    0.158827    0.128612
-0.168039    0.162851    0.011787
-0.113637    0.146368    -0.123061
0.023489    0.159648    -0.166237
0.160508    0.174653    -0.053647
0.155604    0.171188    0.064965
0.068915    0.172712    0.154062
-0.085035    0.178325    0.147735
-0.152486    0.166167    0.071736
-0.140195    0.16628    -0.093818
-0.008846    0.17942    -0.169388
0.126073    0.173828    -0.112937
0.04987    0.167918    -0.161652
0.112278    0.178541    0.126921
-0.012848    0.177004    0.168721
-0.138954    0.187455    0.09744
-0.164625    0.173561    -0.042445
-0.061348    0.18763    -0.158127
0.116423    0.207514    -0.125278
0.171285    0.198093    -0.000914
0.151628    0.188269    0.077124
0.037972    0.189335    0.166102
-0.119978    0.192993    0.12192
-0.167907    0.196605    0.026185
-0.146516    0.205017    -0.088603
0.02474    0.198223    -0.168153
0.163195    0.213013    -0.051429
0.052768    0.212177    -0.162609
0.11357    0.196823    0.127004
-0.061787    0.198893    0.158377
-0.153638    0.207249    0.073983
-0.156784    0.206266    -0.066299
-0.07439    0.204914    -0.153382
0.144394    0.228823    -0.092137
0.172102    0.228908    0.000126
0.146454    0.214356    0.089179
0.012926    0.226046    0.170384
-0.124875    0.2137    0.117288
-0.171038    0.226133    -0.007964
-0.097922    0.224524    -0.139892
0.036471    0.230603    -0.167337
0.157113    0.234242    -0.066774
0.153391    0.228292    0.075583
0.073771    0.236554    0.154244
-0.053258    0.237293    0.16275
-0.152687    0.223655    0.077141
-0.126046    0.218063    -0.115845
-0.026833    0.227381    -0.168568
0.123693    0.250015    -0.119091
0.169927    0.243273    0.017115
0.128099    0.243621    0.113469
-0.008731    0.241432    0.171052
-0.131196    0.246624    0.109376
-0.169782    0.245048    -0.018065
-0.090935    0.254292    -0.145235
0.088926    0.258937    -0.146709
0.168736    0.253988    -0.02522
0.06313    0.257821    -0.158442
0.068414    0.258864    0.15624
-0.054498    0.247633    0.162144
-0.170207    0.262671    0.013279
-0.125309    0.263117    -0.116736
-0.020336    0.260918    -0.169298
0.141591    0.268999    -0.095221
0.158553    0.270207    0.062121
0.090922    0.268838    0.144896
-0.036057    0.276528    0.166759
-0.131046    0.264923    0.109194
-0.158308    0.274047    -0.062366
-0.052408    0.276625    -0.162337
0.086791    0.270278    -0.148003
0.168079    0.28184    -0.024627
0.04607    0.289316    -0.164489
0.029012    0.272996    0.167809
-0.094155    0.27768    0.142031
-0.167206    0.287632    0.029725
-0.103919    0.28628    -0.134166
0.014383    0.286818    -0.169254
0.148142    0.304881    -0.083195
0.156507    0.291282    0.065047
0.072502    0.291409    0.153411
-0.081439    0.291445    0.149707
-0.149411    0.298788    0.081048
-0.151331    0.298577    -0.076444
-0.005145    0.310897    -0.169132
0.13605    0.305435    -0.099768
0.167161    0.308027    0.02138
0.108242    0.298704    0.130037
-0.026743    0.306549    0.166541
-0.140089    0.311602    0.093922
-0.166989    0.313371    -0.020324
-0.106297    0.306058    -0.130995
0.103245    0.315403    -0.132637
0.163306    0.328912    -0.038914
0.120887    0.3321    0.116343
0.000554    0.319064    0.169159
-0.118531    0.314816    0.120967
-0.164493    0.319283    0.035852
-0.135069    0.323409    -0.099013
0.020439    0.315574    -0.166825
0.155254    0.327067    -0.061932
0.15528    0.332496    0.060725
0.047378    0.321571    -0.161764
-0.067059    0.336497    0.152306
-0.159831    0.331165    0.050018
-0.121292    0.338865    -0.114916
-0.005703    0.339027    -0.166854
0.122181    0.343885    -0.112936
0.145127    0.345144    0.082242
0.08076    0.340942    0.146215
-0.041987    0.36392    0.159481
-0.14455    0.347269    0.083058
-0.150888    0.341126    -0.069429
-0.056629    0.341668    -0.156128
0.139184    0.350207    -0.089695
0.163516    0.356163    0.017529
0.089486    0.361691    0.137838
-0.016393    0.356806    0.163598
-0.138328    0.356741    0.089693
-0.15607    0.352302    -0.053875
-0.056208    0.363193    -0.153876
0.161084    0.364447    0.025298
0.037288    0.3639    -0.158947
-0.125886    0.362745    -0.100884
0.054157    0.523863    0.006283
0.05546    0.528903    -0.008574
-0.013497    0.549648    0.054812
-0.056319    0.551601    -0.002053
0.033451    0.555745    -0.045052
0.03338    0.553    0.045106
-0.050966    0.555946    0.023568
-0.027685    0.549349    -0.049261
-0.048683    0.56683    0.024052
-0.053146    0.56515    0.014868
-0.048677    0.572206    -0.01468
0.03799    0.574037    0.012315
-0.001992    0.574192    -0.038836
0.022873    0.57595    -0.006765
-0.007567    0.576809    -0.006943
-0.159052    0.11464    -0.02848
-0.009651    0.112839    0.163369
0.077042    0.131831    -0.147221
0.167031    0.133168    -0.000265
0.125923    0.117718    0.105338
-0.022982    0.122134    0.162881
-0.142635    0.120352    0.08401
-0.154834    0.119543    -0.055319
-0.053856    0.11621    -0.155064
0.086995    0.118879    -0.140152
0.16505    0.135277    -0.016994
0.124711    0.125646    0.108274
0.032369    0.120947    0.161521
-0.121873    0.123075    0.111533
-0.161345    0.123572    -0.035794
-0.105317    0.123057    -0.12664
0.117827    0.153853    -0.120607
0.152421    0.147262    -0.068103
0.156024    0.151182    0.060231
0.022259    0.138685    0.164691
-0.110211    0.140283    0.12507
-0.166139    0.141982    0.013298
-0.091754    0.144185    -0.13963
0.02131    0.143026    -0.16517
0.151997    0.14791    -0.069262
0.162848    0.144249    0.039698
0.068591    0.16035    0.153363
-0.066083    0.152836    0.153745
-0.149469    0.150873    0.075991
-0.135402    0.156436    -0.098889
-0.023307    0.161864    -0.166442
0.138561    0.163221    -0.095659
0.169926    0.169169    -0.000243
0.08999    0.184565    0.14446
-0.033797    0.168228    0.165454
-0.142394    0.179044    0.09216
-0.160897    0.169004    -0.051855
-0.044861    0.179151    -0.164427
0.10651    0.184318    -0.131766
0.16618    0.185201    -0.035772
0.126328    0.176222    0.112831
0.028804    0.176126    0.16657
-0.08703    0.182307    0.146568
-0.169019    0.183302    0.013369
-0.119187    0.178303    -0.121602
0.007659    0.170032    -0.169
0.157225    0.190936    -0.063853
0.165872    0.203808    0.043539
0.049923    0.194374    0.163123
-0.077623    0.190795    0.151516
-0.158647    0.201094    0.061336
-0.158434    0.193724    -0.061185
-0.005526    0.189212    -0.170369
0.1265    0.198353    -0.114312
0.16736    0.210856    0.034097
0.132365    0.210078    0.107332
-0.005597    0.197918    0.170662
-0.129356    0.201946    0.110794
-0.165466    0.193881    -0.044001
-0.119825    0.211152    -0.122826
0.020548    0.207427    -0.169025
0.1711    0.221069    -0.007047
0.162408    0.222752    0.053646
0.060382    0.221686    0.159605
-0.079105    0.231492    0.151972
-0.168604    0.21358    0.025347
-0.1377    0.218489    -0.100665
-0.020316    0.219929    -0.16934
0.125654    0.22441    -0.116476
0.053108    0.231692    -0.162742
0.092272    0.236187    0.144397
-0.036621    0.234767    0.167365
-0.126218    0.238384    0.116006
-0.167073    0.224203    -0.03791
-0.07416    0.224426    -0.153932
0.115725    0.256047    -0.126188
0.166234    0.251739    -0.044422
0.153846    0.247528    0.074534
0.00634    0.24084    0.171374
-0.109328    0.247088    0.131226
-0.168445    0.24268    0.028422
-0.142862    0.241129    -0.094277
-0.008168    0.243444    -0.171103
0.161825    0.262571    -0.054818
0.165866    0.249851    0.045447
0.118821    0.250914    0.123887
-0.034999    0.262835    0.167346
-0.16064    0.24867    0.058097
-0.156784    0.254002    -0.067245
-0.075973    0.248231    -0.153241
0.108049    0.267338    -0.13182
0.169229    0.269447    0.01917
0.132431    0.267143    0.107263
0.010719    0.272711    0.170227
-0.109793    0.274815    0.130157
-0.166595    0.274716    0.037784
-0.089205    0.275666    -0.145917
0.010166    0.267342    -0.170487
0.160504    0.282177    -0.056332
0.16457    0.270064    0.047608
0.072352    0.275054    0.154134
-0.060609    0.275411    0.158985
-0.16179    0.2819    0.053252
-0.157518    0.284408    -0.06334
-0.043714    0.283119    -0.165522
0.131638    0.294925    -0.106513
0.170069    0.290877    0.006855
0.079446    0.289835    -0.150633
-0.026109    0.297067    0.167175
-0.132797    0.301243    0.104404
-0.167577    0.298157    -0.022575
-0.119432    0.290228    -0.122067
0.100185    0.308514    -0.135507
0.168583    0.30179    -0.01333
0.128221    0.313019    0.109253
0.032002    0.307363    0.165801
-0.08749    0.299665    0.145891
-0.168712    0.313559    0.007162
-0.147389    0.302839    -0.085237
0.009872    0.297789    -0.169271
0.14879    0.328647    -0.077206
0.145926    0.334054    0.082979
0.064713    0.321647    -0.154577
-0.07037    0.329402    0.151555
-0.155725    0.321669    0.061935
-0.145578    0.33753    -0.083085
-0.018464    0.318445    -0.166851
0.141483    0.32454    -0.090503
0.167381    0.326773    0.009282
0.084347    0.320916    0.146508
-0.033879    0.334738    0.163494
-0.141074    0.321055    0.091499
-0.162186    0.325477    -0.045535
-0.074247    0.331683    -0.14975
0.111712    0.355419    -0.121606
0.163392    0.341873    0.029873
0.083849    0.349885    0.143713
0.016214    0.34398    0.164969
-0.119335    0.355313    0.11469
-0.161758    0.354242    -0.032417
-0.112586    0.343834    -0.122456
0.089285    0.350698    -0.139435
0.164855    0.354718    -0.008507
0.122655    0.361446    0.109313
0.045081    0.34449    -0.160593
-0.094129    0.354744    0.135187
-0.159862    0.363872    0.039129
-0.11131    0.352502    -0.122297
0.018366    0.353726    -0.163662
-0.163622    0.364425    -0.005855
-0.043013    0.363414    0.157491
-0.052842    0.521328    0.003958
0.03955    0.552686    -0.040372
0.032437    0.545293    0.045829
-0.052788    0.53386    0.019167
-0.02053    0.528044    -0.052224
0.04922    0.532126    0.027783
-0.032071    0.557517    0.046111
-0.043373    0.547942    -0.035639
0.036533    0.562054    0.042445
0.045589    0.564937    0.030717
0.034398    0.572154    0.037737
0.013466    0.573094    -0.043904
0.02438    0.574604    0.02666
0.02234    0.575596    0.016199
0.016764    0.57647    -0.004218
