-0.019821    -0.51303    0.112703
0.030854    -0.507316    0.110556
-0.015799    -0.516708    0.113114
-0.06521    -0.507214    0.095162
-0.071716    -0.520001    0.089784
-0.065614    -0.505836    0.094852
0.029671    -0.517293    0.110854
0.069322    -0.518559    0.09013
-0.085876    -0.517243    0.077864
-0.038675    -0.523947    0.107522
0.08457    -0.500434    0.076912
-0.084538    -0.504197    0.079832
0.032359    -0.522021    0.109441
0.089305    -0.512531    0.07097
-0.109687    -0.507084    0.038929
0.072673    -0.527027    0.086747
0.106673    -0.508865    0.041239
0.106985    -0.494652    0.039114
-0.030037    -0.489605    0.110419
-0.081282    -0.532078    0.080999
0.109886    -0.524708    0.031772
-0.11278    -0.491814    0.029459
0.006973    -0.53278    0.112601
0.112802    -0.508209    0.021964
0.040161    -0.488868    0.105591
-0.116135    -0.513783    0.011909
-0.058144    -0.537112    0.097763
0.115482    -0.512863    0.0014
0.06416    -0.487998    0.093009
-0.116974    -0.517668    -0.00788
0.037074    -0.536174    0.105797
0.115084    -0.508489    -0.008122
0.112132    -0.535787    0.012061
-0.114989    -0.514429    -0.023992
0.010516    -0.540587    0.110936
-0.114092    -0.522879    -0.027277
0.112092    -0.533853    -0.017978
-0.113343    -0.49621    -0.032511
0.111862    -0.539539    0.009657
-0.104354    -0.536566    0.04637
0.110518    -0.518648    -0.034807
0.038451    -0.485845    0.106067
-0.103484    -0.513887    -0.057253
-0.03446    -0.54451    0.10618
-0.115301    -0.531452    0.00809
0.100518    -0.533845    -0.055195
0.107166    -0.490924    -0.041332
-0.093622    -0.515657    -0.071375
0.040109    -0.546636    0.102506
0.109958    -0.547659    0.01208
0.095417    -0.52906    -0.064735
0.11315    -0.488953    -0.014997
-0.084458    -0.519469    -0.08302
-0.094379    -0.548606    0.059993
0.084537    -0.51179    -0.080692
0.097312    -0.542712    -0.058932
-0.079294    -0.502621    -0.087726
0.107562    -0.550189    -0.0293
-0.108628    -0.52996    -0.041877
0.069107    -0.530734    -0.092463
0.113301    -0.487433    -0.012951
-0.081365    -0.484916    -0.084621
-0.107516    -0.548589    0.032913
0.058777    -0.51355    -0.101951
0.067599    -0.546646    -0.090322
-0.049695    -0.498089    -0.106764
0.083236    -0.551458    -0.074079
0.105597    -0.551327    -0.034199
0.041919    -0.526683    -0.108539
0.110827    -0.484569    0.026938
-0.038092    -0.512817    -0.111863
0.088578    -0.553388    0.0625
-0.044341    -0.523273    -0.108711
0.052785    -0.543531    -0.10142
-0.029564    -0.511526    -0.114935
-0.109866    -0.480913    0.034746
0.107237    -0.553855    -0.022217
0.02004    -0.515239    -0.115838
0.042562    -0.547191    -0.104847
-0.001518    -0.502586    -0.118537
-0.014633    -0.483414    -0.11553
-0.08746    -0.539367    -0.075445
0.009468    -0.518681    -0.117065
0.01707    -0.496167    -0.115896
-0.101891    -0.479971    -0.057448
0.10844    -0.555383    -0.007746
0.00478    -0.541213    -0.115059
-0.113311    -0.479098    -0.026026
-0.108694    -0.548647    -0.03352
-0.019241    -0.545383    -0.11263
0.019372    -0.482595    -0.114605
0.102539    -0.556324    -0.036094
0.111003    -0.480676    0.024621
-0.074086    -0.557926    0.078199
-0.055905    -0.542997    -0.101085
-0.095581    -0.477231    0.063122
0.057172    -0.558183    0.089394
0.110626    -0.47911    0.027344
0.020442    -0.559338    0.103309
-0.073002    -0.550345    -0.0867
0.061784    -0.479667    -0.097869
0.051383    -0.558213    -0.096621
-0.010097    -0.478174    -0.116031
0.093399    -0.560788    -0.050368
0.021941    -0.280843    0.11076
0.013593    -0.289148    0.111859
0.008395    -0.381686    0.112544
0.02712    -0.318924    0.110079
0.024941    -0.12365    0.110366
0.027874    -0.062166    0.10998
0.018213    -0.39132    0.111251
0.019155    -0.274381    0.111127
0.023412    -0.151014    0.110567
0.028795    -0.45301    0.109858
0.027626    -0.083777    0.110012
0.004566    -0.474141    0.113048
0.044329    -0.246128    0.103446
0.056618    -0.14917    0.098356
0.05207    -0.130186    0.100239
0.044263    -0.316317    0.103473
0.039516    -0.379907    0.10544
0.046919    -0.43656    0.102373
0.053603    -0.414762    0.099604
0.048131    -0.19446    0.101871
0.045742    -0.243532    0.102861
0.04636    -0.35606    0.102605
0.088924    -0.475513    0.069168
-0.001115    -0.442758    0.113772
-0.002944    -0.065759    0.113532
-0.021753    -0.421683    0.111056
-0.010397    -0.435167    0.112551
-0.024402    -0.378219    0.110707
-0.00827    -0.326453    0.112831
-0.025221    -0.388227    0.110599
-0.007749    -0.341898    0.112899
-0.010128    -0.216237    0.112586
-0.00306    -0.087404    0.113516
-0.001584    -0.066351    0.113711
-0.012402    -0.353821    0.112287
-0.046521    -0.426939    0.103389
-0.032667    -0.119306    0.109128
-0.055183    -0.471926    0.099801
-0.03685    -0.152815    0.107395
-0.038159    -0.407866    0.106853
-0.036474    -0.14447    0.107551
-0.037738    -0.303801    0.107027
-0.039521    -0.158731    0.106289
-0.051093    -0.463479    0.101495
-0.033151    -0.193748    0.108927
-0.031473    -0.278283    0.109622
-0.072669    -0.433935    0.087657
-0.062132    -0.296279    0.095742
-0.081694    -0.471622    0.080732
-0.065476    -0.153347    0.093177
-0.061168    -0.438373    0.096482
-0.074203    -0.325127    0.08648
-0.059945    -0.17318    0.09742
-0.059664    -0.308892    0.097637
-0.058919    -0.151288    0.098208
-0.06104    -0.144663    0.096581
-0.068446    -0.337739    0.090898
-0.064975    -0.283261    0.093561
-0.095661    -0.472513    0.06308
-0.089921    -0.359299    0.07056
-0.096725    -0.360958    0.061694
-0.098645    -0.33088    0.059191
-0.097815    -0.269722    0.060272
-0.100889    -0.205579    0.056268
-0.094034    -0.43758    0.0652
-0.095259    -0.367309    0.063603
-0.094216    -0.348164    0.064963
-0.100069    -0.34086    0.057336
-0.098945    -0.293412    0.058801
-0.097198    -0.375733    0.061078
-0.111247    -0.358623    0.031474
-0.111823    -0.400008    0.030083
-0.112606    -0.339251    0.028193
-0.112209    -0.425674    0.029151
-0.109817    -0.444802    0.034926
-0.106106    -0.309218    0.043883
-0.111331    -0.181129    0.03127
-0.106785    -0.333415    0.042244
-0.109033    -0.209126    0.036819
-0.111959    -0.378842    0.029754
-0.110318    -0.280203    0.033716
-0.111848    -0.464283    0.030023
-0.115492    -0.234358    0.006315
-0.112856    -0.468554    0.026361
-0.116319    -0.411638    2.2e-05
-0.116425    -0.251437    -0.000787
-0.115773    -0.22597    0.004176
-0.114357    -0.408654    0.01495
-0.116185    -0.164331    0.001041
-0.114473    -0.395447    0.014062
-0.116276    -0.465239    0.000347
-0.11446    -0.44355    0.014161
-0.116219    -0.145422    0.000781
-0.115765    -0.214459    0.004234
-0.11398    -0.235346    -0.021301
-0.112912    -0.120298    -0.02942
-0.113253    -0.420063    -0.026828
-0.113853    -0.190994    -0.022262
-0.115484    -0.453531    -0.009857
-0.114557    -0.27708    -0.01691
-0.115956    -0.437785    -0.006266
-0.112724    -0.432723    -0.030849
-0.112883    -0.408548    -0.029639
-0.113039    -0.183041    -0.028453
-0.115294    -0.376561    -0.011303
-0.112699    -0.325264    -0.031038
-0.105736    -0.386488    -0.04826
-0.103849    -0.352033    -0.052816
-0.105873    -0.224946    -0.047929
-0.105281    -0.452747    -0.049357
-0.101951    -0.458743    -0.057397
-0.101239    -0.335286    -0.059116
-0.105359    -0.198055    -0.04917
-0.105824    -0.289433    -0.048048
-0.102365    -0.129147    -0.056397
-0.10224    -0.329633    -0.056699
-0.104711    -0.401416    -0.050734
-0.107098    -0.264784    -0.044973
-0.095103    -0.465524    -0.06729
-0.090189    -0.280681    -0.073694
-0.083767    -0.186934    -0.082062
-0.087065    -0.240368    -0.077765
-0.085128    -0.199747    -0.080289
-0.083188    -0.35287    -0.082817
-0.090457    -0.446739    -0.073345
-0.092482    -0.284281    -0.070705
-0.091047    -0.244505    -0.072575
-0.082937    -0.45692    -0.083144
-0.084843    -0.136926    -0.080661
-0.091101    -0.34738    -0.072505
-0.072369    -0.470275    -0.091371
-0.065746    -0.353807    -0.096453
-0.076766    -0.162901    -0.087998
-0.074372    -0.366961    -0.089834
-0.069995    -0.369486    -0.093193
-0.076744    -0.310882    -0.088014
-0.075324    -0.310435    -0.089104
-0.082226    -0.044116    -0.083808
-0.066668    -0.41342    -0.095745
-0.081735    -0.392351    -0.084184
-0.076426    -0.286401    -0.088258
-0.056471    -0.207685    -0.10275
-0.05009    -0.300904    -0.105394
-0.058701    -0.140953    -0.101827
-0.049828    -0.327441    -0.105502
-0.039002    -0.369788    -0.109987
-0.058653    -0.082011    -0.101847
-0.058674    -0.155346    -0.101838
-0.057754    -0.390655    -0.102219
-0.055836    -0.292965    -0.103014
-0.056573    -0.246672    -0.102708
-0.054932    -0.260964    -0.103388
-0.047432    -0.422416    -0.106495
-0.067936    -0.555242    -0.088273
0.016683    -0.558087    -0.108134
0.006013    -0.26509    0.112857
0.004046    -0.276416    0.113116
0.009943    -0.287977    0.11234
0.002794    -0.034281    0.113281
0.002799    -0.352685    0.11328
0.011099    -0.162508    0.112188
0.002924    -0.042267    0.113264
0.007694    -0.222089    0.112636
0.004541    -0.05205    0.113051
0.006907    -0.295144    0.11274
0.007966    -0.147832    0.1126
0.036015    -0.207524    0.10689
0.03008    -0.030843    0.109348
0.045608    -0.053775    0.102916
0.043498    -0.162287    0.10379
0.043664    -0.162301    0.103721
0.037888    -0.078136    0.106114
0.035685    -0.274384    0.107026
0.035395    -0.061801    0.107146
0.031247    -0.15912    0.108865
0.04676    -0.123441    0.102439
0.035211    -0.367323    0.107223
0.054214    -0.049984    0.099351
0.052018    -0.126744    0.100261
-0.027205    -0.112173    0.110338
-0.025411    -0.313706    0.110574
-0.025037    -0.293086    0.110623
-0.029028    -0.328989    0.110098
-0.030892    -0.216527    0.109853
-0.013987    -0.17579    0.112078
-0.025631    -0.101363    0.110545
-0.025943    -0.123296    0.110504
-0.029817    -0.39825    0.109994
-0.024866    -0.345041    0.110646
-0.019267    -0.152144    0.111383
-0.024876    -0.070514    0.110645
-0.038771    -0.0823    0.106599
-0.046469    -0.18082    0.10341
-0.05195    -0.159264    0.10114
-0.042542    -0.093597    0.105037
-0.040754    -0.039253    0.105778
-0.055011    -0.02661    0.099872
-0.055138    -0.09739    0.09982
-0.043234    -0.031136    0.10475
-0.034787    -0.027887    0.10825
-0.050011    -0.135926    0.101943
-0.049607    -0.198333    0.102111
-0.041304    -0.090322    0.10555
-0.07616    -0.198408    0.084978
-0.063562    -0.10352    0.094645
-0.07597    -0.129343    0.085124
-0.073753    -0.088609    0.086826
-0.061921    -0.032615    0.095904
-0.082342    -0.112532    0.080235
-0.075156    -0.020289    0.085748
-0.074583    -0.125745    0.086189
-0.069244    -0.091534    0.090285
-0.074707    -0.30728    0.086094
-0.082148    -0.102804    0.080384
-0.078461    -0.039722    0.083213
-0.098341    -0.015992    0.059587
-0.097572    -0.026021    0.060589
-0.082877    -0.060072    0.079738
-0.086272    -0.034233    0.075315
-0.090151    -0.143306    0.07026
-0.092237    -0.057801    0.067542
-0.086835    -0.264743    0.074581
-0.084222    -0.125434    0.077986
-0.095677    -0.021319    0.063059
-0.086372    -0.234563    0.075184
-0.083645    -0.076064    0.078737
-0.083972    -0.34063    0.078311
-0.103081    -0.296105    0.051185
-0.103002    -0.385673    0.051376
-0.104903    -0.283985    0.046788
-0.107317    -0.028876    0.040961
-0.104056    -0.086214    0.048832
-0.107113    -0.170776    0.041453
-0.105423    -0.195678    0.045532
-0.101964    -0.402504    0.053882
-0.105426    -0.137219    0.045525
-0.11001    -0.027627    0.03446
-0.101082    -0.458749    0.056012
-0.101458    -0.10337    0.055103
-0.113602    -0.191534    0.020692
-0.112795    -0.045435    0.026829
-0.113378    -0.24091    0.022392
-0.112946    -0.141343    0.025681
-0.11386    -0.130792    0.018728
-0.113369    -0.16582    0.022459
-0.113593    -0.163881    0.020758
-0.112868    -0.307216    0.026275
-0.114095    -0.072041    0.016941
-0.114141    -0.098872    0.016588
-0.113932    -0.235988    0.018181
-0.113996    -0.020139    -0.021174
-0.116077    -0.237275    -0.005344
-0.116418    -0.277712    -0.00275
-0.114156    -0.08487    -0.019962
-0.113993    -0.146602    -0.021197
-0.116078    -0.019165    -0.005342
-0.115549    -0.305832    -0.009367
-0.11387    -0.144516    -0.022137
-0.116016    -0.219448    -0.005812
-0.115178    -0.246224    -0.012189
-0.116155    -0.059921    -0.004754
-0.115446    -0.327765    -0.010143
-0.111713    -0.269209    -0.03383
-0.107639    -0.108513    -0.043667
-0.104928    -0.109657    -0.05021
-0.107098    -0.065673    -0.044973
-0.107739    -0.148358    -0.043424
-0.110621    -0.164748    -0.036467
-0.110961    -0.296263    -0.035647
-0.109988    -0.032281    -0.037995
-0.105575    -0.071433    -0.048648
-0.110648    -0.088081    -0.036403
-0.112511    -0.464983    -0.031905
-0.108676    -0.300254    -0.041163
-0.100227    -0.322047    -0.060613
-0.094042    -0.191639    -0.068673
-0.091563    -0.144996    -0.071903
-0.100486    -0.327061    -0.060275
-0.088816    -0.13454    -0.075483
-0.089052    -0.153186    -0.075175
-0.095305    -0.028964    -0.067028
-0.087405    -0.104108    -0.077322
-0.088141    -0.06461    -0.076362
-0.094874    -0.089407    -0.067589
-0.098013    -0.23119    -0.063498
-0.095934    -0.218394    -0.066208
-0.077948    -0.017104    -0.08709
-0.058824    -0.462862    -0.101764
-0.076166    -0.019125    -0.088458
-0.080003    -0.026278    -0.085513
-0.066905    -0.088315    -0.095564
-0.075096    -0.117974    -0.089278
-0.068051    -0.019204    -0.094684
-0.059424    -0.458151    -0.101304
-0.071627    -0.089985    -0.091941
-0.066595    -0.03522    -0.095801
-0.069825    -0.129139    -0.093323
-0.075643    -0.098719    -0.088859
-0.033189    -0.276685    -0.112394
-0.033044    -0.105001    -0.112455
-0.031383    -0.41559    -0.113143
-0.038427    -0.346351    -0.110225
-0.033121    -0.265552    -0.112423
-0.034225    -0.229712    -0.111965
-0.033361    -0.262896    -0.112323
-0.035333    -0.132513    -0.111506
-0.040957    -0.228546    -0.109177
-0.039456    -0.098366    -0.109798
-0.043183    -0.243974    -0.108255
-0.032557    -0.144163    -0.112656
-0.015408    -0.451452    -0.115374
-0.015265    -0.367358    -0.115393
-0.018286    -0.400914    -0.114995
-0.011058    -0.373796    -0.115947
-0.024045    -0.262811    -0.114237
-0.008463    -0.437709    -0.116288
-0.025626    -0.293679    -0.114029
-0.024118    -0.35826    -0.114227
-0.023306    -0.285053    -0.114334
-0.025633    -0.122004    -0.114028
-0.011222    -0.452394    -0.115925
-0.01953    -0.266753    -0.114831
0.055754    -0.562012    0.086776
0.054869    -0.011436    0.09887
-0.115583    -0.013888    0.004957
-0.005822    -0.054924    -0.116636
-0.004608    -0.080754    -0.116796
-0.023973    -0.046787    -0.114247
-0.016465    -0.081838    -0.115235
-0.011021    -0.258316    -0.115951
-0.004953    -0.240032    -0.11675
-0.024727    -0.096601    -0.114147
-0.01584    -0.172235    -0.115317
-0.020362    -0.107075    -0.114722
-0.010751    -0.022444    -0.115987
-0.017855    -0.181231    -0.115052
-0.015591    -0.032305    -0.11535
-0.083518    -0.556738    -0.072634
0.022085    -0.010711    0.110513
0.065927    -0.033515    0.091254
-0.091238    -0.012925    0.068629
-0.036656    -0.013355    -0.110839
0.003746    -0.223189    -0.116639
0.021151    -0.389492    -0.114347
0.002521    -0.235295    -0.1168
0.00713    -0.235935    -0.116193
0.008431    -0.163201    -0.116022
0.016566    -0.430159    -0.114951
0.00394    -0.458286    -0.116613
0.002858    -0.326009    -0.116756
0.01638    -0.407032    -0.114976
0.020982    -0.47146    -0.11437
0.009901    -0.381848    -0.115829
-0.025411    -0.011887    -0.113881
0.093171    -0.563102    -0.045432
0.072843    -0.040143    0.085947
0.110926    -0.475189    0.025391
-0.112653    -0.006782    -0.026007
0.02146    -0.065174    -0.114307
0.018164    -0.096071    -0.114741
0.017393    -0.096904    -0.114842
0.01958    -0.224795    -0.114554
0.01389    -0.051535    -0.115303
0.019307    -0.159392    -0.11459
0.0167    -0.190554    -0.114933
0.021606    -0.050645    -0.114288
0.022819    -0.300475    -0.114128
0.014142    -0.186709    -0.11527
0.023839    -0.018072    -0.113994
0.01039    -0.115216    -0.115764
-0.019662    -0.559348    -0.107158
7.5e-05    -0.004657    0.112652
-0.035564    -0.00814    0.107368
-0.093659    -0.006765    -0.068019
0.04214    -0.413379    -0.107836
0.034048    -0.37798    -0.111187
0.039324    -0.23121    -0.109002
0.041697    -0.338872    -0.108019
0.029457    -0.268961    -0.113089
0.031655    -0.083959    -0.112178
0.034642    -0.448931    -0.110941
0.033634    -0.123778    -0.111359
0.034726    -0.147724    -0.110906
0.032251    -0.449987    -0.111932
0.046078    -0.450363    -0.106204
0.031539    -0.452219    -0.112227
-0.101732    -0.559871    -0.037083
0.004652    -0.004448    0.11202
0.091332    -0.00471    0.064446
-0.114117    -0.004178    0.008563
0.045879    -0.056782    -0.106287
0.051425    -0.212415    -0.10399
0.049134    -0.136621    -0.104938
0.048508    -0.174279    -0.105198
0.050426    -0.076774    -0.104403
0.052416    -0.058411    -0.103579
0.05327    -0.111062    -0.103225
0.055046    -0.099334    -0.10249
0.036732    -0.113821    -0.110076
0.055007    -0.371413    -0.102506
0.055152    -0.183626    -0.102446
0.038661    -0.093215    -0.109277
-0.049447    -0.565    0.088158
0.021113    6.8e-05    0.108835
0.085789    -0.022228    0.073265
0.091274    -0.055045    0.066118
-0.034926    -0.000899    0.106243
-0.089071    -0.000913    -0.072195
0.010374    -0.006984    -0.11509
0.091018    -0.565951    0.038186
0.09463    -0.002842    0.059498
0.101368    -0.04357    0.050354
-0.02417    0.001942    0.108203
-0.111825    0.003488    -0.014647
0.014232    -0.003966    -0.114132
0.097915    -0.56606    0.014107
0.098032    -0.000685    0.053579
-0.025975    0.003326    0.107521
-0.107107    0.003787    -0.036843
0.066622    -0.054639    -0.094203
0.031137    -0.00048    -0.110343
-0.003651    -0.566421    0.091913
0.003082    -0.566421    0.092045
-0.041021    -0.566421    0.081583
-0.020931    -0.566421    0.074683
0.00133    -0.566421    0.074793
0.033658    -0.566421    0.050519
0.073091    -0.566421    0.055599
0.05818    -0.566421    0.062747
0.089993    -0.566421    0.03271
0.082044    -0.566421    0.042083
0.081214    -0.566421    0.028616
0.051478    -0.566421    0.024679
0.018198    -0.566421    0.02222
0.056862    -0.566421    0.017213
-0.042333    -0.566421    0.022455
-0.035095    -0.566421    0.023988
0.024222    -0.566421    -0.027631
0.096032    -0.566421    -0.015348
-0.026884    -0.566421    -0.025728
0.084576    -0.566421    -0.016741
-0.043087    -0.566421    -0.022765
0.046162    -0.566421    -0.042992
0.058602    -0.566421    -0.03753
0.082911    -0.566421    -0.037827
0.078579    -0.566421    -0.039813
0.059969    -0.566421    -0.067169
-0.036681    -0.566421    -0.056576
-0.050297    -0.566421    -0.053112
-0.007982    -0.566421    -0.073626
0.028783    -0.566421    -0.079566
0.032002    -0.566421    -0.091209
0.082264    0.006339    0.071436
0.11244    -0.03547    0.013889
0.111075    -0.032298    0.024259
-0.110909    0.006742    0.010054
0.078813    -0.01859    -0.08485
0.065838    0.001732    -0.091721
0.022635    -0.566421    0.066005
-0.057602    -0.566421    0.061194
-0.103168    -0.564332    0.006995
-0.018454    -0.566421    0.039543
-0.046046    -0.566421    0.032948
-0.024969    -0.566421    0.045285
0.067174    -0.566421    -0.000615
-0.041562    -0.566421    -0.000391
-0.087249    -0.566421    -0.001593
-0.005673    -0.566421    -0.000555
-0.00518    -0.566421    0.003846
-0.040519    -0.566421    -0.010549
-0.041697    -0.566421    -0.017564
-0.006965    -0.566421    -0.002589
-0.050035    -0.566421    -0.009121
-0.068316    -0.566421    -0.051068
-0.06697    -0.566421    -0.049837
-0.049809    -0.566421    -0.047334
-0.085387    -0.566421    -0.040414
-0.059801    -0.566421    -0.071376
-0.049456    -0.566421    -0.063058
-0.016491    -0.566421    -0.084044
-0.011877    -0.566421    -0.088346
0.030679    0.010835    0.10286
0.112095    -0.025016    -0.019998
-0.003581    0.010209    0.107897
-0.105197    0.009697    -0.035733
0.078272    -0.031849    -0.085265
0.092733    0.001749    -0.063671
-0.099504    -0.563829    -0.033051
0.103896    0.003439    0.036442
0.110657    -0.047199    -0.030922
-0.073893    0.01292    0.078207
-0.07519    0.014107    -0.07991
0.088773    -0.022554    -0.07286
0.054153    0.00821    -0.097806
0.012558    0.014923    0.104125
0.109635    -0.01198    -0.033433
-0.071195    0.015956    0.078268
-0.063978    0.015362    -0.087683
0.100148    -0.023362    -0.056784
0.07763    0.009485    -0.078839
0.096768    0.011035    0.046176
0.099958    -0.047437    -0.057242
-0.050474    0.01961    0.090293
-0.077904    0.020699    -0.071161
0.046069    0.012115    -0.099357
0.084783    0.018095    0.058788
-0.085423    0.020186    0.058421
-0.028763    0.018003    -0.103888
0.104814    0.015304    -0.013978
0.107589    0.009607    0.010504
-0.093873    0.023477    -0.04211
0.072307    0.020044    -0.076146
0.054111    0.023013    0.083996
-0.09256    0.024494    0.039734
-0.045407    0.02543    -0.091283
0.043965    0.022644    -0.093371
-0.056831    0.028893    0.077213
-0.021758    0.023442    -0.101139
0.097383    0.024046    0.02289
-0.011324    0.029794    0.093502
-0.077922    0.030309    -0.058068
0.099971    0.024299    0.001725
-0.007978    0.031758    0.091852
-0.081645    0.030824    -0.052298
0.095885    0.027605    0.011458
-0.040084    0.033887    0.080943
-0.062375    0.033777    -0.06995
0.087602    0.02996    0.034151
-0.010557    0.03622    0.086455
-0.079351    0.03682    -0.042608
0.09072    0.031456    -0.025276
0.063473    0.03709    0.05825
-0.087173    0.03775    -0.013464
0.087289    0.03409    -0.026615
0.051758    0.040523    0.063645
-0.085532    0.0389    0.012555
0.064664    0.03684    -0.060649
0.004821    0.042394    0.080316
-0.083438    0.039549    0.021397
0.010557    0.039817    -0.085668
0.04334    0.041112    -0.072837
-0.057315    0.046699    0.053242
-0.008983    0.044506    -0.081475
0.041055    0.039829    -0.075998
-0.066835    0.048667    0.037945
-0.00761    0.04865    -0.077917
0.031538    0.044337    -0.075104
-0.049956    0.049546    0.056086
-0.010091    0.04976    -0.076694
0.045783    0.048604    -0.062153
-0.067065    0.051448    0.032615
0.028802    0.052692    -0.068589
0.014542    0.054983    0.068264
-0.071503    0.055853    0.005612
0.037691    0.053031    -0.063929
0.038623    0.057781    0.055424
-0.066065    0.057174    -0.027416
0.064436    0.054036    -0.032135
-0.02641    0.060116    0.061223
-0.032222    0.064036    -0.059707
0.062401    0.055834    0.030254
-0.059773    0.06275    0.029626
0.03884    0.065209    -0.052797
0.035991    0.067721    0.049766
-0.045195    0.071279    -0.045226
0.064766    0.060744    0.015652
-0.048824    0.068913    0.039074
0.031189    0.071405    -0.054472
0.04544    0.071178    0.038833
-0.024603    0.075127    -0.056611
0.061745    0.069473    5.4e-05
-0.058276    0.07794    -0.014581
0.057656    0.075515    -0.012139
-0.04937    0.079616    0.03016
0.034637    0.079395    -0.047303
-0.014277    0.081281    0.05414
-0.004106    0.080222    -0.059372
0.036489    0.089742    0.037823
-0.035652    0.086309    -0.044894
0.007008    0.08881    0.052192
-0.045693    0.088172    -0.033425
0.050418    0.086014    0.018841
-0.047606    0.095858    -0.026715
0.046238    0.092403    0.023842
-0.051348    0.097026    -0.016915
0.047884    0.095784    0.017646
-0.039257    0.101391    -0.036375
0.039597    0.100532    0.030036
-0.027062    0.103284    -0.046121
0.033996    0.104988    0.035346
-0.050946    0.106885    -0.00935
0.019667    0.108192    -0.047653
0.036088    0.110523    0.032266
-0.037173    0.11199    0.033407
-0.016358    0.11378    -0.049544
0.048458    0.11565    0.005734
-0.016582    0.117631    0.046052
-0.037431    0.119988    -0.036895
0.040341    0.121099    -0.030605
-0.01322    0.123416    0.047781
-0.022518    0.125366    0.04451
-0.016421    0.128718    -0.050999
0.048675    0.124331    0.01006
-0.03483    0.134443    0.038064
-0.024662    0.128036    -0.047488
0.050169    0.128305    0.002746
-0.029191    0.139818    0.042962
-0.018155    0.141672    -0.051761
0.050453    0.14137    0.011287
-0.031417    0.143583    0.041652
-0.022641    0.13889    -0.049649
0.05115    0.14179    0.006262
-0.028054    0.145041    0.044386
-0.03075    0.151422    -0.046087
0.052087    0.151704    -0.006531
-0.022559    0.151147    0.046995
-0.034302    0.150042    -0.043299
0.051549    0.154864    -0.011484
-0.041727    0.157335    -0.036425
-0.05392    0.157877    0.005586
0.072849    -0.438579    0.085942
0.059988    -0.222827    0.095811
0.064773    -0.42574    0.092139
0.061434    -0.379048    0.094702
0.061046    -0.197478    0.094999
0.05856    -0.229403    0.096907
0.058357    -0.280229    0.097063
0.074195    -0.468546    0.084909
0.066505    -0.374368    0.09081
0.066484    -0.413325    0.090827
0.063659    -0.377019    0.092994
0.072392    -0.199404    0.086293
0.069543    -0.158102    0.088479
0.073054    -0.328019    0.085785
0.072886    -0.21681    0.085914
0.07782    -0.209667    0.082128
0.063904    -0.15897    0.092806
0.066988    -0.147374    0.090439
0.071977    -0.170531    0.086611
0.078036    -0.28471    0.081962
0.080262    -0.439208    0.080254
0.079785    -0.128072    0.08062
0.093897    -0.435969    0.062698
0.094564    -0.403591    0.06183
0.085999    -0.294476    0.072992
0.085779    -0.390981    0.073279
0.08709    -0.279757    0.07157
0.087688    -0.403899    0.07079
0.089303    -0.303972    0.068686
0.094897    -0.41606    0.061395
0.080907    -0.428657    0.079627
0.084013    -0.443121    0.07558
0.086472    -0.215697    0.072375
0.084476    -0.086607    0.074977
0.090569    -0.186208    0.067035
0.097131    -0.33879    0.058484
0.091588    -0.065233    0.065709
0.094891    -0.316201    0.061404
0.092465    -0.282911    0.064565
0.098671    -0.251335    0.056477
0.09407    -0.099002    0.062474
0.097604    -0.260493    0.057868
0.091155    -0.247107    0.066273
0.08902    -0.197717    0.069054
0.106684    -0.384655    0.037522
0.101489    -0.251101    0.050063
0.100842    -0.288433    0.051625
0.107714    -0.384941    0.035035
0.101462    -0.319959    0.050128
0.104147    -0.393841    0.043645
0.107618    -0.391961    0.035266
0.105776    -0.449883    0.039713
0.106124    -0.323697    0.038872
0.108955    -0.444605    0.032038
0.109428    -0.32858    0.030897
0.109188    -0.206225    0.031475
0.110252    -0.167508    0.028908
0.105742    -0.298861    0.039796
0.10538    -0.237635    0.040669
0.10845    -0.093536    0.033259
0.103733    -0.175484    0.044645
0.105232    -0.195274    0.041026
0.10896    -0.269098    0.032028
0.103907    -0.083732    0.044226
0.102984    -0.071416    0.046453
0.111399    -0.309194    0.021803
0.111414    -0.175248    0.021684
0.111201    -0.189439    0.023307
0.111776    -0.249989    0.018934
0.113867    -0.460909    0.003054
0.111892    -0.252902    0.018058
0.111252    -0.178084    0.022919
0.111115    -0.131985    0.023958
0.111641    -0.175814    0.019963
0.11205    -0.233022    0.016858
0.110822    -0.385593    0.026186
0.112807    -0.283613    0.011104
0.112024    -0.056612    0.017052
0.113428    -0.150084    0.006386
0.113668    -0.257209    0.00456
0.113299    -0.13076    0.007365
0.113943    -0.385277    0.002473
0.113904    -0.307232    0.002768
0.111491    -0.057322    0.021103
0.113744    -0.116193    0.003984
0.112307    -0.166345    0.014904
0.113024    -0.279375    0.009455
0.079385    -0.28515    -0.084411
0.073733    -0.434182    -0.088747
0.075344    -0.415953    -0.087511
0.076874    -0.137376    -0.086338
0.062098    -0.457849    -0.097675
0.070683    -0.454617    -0.091088
0.070266    -0.325196    -0.091408
0.076898    -0.295443    -0.086319
0.076825    -0.191542    -0.086375
0.079736    -0.384143    -0.084142
0.076712    -0.405775    -0.086462
0.058044    -0.444843    -0.100785
0.060961    -0.103495    -0.098547
0.073955    -0.071114    -0.088577
0.065782    -0.266407    -0.094849
0.071297    -0.21153    -0.090617
0.061659    -0.262358    -0.098012
0.067314    -0.061047    -0.093673
0.058159    -0.245385    -0.100697
0.069508    -0.060034    -0.09199
0.066082    -0.196268    -0.094618
0.064357    -0.310076    -0.095942
0.092106    -0.298214    -0.068516
0.094112    -0.220269    -0.065902
0.090756    -0.360095    -0.070276
0.096579    -0.318772    -0.062686
0.092679    -0.305725    -0.06777
0.092423    -0.436932    -0.068102
0.097314    -0.306243    -0.061729
0.095028    -0.159673    -0.064709
0.093258    -0.248281    -0.067014
0.093057    -0.467147    -0.067277
0.096046    -0.123776    -0.063382
0.093826    -0.115255    -0.066275
0.087028    -0.327107    -0.075134
0.082726    -0.11029    -0.080741
0.090215    -0.126807    -0.07098
0.08395    -0.083829    -0.079146
0.084227    -0.313775    -0.078784
0.084938    -0.279174    -0.077858
0.091538    -0.111041    -0.069257
0.090927    -0.127843    -0.070053
0.08522    -0.26767    -0.07749
0.105513    -0.416474    -0.043832
0.109418    -0.335748    -0.034405
0.106198    -0.416627    -0.042178
0.104195    -0.359149    -0.047013
0.11036    -0.314483    -0.032129
0.107472    -0.351447    -0.039101
0.107177    -0.396822    -0.039813
0.102601    -0.369775    -0.050862
0.103833    -0.314159    -0.047887
0.109038    -0.326671    -0.035322
0.109332    -0.227442    -0.034611
0.100085    -0.214631    -0.056936
0.104342    -0.10786    -0.046659
0.104609    -0.208686    -0.046015
0.101371    -0.188838    -0.053832
0.099853    -0.090098    -0.057495
0.104521    -0.089413    -0.046225
0.107138    -0.150076    -0.039909
0.100126    -0.431324    -0.056836
0.100312    -0.382946    -0.056387
0.107378    -0.057987    -0.039329
0.107941    -0.101829    -0.037969
0.114376    -0.45594    -0.002668
0.111243    -0.423315    -0.026468
0.112529    -0.366702    -0.0167
0.113288    -0.262464    -0.010932
0.113593    -0.459873    -0.00862
0.110953    -0.445003    -0.028668
0.114107    -0.357175    -0.004714
0.1137    -0.2377    -0.007806
0.11269    -0.332992    -0.015479
0.112527    -0.336618    -0.016713
0.113508    -0.451944    -0.00926
0.111764    -0.221101    -0.022512
0.113907    -0.056638    -0.00623
0.111364    -0.20262    -0.025547
0.112541    -0.181435    -0.016612
0.110691    -0.150395    -0.030661
0.113647    -0.111856    -0.008203
0.110741    -0.288876    -0.030283
0.111636    -0.260528    -0.023482
0.111634    -0.326043    -0.023495
0.111628    -0.246705    -0.023543
0.110653    -0.116195    -0.030949
0.014681    0.165188    0.04945
0.022306    0.1706    0.04599
0.027002    0.166993    -0.047348
-0.053732    0.173274    0.002947
0.020985    0.177269    0.046075
0.022437    0.184115    -0.048148
-0.052287    0.180234    0.009412
0.023409    0.188657    0.043655
0.034484    0.192038    -0.038472
-0.051228    0.194268    -0.006618
-0.005227    0.200131    0.047496
0.045828    0.19916    -0.018142
-0.027344    0.202017    -0.043276
-0.039243    0.215365    0.023747
0.036229    0.208683    0.027831
0.032132    0.215182    -0.033897
-0.028313    0.223573    -0.035565
-0.042568    0.226508    0.008595
-0.019329    0.229686    0.03558
0.005558    0.23667    0.036669
0.038444    0.235237    0.000785
0.03405    0.243038    -0.01209
0.031054    0.246662    -0.015351
0.01887    0.252274    -0.027883
-0.030957    0.258189    0.004042
-0.028461    0.26165    0.003853
-0.025725    0.260249    -0.015721
0.020422    0.263855    -0.027904
-0.034174    0.268737    -0.004534
0.008574    0.272039    0.030355
-0.054473    0.164787    0.000735
-0.054795    0.160747    -0.002156
-0.041803    0.168416    0.032443
0.045923    0.172448    0.023184
-0.013559    0.16802    -0.053734
-0.03289    0.180941    0.039607
0.051531    0.176993    0.002252
-0.005984    0.183459    -0.053462
-0.045303    0.187969    0.024993
0.046154    0.189059    0.018222
0.002047    0.196233    -0.051865
-0.049671    0.202875    0.0026
0.015667    0.202865    0.044161
0.035876    0.20285    -0.03381
-0.030808    0.213928    -0.037131
-0.02676    0.210609    0.037835
0.017924    0.224456    0.037136
0.039488    0.219205    -0.020995
-0.00154    0.222132    -0.045944
-0.037899    0.230406    -0.020443
-0.035399    0.237587    0.016165
-0.024766    0.245667    0.024495
0.004568    0.248158    0.032037
-0.026388    0.249125    0.020923
-0.020689    0.25401    -0.027239
-0.030573    0.259863    0.000875
0.025358    0.261445    -0.011025
-0.034374    0.261511    0.005666
0.031166    0.265103    -0.011384
-0.012841    0.269078    -0.033261
0.023946    0.274438    0.020405
0.018983    0.372371    0.032787
0.021417    0.373019    0.028345
0.004914    0.360752    0.036248
-0.03268    0.366777    0.021709
-0.031789    0.366138    0.019561
-0.015169    0.359157    0.035236
0.034678    0.364185    0.009717
0.011615    0.373019    -0.001286
-0.026298    0.373019    -0.007136
0.011518    0.373019    -0.006393
-0.016986    0.355129    0.032101
0.034508    0.368586    -0.019364
-0.002765    0.373019    -0.021434
-0.015171    0.373019    -0.024466
-0.038126    0.360752    -0.010861
0.024265    0.352648    0.028734
0.021008    0.366777    -0.033102
0.025026    0.360752    -0.030385
0.020023    0.359049    -0.035472
0.016528    0.358169    -0.036614
0.011791    0.360019    -0.039267
0.032815    0.348701    0.017089
-0.029252    0.354727    -0.029862
0.019483    0.348701    -0.035535
-0.031534    0.351403    -0.023377
-0.030853    0.342183    0.02078
0.007269    0.348701    -0.039302
0.036608    0.334527    -0.002195
0.036132    0.334496    0.003505
-0.037671    0.335685    -0.009738
-0.030302    0.347671    -0.0286
0.001048    0.341187    -0.039164
0.034239    0.330904    0.01197
0.023805    0.330248    0.026311
-0.006207    0.334496    -0.039401
-0.036865    0.324073    0.0094
-0.035837    0.32615    -0.015365
-0.019764    0.321548    0.033333
0.033713    0.319703    0.017801
-0.031736    0.322878    -0.025842
-0.002294    0.319106    0.035787
-0.038173    0.317133    -0.005919
0.035752    0.314699    0.005212
-0.02968    0.311259    0.022583
-0.004847    0.31425    -0.038934
0.024348    0.309555    0.02867
0.027898    0.306804    0.02557
0.038299    0.293125    -0.006224
-0.040873    0.311192    -0.00121
0.015062    0.302289    -0.037912
0.009689    0.283116    0.036655
-0.00333    0.296896    0.037871
-0.026478    0.277144    0.028612
0.02898    0.282806    0.024161
0.037891    0.281327    0.005834
-0.040884    0.283119    -0.00219
-0.036205    0.27547    -0.02023
-0.032006    0.300286    -0.026379
0.000467    0.28407    0.037977
-0.003791    0.276917    -0.041294
0.031076    0.274635    0.021428
-0.038603    0.274726    0.000657
-0.021203    0.274993    -0.029272
0.033749    0.275    -0.010867
0.020142    0.275    -0.029916
