0.02075    0.292527    -0.009177
0.029068    0.284041    0.001627
0.026571    0.286248    0.007401
0.023122    0.280814    -0.021522
0.035523    0.248182    0.004564
0.030705    0.251202    -0.018301
0.03636    0.234922    0.003908
0.035231    0.210084    -0.010477
0.029839    0.21498    -0.021167
0.035868    0.222254    0.007649
0.028171    0.235109    -0.023341
0.027916    0.277444    0.017459
0.010312    0.286453    -0.025199
0.026492    0.203535    -0.025745
0.026336    0.263768    0.021851
0.008918    0.278596    -0.031653
0.006926    0.283823    0.028536
0.012711    0.241629    0.034237
0.009613    0.261692    -0.033265
0.023594    0.197306    -0.029819
0.018596    0.223798    0.031812
0.027194    0.210062    0.024615
-0.002314    0.288846    -0.025352
-0.001739    0.258611    0.034803
0.015801    0.206061    0.033026
0.026322    0.189095    -0.027824
0.006528    0.218301    -0.036015
-0.008296    0.209468    0.035782
0.034271    0.192151    0.018118
-0.007149    0.293836    -0.020529
-0.01279    0.257315    0.032441
-0.002857    0.199806    0.037434
-0.008442    0.272899    -0.032423
-0.007827    0.298268    0.013762
-0.011419    0.197643    0.036344
-0.010486    0.270623    -0.0319
-0.004711    0.303045    0.006245
-0.021883    0.19897    0.030684
0.020115    0.17523    -0.021373
-0.010725    0.239935    -0.035129
-0.023357    0.218547    0.028159
0.026441    0.179385    0.015717
0.029498    0.126051    0.000598
0.024104    0.141347    -0.015917
-0.016271    0.217939    -0.032831
-0.027873    0.218967    0.023729
0.026662    0.148408    0.010306
0.028485    0.1569    -0.000396
0.028122    0.142694    0.006792
0.02263    0.114788    -0.019296
-0.019901    0.290543    -0.013763
-0.020936    0.23197    -0.030017
-0.031638    0.204413    0.018823
-0.022701    0.181547    0.023117
0.023292    0.121783    0.018048
0.030999    0.09875    0.001649
0.025793    0.10749    -0.015585
0.001933    0.177924    -0.030078
-0.032589    0.250625    -0.014248
-0.031498    0.261322    0.013981
0.012476    0.182272    0.030444
0.018114    0.152492    0.021948
0.016308    0.109673    0.025138
0.035496    0.060088    -0.001331
0.029639    0.077008    -0.015808
0.027625    0.069028    -0.020414
0.014103    0.143186    -0.025278
-0.008707    0.302287    0.002688
-0.027437    0.226665    -0.024298
-0.03518    0.235005    0.010601
0.011841    0.171074    0.025248
0.030828    0.066885    0.015961
0.030171    0.05604    0.019534
0.036595    0.044138    -0.009232
0.045746    -0.006876    -0.013651
0.03339    0.026701    -0.023679
0.013928    0.116325    -0.026322
0.005481    0.130377    -0.02871
-0.031956    0.213048    -0.018385
-0.031863    0.280187    0.002496
-0.037808    0.193933    0.008513
0.008573    0.15143    0.027271
0.041059    0.012172    0.015207
0.010079    0.04835    0.035556
0.030141    0.036389    0.024793
0.041173    0.024702    -0.003648
0.045492    -0.001924    0.010829
0.044169    -0.009572    -0.018837
0.036023    -0.007951    -0.031406
0.024416    0.02847    -0.032387
0.004054    0.121974    -0.029181
-0.027821    0.285839    -0.000798
-0.036084    0.237472    -0.006007
-0.036754    0.235385    0.000916
0.001921    0.134471    0.029041
-0.012283    0.160861    0.025393
-0.021218    0.167597    0.018237
0.009249    0.057637    0.034735
0.037421    0.018817    0.020586
0.010397    0.047053    0.03565
0.032878    0.003321    0.031875
0.058907    -0.05715    -0.012646
0.06551    -0.075357    0.000722
0.052153    -0.034976    -0.015141
0.045073    -0.047428    -0.035532
0.04737    -0.053856    -0.035432
0.025825    -0.00798    -0.040313
0.007474    0.093204    -0.030872
-0.03671    0.199934    -0.008145
-0.00852    0.116446    0.028559
-0.01571    0.139102    0.024357
-0.026333    0.143743    0.011508
0.003328    0.023096    0.041533
0.056785    -0.052654    0.016616
0.033195    -0.010959    0.035394
0.017858    0.005079    0.041466
0.010894    0.011937    0.042743
0.052826    -0.059953    0.031066
0.068269    -0.086319    -0.002778
0.054234    -0.034437    -0.000449
0.058756    -0.05643    0.01228
0.05676    -0.062795    -0.023939
0.063151    -0.089662    -0.02775
0.059565    -0.089305    -0.035498
0.037407    -0.040853    -0.041363
0.0223    -0.007916    -0.042384
0.003004    0.077715    -0.033244
-0.006828    0.102097    -0.029932
-0.025846    0.162351    0.01106
-0.014579    0.084984    0.029163
-0.030896    0.055625    0.018667
-0.00127    0.067501    0.03465
-0.003905    0.013724    0.04331
0.059761    -0.075641    0.025892
0.032381    -0.027719    0.040682
0.017123    -0.053011    0.056682
0.000949    -0.022816    0.050956
0.008961    -0.036902    0.053796
0.043779    -0.044877    0.03607
0.070365    -0.099336    -0.015655
0.0735    -0.106314    -0.008624
0.072007    -0.099286    0.003063
0.086575    -0.156094    -0.025185
0.078428    -0.129201    -0.022795
0.055345    -0.099564    -0.045947
0.064925    -0.11997    -0.043983
0.034694    -0.081356    -0.057436
0.018141    -0.014936    -0.045596
0.00442    0.032923    -0.039446
-0.01306    0.152333    -0.025379
-0.028008    0.171021    0.000549
-0.01379    0.06615    0.031818
-0.02207    0.101176    0.021621
-0.027814    0.096905    0.014277
-0.010958    -0.003875    0.045861
-0.012501    -0.058558    0.059315
0.087055    -0.156607    0.024447
0.080608    -0.137559    0.024387
0.039031    -0.086218    0.055788
0.030605    -0.070046    0.05615
0.021904    -0.084635    0.064081
0.014814    -0.046977    0.05581
-0.011258    -0.073852    0.063706
-0.003333    -0.057725    0.060292
0.068194    -0.134028    0.046971
0.091012    -0.161979    -0.00947
0.084812    -0.144157    -0.013711
0.079587    -0.130029    0.019424
0.088505    -0.154734    0.01109
0.079943    -0.127503    0.010639
0.081647    -0.16411    -0.043658
0.072337    -0.129265    -0.037552
0.068837    -0.139457    -0.048933
0.062347    -0.130715    -0.052883
0.059443    -0.136132    -0.059457
0.045096    -0.097704    -0.055262
0.022662    -0.045749    -0.052233
0.005413    0.000757    -0.045675
-0.013547    0.099453    -0.027801
-0.004989    0.015182    -0.042879
-0.033373    0.07899    0.00091
-0.016456    0.021945    0.038468
-0.029888    0.042372    0.023196
-0.038242    0.03319    0.011241
-0.03921    0.033475    0.005382
-0.019923    -0.013807    0.044619
-0.016871    -0.034416    0.05127
0.077656    -0.141696    0.034908
0.092116    -0.172323    0.02512
0.044961    -0.103854    0.057798
0.048553    -0.110046    0.057492
0.02352    -0.143787    0.083083
0.027515    -0.127284    0.075822
0.012395    -0.105445    0.072729
-0.017023    -0.116639    0.075663
-0.009623    -0.109039    0.074232
0.067407    -0.147587    0.054988
0.071103    -0.159399    0.056262
0.096149    -0.187576    -0.012272
0.094484    -0.180206    -0.016879
0.094109    -0.176435    -0.015613
0.1008    -0.209536    0.000909
0.099814    -0.211726    0.010796
0.084885    -0.179112    -0.045206
0.090602    -0.184233    -0.03331
0.098922    -0.235892    -0.032454
0.089046    -0.244176    -0.056419
0.078211    -0.183227    -0.056278
0.061004    -0.160991    -0.068094
0.046367    -0.151393    -0.075529
0.020272    -0.083802    -0.064511
0.033097    -0.093902    -0.062194
0.012052    -0.067556    -0.061861
-0.016548    0.116877    -0.02465
-0.007763    0.01521    -0.042508
-0.028581    0.14789    -0.001975
-0.02878    -0.012001    0.039039
-0.032681    -0.019075    0.037794
-0.028817    0.037591    0.026131
-0.038089    0.016485    0.020168
-0.041603    0.017988    0.010467
-0.027547    -0.044775    0.049921
-0.040608    -0.152721    0.079041
-0.035225    -0.109339    0.066531
0.095849    -0.225571    0.03603
0.10049    -0.234096    0.028
0.089162    -0.187501    0.038004
0.057616    -0.159359    0.070048
0.049349    -0.162718    0.077721
0.038262    -0.132015    0.072978
0.034859    -0.135258    0.075489
0.002594    -0.172154    0.095138
0.011696    -0.124528    0.078862
-0.01342    -0.169544    0.092887
-0.005463    -0.168401    0.093573
-0.023373    -0.13267    0.079367
-0.039829    -0.169483    0.085058
-0.036557    -0.154594    0.081355
0.073512    -0.175078    0.060496
0.084599    -0.210197    0.054264
0.106148    -0.24924    -0.00362
0.104674    -0.236113    -0.000494
0.100957    -0.211681    -0.00206
0.105411    -0.25893    0.019797
0.098286    -0.211894    0.022582
0.103554    -0.247754    0.021706
0.10115    -0.251243    -0.03279
0.097138    -0.259849    -0.045677
0.101268    -0.258267    -0.035117
0.074932    -0.229628    -0.071409
0.074993    -0.223504    -0.069896
0.074233    -0.223752    -0.070944
0.062188    -0.190429    -0.07497
0.068971    -0.222664    -0.075552
0.024756    -0.109156    -0.070805
0.0434    -0.157485    -0.079503
0.002863    -0.075735    -0.065332
-0.02331    0.144771    -0.016764
-0.021296    0.152402    -0.01897
-0.013455    0.031222    -0.037743
-0.003331    -0.043396    -0.056332
-0.032521    0.079097    -0.00729
-0.043761    -0.067214    0.045593
-0.038431    -0.026193    0.034629
-0.046989    -0.029698    0.023826
-0.061413    -0.06186    0.003499
-0.039716    0.028802    -0.008555
-0.044302    -0.082162    0.050341
-0.040027    -0.079964    0.052863
-0.061292    -0.171454    0.072013
-0.041669    -0.133073    0.071885
0.092574    -0.250894    0.053361
0.092609    -0.243828    0.050647
0.085737    -0.193188    0.048388
0.054513    -0.180286    0.079038
0.055536    -0.241944    0.089323
0.027402    -0.181709    0.09266
0.037486    -0.192384    0.090129
0.035627    -0.19452    0.091228
0.014875    -0.206373    0.098507
0.010447    -0.212979    0.100039
-0.021716    -0.220004    0.099565
-0.016416    -0.176793    0.094055
-0.026283    -0.216975    0.098529
-0.046946    -0.241319    0.093755
-0.03718    -0.187963    0.089574
0.084122    -0.245015    0.063033
0.083709    -0.2468    0.063988
0.077711    -0.217615    0.064977
0.106257    -0.479039    -0.020418
0.107427    -0.343196    -0.011529
0.108252    -0.275114    -0.005266
0.107594    -0.346707    -0.010264
0.105908    -0.325453    -0.023068
0.105916    -0.429126    -0.023011
0.107768    -0.335941    -0.008941
0.106835    -0.287476    -0.016024
0.105883    -0.392549    -0.023256
0.105632    -0.301406    -0.025167
0.108291    -0.429404    0.004968
0.106719    -0.360623    0.016907
0.108185    -0.336253    0.005774
0.108603    -0.447875    0.002595
0.107819    -0.42549    0.008552
0.10751    -0.42424    0.010901
0.108534    -0.410106    0.003122
0.108102    -0.429408    0.006404
0.108766    -0.385759    0.001357
0.094609    -0.290435    -0.053842
0.09474    -0.265878    -0.053525
0.095288    -0.491965    -0.052203
0.099632    -0.398209    -0.041717
0.10273    -0.294193    -0.034238
0.097185    -0.375342    -0.047625
0.101233    -0.274967    -0.037852
0.099961    -0.324595    -0.040923
0.096276    -0.294349    -0.049819
0.097012    -0.297544    -0.048043
0.081655    -0.352548    -0.071014
0.078591    -0.537684    -0.075007
0.085113    -0.301782    -0.066508
0.084081    -0.422423    -0.067853
0.079432    -0.277216    -0.073911
0.079884    -0.516362    -0.073322
0.083616    -0.410766    -0.068458
0.08007    -0.325623    -0.07308
0.079802    -0.428731    -0.073429
0.065179    -0.265043    -0.086071
0.062175    -0.228003    -0.081725
0.054767    -0.236246    -0.08889
0.029412    -0.143859    -0.080667
0.023349    -0.127311    -0.077556
0.01953    -0.11231    -0.073963
0.00592    -0.095969    -0.070581
-0.027636    0.115623    -0.010819
-0.024637    0.097681    -0.018933
-0.018122    -0.006509    -0.043816
-0.001936    -0.088894    -0.069091
-0.027358    0.133519    -0.009926
-0.055574    -0.086808    0.039574
-0.048962    -0.076902    0.043733
-0.062653    -0.082316    0.023692
-0.05621    -0.048387    0.014733
-0.066339    -0.079536    0.003195
-0.06014    -0.056976    -0.002914
-0.037005    0.028826    -0.016463
-0.050214    -0.098881    0.0518
-0.060543    -0.200808    0.078096
-0.067118    -0.222731    0.076986
-0.064819    -0.196621    0.074062
0.102578    -0.353235    0.034606
0.104481    -0.420798    0.030013
0.095253    -0.286945    0.052287
0.102584    -0.322749    0.034592
0.104318    -0.321042    0.030407
0.103775    -0.468925    0.031716
0.102257    -0.448918    0.035381
0.102204    -0.395125    0.035508
0.100682    -0.415302    0.039182
0.068716    -0.221702    0.075575
0.073393    -0.24033    0.075331
0.059194    -0.234229    0.08513
0.048387    -0.221287    0.09007
0.038816    -0.261912    0.100298
0.04173    -0.22989    0.094153
0.005154    -0.259487    0.107418
0.017876    -0.239093    0.102813
0.02129    -0.198636    0.096551
-0.00843    -0.201162    0.098607
-0.001928    -0.242582    0.105414
-0.024287    -0.260812    0.105089
-0.035872    -0.230492    0.096673
-0.035892    -0.260633    0.101312
-0.033442    -0.201186    0.093161
-0.065422    -0.235953    0.080661
-0.06944    -0.26438    0.082682
-0.070808    -0.259727    0.080797
0.090764    -0.311388    0.059143
0.088568    -0.435858    0.062005
0.0865    -0.369348    0.064699
0.090709    -0.395106    0.059215
0.091728    -0.343079    0.057886
0.084618    -0.347799    0.067153
0.08642    -0.361806    0.064805
0.09156    -0.353188    0.058105
0.092856    -0.327151    0.056416
0.108015    -0.565733    -0.007062
0.108164    -0.539076    -0.005935
0.108165    -0.533059    -0.005927
0.107661    -0.471288    -0.009755
0.108573    -0.572123    -0.002825
0.105347    -0.569351    -0.027328
0.107921    -0.54938    -0.007775
0.108012    -0.51761    -0.007088
0.108241    -0.390613    -0.005348
0.108809    -0.546345    -0.001034
0.101103    -0.455181    -0.038167
0.100681    -0.47913    -0.039185
0.10147    -0.471054    -0.03728
0.103091    -0.421151    -0.033367
0.101249    -0.523441    -0.037814
0.100912    -0.411552    -0.038627
0.103867    -0.475637    -0.031495
0.099691    -0.534629    -0.041574
0.097322    -0.533907    -0.047292
0.106606    -0.559974    0.017766
0.105492    -0.36991    0.026231
0.105975    -0.46166    0.022558
0.106056    -0.521394    0.021944
0.107198    -0.538743    0.01327
0.105475    -0.411024    0.02636
0.106344    -0.397378    0.019757
0.106757    -0.397271    0.01662
0.106545    -0.392517    0.018231
0.105565    -0.487196    0.025674
0.078018    -0.573864    -0.075754
0.091215    -0.322763    -0.058555
0.087565    -0.445314    -0.063312
0.088114    -0.534896    -0.062596
0.089505    -0.383885    -0.060783
0.089437    -0.43782    -0.060872
0.09334    -0.323131    -0.055785
0.085818    -0.511031    -0.065589
0.088597    -0.521417    -0.061967
0.073177    -0.463596    -0.079996
0.074479    -0.331412    -0.078996
0.074564    -0.417951    -0.078931
0.068009    -0.283681    -0.083961
0.069487    -0.354842    -0.082827
0.069467    -0.36337    -0.082842
0.062746    -0.287372    -0.087999
0.067447    -0.420025    -0.084392
0.059173    -0.313427    -0.090741
0.07267    -0.36413    -0.080385
0.041613    -0.173799    -0.085554
0.036665    -0.188823    -0.08992
0.000486    -0.104111    -0.073874
0.011045    -0.15066    -0.087222
-0.024913    0.034032    -0.030631
-0.026686    0.065789    -0.022246
-0.018962    -0.080189    -0.063981
-0.000919    -0.153751    -0.089533
-0.004223    -0.127701    -0.080851
-0.058516    -0.104859    0.044544
-0.05167    -0.097234    0.049534
-0.07278    -0.114526    0.024394
-0.093765    -0.16681    0.000176
-0.074002    -0.108952    0.011159
-0.056728    -0.048089    -0.010173
-0.067512    -0.086239    -0.008356
-0.047332    -0.016252    -0.014624
-0.069302    -0.156587    0.057159
-0.074001    -0.164539    0.055136
-0.069568    -0.182022    0.06726
-0.073176    -0.216399    0.070602
-0.077096    -0.225237    0.067562
0.097056    -0.430572    0.047935
0.097921    -0.485746    0.045846
0.096471    -0.370902    0.049348
0.097762    -0.466944    0.046232
0.099089    -0.535239    0.043029
0.096925    -0.534904    0.048251
0.0988    -0.440535    0.043726
0.102763    -0.510129    0.03416
0.09979    -0.56592    0.041335
0.058525    -0.490236    0.091238
0.055078    -0.271184    0.093883
0.061895    -0.297584    0.088652
0.060696    -0.424476    0.089572
0.067346    -0.287853    0.084469
0.07248    -0.297561    0.08053
0.054842    -0.393061    0.094064
0.071128    -0.342187    0.081568
0.069659    -0.333967    0.082695
0.06899    -0.371884    0.083208
0.046698    -0.280342    0.097568
0.03552    -0.34857    0.102198
0.034625    -0.413585    0.102569
0.031849    -0.282852    0.103719
0.038334    -0.305263    0.101033
0.030472    -0.390923    0.10429
0.036415    -0.401606    0.101828
0.029749    -0.454915    0.104589
0.03556    -0.300669    0.102182
0.02196    -0.314793    0.106053
0.007234    -0.33671    0.107992
0.013174    -0.29603    0.10721
0.014242    -0.394615    0.107069
0.002482    -0.308513    0.108617
0.005985    -0.36432    0.108156
0.025147    -0.27746    0.105634
0.008022    -0.290441    0.107888
0.025914    -0.287107    0.105533
0.01587    -0.389946    0.106855
-0.025255    -0.271107    0.105619
-0.024284    -0.328702    0.105747
-0.026656    -0.5534    0.105435
-0.022785    -0.451681    0.105945
-0.021645    -0.433561    0.106095
-0.013721    -0.273442    0.107138
-0.025425    -0.35304    0.105597
-0.009637    -0.360682    0.107675
-0.019026    -0.473423    0.106439
-0.053119    -0.547009    0.094908
-0.048245    -0.301276    0.096927
-0.049535    -0.508684    0.096393
-0.050202    -0.299498    0.096117
-0.039666    -0.276006    0.100481
-0.050902    -0.479503    0.095827
-0.052236    -0.431476    0.095274
-0.036099    -0.29114    0.101959
-0.038952    -0.372147    0.100777
-0.039957    -0.281973    0.10036
-0.074722    -0.273103    0.07881
-0.068101    -0.44217    0.08389
-0.074241    -0.294396    0.079179
-0.062071    -0.301163    0.088517
-0.068622    -0.382206    0.083491
-0.073496    -0.420163    0.079751
-0.073558    -0.514862    0.079703
-0.076397    -0.558925    0.077524
-0.071424    -0.301329    0.081341
0.089295    -0.526942    0.061057
0.086895    -0.525208    0.064186
0.084664    -0.406891    0.067093
0.078239    -0.310149    0.075466
0.079225    -0.40318    0.07418
0.090263    -0.528473    0.059795
0.083432    -0.410407    0.068699
0.081255    -0.425312    0.071536
0.079454    -0.341563    0.073882
0.088479    -0.560643    0.06212
0.104608    -0.580449    -0.024304
0.097035    -0.579401    -0.045736
0.100416    -0.598719    0.020502
0.086644    -0.583631    -0.061329
0.06113    -0.410835    -0.089239
0.068364    -0.515432    -0.083689
0.063055    -0.565418    -0.087762
0.05539    -0.353771    -0.093644
0.066103    -0.565257    -0.085423
0.065759    -0.453683    -0.085687
0.059714    -0.504114    -0.090326
0.062141    -0.432375    -0.088464
0.070873    -0.525877    -0.081763
0.030054    -0.19104    -0.093
0.038805    -0.224215    -0.09449
0.030199    -0.194761    -0.093514
0.013167    -0.193046    -0.096817
0.017407    -0.219903    -0.100118
0.001218    -0.175332    -0.095845
-0.028855    0.008609    -0.033889
-0.033248    -0.092832    -0.061814
-0.020167    -0.085853    -0.065162
-0.010962    -0.152458    -0.087802
-0.006322    -0.152312    -0.088366
-0.08239    -0.149706    0.030048
-0.072823    -0.1292    0.036325
-0.087503    -0.155097    0.01958
-0.091834    -0.170119    0.022802
-0.088989    -0.153931    0.00548
-0.081357    -0.129793    -0.005405
-0.063206    -0.075545    -0.017507
-0.081439    -0.214898    0.059483
-0.084105    -0.223141    0.057937
-0.086475    -0.210385    0.051864
-0.078814    -0.467184    0.074717
-0.090388    -0.27376    0.059634
-0.080935    -0.27442    0.071953
-0.078099    -0.425865    0.075648
-0.079981    -0.354619    0.073195
-0.087363    -0.334302    0.063576
-0.081175    -0.415167    0.07164
-0.078202    -0.516015    0.075514
-0.085942    -0.401251    0.065427
0.097132    -0.585443    0.041483
0.061197    -0.5628    0.089188
0.068196    -0.528967    0.083818
0.072405    -0.538425    0.080588
0.066419    -0.497488    0.085181
0.072992    -0.373002    0.080138
0.064537    -0.507662    0.086625
0.076791    -0.443192    0.077222
0.071164    -0.411243    0.08154
0.063735    -0.453413    0.08724
0.07051    -0.38594    0.082042
0.048777    -0.45185    0.096707
0.044462    -0.404246    0.098495
0.038577    -0.53718    0.100932
0.042063    -0.524285    0.099488
0.040791    -0.506911    0.100015
0.0494    -0.375959    0.096449
0.039815    -0.476219    0.10042
0.053081    -0.563437    0.094924
0.044591    -0.53508    0.098441
0.02086    -0.52793    0.106198
0.025817    -0.399623    0.105545
0.023254    -0.497551    0.105883
0.011182    -0.548242    0.107472
0.018628    -0.528138    0.106492
0.010494    -0.521821    0.107562
0.008009    -0.538049    0.10789
0.017088    -0.534657    0.106694
0.011531    -0.493101    0.107426
0.025257    -0.344179    0.105619
-0.014107    -0.445032    0.107087
-0.007167    -0.43635    0.108
-0.01047    -0.449745    0.107566
-0.004668    -0.339487    0.108329
-0.001631    -0.446618    0.108729
-0.000102    -0.473492    0.108931
-0.003462    -0.392165    0.108488
-0.01637    -0.557125    0.106789
-0.000199    -0.2857    0.108918
-0.028463    -0.337255    0.105122
-0.046189    -0.501125    0.097779
-0.031007    -0.332721    0.104068
-0.036753    -0.502051    0.101688
-0.036232    -0.393253    0.101903
-0.042483    -0.464024    0.099314
-0.039706    -0.499766    0.100465
-0.038482    -0.461883    0.100972
-0.03016    -0.380671    0.104419
-0.046437    -0.575868    0.097676
-0.056425    -0.299627    0.092849
-0.055438    -0.476653    0.093607
-0.05812    -0.536778    0.091549
-0.060498    -0.386531    0.089724
-0.057777    -0.496564    0.091812
-0.061491    -0.380999    0.088962
-0.060912    -0.522252    0.089407
-0.062169    -0.451586    0.088442
-0.058408    -0.554256    0.091328
0.083131    -0.581619    0.066748
0.100656    -0.603093    -0.010149
0.092996    -0.598073    -0.043065
0.084009    -0.600405    -0.057748
0.101181    -0.597203    0.017647
0.09673    -0.592894    0.037497
0.068    -0.585627    -0.080884
0.046564    -0.415    -0.097624
0.033315    -0.322767    -0.103112
0.051515    -0.436199    -0.095573
0.050568    -0.327623    -0.095965
0.054411    -0.48943    -0.094373
0.041532    -0.371776    -0.099708
0.040369    -0.383341    -0.10019
0.040505    -0.392889    -0.100134
0.04518    -0.265655    -0.098197
0.002605    -0.213661    -0.101169
0.008343    -0.20888    -0.099727
0.004565    -0.194759    -0.098196
-0.029123    -0.04247    -0.048278
-0.030802    0.024139    -0.027876
-0.031943    -0.098809    -0.064313
-0.023224    -0.143339    -0.083054
-0.012836    -0.187517    -0.096067
-0.001738    -0.227845    -0.103322
-0.000574    -0.223774    -0.10289
-0.088291    -0.188713    0.040558
-0.098229    -0.22664    0.030681
-0.105157    -0.242262    0.003531
-0.094665    -0.183206    0.018781
-0.095812    -0.190661    0.018199
-0.08608    -0.145874    -0.008206
-0.090739    -0.162821    -0.013569
-0.06612    -0.093712    -0.023483
-0.093619    -0.226364    0.041709
-0.103015    -0.264654    0.033276
-0.091012    -0.216423    0.044303
-0.094068    -0.36611    0.054839
-0.090515    -0.511352    0.059469
-0.081072    -0.541142    0.071774
-0.091061    -0.421588    0.058757
-0.092105    -0.380175    0.057396
-0.087308    -0.404114    0.063648
-0.093974    -0.4319    0.054961
-0.083121    -0.512586    0.069104
-0.091165    -0.500477    0.058622
-0.089646    -0.364474    0.060601
0.080337    -0.598954    0.06314
0.059024    -0.581553    0.089079
0.042966    -0.579083    0.098269
0.011537    -0.584681    0.105201
-0.010854    -0.57891    0.106773
-0.051735    -0.59255    0.090926
-0.068274    -0.576189    0.083703
0.087685    -0.614928    -0.012583
0.091617    -0.612843    -0.005971
0.080922    -0.615734    -0.033031
0.061518    -0.632217    -0.017151
0.056851    -0.628603    -0.038699
0.087733    -0.614657    0.015242
0.083793    -0.618225    0.005351
0.075851    -0.621893    0.021835
0.054176    -0.601876    -0.086278
0.030633    -0.523146    -0.104223
0.038044    -0.435422    -0.101153
0.045072    -0.476387    -0.098242
0.044959    -0.529071    -0.098289
0.049265    -0.534541    -0.096505
0.040136    -0.473832    -0.100286
0.03904    -0.544198    -0.10074
0.040168    -0.518099    -0.100273
0.028697    -0.284119    -0.105025
0.035574    -0.567833    -0.102176
0.021584    -0.411849    -0.106103
0.026306    -0.390099    -0.105481
0.023123    -0.343027    -0.1059
0.007731    -0.274001    -0.107926
0.027337    -0.340247    -0.105345
0.019358    -0.291724    -0.106396
0.012984    -0.299537    -0.107235
0.016584    -0.425483    -0.106761
0.026327    -0.554722    -0.105478
-0.040266    -0.085024    -0.054427
-0.036004    -0.028153    -0.038053
-0.045914    -0.04288    -0.032389
-0.038805    -0.149245    -0.078607
-0.034721    -0.144906    -0.078824
-0.026176    -0.221217    -0.099152
-0.022816    -0.209263    -0.097877
-0.013518    -0.225393    -0.101419
-0.103711    -0.243134    0.015464
-0.100984    -0.230483    0.022373
-0.105481    -0.259903    0.020323
-0.099241    -0.210119    -0.013393
-0.0997    -0.213514    -0.013609
-0.065526    -0.098118    -0.028448
-0.068514    -0.107413    -0.028858
-0.099578    -0.300588    0.041848
-0.096442    -0.342445    0.049418
-0.097485    -0.30312    0.046901
-0.10231    -0.277158    0.035251
-0.095134    -0.344827    0.052577
-0.101241    -0.368903    0.037832
-0.096506    -0.504803    0.049264
-0.096728    -0.503498    0.048729
-0.096065    -0.279042    0.05033
-0.08669    -0.580186    0.062709
0.079156    -0.60704    0.061214
0.06506    -0.61804    0.05327
0.050598    -0.596619    0.090276
0.020282    -0.591662    0.102257
-0.00874    -0.596825    0.102451
-0.038726    -0.602748    0.093505
-0.05634    -0.604234    0.083861
0.044982    -0.624825    0.058965
0.076612    -0.622357    -0.013798
0.069086    -0.621978    -0.037843
0.053822    -0.627306    -0.045749
0.063446    -0.631674    0.009852
0.054959    -0.611388    -0.075975
0.053185    -0.622326    -0.057258
0.042958    -0.577794    -0.098628
0.016983    -0.454254    -0.106708
0.009187    -0.380753    -0.107735
0.005979    -0.37245    -0.108157
0.00845    -0.455666    -0.107832
0.009092    -0.522006    -0.107747
0.01101    -0.538785    -0.107495
0.004283    -0.426329    -0.10838
0.014918    -0.572649    -0.10698
0.006934    -0.548857    -0.108031
-0.041735    -0.104398    -0.060489
-0.044349    -0.133955    -0.070177
-0.052135    -0.085659    -0.043539
-0.040133    -0.038434    -0.037922
-0.042018    -0.187713    -0.087532
-0.03382    -0.214868    -0.095114
-0.003005    -0.452801    -0.108548
-0.016828    -0.358788    -0.106729
-0.007064    -0.315993    -0.108014
-0.015554    -0.331657    -0.106896
-0.007514    -0.464831    -0.107955
-0.00014    -0.268499    -0.108926
-0.010837    -0.306745    -0.107517
-0.010861    -0.37797    -0.107514
-0.006097    -0.368483    -0.108141
-7.5e-05    -0.329625    -0.108934
-0.107081    -0.362266    0.014152
-0.105845    -0.330538    0.023541
-0.105359    -0.447825    0.027231
-0.105505    -0.512689    0.026126
-0.106983    -0.422017    0.014893
-0.105474    -0.441318    0.026357
-0.106261    -0.450869    0.020379
-0.105396    -0.461487    0.026954
-0.105247    -0.457537    0.028083
-0.098919    -0.217948    -0.024378
-0.105326    -0.260541    -0.022194
-0.101517    -0.237708    -0.026211
-0.079776    -0.157925    -0.0431
-0.083329    -0.158902    -0.035324
-0.100254    -0.469488    0.040215
-0.099437    -0.547545    0.042187
-0.103889    -0.541812    0.03144
-0.102192    -0.481888    0.035537
-0.105135    -0.360653    0.028431
-0.097257    -0.546615    0.047452
-0.098912    -0.5591    0.043456
-0.099736    -0.499179    0.041467
-0.101619    -0.433513    0.036919
-0.104383    -0.441483    0.030246
-0.083586    -0.601346    0.057906
0.051879    -0.627837    0.047011
0.030189    -0.615712    0.082134
0.010754    -0.619019    0.081915
0.011407    -0.623303    0.075537
-0.010834    -0.629693    0.066227
-0.040674    -0.614301    0.080015
-0.02967    -0.613109    0.086451
-0.062217    -0.609039    0.074718
0.042171    -0.6288    0.053825
0.047858    -0.63921    -0.003636
0.026187    -0.642533    -0.007378
0.019087    -0.642729    -0.017476
0.031335    -0.641846    0.002097
0.040353    -0.622616    -0.066572
0.03656    -0.592248    -0.097295
0.014725    -0.586395    -0.104341
-0.055767    -0.125055    -0.057894
-0.059774    -0.158183    -0.067927
-0.070451    -0.133626    -0.043823
-0.054244    -0.096249    -0.045672
-0.032863    -0.259132    -0.102335
-0.039406    -0.229627    -0.095075
-0.047911    -0.19784    -0.086652
-0.027539    -0.375164    -0.105319
-0.024882    -0.333545    -0.105668
-0.024975    -0.359447    -0.105656
-0.008727    -0.542314    -0.107795
-0.020756    -0.535536    -0.106212
-0.01956    -0.501601    -0.106369
-0.027798    -0.453473    -0.105285
-0.020822    -0.491012    -0.106203
-0.009423    -0.553847    -0.107704
-0.107804    -0.456804    0.008659
-0.107914    -0.457869    0.007824
-0.10844    -0.382872    0.00383
-0.108238    -0.403445    0.005366
-0.107963    -0.441534    0.007454
-0.106178    -0.529757    0.021011
-0.10839    -0.454055    0.004205
-0.1083    -0.566789    0.004894
-0.108055    -0.415391    0.00675
-0.108391    -0.505017    0.004197
-0.099293    -0.224059    -0.027152
-0.09819    -0.214928    -0.026416
-0.092818    -0.213653    -0.038912
-0.108382    -0.485538    -0.004265
-0.107247    -0.422433    -0.012894
-0.107962    -0.425015    -0.007458
-0.108455    -0.382488    -0.003715
-0.108415    -0.485814    -0.004018
-0.108198    -0.326452    -0.005665
-0.108888    -0.404517    -0.000423
-0.108927    -0.438596    -0.00013
-0.108172    -0.373528    -0.005863
-0.093514    -0.593962    0.044549
-0.066011    -0.620989    0.044976
-0.054407    -0.630768    0.036704
0.022968    -0.619378    0.079347
0.005801    -0.625891    0.072474
-0.008264    -0.625244    0.0731
-0.025156    -0.609913    0.09336
-0.042645    -0.62466    0.061062
-0.058398    -0.619763    0.057829
0.031072    -0.638762    -0.040114
0.034701    -0.620067    -0.0734
0.035133    -0.627087    -0.062156
0.003371    -0.583508    -0.106577
-0.050689    -0.177156    -0.08141
-0.055788    -0.196869    -0.081036
-0.064243    -0.142023    -0.056243
-0.072774    -0.151143    -0.049828
-0.066221    -0.147912    -0.056701
-0.047558    -0.289394    -0.097212
-0.028972    -0.357604    -0.104911
-0.036965    -0.356321    -0.1016
-0.038013    -0.386509    -0.101166
-0.037792    -0.399283    -0.101257
-0.031879    -0.426451    -0.103707
-0.030708    -0.445585    -0.104192
-0.033663    -0.436467    -0.102968
-0.047898    -0.292061    -0.097071
-0.006827    -0.5988    -0.102195
-0.107822    -0.57657    0.007442
-0.096012    -0.240911    -0.041347
-0.099382    -0.24256    -0.033823
-0.088856    -0.208145    -0.046425
-0.107645    -0.527623    -0.009869
-0.107881    -0.567847    -0.008077
-0.106494    -0.444654    -0.018612
-0.107381    -0.56418    -0.011875
-0.105522    -0.572067    -0.025992
-0.106736    -0.49062    -0.016773
-0.107518    -0.530005    -0.010835
-0.106976    -0.457491    -0.014946
-0.105303    -0.570301    -0.027659
-0.094822    -0.599542    0.037679
-0.05378    -0.636081    0.021129
0.012025    -0.642489    0.024561
0.001077    -0.63883    0.050608
-0.001052    -0.641745    0.03211
-0.016881    -0.638647    0.048718
-0.012378    -0.644062    0.012431
0.025844    -0.638289    -0.047441
0.026049    -0.628976    -0.062941
0.016725    -0.61149    -0.09219
0.010766    -0.611648    -0.092741
-0.065228    -0.217979    -0.077583
-0.066274    -0.201743    -0.073865
-0.076266    -0.261264    -0.076885
-0.081249    -0.181972    -0.052026
-0.077949    -0.181221    -0.056151
-0.043827    -0.57522    -0.098758
-0.049908    -0.345548    -0.096239
-0.049681    -0.512644    -0.096333
-0.050006    -0.551173    -0.096198
-0.038045    -0.508202    -0.101153
-0.051973    -0.434277    -0.095383
-0.053302    -0.422214    -0.094833
-0.046971    -0.481177    -0.097455
-0.040464    -0.516537    -0.100151
-0.050481    -0.540298    -0.096001
-0.101626    -0.596232    0.016163
-0.102983    -0.436651    -0.033626
-0.098783    -0.364617    -0.043767
-0.103087    -0.268336    -0.033376
-0.09807    -0.271563    -0.045487
-0.098788    -0.325453    -0.043755
-0.105117    -0.35423    -0.028474
-0.101414    -0.387529    -0.037414
-0.097855    -0.298091    -0.046007
-0.100134    -0.408398    -0.040505
-0.097999    -0.292537    -0.045659
-0.104096    -0.594461    -0.000852
-0.058809    -0.633425    0.019095
-0.028515    -0.64172    0.015119
0.000989    -0.640675    -0.038909
0.02324    -0.614439    -0.087
-0.004314    -0.619694    -0.081772
-0.055851    -0.331494    -0.09329
-0.061277    -0.266572    -0.089126
-0.055447    -0.3675    -0.0936
-0.055345    -0.327678    -0.093678
-0.058909    -0.353466    -0.090943
-0.067856    -0.312212    -0.084079
-0.055797    -0.482135    -0.093331
-0.058191    -0.507123    -0.091494
-0.061061    -0.361467    -0.089292
-0.070602    -0.1908    -0.067967
-0.091166    -0.254451    -0.056061
-0.07538    -0.21732    -0.067945
-0.044226    -0.581868    -0.09698
-0.007186    -0.609176    -0.096844
-0.018741    -0.623679    -0.07402
-0.096191    -0.609315    0.01059
-0.096095    -0.486032    -0.050257
-0.104333    -0.57595    -0.030369
-0.094473    -0.535578    -0.054172
-0.102019    -0.529967    -0.035955
-0.097225    -0.429971    -0.047529
-0.099453    -0.441355    -0.04215
-0.096108    -0.491629    -0.050224
-0.095927    -0.321895    -0.050661
-0.098472    -0.428241    -0.044517
-0.09735    -0.409805    -0.047226
-0.101484    -0.599493    -0.010879
-0.060474    -0.633735    0.009431
-0.037938    -0.640803    0.002221
-0.074671    -0.514121    -0.078849
-0.075619    -0.51224    -0.078122
-0.06688    -0.4753    -0.084827
-0.071372    -0.444826    -0.08138
-0.072872    -0.439972    -0.080229
-0.064826    -0.565696    -0.086403
-0.064577    -0.57444    -0.086594
-0.066161    -0.416118    -0.085379
-0.065727    -0.550381    -0.085712
-0.065627    -0.481616    -0.085789
-0.093132    -0.439408    -0.056058
-0.090075    -0.356618    -0.060042
-0.085487    -0.287719    -0.066021
-0.088478    -0.391527    -0.062123
-0.090538    -0.352427    -0.059438
-0.083048    -0.368161    -0.069199
-0.09334    -0.265426    -0.055787
-0.085173    -0.320812    -0.06643
-0.084879    -0.388969    -0.066813
-0.046634    -0.601395    -0.090602
-0.021661    -0.624811    -0.071323
-0.093847    -0.609905    -0.021812
-0.079522    -0.620336    -0.014245
-0.097615    -0.584348    -0.041043
-0.10267    -0.583805    -0.029203
-0.035935    -0.64112    -0.002146
-0.053019    -0.595979    -0.089058
-0.08555    -0.431785    -0.065939
-0.089733    -0.536919    -0.060488
-0.07941    -0.433602    -0.07394
-0.084731    -0.566504    -0.067006
-0.080298    -0.399847    -0.072783
-0.082493    -0.569098    -0.069922
-0.08127    -0.564124    -0.071516
-0.083733    -0.524098    -0.068307
-0.080348    -0.455388    -0.072718
-0.081401    -0.358838    -0.071345
-0.032837    -0.623073    -0.069435
-0.056516    -0.636833    -0.004925
-0.086486    -0.605444    -0.052412
-0.068935    -0.626309    -0.021728
-0.083005    -0.617202    -0.022415
-0.042787    -0.639069    -0.024256
-0.027209    -0.63916    -0.039926
-0.075714    -0.585598    -0.074751
-0.0426    -0.621958    -0.066055
-0.07306    -0.618255    -0.04233
-0.057464    -0.629486    -0.035787
-0.059208    -0.62962    -0.03261
-0.024476    -0.64154    -0.022746
-0.048976    -0.621934    -0.061206
-0.052102    -0.627629    -0.047217
