0.025253    -0.541443    -0.061459
0.069354    -0.541443    -0.17487
0.021448    -0.541443    -0.087841
-0.061627    -0.541443    0.083797
0.048963    -0.541443    -0.135962
-0.058854    -0.541443    0.024246
-0.011446    -0.541443    -0.056024
0.048303    -0.541443    -0.168121
-0.006124    -0.541443    -0.067775
-0.049184    -0.541443    0.079822
-0.069196    -0.541443    0.103247
-0.069312    -0.541443    0.135678
-0.076916    -0.541443    0.078574
-0.054966    -0.541443    0.047323
-0.024216    -0.541443    -0.032714
0.030814    -0.541443    -0.171825
0.030131    -0.541443    -0.190034
-0.019129    -0.541443    -0.047431
0.015218    -0.541443    -0.148872
0.030773    -0.541443    -0.209311
-0.099598    -0.541443    0.079085
-0.067128    -0.541443    -0.025966
-0.023505    -0.541443    -0.100427
-0.072394    -0.541443    -0.013076
-0.14003    -0.541443    0.103906
-0.131601    -0.541443    0.121361
-0.043538    -0.541443    -0.07803
-0.093709    -0.541443    0.087788
-0.131477    -0.540954    0.126739
0.007001    -0.541443    -0.179703
-0.046918    -0.541443    -0.095273
0.013801    -0.541443    -0.194324
-0.026478    -0.541443    -0.190174
-0.091386    -0.541443    -0.035274
0.001097    -0.541443    -0.199633
-0.028633    -0.541443    -0.18973
0.076255    -0.534329    -0.204948
-0.098508    -0.507727    0.158814
-0.131008    -0.534315    0.133426
-0.151705    -0.541443    0.029454
-0.172252    -0.541443    0.058185
-0.134803    -0.541443    -0.00626
-0.04645    -0.541443    -0.164952
-0.075312    -0.541443    -0.110045
-0.129846    -0.541443    0.026072
-0.013608    -0.5345    -0.216507
0.039725    -0.488587    -0.215673
0.018158    -0.527313    -0.217518
-0.019522    -0.487942    -0.217522
-0.101184    -0.482497    0.157268
-0.122538    -0.514708    0.143159
-0.139378    -0.516788    0.126315
-0.151459    -0.541443    0.003491
-0.064604    -0.541443    -0.152274
-0.0608    -0.541443    -0.184671
-0.075953    -0.541443    -0.121589
-0.093249    -0.541443    -0.089538
-0.060725    -0.534789    -0.205506
0.061816    -0.487744    -0.209751
0.025866    -0.512656    -0.217517
-0.011735    -0.473183    -0.217521
-0.024077    -0.493922    -0.216569
-0.136567    -0.47469    0.129127
-0.141612    -0.488518    0.124081
-0.112017    -0.541443    -0.1213
-0.129418    -0.541443    -0.064388
-0.157809    -0.541443    -0.025155
-0.123039    -0.541443    -0.08791
-0.067887    -0.535425    -0.203152
-0.040999    -0.513603    -0.212037
0.016212    -0.471485    -0.216562
-0.156457    -0.497821    0.10895
-0.163396    -0.508035    0.096928
-0.133785    -0.541443    -0.113179
-0.122073    -0.541443    -0.118817
-0.070407    -0.541443    -0.197691
-0.079015    -0.524147    -0.199709
-0.074501    -0.484413    -0.202315
-0.054746    -0.46686    -0.203238
-0.079901    -0.263622    0.163079
-0.095697    -0.419947    0.153956
-0.090474    -0.33325    0.156973
-0.082433    -0.340111    0.161617
-0.07503    -0.405711    0.165893
-0.090673    -0.406017    0.156858
-0.078087    -0.191042    0.164127
-0.077019    -0.462964    0.164744
-0.12779    -0.467265    0.131406
-0.167939    -0.49699    0.089059
-0.19369    -0.515541    0.022555
-0.193783    -0.525529    0.022208
-0.180405    -0.541443    -0.027895
-0.16873    -0.541443    -0.052519
-0.106378    -0.502489    -0.183916
-0.116283    -0.494178    -0.178199
0.045234    -0.236334    -0.208387
0.053014    -0.308823    -0.206301
0.051866    -0.366789    -0.206609
0.038319    -0.353325    -0.210241
0.066838    -0.45973    -0.202595
0.049363    -0.390002    -0.20728
0.042333    -0.379116    -0.209165
0.064753    -0.449704    -0.203154
0.001937    -0.295292    -0.211908
-0.005785    -0.250705    -0.211909
0.009794    -0.458832    -0.211908
-0.002543    -0.320311    -0.211909
-0.001412    -0.45322    -0.211909
-0.018011    -0.330216    -0.211911
0.020976    -0.438084    -0.211906
-0.013585    -0.284745    -0.21191
-0.012425    -0.356528    -0.21191
-0.065631    -0.417847    -0.199632
-0.049846    -0.294419    -0.203859
-0.058452    -0.346006    -0.201555
-0.050095    -0.375557    -0.203793
-0.037792    -0.424501    -0.207088
-0.066128    -0.233869    -0.199498
-0.067067    -0.407731    -0.199247
-0.053412    -0.375896    -0.202904
-0.101144    -0.468874    -0.183233
-0.087108    -0.373702    -0.188559
-0.074574    -0.175304    -0.195794
-0.086906    -0.369165    -0.188676
-0.074213    -0.19418    -0.196003
-0.071542    -0.245309    -0.197544
-0.081544    -0.270503    -0.191771
-0.089436    -0.296848    -0.187216
-0.090469    -0.46468    -0.186619
-0.090942    -0.214938    0.156703
-0.109693    -0.390117    0.145873
-0.074636    -0.117776    0.166121
-0.081504    -0.161229    0.162154
-0.110565    -0.36881    0.145369
-0.110676    -0.200498    0.145305
-0.102552    -0.313235    0.149997
-0.081271    -0.118358    0.162288
-0.096786    -0.187785    0.153327
-0.122715    -0.213045    0.135045
-0.143725    -0.439302    0.114031
-0.140702    -0.451899    0.117054
-0.118101    -0.323384    0.13966
-0.121278    -0.266779    0.136482
-0.12352    -0.321349    0.13424
-0.115848    -0.172535    0.141913
-0.121142    -0.457178    0.136618
-0.118096    -0.351235    0.139664
-0.191956    -0.482672    0.029029
-0.183677    -0.518555    0.059941
-0.196558    -0.481666    -0.001632
-0.196555    -0.506058    -0.028703
-0.196554    -0.522384    -0.040581
-0.146638    -0.541443    -0.133264
-0.126518    -0.516147    -0.168818
-0.134667    -0.529082    -0.160671
0.051544    -0.22247    -0.206695
0.077123    -0.267779    -0.199838
0.046434    -0.202882    -0.208065
0.08216    -0.176931    -0.198488
0.081124    -0.449644    -0.198766
0.042726    -0.119635    -0.209059
0.078657    -0.403879    -0.199427
0.07768    -0.137064    -0.199689
0.029057    -0.269814    -0.211905
0.005101    -0.258034    -0.211908
-0.005847    -0.154976    -0.211909
-0.008417    -0.187101    -0.21191
0.020056    -0.18889    -0.211906
0.010536    -0.173002    -0.211907
0.016839    -0.258698    -0.211907
0.01271    -0.127064    -0.211907
-0.016617    -0.132081    -0.211911
-0.042767    -0.122125    -0.205756
-0.021266    -0.18552    -0.211514
-0.041199    -0.260008    -0.206175
-0.038103    -0.251207    -0.207005
-0.031376    -0.204703    -0.208807
-0.03271    -0.240059    -0.208449
-0.021517    -0.249747    -0.211447
-0.041375    -0.226348    -0.206128
-0.12583    -0.469064    -0.165202
-0.097444    -0.274193    -0.182593
-0.107218    -0.244462    -0.176952
-0.104584    -0.251158    -0.178472
-0.095412    -0.299015    -0.183766
-0.110643    -0.293726    -0.174975
-0.107987    -0.211949    -0.176508
-0.109348    -0.130148    -0.175722
-0.110585    -0.380677    -0.175008
-0.076124    -0.110005    0.166748
-0.151138    -0.171091    0.106617
-0.13754    -0.327316    0.120218
-0.135634    -0.148226    0.122124
-0.139881    -0.134073    0.117876
-0.145745    -0.279254    0.112011
-0.139998    -0.347786    0.117759
-0.148346    -0.302029    0.10941
-0.129974    -0.205812    0.127785
-0.16063    -0.426393    0.090497
-0.158411    -0.401651    0.094341
-0.15662    -0.408993    0.097444
-0.176405    -0.454287    0.063166
-0.155046    -0.388123    0.10017
-0.158533    -0.227326    0.094128
-0.157343    -0.379284    0.096191
-0.157185    -0.222844    0.096464
-0.156401    -0.391229    0.097822
-0.194964    -0.470748    -0.019528
-0.196418    -0.481607    -0.042037
-0.180551    -0.541443    -0.077066
-0.136349    -0.487643    -0.158989
0.056867    -0.11139    -0.205786
-0.123481    -0.304335    -0.163919
-0.127455    -0.382123    -0.159946
-0.135172    -0.402474    -0.152231
-0.131777    -0.381296    -0.155625
-0.129318    -0.380028    -0.158083
-0.129285    -0.313588    -0.158117
-0.117562    -0.390052    -0.169838
-0.121388    -0.210948    -0.166012
-0.119367    -0.279295    -0.168033
-0.10748    -0.106601    0.150872
-0.157907    -0.16424    0.095214
-0.162572    -0.130628    0.087132
-0.152769    -0.116247    0.104116
-0.175989    -0.436998    0.063887
-0.162173    -0.19103    0.087822
-0.165504    -0.181416    0.082052
-0.175098    -0.20959    0.065431
-0.159332    -0.15734    0.092745
-0.165098    -0.128081    0.082755
-0.179249    -0.44923    0.054783
-0.183963    -0.389666    0.03718
-0.190839    -0.336173    0.011508
-0.190725    -0.356435    0.011934
-0.189472    -0.235024    0.01661
-0.185288    -0.440462    0.032232
-0.186449    -0.336526    0.027899
-0.184036    -0.349141    0.036908
-0.182751    -0.540269    -0.074346
-0.190191    -0.511269    -0.065262
-0.167161    -0.537383    -0.114201
-0.158445    -0.484494    -0.13514
0.046094    -0.103844    -0.213114
-0.075365    -0.11098    -0.196184
-0.132081    -0.233848    -0.155321
-0.122762    -0.174319    -0.164639
-0.149064    -0.391318    -0.138341
-0.135195    -0.224001    -0.152208
-0.150054    -0.395907    -0.137352
-0.141062    -0.319243    -0.146342
-0.141592    -0.137693    -0.145812
-0.133526    -0.203823    -0.153877
-0.124784    -0.109663    -0.164712
-0.078022    -0.08297    0.170631
-0.148199    -0.110213    0.111211
-0.180359    -0.350788    0.050638
-0.188294    -0.14835    0.02101
-0.180702    -0.314795    0.049357
-0.183143    -0.13187    0.040245
-0.18442    -0.149067    0.035476
-0.181559    -0.349544    0.046156
-0.181786    -0.327986    0.045309
-0.177872    -0.334339    0.059926
-0.186455    -0.177499    0.027876
-0.190946    -0.347129    -0.001045
-0.190945    -0.29282    -0.006872
-0.190945    -0.149951    -0.013382
-0.190943    -0.167545    -0.025387
-0.190944    -0.196281    -0.021196
-0.190946    -0.317028    -0.000972
-0.190944    -0.173111    -0.023272
-0.190947    -0.274701    0.01107
-0.190945    -0.420941    -0.004589
-0.190944    -0.351196    -0.021659
-0.190945    -0.450933    -0.013393
-0.190942    -0.462527    -0.037602
-0.190944    -0.439305    -0.015512
-0.190943    -0.345684    -0.035414
-0.190944    -0.442607    -0.020039
-0.190944    -0.338727    -0.018951
-0.190943    -0.340568    -0.033899
-0.17158    -0.500143    -0.112394
-0.183536    -0.469685    -0.080404
0.048308    -0.07563    -0.213361
-0.019801    -0.059449    -0.217511
-0.008359    -0.091474    -0.21751
-0.069078    -0.097199    -0.204506
-0.03157    -0.094632    -0.214552
-0.101445    -0.079038    -0.18675
-0.161317    -0.467569    -0.121504
-0.15702    -0.389272    -0.126387
-0.161917    -0.339177    -0.117907
-0.152165    -0.191124    -0.134794
-0.153287    -0.282277    -0.13285
-0.166427    -0.464299    -0.110098
-0.157708    -0.230055    -0.125196
-0.170232    -0.436556    -0.103509
-0.155154    -0.448251    -0.129617
-0.140832    -0.111611    -0.147102
-0.131957    -0.082492    -0.163363
-0.106795    -0.06351    0.154014
-0.113158    -0.050309    0.15034
-0.132522    -0.092376    0.133157
-0.13818    -0.088292    0.127498
-0.189327    -0.345293    -0.046813
-0.186733    -0.130669    -0.056492
-0.19025    -0.302584    -0.04337
-0.187886    -0.321041    -0.05219
-0.183552    -0.217678    -0.06836
-0.185045    -0.213002    -0.062787
-0.183826    -0.18041    -0.067338
-0.180183    -0.130582    -0.080926
-0.189686    -0.303929    -0.045476
-0.178003    -0.287058    -0.089059
-0.182284    -0.357128    -0.073088
-0.179841    -0.302199    -0.082203
-0.178912    -0.166918    -0.08567
-0.18346    -0.308158    -0.068703
-0.181738    -0.301958    -0.075125
-0.186713    -0.425062    -0.056566
-0.181792    -0.253085    -0.074926
-0.179161    -0.229218    -0.08474
0.064702    -0.064718    -0.208966
-0.00241    -0.048798    -0.217509
0.003194    -0.056394    -0.217508
-0.035816    -0.071814    -0.213415
-0.029789    -0.077912    -0.215029
-0.089968    -0.056343    -0.193374
-0.177352    -0.129942    -0.091181
-0.17619    -0.208876    -0.093193
-0.173747    -0.154708    -0.097424
-0.153703    -0.136191    -0.13213
-0.169347    -0.278544    -0.105041
-0.173927    -0.213957    -0.097112
-0.171868    -0.141088    -0.100677
-0.164671    -0.131523    -0.113138
-0.173886    -0.337394    -0.097183
-0.152597    -0.086314    -0.142729
-0.134347    -0.062316    -0.160974
-0.108944    -0.010379    0.14345
-0.121804    -0.04037    0.143878
-0.153217    -0.088498    0.112458
-0.172709    -0.095296    0.080772
-0.162037    -0.102403    0.099261
-0.179776    -0.111624    -0.083864
0.060077    -0.028735    -0.208289
-0.005969    -0.001656    -0.207923
0.00351    -0.028312    -0.215536
-0.067382    -0.007717    -0.196828
-0.115382    -0.033262    -0.17806
-0.17264    -0.108033    -0.104156
-0.164816    -0.076182    -0.124087
-0.130693    -0.019754    -0.158382
-0.117892    -0.020925    -0.171652
-0.12912    -0.000445    0.120799
-0.071096    -0.017102    0.167837
-0.123974    -0.030895    0.13997
-0.181438    -0.070751    0.065649
-0.175237    -0.056621    0.076392
-0.195744    -0.071862    0.014847
-0.196546    -0.088135    -0.014182
-0.196545    -0.074626    -0.02422
-0.187192    -0.066348    -0.076411
-0.187365    -0.081052    -0.075766
0.078369    -0.020551    -0.200965
0.022466    -0.021577    -0.21361
-0.026928    0.002674    -0.20459
-0.045037    0.008023    -0.198158
-0.103685    0.019255    -0.167491
-0.166048    -0.060294    -0.121953
-0.171023    -0.045637    -0.113338
-0.115706    0.018044    -0.158099
-0.099402    0.014251    0.138351
-0.152577    -0.014675    0.103913
-0.193705    -0.044521    0.022459
-0.185244    -0.040731    0.054047
-0.196548    -0.049078    0.003664
-0.194615    -0.04785    -0.04872
-0.191643    -0.074931    -0.059805
0.033491    0.029032    -0.195538
-0.002368    0.02131    -0.200854
-0.001631    0.032646    -0.1944
-0.052208    0.030677    -0.186262
-0.072824    0.044333    -0.168906
-0.066871    0.057134    -0.163928
-0.171808    -0.028048    -0.107883
-0.105277    0.030454    -0.159126
-0.113672    0.042307    -0.14119
-0.091569    0.015019    0.104617
-0.068998    0.025195    0.151757
-0.177531    -0.013511    0.05793
-0.189191    -0.009473    -0.003108
-0.191813    -0.018643    0.006976
-0.183671    -0.031748    -0.085717
0.056412    0.054554    -0.174351
0.017027    0.053803    -0.182353
-0.028258    0.048456    -0.182198
-0.026894    0.059797    -0.175879
-0.095028    0.035718    -0.161753
-0.157457    0.004656    -0.114052
-0.128841    0.045316    -0.123602
-0.096316    0.015779    0.119383
-0.101958    0.011479    0.095135
-0.074283    0.074787    0.128572
-0.144959    0.001986    0.078741
-0.179944    0.001415    0.026918
-0.183245    0.011335    -0.025073
-0.185587    -0.007642    0.01678
-0.183619    -0.002952    -0.054141
0.047319    0.075809    -0.164206
-0.0097    0.084087    -0.164357
-0.049634    0.07701    -0.159484
-0.033414    0.097081    -0.150227
-0.043464    0.122097    -0.130118
-0.146496    0.040077    -0.101139
-0.102699    0.079965    -0.121269
-0.097942    0.07575    -0.129926
-0.076693    0.033782    0.107073
-0.058818    0.07695    0.134455
-0.17081    0.001021    0.044009
-0.177185    0.026055    -0.015621
-0.160591    0.035594    -0.079909
-0.172062    0.019953    -0.071507
0.048088    0.101846    -0.146356
0.013804    0.10769    -0.148904
-0.018587    0.092923    -0.157015
-0.064988    0.111244    -0.125897
-0.144955    0.054956    -0.086871
-0.096562    0.111131    -0.098559
-0.073419    0.129668    0.111806
-0.074594    0.036353    0.102983
-0.067795    0.148304    0.106802
-0.14166    0.009666    0.039001
-0.170424    0.033815    -0.003127
-0.166279    0.044931    -0.038163
-0.16024    0.049531    -0.050578
0.019891    0.174749    -0.09495
0.005046    0.178274    -0.092768
-0.000442    0.197254    -0.076559
-0.022812    0.16069    -0.103305
-0.044438    0.135169    -0.118128
-0.127295    0.080187    -0.087878
-0.137164    0.075978    -0.076298
-0.064487    0.138118    -0.102919
-0.069938    0.06278    0.096275
-0.046873    0.012167    0.087828
-0.071194    0.137084    0.094779
-0.04883    0.184349    0.100119
-0.137087    0.093719    -0.019613
-0.106107    0.014821    0.043965
-0.138777    0.082157    -0.056613
0.004697    0.188387    -0.084131
-0.013347    0.177043    -0.091384
-0.029049    0.191625    -0.071345
-0.127832    0.091323    -0.072372
-0.065541    0.092771    0.09033
-0.052234    0.195856    0.093141
-0.157105    0.030873    0.011301
-0.134835    0.053605    0.008273
-0.160153    0.027282    0.011975
-0.137704    0.059453    0.003931
-0.058261    0.016992    0.061278
-0.11151    0.125778    -0.048057
-0.069043    0.168066    -0.057926
-0.06404    0.074775    0.091684
-0.062981    0.198993    0.080396
-0.053828    0.055785    0.040662
-0.040535    0.056612    0.045723
-0.027071    0.063097    0.047806
-0.075463    0.04219    0.039026
-0.079313    0.021364    0.048656
-0.109231    0.077014    0.006726
-0.063516    0.183778    -0.037855
-0.075366    0.170483    -0.037497
-0.084476    0.152921    -0.057063
-0.050647    0.085878    0.095386
-0.026434    0.216144    0.054235
-0.090377    0.156527    -0.013349
-0.066048    0.113415    0.014282
-0.080986    0.166626    -0.029254
-0.06019    0.133594    0.077023
-0.022181    0.224331    0.029422
-0.097982    0.147619    -0.02204
-0.087123    0.160335    -0.021705
-0.037286    0.124357    0.087745
-0.057354    0.178414    0.061741
-0.080541    0.162873    -0.003123
-0.051642    0.158719    0.067936
-0.067466    0.156882    0.003673
-0.027967    0.225976    -0.047565
-0.025705    0.231589    0.019844
-0.048191    0.192699    0.02233
-0.043932    0.220868    0.004798
-0.033668    0.173602    0.024475
-0.034795    0.23199    -0.037979
-0.03945    0.227534    -0.026386
-0.039314    0.247197    0.009061
-0.001884    0.237222    -0.065787
-0.028685    0.238813    0.022911
-0.045165    0.275697    -0.016319
-0.005303    0.256418    -0.064871
-0.036964    0.236389    -0.042772
-0.027759    0.277887    -0.00134
-0.037774    0.277887    -0.018184
-0.008071    0.277887    -0.036853
-0.024943    0.277887    -0.045591
-0.013288    0.277887    -0.000863
-0.077237    0.102079    0.012865
-0.088204    0.086941    0.012619
-0.047514    0.094847    0.027234
-0.032874    0.138039    0.021195
-0.015405    -0.541443    0.046054
0.011341    -0.541443    -0.014973
0.028974    -0.541443    -0.030017
-0.048332    -0.541443    0.167783
0.031498    -0.541443    -0.048489
0.023291    -0.541443    -0.008942
-0.010651    -0.541443    0.131105
0.019761    -0.541443    0.019273
-0.007998    -0.541443    0.114207
0.024971    -0.541443    -0.027411
0.014288    -0.541443    0.063022
0.04738    -0.541443    -0.033391
0.063087    -0.541443    -0.095094
0.070665    -0.541443    -0.148914
0.059525    -0.541443    -0.094159
0.059889    -0.541443    -0.070242
0.085911    -0.541443    -0.11289
0.031502    -0.541443    0.034696
0.040411    -0.541443    -0.000524
0.08022    -0.541443    -0.056211
0.071311    -0.541443    -0.003895
0.087683    -0.541443    -0.0454
0.015395    -0.541443    0.118779
0.097103    -0.541443    -0.087884
0.052331    -0.541443    0.053096
0.04223    -0.541443    0.08846
0.084749    -0.541443    -0.059464
0.070612    -0.541443    0.005133
-0.008912    -0.536433    0.18558
0.138755    -0.541443    -0.079907
0.082001    -0.541443    0.061113
0.140999    -0.541443    -0.154522
0.140204    -0.541443    -0.134514
0.103155    -0.541443    -0.044804
0.147994    -0.541443    -0.122943
0.111205    -0.541443    -0.034147
0.094605    -0.533634    -0.197294
-0.058236    -0.529996    0.177776
0.008552    -0.534107    0.187122
0.054963    -0.541443    0.156193
0.091682    -0.541443    0.109274
0.100916    -0.541443    0.07953
0.081743    -0.541443    0.133478
0.105746    -0.541443    0.048817
0.148863    -0.541443    -0.089679
0.157417    -0.535318    -0.148001
0.094042    -0.531425    -0.198128
0.162582    -0.506296    -0.145036
0.164707    -0.528173    -0.14291
-0.04263    -0.4922    0.181959
-0.008146    -0.49245    0.187874
0.007683    -0.532362    0.187876
0.160148    -0.541443    -0.12092
0.171422    -0.541443    -0.068526
0.140545    -0.541443    0.006395
0.163102    -0.541443    -0.118741
0.174695    -0.541443    -0.089289
0.16847    -0.537366    -0.133236
0.093434    -0.508682    -0.19848
0.159521    -0.478492    -0.148097
0.143822    -0.473711    -0.163799
0.170428    -0.487065    -0.135668
0.03042    -0.491667    0.187879
0.002624    -0.491955    0.187876
0.126372    -0.541443    0.073906
0.121907    -0.541443    0.094866
0.11865    -0.541443    0.10155
0.147356    -0.541443    0.026899
0.190015    -0.534622    -0.099543
0.181643    -0.52914    -0.116238
0.161418    -0.467071    -0.139465
0.035649    -0.496999    0.187117
0.036512    -0.492029    0.186886
0.185308    -0.541443    -0.03576
0.156131    -0.541443    0.047027
0.163211    -0.541443    0.015818
0.205743    -0.522632    -0.053053
0.201009    -0.528677    -0.070729
0.170196    -0.46931    -0.130406
-0.05442    -0.440106    0.172989
-0.04648    -0.33571    0.175117
-0.044987    -0.428563    0.175517
-0.05364    -0.242354    0.173198
-0.063565    -0.233129    0.170537
-0.054192    -0.358792    0.17305
-0.055556    -0.339094    0.172684
-0.066945    -0.425922    0.169631
-0.010981    -0.466905    0.182968
0.077097    -0.484398    0.176016
0.12963    -0.521922    0.147939
0.126268    -0.524787    0.14988
0.146879    -0.541443    0.106754
0.148875    -0.541443    0.103399
0.206984    -0.488358    -0.048421
0.201446    -0.499609    -0.069096
0.11825    -0.34726    -0.17767
0.108092    -0.281875    -0.183536
0.116646    -0.399511    -0.178596
0.113932    -0.220316    -0.180163
0.113511    -0.419353    -0.180406
0.122134    -0.18596    -0.175427
0.121853    -0.415763    -0.175589
0.114407    -0.336855    -0.179889
0.154431    -0.257604    -0.145253
0.154977    -0.31882    -0.144706
0.147048    -0.297261    -0.152637
0.140509    -0.385855    -0.159177
0.150409    -0.434673    -0.149275
0.13633    -0.439403    -0.163358
0.149316    -0.280165    -0.150368
0.153075    -0.442742    -0.146608
0.155503    -0.436062    -0.14418
0.186762    -0.463813    -0.096147
0.18804    -0.15566    -0.093932
0.179169    -0.419916    -0.109301
0.17864    -0.429848    -0.110218
0.176092    -0.325924    -0.114631
0.186545    -0.251834    -0.096522
0.185449    -0.22391    -0.098421
0.165417    -0.456115    -0.133126
0.197409    -0.454702    -0.062483
0.200495    -0.394395    -0.050959
0.194056    -0.300752    -0.075
0.195116    -0.291255    -0.071043
0.19581    -0.284529    -0.068452
0.193485    -0.268164    -0.077133
0.19061    -0.296769    -0.087868
0.199277    -0.414756    -0.055508
0.194969    -0.261026    -0.071592
-0.02423    -0.132898    0.181081
-0.050751    -0.182464    0.173972
-0.04008    -0.30119    0.176832
-0.037859    -0.20264    0.177428
-0.0421    -0.192459    0.176291
-0.033692    -0.291039    0.178545
-0.050908    -0.122713    0.17393
-0.030158    -0.31436    0.179492
-0.026058    -0.365832    0.180591
-0.004665    -0.271122    0.182262
-0.018107    -0.256022    0.182261
-0.005974    -0.274082    0.182262
-0.000748    -0.315938    0.182263
-0.018675    -0.399146    0.182261
0.011178    -0.343158    0.182264
-0.002243    -0.429313    0.182263
-0.014455    -0.199607    0.182262
-0.015498    -0.395127    0.182261
0.098714    -0.504148    0.165785
0.094422    -0.480247    0.168263
0.143702    -0.508626    0.134273
0.146394    -0.529785    0.131582
0.166895    -0.516086    0.111086
0.199849    -0.541443    -0.009538
0.20884    -0.51774    -0.026418
0.20884    -0.50183    -0.033413
0.08292    -0.2754    -0.198072
0.112083    -0.196524    -0.181231
0.095597    -0.210431    -0.190751
0.090629    -0.182778    -0.19362
0.092368    -0.194315    -0.192616
0.083818    -0.408367    -0.197553
0.090604    -0.391042    -0.193635
0.101399    -0.24183    -0.187401
0.129201    -0.142124    -0.170488
0.127227    -0.451007    -0.172463
0.138968    -0.299594    -0.160719
0.133279    -0.391955    -0.166409
0.149624    -0.133181    -0.150061
0.136965    -0.178403    -0.162722
0.143739    -0.256966    -0.155947
0.129916    -0.286439    -0.169773
0.140241    -0.250689    -0.159446
0.179388    -0.199907    -0.108922
0.187313    -0.114368    -0.095191
0.170635    -0.227864    -0.124085
0.184878    -0.135423    -0.099411
0.169133    -0.194933    -0.126687
0.171895    -0.320931    -0.121904
0.17358    -0.264836    -0.118984
0.16405    -0.194998    -0.135493
0.195058    -0.186186    -0.071261
0.198626    -0.306684    -0.057937
0.20095    -0.161026    -0.049261
0.194902    -0.201741    -0.071841
0.190987    -0.114862    -0.08646
0.20311    -0.114245    -0.041194
0.198959    -0.269927    -0.056694
0.202328    -0.15636    -0.044117
0.202517    -0.259363    -0.043408
-0.056573    -0.110037    0.173725
0.013655    -0.190656    0.182264
-0.001398    -0.125537    0.182263
0.023214    -0.332314    0.182265
0.012296    -0.146796    0.182264
0.024941    -0.356655    0.182265
-0.001514    -0.119554    0.182263
0.027921    -0.344345    0.182266
-0.004504    -0.153426    0.182262
0.066846    -0.440548    0.172952
0.045694    -0.324449    0.178617
0.047983    -0.323318    0.178004
0.037943    -0.187562    0.180692
0.045773    -0.436209    0.178595
0.05589    -0.366776    0.175886
0.052523    -0.343911    0.176788
0.050556    -0.352982    0.177314
0.062557    -0.393212    0.174101
0.149102    -0.469953    0.125654
0.17466    -0.515644    0.098686
0.181666    -0.541443    0.068045
0.208836    -0.509747    0.010907
0.101667    -0.108869    -0.189478
0.20323    -0.365818    -0.036204
0.20323    -0.307709    -0.037112
0.203226    -0.429876    0.004489
0.203229    -0.310922    -0.031421
0.20323    -0.436383    -0.04041
0.20323    -0.322152    -0.037188
0.203228    -0.337688    -0.024796
0.203225    -0.446153    0.006068
0.20323    -0.233465    -0.037605
-0.057925    -0.103519    0.177199
0.058162    -0.196878    0.175278
0.066844    -0.205515    0.172953
0.078577    -0.176497    0.16981
0.069147    -0.328591    0.172336
0.0535    -0.217313    0.176526
0.076389    -0.174632    0.170396
0.073977    -0.218933    0.171042
0.054631    -0.127955    0.176223
0.050947    -0.132986    0.17721
0.116088    -0.378218    0.149277
0.100145    -0.349566    0.15848
0.106206    -0.304917    0.154981
0.114512    -0.277462    0.150187
0.105241    -0.424935    0.155538
0.106404    -0.321784    0.154867
0.108143    -0.271094    0.153863
0.123725    -0.38004    0.144869
0.183176    -0.53698    0.07863
0.187357    -0.525337    0.0767
0.194984    -0.535017    0.058316
0.205938    -0.52947    0.022696
0.086568    -0.110866    -0.196887
0.197594    -0.108207    -0.070719
0.203227    -0.254506    -0.013195
0.203226    -0.132941    0.002089
0.203226    -0.315644    -0.001023
0.203226    -0.288511    -0.002378
0.203228    -0.194088    -0.025094
0.203225    -0.181506    0.009242
0.203226    -0.336686    0.002498
0.203226    -0.214338    0.005846
0.205481    -0.108306    -0.023703
-0.0629    -0.090219    0.176513
0.012314    -0.108095    0.184637
0.087924    -0.287074    0.165534
0.09086    -0.238116    0.163839
0.102138    -0.119539    0.157329
0.094562    -0.2723    0.161702
0.110614    -0.228522    0.152437
0.085848    -0.167396    0.166732
0.08583    -0.205928    0.166742
0.083127    -0.456461    0.168303
0.087592    -0.326821    0.165726
0.138633    -0.187953    0.131407
0.142599    -0.314731    0.127443
0.138824    -0.154558    0.131216
0.147136    -0.169845    0.122906
0.129345    -0.402831    0.140692
0.141871    -0.307974    0.12817
0.15275    -0.165708    0.117294
0.129019    -0.120596    0.141018
0.155646    -0.45301    0.114399
0.144443    -0.34015    0.125598
0.15595    -0.315035    0.114095
0.161076    -0.222061    0.10897
0.136704    -0.413998    0.133336
0.162326    -0.316045    0.107721
0.154008    -0.453497    0.116037
0.147748    -0.339473    0.122295
0.154175    -0.292164    0.115869
0.204552    -0.487803    0.027865
0.177802    -0.468363    0.085952
0.113025    -0.072    -0.187153
0.163569    -0.062646    -0.144033
0.156597    -0.076954    -0.151006
0.181831    -0.081689    -0.115891
0.191318    -0.089083    -0.099455
0.20053    -0.073873    -0.072477
0.201583    -0.428342    0.01727
0.197029    -0.332191    0.03426
0.201054    -0.240556    0.019246
0.199474    -0.407597    0.025139
0.200059    -0.460341    0.022955
0.201563    -0.373661    0.017349
0.196298    -0.460122    0.036985
0.196074    -0.35847    0.037823
0.195442    -0.412652    0.040178
0.208827    -0.076279    -0.009204
0.208829    -0.101038    -0.022167
-0.025323    -0.069416    0.186586
-0.035975    -0.047012    0.183731
-0.002622    -0.089462    0.187864
-0.002151    -0.101264    0.187864
0.17063    -0.2117    0.094447
0.181996    -0.152862    0.074764
0.173692    -0.196437    0.089143
0.168185    -0.120734    0.098679
0.167576    -0.204532    0.099735
0.173863    -0.233426    0.088848
0.167082    -0.419259    0.10059
0.168836    -0.363515    0.097553
0.165695    -0.395125    0.102992
0.177863    -0.447372    0.081921
0.175446    -0.45883    0.086106
0.189146    -0.250449    0.062383
0.17009    -0.445603    0.095381
0.18571    -0.352821    0.068333
0.187538    -0.208614    0.065168
0.183914    -0.360165    0.071443
0.179219    -0.402087    0.079573
0.167912    -0.455813    0.099152
0.085489    -0.093366    -0.203056
0.131567    -0.077269    -0.176041
0.138072    -0.058221    -0.169535
0.17176    -0.041051    -0.13334
0.172908    -0.07392    -0.131351
0.205399    -0.051964    -0.054299
0.201188    -0.132123    0.018746
0.194909    -0.188421    0.042168
0.194975    -0.311875    0.041921
0.191639    -0.177481    0.054365
0.192096    -0.228722    0.052662
0.192798    -0.376362    0.050044
0.195711    -0.128491    0.039175
0.192246    -0.356645    0.052101
0.193202    -0.317812    0.048537
0.208828    -0.039426    -0.016967
0.208826    -0.050109    0.000309
-0.05818    -0.026086    0.174706
0.030631    -0.08915    0.187868
-0.00626    -0.043392    0.187864
0.042324    -0.099385    0.185318
0.067596    -0.090353    0.178549
0.167993    -0.111243    0.10018
0.112491    -0.00415    -0.177214
0.154834    -0.008096    -0.141812
0.151585    -0.002384    -0.142754
0.18374    -0.00098    -0.09302
0.191529    -0.012051    -0.080505
0.197811    -0.106873    0.043187
0.202963    -0.07586    0.033751
0.194496    0.01496    -0.036423
0.204812    -0.021155    -0.024527
0.030354    -0.003811    0.178911
-0.048463    -0.002761    0.169466
0.030561    -0.009116    0.180452
0.057008    -0.049088    0.181385
0.071793    -0.047207    0.177425
0.120057    -0.084292    0.153453
0.165353    -0.06269    0.112613
0.158965    -0.095715    0.118999
0.171454    -0.097315    0.104218
0.191091    -0.05622    0.070213
0.082742    0.016986    -0.187422
0.134736    -0.009085    -0.162314
0.174277    0.00381    -0.106677
0.163414    -0.012959    -0.135079
0.195264    -0.001624    -0.055047
0.203092    -0.062446    0.03327
0.20443    -0.037541    0.028279
0.193456    0.018601    -0.031708
-0.038825    0.013776    0.165942
0.036102    -0.00925    0.179305
0.091633    -0.077508    0.169858
0.088843    -0.036399    0.171469
0.154013    -0.046693    0.12395
0.171506    -0.041473    0.104127
0.169703    -0.088133    0.107249
0.116535    0.031385    -0.15927
0.133396    0.045772    -0.130959
0.129531    0.025034    -0.151523
0.157495    0.046182    -0.09641
0.187674    0.023442    -0.051406
0.190893    0.021457    -0.043757
0.202794    -0.02883    0.027337
0.182845    0.037694    -0.015515
0.189265    0.026416    -0.008134
0.007816    0.007211    0.15537
-0.062638    0.027005    0.153061
0.091147    -0.0131    0.162557
0.142964    -0.018335    0.128176
0.138177    -0.023888    0.135205
0.192891    -0.031472    0.064956
0.087407    0.050009    -0.163848
0.124522    0.048645    -0.137522
0.14674    0.050095    -0.110587
0.146279    0.071072    -0.087498
0.17439    0.052356    -0.037379
0.186421    0.00102    0.055482
0.162788    0.072924    -0.015025
-0.017231    0.019194    0.144326
0.01642    0.014036    0.131069
-0.047917    0.066923    0.141399
0.050387    0.002296    0.15604
0.115729    -0.019643    0.150184
0.155333    0.015047    0.102327
0.121378    -0.002927    0.140026
0.172523    0.010606    0.076191
0.080625    0.113014    -0.122621
0.103286    0.109322    -0.105788
0.148346    0.079092    -0.074116
0.144348    0.076245    -0.084771
0.146111    0.083168    -0.072533
0.175241    0.045653    0.019317
0.161303    0.075489    -0.021214
0.160312    0.077002    -0.005432
-0.022143    0.056773    0.131012
-0.041581    0.100795    0.135822
0.095569    -0.000584    0.154515
0.126802    0.051389    0.103386
0.155342    0.047335    0.069186
0.154264    0.044964    0.073752
0.072159    0.119973    -0.12225
0.09836    0.127187    -0.094176
0.113764    0.109839    -0.093772
0.140702    0.103484    -0.041328
0.172809    0.036049    0.049505
0.144182    0.101644    -0.006965
-0.020726    0.160664    0.118996
-0.019141    0.089032    0.12324
-0.03334    0.126614    0.129827
0.081122    0.008326    0.133519
0.115648    0.040436    0.115257
0.136571    0.075061    0.070126
0.14177    0.072552    0.06398
0.062035    0.151772    -0.098687
0.07575    0.150446    -0.089054
0.090889    0.140499    -0.085925
0.09399    0.153172    -0.061426
0.123619    0.130919    -0.033788
0.146123    0.087317    0.03234
0.156644    0.078714    0.014843
0.118869    0.137546    -0.027441
-0.018508    0.059564    0.119496
0.026168    0.012725    0.110951
-0.013674    0.173014    0.110046
-0.038121    0.153808    0.116877
0.104375    0.112704    0.071928
0.065934    0.016187    0.113672
0.135822    0.07576    0.070533
0.048998    0.200022    -0.055932
0.057124    0.198615    -0.04767
0.066434    0.197933    -0.026099
0.14284    0.091091    0.035046
-0.017312    0.083084    0.115298
-0.033759    0.199221    0.097045
0.064175    0.065532    0.084301
0.01897    0.059287    0.068937
0.000244    0.073724    0.053395
0.091726    0.047904    0.10522
0.002695    0.016906    0.086635
0.114042    0.122423    0.047169
0.120958    0.131537    0.012044
-0.024114    0.068329    0.1093
-0.011077    0.199245    0.100339
0.026657    0.093405    0.058375
0.067441    0.106157    0.071653
0.018876    0.038584    0.080057
-0.013811    0.067688    0.050825
0.077353    0.025618    0.111278
0.031618    0.044149    0.082338
0.088564    0.157604    0.033613
0.081576    0.171237    0.022432
0.105998    0.144775    0.024188
-0.026863    0.077807    0.106584
-0.017373    0.211517    0.072996
0.089359    0.129317    0.068129
0.055074    0.120037    0.062587
0.090856    0.147861    0.04628
-0.008781    0.152123    0.092927
0.004511    0.212427    0.064982
0.070693    0.15153    0.057808
0.060708    0.18549    0.032131
-0.03487    0.115013    0.092515
-0.002423    0.179799    0.082849
0.056281    0.138923    0.0579
-0.020571    0.132102    0.091546
0.052643    0.174648    0.051058
0.054233    0.225424    -0.014302
0.025039    0.221853    0.035404
-0.010695    0.156022    0.027196
0.004982    0.23454    0.032209
-0.004301    0.16542    0.030564
0.050202    0.226865    0.002456
0.048582    0.231836    0.005732
0.015198    0.256746    0.035867
0.051601    0.245677    -0.038696
0.009122    0.238449    0.036485
0.042366    0.268646    0.021512
0.04784    0.261907    -0.045213
0.05721    0.269254    -0.007177
0.028584    0.277887    0.015607
0.039665    0.277887    0.012739
0.032738    0.277887    -0.031741
0.035936    0.277887    0.014782
-0.004356    0.277887    0.021089
0.069859    0.102225    0.073771
0.0612    0.113344    0.067026
0.002017    0.090374    0.049026
0.02451    0.140271    0.044376
