-0.055423    -0.323476    0.060984
-0.060745    -0.326935    0.038591
-0.080276    -0.309245    0.033311
-0.05088    -0.326935    0.047686
-0.081732    -0.323037    0.007524
-0.049781    -0.326935    0.034585
-0.088601    -0.301929    0.006276
-0.052354    -0.288546    0.07828
-0.025387    -0.326935    0.069041
-0.095612    -0.259079    0.032122
-0.010241    -0.287276    0.094026
-0.082239    -0.31521    -0.019427
-0.052859    -0.326935    -0.016319
-0.101802    -0.252643    0.01063
-0.01539    -0.283737    0.094001
-0.07585    -0.317779    -0.035306
-0.02092    -0.326935    0.036558
-0.087987    -0.294435    -0.023417
0.002873    -0.324344    0.082753
-0.038311    -0.269431    0.091303
-0.026138    -0.326935    0.004617
-0.038506    -0.326935    -0.010634
-0.086442    -0.292359    -0.0319
0.028044    -0.31173    0.082447
0.038009    -0.261623    0.094295
0.00148    -0.326935    0.031039
0.002657    -0.326935    0.036351
-0.103072    -0.20205    0.047872
-0.083804    -0.273962    -0.048497
-0.008953    -0.244835    0.105464
-0.049996    -0.243791    0.092426
0.004401    -0.326935    0.025392
0.003854    -0.326935    0.021689
-0.111533    -0.206374    0.010627
-0.089533    -0.258742    -0.046062
-0.019914    -0.24127    0.103994
0.037231    -0.250136    0.097449
-0.048391    -0.324027    -0.065984
0.041175    -0.326935    0.053319
-0.097507    -0.178441    0.064293
-0.108877    -0.216984    -0.016288
0.046975    -0.301477    0.077361
0.056652    -0.248868    0.087962
-0.036606    -0.225312    0.103711
0.047193    -0.326935    0.051756
0.008335    -0.326935    -0.026731
-0.105855    -0.186572    0.047728
-0.100751    -0.222863    -0.041602
0.060121    -0.319525    0.059921
-0.034636    -0.229061    0.103575
0.038941    -0.216523    0.104529
-0.076218    -0.182364    0.08805
0.058895    -0.326935    0.039932
0.049439    -0.326935    0.031166
-0.118131    -0.167815    0.000939
-0.072629    -0.214845    -0.084237
0.072814    -0.298351    0.055826
-0.023226    -0.202664    0.111172
0.046272    -0.204826    0.104391
-0.069128    -0.17694    0.09548
0.060573    -0.326935    0.032756
0.009516    -0.326935    -0.074421
-0.119024    -0.154612    0.01373
-0.088566    -0.221167    -0.064583
-0.022457    -0.27881    -0.093299
0.091271    -0.237791    0.057306
0.096554    -0.22056    0.054766
0.060499    -0.202074    0.096894
-0.090236    -0.155937    0.080192
0.041002    -0.326935    -0.011635
-0.106325    -0.141834    0.059104
-0.113116    -0.170071    -0.033495
-0.056391    -0.221493    -0.093426
0.087144    -0.285081    0.039118
-0.032619    -0.186004    0.112037
0.099767    -0.196535    0.058166
0.095344    -0.188968    0.068285
-0.008646    -0.300576    -0.089202
0.01539    -0.326935    -0.079072
-0.121776    -0.122964    0.020298
-0.080692    -0.196537    -0.080115
-0.028569    -0.237591    -0.102053
0.097003    -0.264923    0.028459
-0.02387    -0.175548    0.115437
0.111691    -0.196593    0.028907
0.079959    -0.185504    0.086152
0.006465    -0.29906    -0.090453
0.064345    -0.326935    -0.014152
-0.121813    -0.139864    -0.008161
-0.09079    -0.187739    -0.071084
-0.042181    -0.196951    -0.105867
0.088107    -0.300143    0.022934
0.11406    -0.2008    0.014177
0.041603    -0.155868    0.113516
0.066465    -0.158509    0.1007
-0.08078    -0.12283    0.093078
0.067748    -0.326935    -0.022681
-0.118841    -0.104654    0.035512
-0.098915    -0.159309    -0.067853
0.00411    -0.234495    -0.107109
0.026052    -0.277974    -0.092899
0.104094    -0.252299    0.002216
-0.03438    -0.146924    0.116877
0.058423    -0.144757    0.107836
0.104721    -0.159773    0.060191
-0.05574    -0.138301    0.108637
0.03463    -0.305899    -0.081524
-0.122753    -0.077487    0.02696
-0.107955    -0.139195    -0.054982
0.002012    -0.228747    -0.108169
0.019447    -0.246614    -0.102363
0.097976    -0.274326    -0.007322
0.112777    -0.212018    0.002513
0.000284    -0.137488    0.122771
0.117873    -0.164268    0.022984
0.095383    -0.128452    0.079096
-0.079299    -0.105355    0.095918
0.06681    -0.298877    -0.061905
-0.11746    -0.072632    0.043676
-0.103539    -0.12456    -0.066485
0.032696    -0.215035    -0.10645
0.026563    -0.250231    -0.099994
0.088029    -0.282883    -0.039071
0.106272    -0.216252    -0.033791
-0.036513    -0.122446    0.118725
0.069837    -0.127624    0.102255
0.118496    -0.163481    -0.023491
0.120509    -0.129323    0.028211
0.043029    -0.280121    -0.085753
-0.108291    -0.059821    0.063546
-0.125562    -0.077188    -0.008419
-0.092629    -0.132319    -0.07912
-0.023613    -0.155947    -0.11807
0.039597    -0.230985    -0.100906
0.088119    -0.291381    -0.030723
0.103843    -0.208627    -0.045837
-0.017274    -0.109259    0.123676
0.057776    -0.11782    0.111067
0.119561    -0.140967    -0.028466
0.123331    -0.113608    0.020698
-0.082011    -0.077222    0.094985
0.080884    -0.297632    -0.043058
-0.117379    -0.054122    0.044063
-0.109436    -0.09667    -0.058821
-0.048196    -0.162694    -0.109237
0.004931    -0.18541    -0.116218
0.055075    -0.209288    -0.097868
0.100304    -0.216291    -0.049964
0.109684    -0.150228    -0.053841
0.028551    -0.110955    0.122026
0.105126    -0.097386    0.07108
0.107984    -0.127186    -0.060523
0.125806    -0.101688    0.00135
0.081086    -0.244624    -0.06842
-0.112236    -0.085412    -0.054114
-0.026218    -0.129291    -0.12006
0.03937    -0.187426    -0.109941
0.073474    -0.235112    -0.078206
0.096122    -0.197458    -0.062581
0.107663    -0.142953    -0.058493
0.039702    -0.084282    0.119691
0.119348    -0.078309    0.044473
0.119881    -0.09716    -0.037766
0.126135    -0.094705    0.000443
-0.124936    -0.047857    -0.002836
-0.090994    -0.104296    -0.08395
-0.009236    -0.131994    -0.121903
0.010598    -0.162423    -0.119617
0.088296    -0.148833    -0.083666
0.001778    -0.081075    0.1261
0.096365    -0.074336    0.08222
0.105666    -0.09809    -0.067622
0.123622    -0.091369    -0.026968
-0.121981    -0.044382    0.011572
-0.092968    -0.092713    -0.082635
-0.009568    -0.120365    -0.122903
0.069797    -0.165184    -0.097746
0.012476    -0.071971    0.125796
0.101012    -0.06016    0.077174
0.127202    -0.056744    0.011004
0.10904    -0.080769    -0.06351
-0.061671    -0.055989    0.10985
-0.110008    -0.054723    -0.059438
-0.022499    -0.115849    -0.122398
0.045066    -0.15646    -0.111862
0.004404    -0.054023    0.126258
0.087747    -0.056157    0.091941
0.12181    -0.059095    0.036455
0.079805    -0.094666    -0.096884
-0.081943    -0.04074    0.088101
-0.065018    -0.075763    -0.106807
0.035478    -0.119977    -0.11871
0.107317    -0.047225    0.066624
0.107089    -0.05387    -0.067039
-0.0938    -0.047153    -0.081268
-0.030784    -0.075559    -0.121575
0.077034    -0.044986    0.098232
0.096287    -0.068946    -0.082984
-0.116962    -0.036973    -0.009881
-0.009217    -0.075137    -0.125013
0.123009    -0.044193    0.01717
-0.014155    -0.039757    0.119588
-0.036256    -0.054791    -0.119928
0.078745    -0.041151    0.093841
0.074029    -0.048173    -0.102609
-0.060361    -0.043088    -0.105669
0.017471    -0.059104    -0.124732
-0.015091    -0.034263    0.114254
0.055707    -0.037379    0.105081
0.111726    -0.03898    -0.043396
0.025363    -0.046516    -0.121704
-0.06118    -0.028741    0.0901
0.100353    -0.036582    0.062585
-0.105342    -0.027802    -0.014371
0.082352    -0.034853    -0.081261
0.028726    -0.031384    0.108547
-0.100284    -0.024275    0.005252
0.094668    -0.03212    -0.061265
0.033423    -0.027979    0.102445
-0.09379    -0.022624    -0.026189
-0.001161    -0.025742    0.104375
0.089599    -0.027468    0.060415
-0.004651    -0.026464    -0.104301
-0.088928    -0.019635    0.0181
0.077215    -0.024879    -0.068427
0.079742    -0.022278    0.05807
0.00275    -0.022736    -0.098122
-0.078774    -0.018241    -0.033128
-0.063825    -0.017719    0.054622
0.076727    -0.020642    -0.054289
-0.050726    -0.017156    0.033795
-0.080509    -0.017156    -0.004251
-0.037176    -0.017156    0.047499
0.035082    -0.0182    0.079635
-0.02079    -0.017156    0.062603
0.074159    -0.017944    0.043153
-0.005642    -0.017156    0.070332
0.081473    -0.01751    0.018803
-0.042491    -0.017156    -0.034233
0.025684    -0.017156    -0.043809
-0.026696    -0.017156    -0.010123
0.048666    -0.017156    0.020791
0.020829    -0.017156    -0.044043
0.038403    -0.017156    -0.04334
-0.02456    -0.017156    -0.042605
0.01147    -0.017156    0.031726
0.010994    -0.017156    -0.060007
0.052665    -0.017156    -0.028155
0.008535    -0.017156    -0.004849
0.070329    -0.017156    -0.02326
-0.015453    -0.017156    -0.056145
0.070104    -0.017156    0.002037
-0.102322    0.092126    0.033661
-0.089949    0.092126    0.034159
-0.103576    0.092126    -0.008585
-0.044054    0.092126    0.08577
-0.02661    0.092126    0.107199
-0.079677    0.092126    -0.017465
-0.070039    0.092126    0.01209
-0.016017    0.092126    0.093786
-0.078829    0.092126    -0.058797
-0.048096    0.092126    -0.013054
0.019878    0.092126    0.110896
-0.050925    0.092126    -0.026412
0.024261    0.092126    0.103838
0.015935    0.092126    0.076549
-0.015108    0.092126    0.004979
-0.010558    0.092126    -0.013439
-0.047303    0.092126    -0.074916
-0.028073    0.092126    -0.046332
-0.021933    0.092126    -0.048549
-0.011029    0.092126    -0.035932
0.006196    0.092126    -0.011155
0.034481    0.092126    0.018294
-0.01633    0.092126    -0.07421
-0.008411    0.092126    -0.052785
0.037533    0.092126    -0.010345
0.06908    0.092126    0.031189
0.016308    0.092126    -0.092881
0.028039    0.092126    -0.062609
0.035004    0.092126    -0.028303
0.094682    0.092126    0.058944
0.055895    0.092126    -0.017981
0.04642    0.092126    -0.063667
0.036565    0.092126    -0.10256
0.100528    0.092126    0.023308
0.090953    0.092126    -0.028363
0.109137    0.092126    -0.02362
-0.004311    0.50735    -0.086314
0.009994    0.525182    -0.075202
-0.030701    0.499159    -0.082203
0.033609    0.505402    -0.079852
-0.033274    0.485434    -0.083307
0.024477    0.525182    -0.065736
0.016923    0.466981    -0.090025
-0.053158    0.507845    -0.06868
-0.054224    0.525182    -0.058011
0.010729    0.444223    -0.094126
-0.018566    0.442746    -0.093575
0.026338    0.525182    -0.046334
-0.008358    0.525182    -0.049363
0.023574    0.434264    -0.092549
-0.040174    0.439289    -0.086942
-0.064768    0.525182    -0.04721
-0.072143    0.525182    -0.029929
0.053372    0.469887    -0.074285
0.018758    0.400516    -0.097213
-0.046954    0.433165    -0.083846
-0.077318    0.520961    -0.03508
0.067783    0.525182    -0.020576
0.076292    0.484248    -0.045924
0.046622    0.429779    -0.083748
-0.039202    0.396868    -0.091983
-0.072719    0.456314    -0.058679
-0.076233    0.525182    -0.017086
-0.068262    0.525182    -0.01403
0.067915    0.485924    -0.058415
0.048571    0.409504    -0.085193
-0.002851    0.369066    -0.102077
-0.070003    0.449611    -0.062882
-0.084258    0.513925    -0.016148
0.065419    0.525182    -0.00873
0.08413    0.513996    -0.013772
0.088761    0.434484    -0.033792
0.037097    0.387308    -0.093498
-0.007902    0.354635    -0.103055
-0.068472    0.424561    -0.068789
-0.084947    0.51676    -0.010998
-0.03956    0.525182    0.000637
0.087436    0.496694    0.003308
0.076475    0.422369    -0.059107
0.064047    0.39794    -0.075489
0.012179    0.317381    -0.105817
-0.04636    0.363701    -0.092423
-0.083749    0.444395    -0.044238
0.064899    0.525182    0.023631
0.050788    0.525182    0.0085
0.0921    0.460614    0.007685
0.077315    0.414344    -0.059394
0.067963    0.400734    -0.071596
0.030935    0.319108    -0.101717
-0.045623    0.328332    -0.096086
-0.074263    0.398967    -0.066282
-0.086777    0.505358    0.004713
-0.033809    0.525182    0.023875
0.084354    0.495659    0.022693
0.086889    0.385575    -0.049911
0.095712    0.401138    -0.02385
0.03721    0.313495    -0.100204
0.001725    0.282038    -0.108664
-0.069766    0.374929    -0.074725
-0.093221    0.432662    -0.023186
-0.080305    0.516758    0.028684
0.066475    0.525182    0.029443
0.080516    0.498831    0.033087
0.087765    0.381347    -0.049332
0.098247    0.388877    0.016167
0.071544    0.355889    -0.073914
-0.008492    0.275964    -0.108488
-0.063029    0.321761    -0.085528
-0.092477    0.412123    -0.034909
-0.092864    0.460927    -0.001026
-0.067929    0.525182    0.046768
0.071205    0.510125    0.047954
0.078093    0.447494    0.052137
0.085538    0.347851    -0.058051
0.102005    0.359756    0.011006
0.061769    0.341692    -0.084283
0.010591    0.248134    -0.110206
-0.023821    0.252971    -0.107963
-0.086703    0.373338    -0.05452
-0.095688    0.436659    -0.001028
-0.079058    0.493001    0.040605
-0.021473    0.525182    0.056783
0.07539    0.467657    0.051976
0.085178    0.382332    0.053325
0.102283    0.358358    -0.002066
0.096818    0.32265    -0.042179
0.060329    0.297156    -0.089617
-0.027734    0.241505    -0.107261
-0.080941    0.332236    -0.067547
-0.100951    0.389794    -0.008149
-0.090155    0.431466    0.033162
0.023071    0.525182    0.061491
0.058788    0.484156    0.067356
0.072819    0.406381    0.065182
0.089669    0.319116    -0.055624
0.095958    0.354359    0.037472
0.101442    0.312082    -0.030488
0.039482    0.255367    -0.102792
-0.000257    0.220792    -0.11138
-0.053933    0.248278    -0.096552
-0.099456    0.363718    -0.026602
-0.090364    0.424776    0.034943
-0.066823    0.456249    0.064884
0.042417    0.525182    0.065897
0.043092    0.456279    0.082074
0.067611    0.371703    0.075933
0.092141    0.308884    -0.05319
0.102914    0.332521    0.017251
0.099547    0.320532    0.036141
0.075254    0.298292    -0.076248
-0.020748    0.214697    -0.1105
-0.065186    0.240871    -0.089651
-0.09551    0.322936    -0.04615
-0.101152    0.385386    -0.003306
-0.075622    0.430767    0.059722
-0.044145    0.46329    0.080653
0.048375    0.48464    0.0744
0.051725    0.417036    0.081748
0.084334    0.342906    0.060996
0.107187    0.29225    -0.000147
0.084052    0.331205    0.062592
0.103422    0.279051    -0.030969
0.042857    0.22989    -0.102332
0.006463    0.171473    -0.113072
-0.056305    0.231749    -0.095866
-0.10326    0.342335    -0.017346
-0.09415    0.390935    0.034463
-0.057308    0.419543    0.079025
-0.036233    0.484661    0.081673
0.027063    0.503148    0.081984
0.030313    0.42848    0.090607
0.047253    0.322182    0.094609
0.094879    0.247701    -0.055158
0.10297    0.285474    0.032159
0.098697    0.290797    0.042097
0.100346    0.261361    -0.04337
0.045358    0.203618    -0.102081
-0.009759    0.174695    -0.112138
-0.082081    0.245003    -0.074062
-0.104342    0.334155    -0.01513
-0.093448    0.379893    0.04009
-0.063016    0.39454    0.077266
-0.022437    0.465959    0.088699
0.018357    0.506558    0.084325
0.031023    0.416809    0.091745
0.022715    0.32662    0.102859
0.048824    0.282279    0.096661
0.109075    0.263819    0.005267
0.053659    0.28313    0.093453
0.106113    0.266487    -0.024885
0.040154    0.171475    -0.105554
-0.000231    0.146466    -0.113028
-0.050578    0.167223    -0.101745
-0.0876    0.212768    -0.069748
-0.103388    0.286194    -0.035175
-0.102675    0.34736    0.02083
-0.050845    0.396575    0.085483
-0.008594    0.519996    0.084303
-0.022753    0.40821    0.095299
0.006652    0.488348    0.088256
-0.003108    0.377014    0.101156
0.022111    0.285637    0.105895
0.090066    0.224384    -0.064291
0.109664    0.254071    0.008509
0.052154    0.254767    0.096195
0.070391    0.251403    0.08452
0.072728    0.212867    -0.083997
-0.019076    0.159704    -0.111906
-0.073589    0.171543    -0.086661
-0.100143    0.233367    -0.048131
-0.108952    0.277174    -0.011516
-0.100906    0.335044    0.029255
-0.067332    0.372714    0.076145
-0.002032    0.496349    0.087623
-0.005727    0.448776    0.093817
0.018033    0.345544    0.102748
0.041672    0.267141    0.100614
0.110738    0.225665    0.005139
0.094207    0.219938    0.058376
0.078585    0.229349    0.077311
0.104944    0.201083    -0.037012
0.042124    0.158829    -0.104779
-0.01095    0.109531    -0.112546
-0.061281    0.146824    -0.095039
-0.101145    0.190396    -0.049152
-0.105101    0.263636    -0.033069
-0.087721    0.330858    0.05807
-0.059531    0.347465    0.086037
-0.026742    0.337014    0.100974
0.009674    0.269216    0.10823
0.110322    0.205707    -0.015668
0.099794    0.222755    0.047172
0.02751    0.227171    0.107094
0.103141    0.170681    -0.044698
0.05326    0.146302    -0.099243
0.039428    0.103576    -0.106347
-0.03447    0.100484    -0.107668
-0.053469    0.132606    -0.100273
-0.09944    0.178034    -0.053098
-0.107879    0.238128    -0.025797
-0.100744    0.294982    0.038636
-0.060471    0.343296    0.085687
-0.020632    0.297296    0.105086
0.086967    0.174616    -0.0716
0.107838    0.19705    0.027508
0.086824    0.197299    0.069739
0.058228    0.180736    0.095269
0.109537    0.173397    -0.024878
0.059447    0.112188    -0.096207
-0.078206    0.130311    -0.082458
-0.107204    0.180771    -0.037415
-0.110654    0.247662    -0.002293
-0.091807    0.302211    0.055474
-0.024921    0.281595    0.105147
0.100504    0.146843    -0.051486
0.107514    0.167014    0.032198
0.088901    0.176192    0.068117
-0.005041    0.211802    0.111422
0.007321    0.193626    0.111302
0.0841    0.149266    -0.075583
-0.081914    0.102211    -0.078206
-0.101165    0.147174    -0.050696
-0.111704    0.221487    -0.002378
-0.102736    0.255313    0.039517
-0.047434    0.293969    0.096397
0.094793    0.131853    -0.060509
0.093626    0.134476    0.063319
0.054821    0.156208    0.097996
0.034876    0.163183    0.106499
0.110829    0.156165    -0.021774
-0.09654    0.108998    -0.059997
-0.1128    0.196802    -0.007829
-0.108508    0.241503    0.023921
-0.072371    0.283707    0.08042
0.100241    0.100623    -0.051994
0.111723    0.15796    -0.008522
0.080917    0.129212    0.077851
0.026778    0.134871    0.109404
0.017559    0.162963    0.111405
0.111971    0.133853    -0.00792
0.08721    0.115197    -0.072126
-0.113427    0.141166    -0.010736
-0.105594    0.206436    0.036973
-0.086534    0.249292    0.068876
-0.045662    0.245182    0.1002
0.104563    0.111921    0.041787
0.053786    0.122263    0.098938
-0.001637    0.148715    0.112555
0.112859    0.124944    0.008084
-0.112247    0.121024    -0.016725
-0.104354    0.166352    0.043833
-0.100933    0.206328    0.049765
0.111019    0.094695    0.016824
0.086055    0.111255    0.072046
0.031995    0.096015    0.107632
-0.012181    0.138864    0.112446
-0.050302    0.19641    0.099792
-0.112546    0.096362    -0.014843
-0.103471    0.1339    0.047553
-0.097107    0.201501    0.055952
0.019245    0.118611    0.111587
-0.063672    0.166224    0.093732
-0.113066    0.125076    0.006241
-0.09306    0.156114    0.063805
-0.076133    0.215482    0.081209
-0.030893    0.101605    0.108475
-0.108562    0.10882    0.031843
-0.087665    0.147078    0.072245
-0.047973    0.130628    0.102094
-0.099738    0.110377    0.053866
-0.065334    0.136141    0.093004
-0.093703    0.100626    0.063072
-0.076322    0.100211    0.083074
-0.015313    0.078603    0.139079
-0.002299    0.077024    0.142279
-0.020861    0.073302    0.146805
-0.120445    0.079181    0.069047
0.033626    0.073523    0.144024
-0.140274    0.070725    0.059947
0.034787    0.072656    0.144985
-0.142956    0.071962    0.046488
-0.152839    0.064391    0.045388
-0.123263    0.081063    0.056804
-0.025085    0.065184    0.156174
0.088761    0.066634    0.128373
-0.140843    0.078402    -0.007888
-0.022186    0.062124    0.159927
0.098485    0.071269    0.115266
-0.119913    0.083439    0.048629
-0.073861    0.056407    0.149012
0.094535    0.062736    0.129518
-0.005691    0.08777    0.101959
-0.131938    0.082268    0.009738
-0.060376    0.050576    0.160805
0.080331    0.06102    0.140756
0.141363    0.060308    0.080311
0.056889    0.086415    0.104812
-0.14473    0.055341    -0.085486
-0.168996    0.052781    0.015592
0.141587    0.071504    0.05243
-0.069909    0.08777    0.078818
-0.111727    0.082987    -0.068078
-0.020923    0.045074    0.173499
0.115913    0.057102    0.118134
0.148144    0.055881    0.07531
-0.116199    0.08374    -0.054843
-0.123921    0.059097    -0.108319
-0.162676    0.04731    0.059874
0.137393    0.078592    0.021455
0.058518    0.08777    0.085642
-0.100936    0.079644    -0.094171
-0.111059    0.053666    -0.129247
-0.045514    0.024354    0.168905
-0.119709    0.038716    0.127679
-0.152671    0.030398    0.086424
-0.175779    0.026433    -0.004392
-0.166848    0.028257    -0.058543
-0.151211    0.039651    -0.08959
0.155831    0.050198    0.069527
-0.105982    0.086288    -0.057101
-0.091052    0.068726    -0.125213
-0.067096    0.012362    0.161973
-0.028494    0.017219    0.172494
0.019699    0.037944    0.173756
-0.154652    0.012254    0.083321
-0.174334    0.027744    0.022778
-0.168917    0.012122    -0.04863
-0.133264    0.031724    -0.11406
-0.132587    0.022032    -0.114788
0.161049    0.061575    -0.008
-0.116993    0.087065    -0.000561
-0.057572    0.087303    -0.100549
-0.094635    0.038318    -0.147583
-0.097258    -0.010853    0.145885
-0.030834    0.008905    0.171915
-0.007395    0.025988    0.175178
0.067926    0.044777    0.160875
-0.171083    0.005266    0.039818
-0.175068    -0.006821    -0.001798
0.129638    0.044444    0.116158
-0.116984    0.003205    -0.131754
0.151604    0.064122    -0.04747
-0.107766    0.08777    0.017304
-0.039925    0.087079    -0.109663
-0.096374    0.017969    -0.146409
-0.062958    0.005774    0.163889
-0.140179    -0.018045    0.103939
-0.0336    -0.02082    0.170412
0.074385    0.027068    0.159211
0.058647    -0.005462    0.163778
-0.169216    -0.020734    0.043013
-0.167742    -0.016191    -0.050169
-0.155183    -0.010175    -0.080238
0.11807    0.040713    0.129381
-0.137768    -0.011149    -0.107984
0.121502    0.081694    -0.055234
0.1479    0.034852    0.093626
-0.1099    0.08777    -0.005454
-0.029348    0.077281    -0.13995
-0.051313    0.066049    -0.148974
-0.057709    0.042131    -0.165497
-0.130748    -0.028934    0.115774
-0.147438    -0.028645    0.091821
-0.042198    -0.041826    0.167353
0.042325    0.000109    0.169274
0.079274    0.013901    0.156379
-0.159971    -0.023072    0.071013
-0.173355    -0.045562    -0.004535
-0.15027    -0.028107    -0.08829
0.13499    0.033321    0.110538
-0.084505    -0.005677    -0.153507
0.132285    0.068327    -0.07961
0.168467    0.051581    -0.023695
-0.088451    0.08777    -0.064639
-0.004703    0.087606    -0.11396
-0.01613    0.052932    -0.16865
-0.066103    -0.047727    0.159639
-0.099738    -0.053499    0.14171
-0.029584    -0.038089    0.170247
0.024822    -0.04612    0.170999
0.088777    0.005917    0.149998
0.092683    -0.029867    0.145883
-0.172042    -0.049388    0.015895
-0.171835    -0.031994    -0.02709
-0.142472    -0.049638    -0.099812
0.12929    0.008433    0.116694
-0.065257    0.00855    -0.162893
0.118065    0.07302    -0.09035
0.163751    0.011126    0.06235
0.157241    0.053333    -0.060688
-0.016737    0.076504    -0.142758
0.012099    0.060422    -0.164007
-0.005376    0.017927    -0.175036
-0.126202    -0.057148    0.117522
-0.143319    -0.060877    0.094336
-0.003209    -0.045067    0.172553
0.047766    -0.039393    0.16571
0.113135    -0.036264    0.132017
-0.1654    -0.076795    0.042096
-0.163027    -0.074288    -0.053944
-0.146523    -0.059372    -0.091288
0.143348    -0.001372    0.100611
-0.087424    -0.044217    -0.149447
0.102648    0.079152    -0.093609
0.150977    -0.011773    0.085947
0.173211    0.032737    0.023323
0.107062    0.086803    -0.049552
0.029082    0.074706    -0.143157
-0.022497    0.037756    -0.17416
-0.01788    0.006578    -0.174216
-0.119931    -0.078202    0.120688
-0.13959    -0.068521    0.098845
-0.016059    -0.066038    0.171088
0.02187    -0.069161    0.169374
0.096435    -0.070046    0.14009
0.132382    -0.048469    0.109534
-0.166623    -0.076527    -0.036013
-0.15072    -0.081835    -0.078709
-0.110373    -0.063514    -0.132849
-0.071653    -0.025593    -0.159602
0.083633    0.08117    -0.105032
0.161478    -0.026277    0.064028
0.166041    0.007328    0.05644
0.132641    0.054721    -0.103115
0.026157    0.08186    -0.130218
0.030475    0.055944    -0.164078
0.037967    0.013218    -0.170771
-0.072337    -0.098683    0.151309
-0.144488    -0.094475    0.086763
-0.154461    -0.093055    0.070511
-0.011919    -0.061183    0.171871
0.043736    -0.083176    0.163451
0.120299    -0.072263    0.120117
-0.167629    -0.093883    0.024587
-0.155636    -0.109313    -0.062327
-0.113317    -0.102658    -0.124845
-0.032633    -0.045266    -0.171103
0.008869    -0.038558    -0.17379
0.079313    0.063192    -0.139337
0.168866    -0.017137    0.039524
0.173534    0.028141    -0.019628
0.070818    0.08777    -0.08016
0.056572    0.062319    -0.151856
0.035238    0.041188    -0.171399
0.049777    -0.040666    -0.166106
-0.065889    -0.117744    0.152107
-0.138834    -0.108487    0.092474
-0.162228    -0.10059    0.043857
0.020634    -0.111176    0.165069
0.10824    -0.110337    0.127411
0.121329    -0.082008    0.117699
-0.161655    -0.111275    -0.041458
-0.143031    -0.108689    -0.087279
-0.084616    -0.096111    -0.145897
-0.057112    -0.065018    -0.161583
0.029361    -0.037964    -0.17059
0.159515    -0.058218    0.063503
0.173915    0.006503    -0.009214
0.167704    0.035579    -0.048357
0.066803    0.08777    -0.080454
0.06208    0.012312    -0.164516
0.074787    -0.05412    -0.154796
-0.076791    -0.135157    0.143788
-0.147896    -0.134326    0.07226
-0.152858    -0.137306    0.057195
-0.00642    -0.099264    0.167894
0.088577    -0.101528    0.141422
0.10987    -0.109616    0.125865
-0.161251    -0.13016    -0.031291
-0.151579    -0.146445    -0.059082
-0.075259    -0.103459    -0.150968
-0.058822    -0.076751    -0.159949
0.041609    -0.059968    -0.16651
0.156025    -0.08226    0.065738
0.172718    -0.017399    -0.018121
0.158807    0.016214    -0.075548
0.093268    0.037438    -0.148709
0.086609    -0.024582    -0.15073
0.079848    -0.060155    -0.151636
-0.117713    -0.147626    0.111094
-0.129854    -0.125974    0.10221
-0.035847    -0.150847    0.156527
0.053552    -0.126223    0.154907
0.086348    -0.128251    0.138872
-0.163414    -0.126477    0.02881
-0.160154    -0.139536    -0.029909
-0.133302    -0.129214    -0.097582
-0.088902    -0.12319    -0.139232
0.005023    -0.085274    -0.16995
0.031417    -0.077256    -0.167125
0.157499    -0.087329    0.061836
0.169662    -0.058718    0.023962
0.162653    0.003517    -0.062963
0.137187    0.042612    -0.109231
0.109922    -0.000474    -0.135539
0.119878    -0.05326    -0.12323
-0.054949    -0.152055    0.152141
-0.094258    -0.152512    0.1312
-0.154579    -0.173392    0.033009
-0.009296    -0.148321    0.161511
0.037849    -0.127332    0.159854
0.111121    -0.122852    0.122029
-0.159056    -0.158595    0.019432
-0.140691    -0.157787    -0.076488
-0.112568    -0.152439    -0.115588
-0.067366    -0.117254    -0.152529
0.043121    -0.088517    -0.163595
0.079174    -0.100811    -0.147549
0.168374    -0.078052    0.021897
0.1715    -0.052353    -0.004615
0.138916    0.024457    -0.106515
0.124852    0.021597    -0.122621
0.104525    -0.025385    -0.139231
0.104635    -0.055495    -0.136708
-0.066805    -0.164601    0.143662
-0.092584    -0.162009    0.13048
-0.146655    -0.175283    0.056264
-0.022634    -0.164108    0.156995
0.024442    -0.165003    0.156911
0.098714    -0.16099    0.124848
0.133764    -0.12722    0.095893
-0.142272    -0.18152    -0.064262
-0.054633    -0.136172    -0.153862
-0.096177    -0.159941    -0.127864
0.014115    -0.106288    -0.167628
0.078518    -0.117945    -0.145652
0.14122    -0.133712    0.081069
0.161101    -0.101051    0.044602
0.170507    -0.033798    -0.034094
0.143595    -0.000833    -0.09861
0.135514    -0.048874    -0.106942
0.145474    -0.075796    -0.087606
-0.080607    -0.18882    0.13176
-0.133491    -0.201621    0.072913
-0.147064    -0.184966    0.049494
-0.035834    -0.189165    0.149592
0.036689    -0.160064    0.154992
0.068077    -0.173788    0.142122
-0.144659    -0.20627    -0.045602
-0.105521    -0.207151    -0.108166
-0.034537    -0.131204    -0.161167
-0.030324    -0.119819    -0.164092
0.036779    -0.119609    -0.161247
0.104749    -0.119954    -0.127743
0.166451    -0.096278    0.022
0.16876    -0.083708    -0.005619
0.137926    -0.026038    -0.105692
0.146435    -0.063488    -0.088098
0.144035    -0.139389    -0.075816
-0.058344    -0.194347    0.141818
-0.119878    -0.188431    0.09876
-0.150349    -0.208113    0.007511
-0.147285    -0.214337    -0.025264
0.026038    -0.199303    0.150399
0.095511    -0.189387    0.120851
0.110823    -0.174608    0.11015
-0.115919    -0.206587    -0.09677
-0.001535    -0.146333    -0.161776
-0.059697    -0.172662    -0.146012
0.076256    -0.139578    -0.143334
0.129522    -0.136646    -0.098854
0.140511    -0.156123    0.075025
0.16677    -0.104124    -0.000167
0.165434    -0.061398    -0.043771
0.153489    -0.108395    -0.065197
0.147984    -0.150901    -0.063237
-0.106963    -0.235025    0.097695
-0.139925    -0.240514    0.032566
-0.142727    -0.235677    -0.023027
-0.046936    -0.243912    0.135006
0.038547    -0.21245    0.143917
0.098966    -0.212799    0.11213
-0.124964    -0.2203    -0.080791
-0.071359    -0.204752    -0.133979
-0.037959    -0.183063    -0.151191
0.021292    -0.155928    -0.159024
0.111726    -0.162534    -0.112756
0.14729    -0.17339    0.05506
0.157199    -0.149943    0.031388
0.157863    -0.09755    -0.055833
0.159708    -0.120461    -0.041499
-0.048825    -0.237678    0.136045
-0.109975    -0.240799    0.09309
-0.143272    -0.236053    0.022363
-0.013297    -0.219901    0.147855
0.018692    -0.239379    0.141929
0.09084    -0.238175    0.11126
-0.125994    -0.24632    -0.065363
-0.039722    -0.192111    -0.148713
-0.08847    -0.228075    -0.116762
0.030456    -0.182098    -0.152427
0.104241    -0.167787    -0.118255
0.120357    -0.170373    -0.102987
0.12924    -0.196851    0.080721
0.164153    -0.123753    -0.00415
0.160468    -0.145644    -0.013691
-0.071776    -0.269739    0.115249
-0.12534    -0.251956    0.064487
-0.138561    -0.251527    0.028128
-0.13485    -0.250157    -0.04363
-0.00701    -0.242037    0.142677
0.071504    -0.22491    0.127534
-0.125077    -0.269213    -0.053975
-0.04379    -0.215193    -0.142445
-0.086101    -0.247238    -0.112967
0.049654    -0.20995    -0.14263
0.109408    -0.186502    -0.109138
0.135122    -0.1973    -0.070987
0.14089    -0.197009    0.057738
0.159509    -0.152016    -0.01428
0.151543    -0.201399    0.007379
-0.088323    -0.266194    0.103935
-0.128642    -0.267883    0.044646
-0.133876    -0.271688    -0.020817
0.005605    -0.249614    0.140191
0.089783    -0.250595    0.108402
-0.116504    -0.260763    -0.075751
-0.062501    -0.248542    -0.127945
-0.00956    -0.200234    -0.15164
0.015527    -0.208548    -0.150145
0.094752    -0.208484    -0.116293
0.141186    -0.202015    -0.053772
0.14971    -0.202366    -0.023332
0.145987    -0.191071    0.049071
-0.064542    -0.282728    0.114986
-0.018672    -0.280915    0.131115
0.048621    -0.276213    0.124209
0.099762    -0.250015    0.098323
-0.07081    -0.266804    -0.116795
-0.031758    -0.244338    -0.139245
0.079087    -0.23165    -0.12223
0.12084    -0.226669    -0.081407
0.139034    -0.218729    -0.049158
0.131007    -0.2342    0.059289
-0.08922    -0.285749    0.095952
-0.000148    -0.280207    0.132409
-0.111079    -0.284012    -0.072614
-0.017931    -0.247685    -0.140581
0.011845    -0.247554    -0.141853
0.087587    -0.22284    -0.118541
0.135623    -0.24039    -0.043305
0.143708    -0.232828    0.016402
-0.009875    -0.288329    0.130532
-0.026077    -0.271781    -0.133608
0.031726    -0.257157    -0.135077
0.098612    -0.270608    -0.092727
0.132418    -0.251479    -0.044465
0.136799    -0.260574    -0.011043
0.112327    -0.279623    0.070536
0.018798    -0.261483    -0.136647
0.051865    -0.262726    -0.12744
0.105999    -0.262925    -0.087882
0.137499    -0.255721    -0.021962
-0.011402    -0.282865    -0.131562
0.13079    -0.284109    -0.004728
0.076337    -0.285227    -0.107343
-0.085816    0.088985    0.053536
-0.068871    -0.30477    0.105505
-0.114474    -0.294957    0.059548
-0.123894    -0.295387    -0.035498
-0.095162    -0.290784    -0.088464
-0.10945    -0.309241    0.059561
-0.032991    -0.310901    0.119061
0.069128    -0.292014    0.108366
-0.081232    -0.302591    -0.097923
-0.083454    -0.31784    0.088157
-0.118068    -0.320414    0.027451
-0.11872    -0.320795    -0.022383
0.024111    -0.311005    0.121542
-0.107667    -0.33597    -0.043874
-0.068051    -0.311177    -0.103484
-0.078865    -0.333941    0.085231
-0.109532    -0.322696    0.051247
-0.021412    -0.337458    0.112684
0.03325    -0.314241    0.117464
0.094113    -0.304524    0.081976
-0.049218    -0.295792    -0.118894
0.119149    -0.291961    0.049122
-0.055012    -0.342397    0.089056
-0.066672    -0.342397    0.079106
-0.085933    -0.342397    0.070107
0.049401    -0.342397    0.063029
0.035589    -0.342397    0.033022
0.048988    -0.342397    0.036101
-0.058141    -0.342397    0.011328
-0.096804    -0.342397    0.000877
-0.027302    -0.342397    -0.001429
-0.034542    -0.342397    -0.026565
-0.030126    -0.342397    -0.025299
-0.106278    -0.342397    -0.014336
0.005248    -0.336991    0.114576
0.055758    -0.319968    0.106923
-0.015749    -0.342397    -0.043749
-0.01656    -0.342397    -0.044648
0.013801    -0.342397    -0.053978
-0.062049    -0.342397    -0.085788
-0.004016    -0.291288    -0.129472
-0.058493    -0.326063    -0.103923
0.090359    -0.301407    -0.088336
0.127726    -0.293706    -0.009141
-0.009042    -0.342397    0.109534
0.03459    -0.342397    0.09253
-0.001769    -0.342397    0.072007
0.041641    -0.342397    0.053624
0.043693    -0.342397    0.049267
-0.013583    -0.342397    0.045345
0.004386    -0.342397    0.023169
0.044677    -0.342397    0.014081
0.103413    -0.342397    0.01956
0.039537    -0.342397    -0.002624
0.074311    -0.342397    -0.00088
0.005408    -0.342397    -0.006521
0.022464    -0.342397    -0.043265
0.057515    -0.342397    -0.035536
0.098413    -0.322248    0.068874
0.008698    -0.342397    -0.0581
-0.017356    -0.342397    -0.063621
0.057731    -0.342397    -0.084649
-0.017474    -0.308679    -0.123629
0.007876    -0.342397    -0.095214
0.04787    -0.29421    -0.119664
0.115447    -0.303663    -0.049776
0.103347    -0.314416    0.065397
0.119725    -0.322122    0.010345
0.111443    -0.315464    -0.050427
-0.012285    -0.315264    -0.121839
-0.027606    -0.32065    -0.117932
0.062453    -0.338288    -0.096745
0.099511    -0.325428    -0.064256
0.115915    -0.33088    -0.013619
-0.005771    -0.338163    -0.114718
0.046219    -0.321117    -0.111272
