0.004947    0.404119    0.037038
0.014513    0.38931    0.034434
0.006904    0.410572    0.027269
-0.019019    0.397081    0.032506
-0.025989    0.404831    0.027157
-0.0291    0.408921    0.023456
-0.012356    0.410572    0.013237
0.016907    0.410572    0.005326
0.019094    0.410572    0.000942
0.015782    0.410572    -0.000607
-0.021681    0.410572    -0.003084
0.019233    0.410572    -0.012563
0.003987    0.410572    -0.016557
-0.036017    0.410291    -0.010692
0.025187    0.379119    -0.027773
0.023001    0.371186    -0.02945
0.017985    0.39758    -0.032996
-0.011337    0.381312    -0.03575
-0.015085    0.372883    0.037113
0.011465    0.372883    0.03186
0.004349    0.372883    0.028701
0.026909    0.36336    0.026312
0.036735    0.367855    0.018349
0.04215    0.371873    0.004287
-0.019621    0.372883    0.00403
-0.035864    0.372883    -4.2e-05
-0.040786    0.372883    -0.003838
0.020038    0.372883    -0.017374
-0.000999    0.372883    -0.018992
0.029834    0.369953    -0.030486
-0.025513    0.358441    -0.027522
-0.00343    0.367855    -0.040551
0.02816    0.355529    0.029195
-0.023796    0.350299    0.039204
-0.009287    0.339639    0.055369
0.040017    0.337222    0.042697
-0.00995    0.332543    0.06158
-0.039299    0.330398    0.050816
0.060864    0.323711    0.03587
-0.055458    0.330055    0.033745
0.030853    0.31768    0.068126
0.045463    0.318627    0.058419
0.048091    0.346751    0.011456
-0.010897    0.304914    0.0838
0.036428    0.319129    0.064618
-0.07714    0.309196    0.026037
0.064537    0.305456    0.054029
-0.065885    0.327124    0.013782
-0.025849    0.300368    0.084053
-0.053856    0.303746    0.066213
0.053166    0.303174    0.067219
0.071951    0.311886    0.033192
-0.072292    0.320999    0.00411
-0.043815    0.291741    0.082778
-0.065005    0.32994    -0.001477
-0.079142    0.28775    0.054359
0.060727    0.296721    0.066789
0.078814    0.310221    0.017689
-0.083897    0.306382    -0.001567
-0.009346    0.281364    0.099429
0.027506    0.280555    0.097123
-0.08478    0.278104    0.056479
-0.100885    0.280888    0.000345
0.089332    0.284977    0.039662
0.042099    0.350481    -0.017016
-0.095778    0.284568    -0.023145
-0.0537    0.265896    0.095248
0.042808    0.265832    0.099799
-0.080873    0.2697    0.06938
-0.099061    0.279551    0.019994
0.073093    0.272789    0.075821
0.088392    0.297335    0.014667
-0.041172    0.350992    -0.017902
-0.098189    0.282734    -0.012825
-0.035691    0.252667    0.109769
0.05241    0.263472    0.097253
-0.099042    0.249203    0.062672
-0.111799    0.260772    0.002715
0.068468    0.2608    0.087607
0.101806    0.271619    0.029409
0.063355    0.327788    -0.020914
-0.092999    0.277899    -0.041388
-0.016922    0.254091    0.11315
0.025312    0.245    0.116429
-0.082686    0.288982    -0.048405
-0.095273    0.244222    0.071496
-0.116539    0.247546    0.015155
-0.106251    0.252225    -0.044738
0.093794    0.248297    0.070223
0.086802    0.301216    -0.007108
-0.04034    0.345761    -0.029851
-0.094221    0.265214    -0.056152
-0.019441    0.23541    0.121288
0.013356    0.23923    0.120562
-0.081179    0.282599    -0.056994
-0.102998    0.240919    0.063886
-0.124886    0.229997    0.008539
-0.112426    0.220985    -0.064375
0.095527    0.241105    0.073501
0.107619    0.267184    0.008586
0.04713    0.330149    -0.044463
-0.053328    0.317127    -0.053829
-0.098851    0.245737    -0.065643
-0.050227    0.227618    0.115441
0.00928    0.222304    0.127864
-0.08967    0.225214    0.091057
-0.097805    0.227865    0.07915
-0.120885    0.233821    0.027317
-0.1175    0.2308    -0.041962
0.075703    0.228813    0.099977
0.110624    0.23812    0.050983
0.080603    0.303148    -0.029381
0.014529    0.347031    -0.046902
-0.051281    0.299622    -0.071622
-0.072184    0.246779    -0.093204
-0.006005    0.208537    0.132933
0.007908    0.211139    0.131845
-0.059166    0.250013    -0.101245
-0.094358    0.21909    0.08929
-0.129534    0.212563    0.021985
-0.119528    0.21609    -0.051588
0.076552    0.215922    0.105404
0.119624    0.229617    0.03806
0.108875    0.266192    -0.003345
0.031875    0.333426    -0.053154
-0.028875    0.33372    -0.054407
-0.04847    0.272895    -0.093129
-0.080642    0.223546    -0.098818
-0.054769    0.20029    0.123663
0.047872    0.197868    0.127355
-0.091375    0.210425    0.09624
-0.123759    0.205084    0.050541
-0.13215    0.201123    0.030054
-0.128311    0.198626    -0.044932
-0.094986    0.200402    -0.097496
0.10974    0.201216    0.078603
0.122417    0.231772    0.021902
0.103824    0.267455    -0.030694
0.043888    0.309057    -0.068848
-0.009213    0.347975    -0.047139
-0.037706    0.303211    -0.07711
-0.033371    0.255068    -0.109488
-0.082279    0.213112    -0.102139
-0.039523    0.179059    0.135888
0.046078    0.188828    0.130586
-0.071406    0.196082    0.117269
-0.128927    0.193893    0.046846
-0.137177    0.194642    -0.006536
-0.124104    0.177097    -0.069227
-0.088889    0.194146    -0.10445
0.10497    0.184482    0.092096
0.125902    0.221264    0.027332
0.097919    0.266565    -0.046264
0.043818    0.301892    -0.075459
-0.00102    0.342144    -0.054161
-0.004953    0.30229    -0.08637
-0.018507    0.259694    -0.11024
-0.043666    0.200973    -0.128026
-0.055072    0.183352    0.128311
0.06673    0.17381    0.126009
-0.015136    0.225057    -0.125992
-0.113385    0.177379    0.083983
-0.138631    0.175707    0.030985
-0.13486    0.186293    -0.03738
-0.116092    0.18922    -0.075697
-0.049127    0.180239    -0.131597
0.116824    0.182997    0.077243
0.130718    0.209914    0.019464
0.109535    0.255895    -0.032224
0.054563    0.285941    -0.080491
0.020376    0.307031    -0.08092
-0.000311    0.284845    -0.0986
-0.009298    0.245197    -0.118442
-0.041203    0.18974    -0.132364
-0.062237    0.16877    0.128851
0.038823    0.157312    0.140696
-0.084324    0.165681    0.116041
-0.114004    0.170113    0.085718
-0.144825    0.162687    0.002503
-0.126388    0.168438    -0.068333
-0.076806    0.16091    -0.122851
-0.044459    0.168774    -0.136214
0.103209    0.159567    0.102786
0.132328    0.212331    0.001334
0.104132    0.250704    -0.051753
0.053796    0.284418    -0.082336
0.003164    0.296733    -0.090307
0.001633    0.254338    -0.115044
-0.025671    0.191597    -0.135409
-0.059492    0.159827    0.131664
0.022051    0.153622    0.143834
0.018434    0.234468    -0.121796
-0.110195    0.157733    0.094203
-0.142547    0.150673    0.035742
-0.145134    0.155532    -0.009646
-0.125763    0.156636    -0.074226
-0.06579    0.150561    -0.130791
0.100566    0.171034    0.102411
0.120737    0.153727    0.081602
0.133872    0.194247    0.032381
0.12144    0.229201    -0.034106
0.066151    0.275882    -0.078943
0.001336    0.264449    -0.110134
0.016877    0.214694    -0.129522
-0.006972    0.138334    0.147692
0.026522    0.142672    0.144667
0.043165    0.131488    0.142363
-0.080565    0.148562    0.122566
-0.134801    0.144857    0.057815
-0.144174    0.144306    -0.028973
-0.130536    0.128146    -0.072618
-0.077857    0.134521    -0.12647
-0.002433    0.167383    -0.144015
-0.0098    0.138394    -0.147313
0.108961    0.145404    0.098831
0.138337    0.182038    0.021349
0.121658    0.22299    -0.04001
0.062548    0.255151    -0.095554
0.010211    0.199086    -0.135417
-0.031877    0.131724    0.145101
-0.06915    0.126192    0.132191
0.04514    0.126454    0.142107
-0.091852    0.138431    0.115222
-0.133486    0.127386    0.065701
-0.1468    0.128145    0.021797
-0.138934    0.142888    -0.04837
-0.101196    0.139716    -0.107886
-0.050748    0.126768    -0.139749
0.021635    0.167402    -0.141483
0.086796    0.125875    0.120736
0.116083    0.132781    0.091689
0.14161    0.155813    0.036043
0.119899    0.216012    -0.050759
0.080512    0.250804    -0.084389
0.041814    0.209477    -0.125858
-0.035049    0.124191    0.145363
-0.064453    0.118699    0.134451
0.068759    0.121645    0.132558
-0.092319    0.124757    0.11656
-0.119424    0.125233    0.088561
-0.146749    0.123854    0.024606
-0.134266    0.120499    -0.064738
-0.117775    0.116561    -0.091197
-0.042067    0.106625    -0.144171
0.024615    0.161613    -0.142102
0.020163    0.128449    -0.146984
0.109155    0.12029    0.102222
0.142545    0.150274    0.036281
0.135844    0.187108    -0.030785
0.091351    0.225801    -0.088905
0.066236    0.200323    -0.118901
-0.031924    0.109814    0.146271
0.017275    0.109444    0.148212
0.06394    0.114765    0.134809
-0.114058    0.106245    0.096622
-0.146448    0.118222    0.028373
-0.149793    0.107128    -0.005879
-0.119861    0.105987    -0.089074
-0.071706    0.119173    -0.131429
-0.029218    0.108424    -0.146675
0.040621    0.167516    -0.13804
0.097251    0.112458    0.113307
0.119429    0.113443    0.089217
0.144936    0.140593    0.026121
0.128119    0.189478    -0.051618
0.086885    0.233358    -0.089126
0.044487    0.176968    -0.134386
0.031805    0.105583    -0.146433
0.067064    0.130274    -0.132599
0.148847    0.128359    0.006082
0.141761    0.160049    -0.02928
0.109106    0.201021    -0.079531
0.092191    0.193644    -0.102071
0.089359    0.172823    -0.11062
0.094342    0.148052    -0.112062
0.14578    0.147795    -0.014016
0.113117    0.183288    -0.081958
0.08624    0.182534    -0.110064
0.09953    0.160107    -0.10559
0.149816    0.114657    0.003724
0.146011    0.126249    -0.029296
0.113779    0.176836    -0.083688
0.127493    0.149779    -0.07392
0.147881    0.1189    -0.017311
0.143533    0.131822    -0.040251
0.098437    0.103019    -0.112805
0.124491    0.12061    -0.082218
0.149148    0.107532    -0.010669
0.118453    0.110523    -0.090655
0.141736    0.119745    -0.046771
-0.014206    -0.193513    0.120537
0.030449    -0.215499    0.116716
0.085771    -0.205503    0.086011
-0.096898    -0.193874    0.073031
-0.120348    -0.192569    0.016194
-0.11381    -0.196725    -0.041731
-0.066766    -0.19637    -0.101467
-0.031022    -0.206555    -0.117325
0.055284    -0.193163    -0.108489
0.097778    -0.194902    -0.071758
0.120362    -0.211647    -0.004992
0.106427    -0.193081    0.06028
-0.009209    -0.214937    0.119555
-0.037146    -0.203669    0.115139
0.009299    -0.200127    0.120677
0.068835    -0.216784    0.097927
-0.107032    -0.212931    0.054882
-0.119499    -0.217556    -0.008112
-0.092337    -0.211673    -0.076756
-0.041288    -0.208327    -0.11304
0.009522    -0.206924    -0.120127
0.064303    -0.204317    -0.102597
0.115518    -0.217704    -0.033446
0.118811    -0.213554    0.015667
0.096895    -0.211573    0.070829
-0.050431    -0.231581    0.107803
0.023679    -0.224026    0.117148
0.081657    -0.222116    0.087747
-0.11524    -0.233224    0.032281
-0.117776    -0.218831    -0.020715
-0.085125    -0.225606    -0.084814
-0.05562    -0.234116    -0.10553
0.029442    -0.238747    -0.115719
0.062947    -0.21856    -0.102306
0.115238    -0.237762    -0.031752
0.116676    -0.227707    0.025996
0.098823    -0.218186    0.067514
0.001155    -0.231132    0.11979
-0.060931    -0.241812    0.102528
0.03974    -0.23128    0.112245
-0.104628    -0.240638    0.057027
-0.118249    -0.236246    -0.011093
-0.090669    -0.238476    -0.076634
-0.041619    -0.234613    -0.111305
0.009524    -0.234592    -0.118531
0.038567    -0.231094    -0.112741
0.085785    -0.220857    -0.084307
0.119131    -0.241678    -0.002517
0.115164    -0.241952    0.031434
-0.007602    -0.253668    0.118241
-0.046557    -0.247467    0.108775
-0.102127    -0.263816    0.060865
0.084121    -0.266468    0.084232
-0.11904    -0.250436    0.001895
-0.10799    -0.244517    -0.048566
-0.067229    -0.250294    -0.097491
-0.00783    -0.244614    -0.118344
0.051796    -0.25213    -0.106532
0.090175    -0.244396    -0.076903
0.118207    -0.252903    -0.007948
0.110996    -0.245745    0.041262
-0.025612    -0.263072    0.115732
0.049434    -0.264691    0.107313
-0.065101    -0.250449    0.09912
-0.105556    -0.255206    0.054038
-0.117446    -0.259117    0.013033
-0.110659    -0.260798    -0.041504
-0.065807    -0.253973    -0.098515
-0.000861    -0.259178    -0.119048
0.044013    -0.260674    -0.109622
0.096006    -0.26334    -0.068853
0.115847    -0.249594    -0.02624
0.110265    -0.259083    0.04252
-0.008017    -0.277647    0.118119
0.036176    -0.283049    0.112999
-0.074518    -0.272066    0.091637
-0.109986    -0.268571    0.042841
-0.117455    -0.280826    0.013452
-0.103196    -0.272438    -0.059396
-0.064216    -0.288153    -0.099869
-0.024658    -0.288165    -0.116099
0.043113    -0.269868    -0.109896
0.095816    -0.283532    -0.069375
0.116016    -0.273939    -0.023532
0.10901    -0.276487    0.045532
-0.022108    -0.282979    0.11635
0.054369    -0.285781    0.105511
-0.081229    -0.285832    0.086767
-0.112255    -0.287823    0.038174
0.068891    -0.290234    0.096324
-0.107283    -0.290718    -0.050299
-0.062071    -0.293047    -0.101614
-0.012275    -0.280767    -0.117609
0.053202    -0.292214    -0.106107
0.085399    -0.282854    -0.082933
0.117392    -0.289989    -0.015065
0.110739    -0.28015    0.04151
-0.006996    -0.312673    0.119404
0.051807    -0.2944    0.10674
-0.066549    -0.311265    0.099221
-0.110977    -0.297118    0.04191
0.060386    -0.304607    0.103557
-0.11446    -0.293879    -0.033107
-0.071608    -0.294027    -0.094322
-0.003846    -0.300902    -0.119264
0.034284    -0.313394    -0.11496
0.102987    -0.316787    -0.062065
0.117268    -0.29598    -0.017238
0.105569    -0.304106    0.055823
0.099596    -0.29559    0.064856
0.016175    -0.312272    0.118177
-0.048347    -0.30762    0.108843
-0.086015    -0.318117    0.084287
-0.115796    -0.297473    0.028953
0.084027    -0.295756    0.084895
-0.098798    -0.314539    -0.067352
-0.05655    -0.297763    -0.104946
0.02119    -0.311895    -0.117499
0.080991    -0.317839    -0.088527
0.104099    -0.309084    -0.059978
0.119579    -0.299914    0.001099
0.102266    -0.305682    0.062151
0.004217    -0.31974    0.12012
-0.048779    -0.320991    0.1094
-0.100721    -0.330122    0.066593
-0.118563    -0.327656    0.020739
0.061445    -0.336256    0.105271
-0.09357    -0.325011    -0.075262
-0.045905    -0.330103    -0.111355
0.005797    -0.329592    -0.120682
0.070407    -0.327103    -0.0975
0.108584    -0.323916    -0.051341
0.118005    -0.328037    0.025201
0.092319    -0.323372    0.076684
0.021424    -0.341912    0.119588
0.057438    -0.342103    0.107584
-0.075809    -0.333911    0.09402
-0.106695    -0.329604    0.057055
-0.121803    -0.334793    -0.00037
0.075088    -0.331767    0.094364
-0.07273    -0.338617    -0.096842
-0.00889    -0.340714    -0.121144
0.054808    -0.336846    -0.108233
0.096656    -0.339707    -0.073112
0.118504    -0.338737    -0.02777
0.116212    -0.331318    0.034424
-0.03144    -0.347848    0.118837
0.060772    -0.344585    0.106414
-0.067252    -0.359043    0.103608
-0.090441    -0.345262    0.081956
-0.123301    -0.351153    0.000279
-0.115611    -0.351624    -0.040561
-0.10297    -0.34826    -0.066162
-0.032912    -0.350585    -0.118658
0.022754    -0.351454    -0.120374
0.064714    -0.352572    -0.10467
0.111924    -0.34527    -0.047664
0.122169    -0.351244    0.008952
0.092679    -0.358525    0.081403
0.027422    -0.363475    0.121075
-0.058472    -0.364264    0.109676
-0.091488    -0.353982    0.082145
-0.113004    -0.364984    0.050641
-0.123519    -0.356103    -0.002733
-0.095415    -0.361283    -0.078328
-0.083102    -0.364309    -0.092165
-0.020919    -0.365787    -0.122184
0.058995    -0.363515    -0.109371
0.09539    -0.368131    -0.079579
0.124901    -0.368702    -0.002696
0.117948    -0.365025    0.038718
0.094852    -0.361006    0.079012
0.002552    -0.392006    0.128167
-0.033298    -0.36992    0.120773
-0.104254    -0.382524    0.071244
-0.126828    -0.382231    0.002274
-0.11601    -0.375445    -0.046812
0.063425    -0.378476    0.109542
-0.038329    -0.382774    -0.12063
0.007731    -0.372795    -0.124782
0.046897    -0.378102    -0.116375
0.109633    -0.388488    -0.065601
0.123402    -0.370427    -0.01568
0.113736    -0.372267    0.051141
-0.021869    -0.384975    0.124635
0.062093    -0.393281    0.112374
-0.083005    -0.390585    0.096648
-0.098763    -0.391545    0.080468
-0.1264    -0.389973    0.013804
-0.118091    -0.391723    -0.047722
-0.0748    -0.38489    -0.101942
-0.052821    -0.391869    -0.116001
0.018672    -0.392449    -0.126108
0.055264    -0.389171    -0.114582
0.091782    -0.392616    -0.089811
0.126032    -0.394822    -0.021782
0.120529    -0.378195    0.036903
-0.002709    -0.398246    0.129131
0.039037    -0.41428    0.125754
-0.034106    -0.402093    0.125542
-0.107138    -0.404364    0.07298
-0.13091    -0.410262    0.004925
-0.113814    -0.403723    -0.063149
-0.069615    -0.416774    -0.112393
-0.055295    -0.399755    -0.116333
0.010912    -0.406518    -0.129477
0.04137    -0.410605    -0.124108
0.099721    -0.401747    -0.081911
0.128937    -0.396328    -0.00167
0.11791    -0.401498    0.052266
-0.021131    -0.419358    0.130345
0.029621    -0.401568    0.126161
-0.056888    -0.411294    0.117807
-0.094377    -0.418373    0.093543
-0.129431    -0.414599    0.021839
-0.122395    -0.417495    -0.048581
-0.10882    -0.419739    -0.075103
-0.064118    -0.399206    -0.112577
-0.013604    -0.412877    -0.130219
0.050704    -0.408105    -0.119779
0.084091    -0.413277    -0.100532
0.120921    -0.40988    -0.04874
0.130599    -0.414724    0.013137
0.112791    -0.414779    0.068536
0.011499    -0.433827    0.134553
0.054736    -0.424929    0.121394
-0.072474    -0.437389    0.115339
-0.123235    -0.420304    0.047843
-0.130299    -0.423992    -0.028543
-0.120247    -0.432057    -0.061279
-0.068457    -0.42071    -0.114162
0.076669    -0.426087    0.109234
0.010648    -0.424435    -0.132745
0.076976    -0.427299    -0.109308
0.110963    -0.433372    -0.07684
0.134929    -0.435022    -0.010495
0.121191    -0.439422    0.062899
-0.016105    -0.434927    0.134171
0.004286    -0.442279    0.13723
-0.063117    -0.432876    0.119665
-0.106376    -0.44266    0.085911
-0.135037    -0.441089    0.019094
-0.13358    -0.44331    -0.033615
-0.107338    -0.441504    -0.084272
-0.06459    -0.431211    -0.118689
-0.032876    -0.437073    -0.132402
0.030741    -0.440481    -0.13338
0.091751    -0.423792    -0.097075
0.099589    -0.441057    -0.094222
0.130753    -0.426977    -0.029732
0.128291    -0.426085    0.038697
-0.019253    -0.452747    0.137657
0.028006    -0.448439    0.135485
-0.039326    -0.446497    0.132568
-0.11889    -0.451741    0.072992
-0.125395    -0.450683    0.059208
-0.138651    -0.460461    -0.025583
-0.115729    -0.450325    -0.076566
-0.044484    -0.445293    -0.130125
-0.010568    -0.450925    -0.138369
0.008104    -0.463842    -0.141753
0.069641    -0.447503    -0.120208
0.116195    -0.444934    -0.073879
0.137991    -0.448081    -0.008326
0.129607    -0.448972    0.047992
-0.019535    -0.467723    0.141166
0.019913    -0.462126    0.139791
-0.056165    -0.465497    0.13042
-0.104203    -0.458133    0.094597
-0.12778    -0.461883    0.060321
-0.142059    -0.46318    -0.004588
-0.133456    -0.44873    -0.038552
-0.086345    -0.467541    -0.113319
-0.009968    -0.460769    -0.140779
0.083675    -0.46117    0.113482
0.060908    -0.451922    -0.125006
0.113693    -0.463133    -0.084157
0.12718    -0.465068    -0.063722
0.139237    -0.464003    0.027502
0.110795    -0.466993    0.089423
-0.034249    -0.472615    0.140491
0.050562    -0.476564    0.135803
-0.093671    -0.471262    0.108872
-0.125065    -0.474975    0.074199
-0.146132    -0.480291    0.007122
-0.142328    -0.470742    -0.016458
-0.110258    -0.47455    -0.093308
-0.054373    -0.477979    -0.134634
-0.003623    -0.470265    -0.14389
0.035707    -0.469991    -0.139592
0.079068    -0.483356    -0.124153
0.117607    -0.480072    -0.086155
0.149434    -0.491016    -0.004005
0.133969    -0.481785    0.058638
0.112661    -0.469933    0.08815
0.034824    -0.493351    0.146006
0.058154    -0.489619    0.136436
-0.102201    -0.473195    0.102978
-0.130435    -0.480298    0.06613
-0.145431    -0.484793    0.021664
-0.133048    -0.487868    -0.065108
-0.126653    -0.485093    -0.076572
-0.060715    -0.490531    -0.135639
-0.024182    -0.48255    -0.144495
0.031362    -0.492329    -0.146186
0.087655    -0.49181    -0.120412
0.115114    -0.484658    -0.091419
0.145659    -0.488517    -0.027562
0.147426    -0.489617    0.016395
0.124197    -0.47355    0.074704
0.046955    -0.493963    0.139123
-0.030581    -0.493963    0.134756
-0.011784    -0.493963    0.120739
0.055592    -0.493963    0.128952
-0.035841    -0.493963    0.120144
-0.049866    -0.493963    0.088827
-0.022298    -0.493963    0.093475
-0.025332    -0.493963    0.084415
-0.063655    -0.493963    0.082339
-0.086782    -0.493963    0.093659
0.036821    -0.493963    0.045484
-0.069492    -0.493963    0.058342
-0.097009    -0.493963    0.056671
-0.031911    -0.493963    0.051181
-0.037291    -0.493963    0.042999
-0.056932    -0.493963    0.06309
-0.142083    -0.493963    0.045868
-0.131449    -0.493963    0.007713
0.019811    -0.493963    0.011391
-0.034654    -0.493963    0.009857
-0.129672    -0.493963    0.03286
-0.1123    -0.493963    0.012649
-0.106281    -0.493963    0.005892
0.010715    -0.493963    0.012677
-0.148187    -0.493963    -0.015044
-0.117907    -0.493963    -0.031352
-0.065799    -0.493963    -0.017023
0.085509    -0.493963    -0.031841
0.027781    -0.493963    -0.023878
-0.115468    -0.493963    -0.008052
-0.095399    -0.493963    -0.011734
-0.129258    -0.493963    -0.065443
-0.027456    -0.493963    -0.067576
-0.12615    -0.493963    -0.073658
-0.134284    -0.493963    -0.062879
0.047351    -0.493963    -0.067372
-0.028022    -0.493963    -0.055152
-0.058358    -0.493963    -0.106158
-0.048696    -0.493963    -0.105157
-0.062057    -0.493963    -0.084397
-0.087968    -0.493963    -0.103467
-0.102683    -0.493963    -0.090334
-0.058632    -0.493963    -0.115508
-0.055947    -0.493963    -0.123218
-0.027216    -0.493963    -0.114931
0.043832    -0.493963    -0.134058
-0.015827    -0.493963    -0.145849
0.036481    -0.493963    0.114713
0.063388    -0.493963    0.110079
0.08376    -0.493963    0.120685
0.007972    -0.493963    -0.140378
0.047793    -0.493963    -0.127462
-0.018261    -0.493963    -0.12796
0.04874    -0.493963    -0.082335
0.034932    -0.493963    -0.086939
-0.012336    -0.493963    -0.076638
0.085085    -0.493963    -0.090251
0.052037    -0.493963    -0.088523
0.044054    -0.493963    -0.040467
0.08661    -0.493963    -0.049121
-0.036532    -0.493963    -0.04498
0.093403    -0.493963    -0.063869
0.093262    -0.493963    -0.056726
-0.023982    -0.493963    -0.043723
0.108885    -0.493963    -0.044942
0.098391    -0.493963    -0.003818
0.07179    -0.493963    -0.02474
0.108804    -0.493963    -0.029878
0.10398    -0.493963    -0.002685
0.04342    -0.493963    -0.015584
-0.097397    -0.493963    -0.005774
0.094848    -0.493963    -0.028113
0.098749    -0.493963    0.024198
0.143936    -0.493963    0.009671
0.043384    -0.493963    0.021513
0.138438    -0.493963    0.030446
0.066486    -0.493963    0.027377
-0.035694    -0.493963    0.031936
-0.013026    -0.493963    0.028108
0.012197    -0.493963    0.022505
-0.085361    -0.493963    0.072089
0.08001    -0.493963    0.064904
0.044553    -0.493963    0.075269
0.039098    -0.493963    0.072578
0.03524    -0.493963    0.062872
-0.002768    -0.493963    0.07407
0.080619    -0.493963    0.094891
0.013715    -0.493963    0.094489
0.11082    -0.493963    0.078337
0.028844    -0.493963    0.102496
-0.002379    0.081379    0.150281
0.030035    0.09687    0.146764
-0.102638    0.09984    0.109622
-0.12494    0.087114    0.082511
-0.150009    0.088041    0.004848
-0.148591    0.097852    -0.016217
-0.109928    0.092772    -0.102147
-0.046802    0.098371    -0.142367
-0.038019    0.093501    -0.145685
0.124199    0.096145    0.083594
0.01242    0.083974    0.14898
-0.04937    0.093891    0.141265
0.048897    0.088233    0.141412
0.09043    0.083462    0.118827
-0.140023    0.080969    0.052099
-0.147264    0.085157    -0.025521
-0.1434    0.084988    -0.04403
-0.094603    0.084359    -0.115633
-0.050265    0.082794    -0.140799
0.037604    0.099871    -0.145791
0.131662    0.097269    0.072622
-0.02773    0.075744    0.146878
-0.066913    0.072938    0.133749
0.062885    0.065325    0.135221
0.101791    0.064044    0.109657
-0.133048    0.073574    0.068644
-0.148651    0.061419    0.011654
-0.137041    0.065514    -0.058505
-0.104158    0.076816    -0.108223
-0.069948    0.06286    -0.132233
-0.023533    0.069162    -0.147273
0.11023    0.067501    0.101178
0.137009    0.081426    0.059386
0.026039    0.056984    0.146651
0.055945    0.052807    0.137774
-0.084809    0.055168    0.122422
0.083701    0.066316    0.123605
-0.130291    0.063856    0.074697
-0.14973    0.058836    -0.00299
-0.136846    0.054475    -0.05829
-0.085359    0.063589    -0.122252
0.026622    0.060992    -0.146671
-0.000429    0.055174    -0.149979
0.058325    0.068062    -0.137181
0.138115    0.072813    0.056365
0.145566    0.081076    0.038173
0.034734    0.051815    0.145374
0.041502    0.052302    0.143743
-0.100396    0.047234    0.110122
0.105685    0.041843    0.105794
-0.137105    0.05137    0.057432
-0.147162    0.045924    -0.019364
-0.124087    0.051685    -0.082486
-0.104091    0.043254    -0.107088
0.020013    0.061981    -0.147564
0.044028    0.06637    -0.143059
0.085748    0.077865    -0.122364
0.119344    0.046584    0.088335
0.141226    0.062446    0.048209
-0.032461    0.04156    0.145264
0.047592    0.034855    0.140472
0.085645    0.03277    0.120719
-0.078337    0.044654    0.12692
-0.136859    0.027894    0.055598
-0.146958    0.029021    0.015793
-0.13287    0.031186    -0.065567
-0.12057    0.028429    -0.085556
-0.041233    0.048837    -0.143706
0.070979    0.044568    -0.131202
-0.013797    0.029043    -0.147221
0.10505    0.099448    -0.107767
0.094164    0.041644    -0.114624
0.128702    0.029677    0.07504
0.147379    0.072096    0.023264
0.148268    0.093908    -0.018426
0.01327    0.020385    0.146827
0.099998    0.026291    0.109353
-0.071434    0.01304    0.12941
-0.120805    0.01196    0.083769
-0.145635    0.023894    0.023819
-0.144631    0.015055    -0.027689
-0.106069    0.023574    -0.10403
-0.101893    0.008363    -0.106645
0.04215    0.039485    -0.142925
-0.016491    0.026806    -0.146763
0.035862    0.005672    -0.14303
0.118903    0.083041    -0.090325
0.120698    0.033421    -0.085715
0.139843    0.091453    -0.052752
0.141891    0.034436    0.044125
0.146884    0.090278    -0.02872
-0.01451    0.0105    0.146111
0.02456    0.005776    0.144524
0.054365    0.007156    0.136127
-0.077908    0.010589    0.125206
-0.132012    0.005234    0.064021
-0.145135    0.018373    0.025275
-0.137949    0.007851    -0.050068
-0.082147    0.005713    -0.121612
-0.058793    0.004018    -0.134105
0.099363    0.008995    -0.10863
0.011643    0.018696    -0.146947
0.057475    0.008503    -0.13492
0.128098    0.069346    -0.077965
0.119657    0.012077    -0.085275
0.117354    0.01324    0.088381
0.146964    0.04814    0.021544
0.150086    0.06135    -0.000746
-0.050317    -0.002291    0.137144
0.060466    -0.011185    0.132253
0.100271    -0.015605    0.105841
-0.118671    -0.00944    0.084272
-0.145289    -0.003277    0.014127
-0.145899    0.002408    -0.012599
-0.114721    -0.005916    -0.089833
-0.055382    -0.003618    -0.134944
0.078505    0.015005    -0.125056
-0.008775    0.002654    -0.14642
0.051156    -0.000813    -0.136911
0.143124    0.063763    -0.043709
0.133755    0.030207    -0.063329
0.109734    -0.001325    0.09687
0.13992    0.011945    0.045903
0.146829    0.069268    -0.026929
-0.025082    -0.019359    0.142689
-0.044699    -0.003138    0.139406
0.045303    -0.017851    0.138019
0.079181    -0.002247    0.123225
-0.136357    -0.013655    0.050096
-0.145497    -0.017785    -0.004615
-0.139526    -0.017801    -0.041673
-0.083338    -0.011688    -0.119186
0.07802    0.002917    -0.12458
0.126313    -0.014451    -0.073726
0.004631    -0.006543    -0.146303
0.091373    -0.012388    -0.112958
0.140677    0.042137    -0.047852
0.140592    -0.017276    -0.039197
0.130924    0.002843    0.066291
0.145926    0.023856    0.021594
-0.033172    -0.022155    0.141412
-0.071694    -0.043805    0.124698
-0.086016    -0.027094    0.115633
0.102229    -0.027345    0.103165
-0.13721    -0.027968    0.045098
-0.14254    -0.033    0.017347
-0.133472    -0.022094    -0.055464
-0.09009    -0.025121    -0.112724
-0.059    -0.024732    -0.131758
0.136132    -0.01672    -0.050069
0.014427    -0.025319    -0.143601
0.070508    -0.02376    -0.127084
0.145143    0.033046    -0.030796
0.143554    -0.013586    -0.021668
0.107694    -0.027494    0.096305
0.146941    0.019615    0.012079
0.009526    -0.041442    0.142827
0.042436    -0.037134    0.137447
-0.076579    -0.035452    0.121954
0.081162    -0.031401    0.118883
-0.125632    -0.037768    0.070815
-0.143751    -0.043013    -0.001456
-0.124219    -0.044424    -0.07234
-0.059967    -0.03922    -0.129988
0.107645    -0.024579    -0.096788
-0.005548    -0.032763    -0.144115
0.069337    -0.045279    -0.125534
0.074676    -0.024436    -0.124627
0.145632    0.026746    -0.025056
0.143864    -0.04383    -4.9e-05
0.121463    -0.03445    0.077363
0.143189    -0.00305    0.030197
0.029254    -0.048436    0.139575
0.049224    -0.051157    0.133222
-0.082422    -0.046658    0.116226
0.095952    -0.058171    0.104345
-0.132821    -0.05031    0.050421
-0.139614    -0.046365    -0.030601
-0.107078    -0.048866    -0.093969
-0.067272    -0.051368    -0.125723
0.134585    -0.042851    -0.048042
-0.015185    -0.053164    -0.140935
0.055097    -0.051534    -0.130747
0.099242    -0.049714    -0.102922
0.144514    -0.010461    0.016076
0.102037    -0.057237    0.099118
0.13134    -0.036217    0.057388
-0.050764    -0.057065    0.131924
0.064177    -0.068882    0.125047
-0.078385    -0.063203    0.117169
-0.118132    -0.067882    0.076337
-0.138706    -0.061246    0.025718
-0.133877    -0.061692    -0.044801
-0.074912    -0.058122    -0.120496
-0.054262    -0.063513    -0.129754
0.14197    -0.050962    -0.009071
0.008392    -0.060297    -0.141087
0.039239    -0.060767    -0.136284
0.1105    -0.068499    -0.086178
0.139633    -0.039929    0.034798
0.10906    -0.067708    0.088188
0.134563    -0.051169    0.045985
-0.059464    -0.085473    0.124887
0.061579    -0.070845    0.125899
0.092912    -0.071586    0.104911
-0.114981    -0.077582    0.078614
-0.13957    -0.077888    0.005094
-0.124921    -0.071106    -0.063859
-0.10595    -0.081082    -0.089698
-0.060973    -0.087264    -0.12403
0.142148    -0.060246    0.000371
-0.021178    -0.075502    -0.13774
0.068896    -0.076131    -0.122186
0.113504    -0.082148    -0.079644
0.137308    -0.052793    0.03892
0.104492    -0.071023    0.093568
-0.049181    -0.090496    0.128497
0.002468    -0.072833    0.140525
0.077294    -0.084366    0.114973
-0.107881    -0.083087    0.086787
-0.136631    -0.088616    0.017611
-0.130576    -0.088612    -0.04475
-0.093831    -0.094297    -0.100791
-0.039914    -0.091083    -0.13226
0.135208    -0.088409    0.028612
0.022703    -0.08772    -0.136069
0.077103    -0.084484    -0.115102
0.110658    -0.092987    -0.081229
0.134821    -0.085076    -0.034593
0.118847    -0.089638    0.071213
-0.063666    -0.098944    0.121339
0.025265    -0.106428    0.133296
0.054566    -0.106367    0.12402
-0.117634    -0.101321    0.070339
-0.135255    -0.115008    0.001478
-0.122739    -0.109513    -0.056546
-0.097557    -0.105472    -0.09558
-0.056419    -0.102331    -0.123844
0.127636    -0.0911    0.051071
0.013289    -0.098946    -0.135894
0.05843    -0.09857    -0.123563
0.107757    -0.100701    -0.083349
0.134335    -0.107181    -0.016589
-0.03448    -0.118916    0.130377
0.000454    -0.101248    0.137269
-0.070303    -0.10932    0.116296
0.054932    -0.111933    0.123053
-0.126134    -0.115954    0.046071
-0.136795    -0.09939    -0.005983
-0.100145    -0.115577    -0.08996
-0.075754    -0.105301    -0.1128
0.131844    -0.108594    0.034049
-0.030955    -0.111455    -0.13186
0.053377    -0.112124    -0.123669
0.098793    -0.104807    -0.094117
0.118562    -0.119228    -0.063192
0.137277    -0.100162    0.00152
-0.001388    -0.128021    0.133351
-0.064252    -0.142345    0.114336
-0.111685    -0.128055    0.071918
0.05389    -0.124514    0.121553
-0.125313    -0.1297    0.04276
-0.129057    -0.13089    -0.030677
-0.109559    -0.124077    -0.07568
-0.064037    -0.1388    -0.115007
0.117783    -0.11897    0.065166
0.027116    -0.133035    -0.129198
0.092009    -0.137052    -0.094549
0.12436    -0.129155    -0.045275
0.129712    -0.12526    0.032239
0.094058    -0.1355    0.093036
0.009274    -0.131324    0.131808
-0.040188    -0.125669    0.127039
-0.094577    -0.128651    0.094065
0.069472    -0.134872    0.11226
-0.129568    -0.139618    -0.016656
-0.111095    -0.126448    -0.073088
-0.067801    -0.12927    -0.114612
0.128454    -0.122089    0.038192
0.002177    -0.133951    -0.132341
0.068568    -0.123571    -0.115112
0.117063    -0.131843    -0.061828
0.131658    -0.130445    0.011431
0.106385    -0.134591    0.077198
-0.015642    -0.150288    0.127966
0.044376    -0.148583    0.121463
-0.08526    -0.14992    0.097147
-0.12384    -0.158834    0.03414
-0.128608    -0.153707    0.006366
-0.11176    -0.156203    -0.06446
-0.074994    -0.150728    -0.104853
-0.060686    -0.146142    -0.115151
0.017638    -0.147534    -0.128169
0.08485    -0.151628    -0.0971
0.12344    -0.15149    -0.038327
0.127928    -0.147385    0.01966
0.093828    -0.154629    0.088287
0.026526    -0.16671    0.123753
0.082388    -0.164573    0.096251
-0.038827    -0.166162    0.120568
-0.105985    -0.163254    0.070066
-0.125026    -0.156901    0.02947
-0.114888    -0.163502    -0.053707
-0.068572    -0.151608    -0.109595
-0.008374    -0.162032    -0.126935
0.037839    -0.160173    -0.122065
0.108975    -0.166861    -0.065176
0.124772    -0.155861    -0.032736
0.113252    -0.168083    0.055648
-0.029576    -0.173746    0.12207
0.055063    -0.180712    0.110979
0.071104    -0.172521    0.10314
-0.079997    -0.176717    0.095342
-0.115132    -0.180089    0.045338
-0.12373    -0.172646    -0.018518
-0.092327    -0.17612    -0.084107
-0.06116    -0.175552    -0.109483
0.009246    -0.174516    -0.124603
0.087945    -0.176356    -0.089327
0.116925    -0.184895    -0.038695
0.12024    -0.18194    0.031911
0.103358    -0.171423    0.071151
-0.034472    -0.174364    0.120773
0.032162    -0.186035    0.119403
-0.077867    -0.187187    0.094546
-0.110147    -0.182258    0.056329
-0.120654    -0.191197    -0.015709
-0.106327    -0.17449    -0.066355
-0.040201    -0.175373    -0.118199
0.00269    -0.178335    -0.124757
0.067995    -0.189394    -0.101608
0.108847    -0.1922    -0.054682
0.123278    -0.179648    0.012067
0.089555    -0.191256    0.08314
