0.050935    0.184118    0.044251
0.060246    0.182979    0.025366
-0.046675    0.187662    -0.051188
-0.035632    0.193103    -0.065017
0.054527    0.200119    -0.048924
0.037047    0.198077    -0.06348
-0.017612    0.178972    0.071986
0.01768    0.174917    0.062927
0.006459    0.187662    0.073755
0.058326    0.194962    0.033444
0.064637    0.19898    0.008914
-0.025718    0.202267    -0.066708
-0.056413    0.202267    -0.043476
-0.072745    0.204911    -0.012833
-0.059666    0.208183    0.034241
-0.066661    0.193247    0.003017
-0.054218    0.189418    0.037553
0.045688    0.183167    -0.046618
0.053672    0.18484    -0.036343
-0.066024    0.146727    -0.013371
-0.054449    0.160822    -0.025302
-0.075121    0.118152    -0.012911
-0.060083    0.165046    0.00391
-0.055602    0.211623    -0.021879
-0.059896    0.140552    -0.030328
-0.076491    0.110187    -0.030409
-0.067371    0.144879    0.004195
-0.058204    0.199856    0.014045
-0.057073    0.147081    -0.034693
-0.093814    0.093544    -0.01282
-0.067057    0.142935    0.007589
-0.058378    0.150689    0.013236
-0.036304    0.173081    -0.047063
-0.070005    0.107172    -0.046706
-0.080119    0.109228    0.02247
-0.063882    0.17332    -0.020002
-0.064158    0.146106    0.021112
-0.052815    0.195287    0.028251
-0.063927    0.193099    -0.019865
-0.027435    0.128545    -0.055391
-0.048586    0.115292    -0.060598
-0.0561    0.200007    -0.036196
-0.108147    0.071221    -0.01333
-0.099042    0.072665    0.043285
-0.067092    0.168758    0.007424
-0.059877    0.211991    0.030481
-0.052435    0.144627    0.028995
-0.066752    0.222934    -0.008031
-0.032525    0.211222    -0.04968
-0.083064    0.085917    -0.05403
-0.111203    0.064347    -0.021169
-0.076741    0.111021    0.029382
-0.091662    0.06903    0.062396
-0.056563    0.192773    0.036958
-0.04796    0.142667    0.036209
-0.025115    0.139788    -0.061676
-0.014671    0.181127    -0.057018
-0.046619    0.21192    -0.047584
-0.109421    0.053182    -0.046506
-0.113625    0.056891    0.026306
-0.071608    0.10173    0.052746
-0.052667    0.150591    0.041891
-0.05838    0.21999    0.033406
-0.007184    0.120315    -0.073061
0.003447    0.196852    -0.058527
-0.067531    0.089611    -0.069112
-0.029702    0.209964    -0.059328
-0.123351    0.044762    0.009236
-0.101453    0.049193    0.066877
-0.071863    0.074887    0.079258
-0.044262    0.150956    0.051193
-0.038484    0.128545    0.046709
0.001255    0.166009    -0.058638
-0.010916    0.148843    -0.065292
-0.069918    0.075368    -0.079082
-0.030634    0.178995    -0.058852
-0.117513    0.032512    -0.053579
-0.113649    0.035022    0.057522
-0.04701    0.117488    0.060389
-0.069064    0.064933    0.088894
-0.066329    0.155873    0.046566
-0.031483    0.166814    0.050831
0.012567    0.117905    -0.074199
0.002737    0.104664    -0.085102
-0.018184    0.080258    -0.100451
-0.043804    0.075511    -0.09581
-0.02018    0.210249    -0.063306
-0.135263    0.012126    -0.025483
-0.129043    0.018527    0.038629
-0.032598    0.120599    0.066644
-0.057535    0.066738    0.09518
-0.064139    0.015153    0.119904
-0.037522    0.216178    0.052563
0.012355    0.141663    -0.065112
0.014476    0.143991    -0.056753
-0.00475    0.197211    -0.066254
-0.008067    0.073555    -0.10661
-0.041291    0.053087    -0.111285
-0.126096    0.00875    -0.058147
-0.132004    0.013171    0.034774
-0.10891    0.025285    0.075824
-0.019349    0.092133    0.093839
-0.02967    0.053064    0.11494
-0.059078    0.012151    0.124416
-0.040216    0.157756    0.060317
0.026267    0.147255    -0.060619
0.027712    0.184454    -0.051538
-0.00564    0.158231    -0.066299
0.032198    0.218385    -0.057333
0.020008    0.072984    -0.105197
-0.030917    0.054766    -0.11277
-0.123552    0.014636    -0.058286
-0.13651    -0.006878    0.046541
-0.107109    0.000958    0.091395
-0.03134    0.105773    0.079568
-0.021214    0.065283    0.110666
-0.04284    0.002946    0.133183
-0.022699    0.214446    0.063025
-0.010751    0.161689    0.059008
0.029127    0.134531    -0.05932
0.032968    0.148087    -0.048137
0.038131    0.099374    -0.080937
0.021512    0.194036    -0.062154
0.027149    0.175788    -0.060334
0.023882    0.057692    -0.112902
-0.047912    0.04954    -0.110028
-0.114832    0.007719    -0.076728
-0.139663    0.001653    -0.018805
-0.136817    -0.013795    0.051952
-0.064315    -0.016233    0.132437
-0.013825    0.100345    0.088529
-0.008988    0.06093    0.113723
-0.001113    0.002827    0.139893
-0.009063    0.181849    0.066406
-0.004656    0.189692    0.059317
0.065588    0.216772    0.002623
0.040105    0.150455    -0.059752
0.053652    0.205755    -0.03839
0.051859    0.076376    -0.090294
0.029369    0.055017    -0.112664
-0.054821    0.033486    -0.114886
0.044102    0.028458    -0.121316
-0.145055    -0.030438    -0.03744
-0.141089    -0.019212    0.042984
-0.105622    -0.032349    0.107206
-0.029174    -0.036355    0.149287
-0.01042    0.088333    0.097176
0.000408    0.035134    0.127098
-0.013096    -0.015598    0.14515
0.008045    0.157756    0.068482
0.031417    0.223442    0.058471
0.066745    0.157756    0.028341
0.061445    0.206968    0.023753
0.048573    0.21062    0.045261
0.049304    0.150455    -0.050982
0.046728    0.14957    -0.03516
0.055068    0.065206    -0.096038
0.050347    0.039728    -0.113787
-0.046378    0.015541    -0.127494
0.012683    0.026129    -0.129605
-0.138894    -0.025565    -0.052566
-0.148033    -0.024583    0.016977
-0.12029    -0.021484    0.086935
-0.062988    -0.035096    0.138036
0.006544    0.111756    0.080908
0.013527    0.062567    0.112605
0.034513    0.023144    0.127492
-0.017364    -0.020713    0.146269
0.012567    0.169745    0.065398
0.014902    0.178716    0.057429
0.057626    0.157756    0.03554
0.045075    0.216178    0.04402
0.024569    0.210903    0.061975
0.055094    0.14562    -0.036163
0.04988    0.17838    -0.030322
0.077755    0.087675    -0.058276
-0.101985    -0.006666    -0.099997
-0.037973    0.019861    -0.127599
0.042279    0.014928    -0.12745
-0.153968    -0.046361    0.011501
-0.126887    -0.042668    0.087095
-0.069176    -0.05437    0.139449
-0.024288    -0.042853    0.151221
0.023167    0.106511    0.081394
0.03974    0.03602    0.120651
0.0395    5.3e-05    0.135173
0.02467    0.129583    0.061924
0.030787    0.128545    0.057239
0.064106    0.178814    0.015513
0.055079    0.16214    -0.020161
0.061353    0.188357    -0.023934
0.055644    0.187335    0.01795
0.057714    0.190102    0.032196
0.037438    0.173402    0.04548
0.027822    0.189802    0.052108
0.059191    0.142999    -0.028158
0.075486    0.057271    -0.087685
-0.083676    -0.008481    -0.117318
-0.027717    -0.000433    -0.137398
0.046948    0.004368    -0.130126
-0.12024    -0.02522    -0.086732
-0.152    -0.044719    -0.021447
-0.143985    -0.051097    0.057056
-0.083269    -0.053738    0.130195
-0.002733    -0.049791    0.15358
0.044012    0.087035    0.087545
0.050412    0.02228    0.122499
0.045435    -0.036129    0.144282
0.034889    0.128545    0.055091
0.065245    0.184786    0.0094
0.056563    0.132304    -0.01403
0.05425    0.13766    0.022268
0.048637    0.13827    0.03278
0.040428    0.181403    0.042778
0.056882    0.156706    -0.032671
0.07879    0.046915    -0.092085
-0.066721    -0.014476    -0.128555
0.013552    -0.010161    -0.142545
0.061741    0.000748    -0.12594
-0.138028    -0.039887    -0.065924
-0.158376    -0.078765    0.002023
-0.134479    -0.074525    0.083365
-0.084102    -0.067898    0.132352
0.030315    -0.046181    0.149633
0.05396    0.084743    0.084082
0.047911    0.031721    0.119366
0.077354    -0.002212    0.118755
0.048253    0.115242    0.060397
0.062638    0.14363    0.020058
0.076181    0.112033    -0.022592
0.093171    0.069879    -0.054765
-0.086183    -0.020682    -0.119889
-0.040477    -0.017876    -0.140234
0.054079    -0.025624    -0.137181
0.095367    0.028292    -0.086653
-0.145288    -0.07906    -0.064146
-0.153253    -0.078744    0.039626
-0.113754    -0.079359    0.110121
-0.066687    -0.065287    0.142786
0.004449    -0.07944    0.158285
0.067455    0.054881    0.096333
0.07591    0.023715    0.108289
0.077741    -0.029344    0.12725
0.051497    0.109396    0.063872
0.063426    0.128545    -0.003061
0.106703    0.054167    -0.047139
-0.104046    -0.047953    -0.112152
-0.042504    -0.037604    -0.144825
0.027129    -0.029246    -0.146834
0.104338    0.000433    -0.0923
-0.130883    -0.071742    -0.086617
-0.158265    -0.086809    -0.018661
-0.13988    -0.08731    0.076012
-0.080262    -0.093097    0.137863
0.077965    -0.040817    0.130253
0.009063    -0.095299    0.159826
0.083003    0.057923    0.080048
0.08335    0.005394    0.111109
0.104634    -0.038105    0.108508
0.084341    0.092131    0.043127
0.082637    0.107682    0.002326
0.11492    0.032038    -0.054422
-0.065532    -0.046775    -0.137815
0.011964    -0.05208    -0.152679
0.089829    -0.029293    -0.118092
0.118363    0.027639    -0.052058
-0.148291    -0.106842    -0.061231
-0.156962    -0.099346    0.029965
-0.114956    -0.104511    0.111481
-0.042798    -0.105561    0.154187
0.086192    -0.045655    0.127034
0.039298    -0.088031    0.153757
0.111909    0.028931    0.064447
0.117403    -0.01124    0.08254
0.111306    -0.044913    0.104286
0.066371    0.119931    0.031706
0.107207    0.071972    -0.005865
-0.105936    -0.068706    -0.115044
-0.043196    -0.057483    -0.148519
0.052656    -0.056101    -0.144459
0.11274    -0.016783    -0.091132
0.12573    0.017401    -0.04642
-0.155416    -0.122873    -0.039371
-0.157398    -0.119502    0.030289
-0.126621    -0.128701    0.098751
-0.058918    -0.112905    0.149229
0.08977    -0.043817    0.123476
0.020087    -0.099996    0.158523
0.108087    0.037427    0.063073
0.126787    -0.002444    0.062885
0.136664    -0.052865    0.070883
0.088091    0.094121    0.028613
0.094265    0.08762    0.023809
-0.107934    -0.079676    -0.11497
-0.018531    -0.078835    -0.156734
0.03446    -0.06315    -0.151678
0.118497    -0.038202    -0.092718
0.125381    0.020841    -0.043733
-0.148797    -0.127079    -0.059716
-0.156215    -0.124927    0.035526
-0.105765    -0.119863    0.121976
-0.062401    -0.131385    0.147894
0.112104    -0.074721    0.109862
0.057397    -0.094875    0.148928
0.114629    0.05071    0.03097
0.120135    0.02102    0.057242
0.1403    -0.039532    0.055735
0.136681    -0.079731    0.07787
0.111649    0.062191    0.013726
-0.066675    -0.084272    -0.143354
-0.012124    -0.076866    -0.15752
0.077974    -0.077067    -0.135863
0.1179    -0.040955    -0.094265
0.136295    0.007272    -0.018062
-0.154268    -0.141311    -0.035997
-0.118802    -0.140032    0.104877
0.040126    -0.131633    0.154563
0.123086    -0.07323    0.097483
0.076795    -0.10807    0.139787
0.127202    0.024491    0.030959
0.144381    -0.028591    0.034232
0.150294    -0.067925    0.040606
0.12256    0.040489    0.017293
-0.057251    -0.105749    -0.149629
0.017374    -0.10138    -0.157958
0.099899    -0.065246    -0.12003
0.134429    -0.023797    -0.058827
0.131339    0.022897    -0.002433
-0.150164    -0.141409    -0.048615
-0.117422    -0.142585    0.105307
0.111292    -0.090176    0.112735
0.09732    -0.106618    0.126533
0.078728    -0.138546    0.137298
0.144467    -0.014561    -0.002523
0.154702    -0.062235    0.002826
0.147405    -0.088171    0.05696
-0.087991    -0.101929    -0.133672
0.007028    -0.10717    -0.158789
0.07027    -0.099689    -0.14301
0.132149    -0.043973    -0.07367
0.138336    0.004193    0.000637
-0.152572    -0.359385    -0.037414
-0.145325    -0.209528    -0.059846
-0.151948    -0.306561    -0.039345
-0.154754    -0.215395    -0.030652
-0.156051    -0.227186    -0.019135
-0.15636    -0.333958    -0.01306
-0.155851    -0.187127    -0.023068
-0.156186    -0.232137    -0.016479
-0.154622    -0.348375    0.027285
-0.155346    -0.316499    0.023907
-0.154663    -0.330443    0.027094
-0.155427    -0.379497    0.023529
-0.144949    -0.383236    0.061248
-0.137702    -0.180207    0.075407
-0.14651    -0.288814    0.058196
-0.147317    -0.464346    0.056622
-0.112795    -0.171752    0.10921
-0.106274    -0.253016    0.116427
-0.107491    -0.370117    0.115082
-0.122188    -0.177831    0.098815
-0.075033    -0.338761    0.138244
-0.097873    -0.151968    0.123467
-0.073619    -0.335897    0.139159
-0.092804    -0.248794    0.126746
-0.052456    -0.202043    0.147725
-0.045209    -0.345334    0.150066
-0.029448    -0.433973    0.155157
-0.059744    -0.196394    0.145371
-0.034298    -0.464173    0.15359
-0.000369    -0.173344    0.156707
0.010226    -0.496549    0.157243
-0.002879    -0.191412    0.15658
0.006156    -0.298889    0.157037
0.144817    -0.092251    0.065677
0.090964    -0.12097    0.132402
0.145262    -0.019312    0.00776
0.156692    -0.077782    0.000564
0.158621    -0.106397    0.00374
-0.107094    -0.132972    -0.118211
-0.048708    -0.124709    -0.15234
0.065167    -0.130656    -0.145755
0.124142    -0.071714    -0.094877
0.147142    -0.03509    -0.025951
-0.145836    -0.290483    -0.058267
-0.150786    -0.502924    -0.042951
-0.147147    -0.382794    -0.054212
-0.144229    -0.495937    -0.063249
-0.156756    -0.466001    -0.005272
-0.156797    -0.498167    -0.004477
-0.156249    -0.518129    -0.015293
-0.15638    -0.468816    -0.012705
-0.150454    -0.5165    0.046735
-0.150947    -0.332718    0.044424
-0.151726    -0.287002    0.04079
-0.152317    -0.301585    0.038035
-0.132952    -0.440663    0.084693
-0.142714    -0.50398    0.065617
-0.130977    -0.460997    0.088553
-0.133215    -0.316955    0.084177
-0.125804    -0.319631    0.094814
-0.121312    -0.369085    0.099787
-0.128806    -0.453395    0.091494
-0.112936    -0.388022    0.109056
-0.078118    -0.496343    0.136249
-0.101437    -0.373152    0.121162
-0.082131    -0.444739    0.133653
-0.094923    -0.35098    0.125376
-0.067803    -0.42449    0.142768
-0.062483    -0.257549    0.144486
-0.055999    -0.420256    0.146581
-0.061516    -0.4948    0.144799
-0.011279    -0.343721    0.156154
-0.005659    -0.399404    0.156439
-0.007272    -0.508434    0.156357
-0.003151    -0.48183    0.156566
-0.010303    -0.475325    0.156203
0.04581    -0.268823    0.150055
0.045692    -0.305487    0.15008
0.043193    -0.291396    0.150616
0.031308    -0.24666    0.153164
0.026141    -0.29155    0.154272
0.012915    -0.515913    0.157106
0.043127    -0.524915    0.15063
0.019705    -0.401004    0.155651
0.144248    -0.124164    0.069725
0.133654    -0.127236    0.08604
0.085486    -0.354781    0.131615
0.058859    -0.169107    0.145242
0.068558    -0.163262    0.140279
0.074134    -0.354843    0.137423
0.105285    -0.15056    0.114973
0.091542    -0.442504    0.127387
0.099944    -0.310479    0.119796
0.096506    -0.383824    0.122902
0.148946    -0.056161    -0.037295
0.15584    -0.108474    -0.029832
-0.061842    -0.125125    -0.147386
0.01686    -0.124756    -0.158314
0.069577    -0.113905    -0.144097
0.105546    -0.087713    -0.118156
0.132116    -0.084354    -0.086845
-0.12952    -0.252633    -0.087933
-0.127989    -0.210418    -0.090299
-0.130931    -0.236598    -0.085751
-0.133448    -0.288133    -0.081862
-0.135763    -0.276563    -0.078282
-0.126625    -0.496189    -0.092413
-0.126555    -0.463497    -0.09252
-0.130554    -0.429961    -0.086338
-0.153065    -0.534251    -0.04089
-0.157537    -0.526163    0.00679
-0.157996    -0.542489    0.025511
-0.118    -0.525937    0.103647
-0.07501    -0.544774    0.142203
-0.044953    -0.532359    0.151425
-0.015809    -0.53282    0.157219
0.058408    -0.278459    0.145471
0.062202    -0.397245    0.143529
0.086476    -0.5202    0.131107
0.060218    -0.396508    0.144545
0.145144    -0.121108    0.067437
0.131455    -0.136826    0.087987
0.106226    -0.496842    0.114118
0.103682    -0.36458    0.116418
0.110666    -0.517395    0.110106
0.110453    -0.372663    0.1103
0.152189    -0.071938    -0.033117
0.154349    -0.11236    -0.03721
-0.046063    -0.142991    -0.150258
0.107033    -0.115612    -0.118229
0.146569    -0.065953    -0.053871
-0.120325    -0.23547    -0.101943
-0.106796    -0.427263    -0.11417
-0.10876    -0.314608    -0.112394
-0.101387    -0.493041    -0.119058
-0.124127    -0.540391    -0.101009
-0.157421    -0.556047    -0.03938
-0.161722    -0.557002    0.019821
-0.140498    -0.548222    0.078497
-0.115796    -0.548133    0.111679
-0.101982    -0.555946    0.127002
-0.058785    -0.536908    0.147765
0.080114    -0.528503    0.134995
0.045161    -0.536095    0.152082
0.156744    -0.141769    -0.002183
0.130365    -0.313166    0.085115
0.119912    -0.169483    0.101275
0.12558    -0.232084    0.092512
0.120838    -0.330126    0.099841
0.092196    -0.52575    0.126928
0.139279    -0.131514    -0.075719
-0.096539    -0.191659    -0.123435
-0.095161    -0.347326    -0.124682
-0.10741    -0.251658    -0.113612
-0.101524    -0.215734    -0.118931
-0.036529    -0.144868    -0.151748
0.07484    -0.137222    -0.139447
0.130281    -0.138707    -0.090328
-0.114562    -0.529673    -0.10818
-0.131952    -0.559338    -0.094803
-0.11566    -0.547722    -0.111295
-0.161809    -0.561827    -0.026981
-0.15724    -0.574423    0.036308
-0.148388    -0.584638    0.061279
-0.118717    -0.567971    0.110594
-0.086217    -0.568982    0.137182
-0.02406    -0.562027    0.161633
0.07121    -0.559381    0.145409
0.048944    -0.568295    0.154777
0.150494    -0.172436    0.040041
0.14822    -0.282432    0.047079
0.146403    -0.331204    0.052701
0.151821    -0.169111    0.035934
0.137775    -0.255356    0.073661
0.139917    -0.265442    0.07035
0.131257    -0.512183    0.083731
0.136465    -0.473997    0.075682
0.138641    -0.425899    0.072319
0.133744    -0.12309    -0.086736
-0.056594    -0.514535    -0.146384
-0.077962    -0.444336    -0.135449
-0.074214    -0.490458    -0.137367
-0.074314    -0.369098    -0.137315
-0.020233    -0.317656    -0.15508
-0.0228    -0.220316    -0.154529
-0.047628    -0.199054    -0.149207
-0.021188    -0.447261    -0.154876
-0.033599    -0.327741    -0.152215
-0.057254    -0.276197    -0.146044
-0.054327    -0.307056    -0.147542
-0.059541    -0.386531    -0.144875
-0.059121    -0.194001    -0.145088
0.027564    -0.518217    -0.154479
0.019995    -0.320687    -0.154862
0.025729    -0.158653    -0.154571
0.012249    -0.374818    -0.155254
0.045871    -0.27879    -0.148598
0.051479    -0.326751    -0.146786
0.049942    -0.219914    -0.147283
0.041391    -0.265824    -0.150044
0.093998    -0.271564    -0.124241
0.090375    -0.222863    -0.126585
0.085832    -0.341716    -0.129523
0.080952    -0.159155    -0.132681
0.127135    -0.355596    -0.090925
0.111096    -0.257747    -0.108678
0.114831    -0.32962    -0.104543
0.123691    -0.424048    -0.094736
-0.088836    -0.556836    -0.135892
-0.126664    -0.57671    -0.099977
-0.149462    -0.590701    -0.054391
-0.157724    -0.596587    -0.015112
-0.153341    -0.585029    0.047682
-0.13556    -0.593361    0.083768
-0.097547    -0.593467    0.125925
-0.051414    -0.58552    0.151167
0.011555    -0.573771    0.161854
0.083469    -0.562434    0.139457
0.077036    -0.595542    0.137741
0.154451    -0.282544    0.02228
0.15425    -0.184201    0.026278
0.154235    -0.175908    0.026566
0.154537    -0.315278    0.020578
0.151874    -0.20347    -0.032417
0.156155    -0.207712    -0.012452
0.149809    -0.207715    -0.042049
0.155062    -0.331999    -0.017543
0.145462    -0.495658    0.055609
0.151138    -0.48096    0.038037
0.151483    -0.411633    0.036971
0.153111    -0.420478    0.031933
0.138566    -0.531047    0.074261
0.108252    -0.564136    0.120151
0.142168    -0.198784    -0.063012
0.146913    -0.333859    -0.053737
0.144931    -0.219994    -0.057611
0.133596    -0.150952    -0.079764
-0.071153    -0.535185    -0.140834
-0.032783    -0.494302    -0.152391
-0.041729    -0.45719    -0.150473
-0.028777    -0.497567    -0.153249
-0.035901    -0.502946    -0.151722
-0.003681    -0.262506    -0.156061
-0.00362    -0.395358    -0.156058
0.003467    -0.442068    -0.155699
-0.003588    -0.257563    -0.156056
0.028794    -0.507242    -0.154113
0.041593    -0.335026    -0.149979
0.029108    -0.250949    -0.154012
0.037679    -0.348228    -0.151243
0.074596    -0.325048    -0.136792
0.080613    -0.524362    -0.132898
0.070757    -0.340949    -0.139276
0.078768    -0.30665    -0.134093
0.115574    -0.347156    -0.103721
0.105258    -0.202506    -0.11514
0.109449    -0.500451    -0.110497
0.123196    -0.463494    -0.095284
0.13195    -0.331699    -0.082977
0.143868    -0.522185    -0.059685
0.132259    -0.247287    -0.082376
0.142279    -0.514572    -0.06279
-0.056183    -0.561761    -0.153507
-0.141946    -0.571529    -0.07764
-0.109313    -0.59478    -0.114199
-0.156875    -0.606794    -0.009921
-0.118965    -0.599823    0.103924
0.009694    -0.608285    0.156543
0.154734    -0.519258    0.016653
0.155373    -0.493807    0.004031
0.15576    -0.52505    -0.003602
0.155852    -0.37138    -0.005386
0.148326    -0.304594    -0.048964
0.154618    -0.468337    -0.019605
0.148859    -0.452468    -0.04647
0.152225    -0.378886    -0.030773
0.146433    -0.541633    0.061649
0.139465    -0.533462    0.073622
0.104036    -0.584563    0.120253
-0.053553    -0.557404    -0.153505
0.027586    -0.55086    -0.158822
0.047798    -0.537023    -0.150079
0.074851    -0.525551    -0.136704
0.114829    -0.537055    -0.107537
-0.062406    -0.573694    -0.148517
-0.139881    -0.601722    -0.073548
-0.156928    -0.608372    -0.003282
-0.11028    -0.605257    0.112109
-0.038978    -0.609304    0.149597
0.093801    -0.610315    0.123925
0.159972    -0.549694    -0.014392
0.155213    -0.534212    0.030389
0.133678    -0.573491    0.088412
-0.049442    -0.573759    -0.153461
0.014789    -0.554295    -0.160051
0.04806    -0.551693    -0.152598
0.074803    -0.560569    -0.143778
0.135049    -0.544532    -0.084097
0.152293    -0.537541    -0.040417
-0.110945    -0.609667    -0.109584
-0.115593    -0.642745    -0.077335
-0.148802    -0.622243    -0.020908
-0.128773    -0.628318    0.024222
-0.123302    -0.633204    0.015247
-0.143517    -0.614257    0.05631
-0.106417    -0.653942    0.079691
-0.1051    -0.639605    0.093143
-0.068267    -0.626496    0.130942
-0.019873    -0.633233    0.12222
-0.025769    -0.622647    0.136257
-0.032116    -0.64936    0.097512
0.026408    -0.637759    0.138182
0.070382    -0.61788    0.134465
0.113881    -0.615257    0.103368
0.160011    -0.553922    0.008445
0.156885    -0.568572    0.037281
0.140353    -0.578023    0.07697
-0.027102    -0.596399    -0.155133
0.000788    -0.56958    -0.160943
0.101705    -0.574662    -0.124514
0.130159    -0.564045    -0.096298
0.149315    -0.581403    -0.056744
0.154294    -0.567751    -0.046628
-0.118623    -0.62257    -0.09148
-0.044958    -0.641038    -0.1033
-0.061039    -0.633487    -0.106915
-0.127894    -0.654472    -0.031037
-0.124815    -0.634241    -0.003366
-0.132902    -0.627907    0.002066
-0.10385    -0.656128    0.054887
-0.102976    -0.651499    0.085688
-0.06098    -0.643692    0.119549
0.037479    -0.64626    0.130853
0.01134    -0.643402    0.11751
0.047055    -0.654787    0.12277
0.160487    -0.570428    0.001662
0.151761    -0.594613    0.041735
0.103079    -0.635427    0.061587
0.087317    -0.643377    0.068123
0.004791    -0.592664    -0.157628
0.045856    -0.583654    -0.151972
0.077881    -0.582814    -0.138619
0.14253    -0.596209    -0.065628
0.151932    -0.593759    -0.04094
0.157311    -0.593172    0.003811
-0.051276    -0.62961    -0.117991
-0.105282    -0.643605    -0.088395
-0.109088    -0.656394    -0.039751
-0.110381    -0.64644    -0.009115
-0.076543    -0.656394    0.022691
-0.058734    -0.656394    0.015672
-0.083349    -0.656394    0.004148
-0.097399    -0.656394    0.079207
-0.008643    -0.633346    0.123821
0.003517    -0.624008    0.138923
-0.072434    -0.656394    0.090655
0.049437    -0.656394    0.10406
0.096475    -0.636715    0.089356
0.144443    -0.599146    0.062416
0.104249    -0.637943    0.05152
0.005575    -0.60443    -0.156202
0.108139    -0.608813    -0.107421
0.156425    -0.60182    -0.001492
-0.027817    -0.631281    -0.141406
-0.089823    -0.626334    -0.103501
-0.041352    -0.648929    -0.092771
-0.071641    -0.638736    -0.09326
-0.090636    -0.656395    -0.040961
0.045997    -0.656394    0.056513
0.063303    -0.656395    0.088479
0.106722    -0.642917    0.031301
0.104693    -0.641877    0.038509
-0.026834    -0.619823    -0.148348
0.053959    -0.609309    -0.14554
0.148013    -0.609574    -0.04764
0.048348    -0.656394    -0.055951
0.012487    -0.656394    -0.062107
-0.0562    -0.656395    -0.066399
-0.002189    -0.656395    -0.036882
0.01014    -0.656395    -0.038098
-0.03504    -0.656395    -0.011611
-0.080931    -0.656395    -0.029156
0.039124    -0.656395    0.019771
0.043968    -0.656394    0.029423
-0.017428    -0.656394    0.021872
0.029915    -0.656395    0.01699
-0.076246    -0.656395    0.040805
-0.069645    -0.656395    0.06535
-0.016644    -0.656395    0.057553
-0.05894    -0.656395    0.044254
-0.001509    -0.656395    0.082481
0.149241    -0.620032    0.013592
0.139755    -0.623375    0.032327
-6.2e-05    -0.633087    -0.143605
0.03231    -0.62041    -0.146602
0.069294    -0.628222    -0.128143
0.084671    -0.618172    -0.118328
0.072923    -0.638432    -0.090102
0.106685    -0.621133    -0.090549
0.135517    -0.618268    -0.066156
0.149493    -0.614595    -0.033142
0.014142    -0.656395    -0.056633
-0.008208    -0.656395    -0.062971
0.029288    -0.656395    -0.052319
0.021699    -0.656395    -0.012349
-0.053643    -0.656395    -0.031049
-0.005039    -0.656395    -0.000167
0.016452    -0.656395    0.003928
-0.031692    -0.656395    0.001101
-0.027355    -0.656395    0.067256
0.031569    -0.637596    -0.136803
0.050289    -0.655017    -0.093618
0.074114    -0.622355    -0.127486
0.072584    -0.651119    -0.065432
0.124375    -0.655077    -0.039682
-0.005003    -0.656394    -0.117944
0.105857    -0.656395    -0.014711
0.103458    -0.656395    0.016336
0.043843    -0.656394    -0.113973
0.005972    -0.656394    -0.121051
0.116209    -0.64174    -0.06166
0.096485    -0.656395    -0.033043
-0.077383    0.20396    0.00248
-0.073044    0.206959    -0.024453
-0.072537    0.188012    0.027882
-0.062404    0.230331    -0.02661
-0.034577    0.230783    -0.003395
-0.060236    0.163991    -0.048373
-0.057191    0.19838    -0.051627
-0.055887    0.217103    -0.052805
-0.022523    0.230783    -0.023391
0.010543    0.230783    -0.00462
0.003014    0.230783    -0.039493
0.022384    0.230783    -0.052038
-0.041219    0.230783    0.050623
0.028748    0.230783    -0.055463
0.04594    0.229815    0.049442
-0.03742    0.206744    0.067699
0.075243    0.188724    0.011374
0.027724    0.229221    -0.062416
-0.028924    0.179544    0.071613
0.076037    0.218265    -0.004302
0.057862    0.172231    0.050461
0.040235    0.198007    -0.064145
-0.015067    0.171785    0.07609
0.01642    0.202351    -0.074398
0.016686    0.16564    -0.074312
-0.002327    0.176259    0.076846
0.008695    0.222823    0.076543
-0.077192    0.1808    -0.00129
-0.073244    0.220994    -0.023835
-0.072165    0.180128    0.028608
-0.071457    0.158094    0.029993
-0.055641    0.207686    -0.053027
-0.029304    0.223343    -0.070861
-0.049686    0.161305    0.059765
0.073515    0.222202    -0.017912
0.069378    0.16425    0.032005
0.011321    0.223483    -0.070202
-0.028703    0.172311    0.071685
0.075367    0.172477    0.008913
0.047008    0.168433    0.060268
0.040473    0.213657    -0.063992
-0.031158    0.219201    0.070892
0.071578    0.171808    -0.026093
0.020358    0.162472    -0.073126
-0.010782    0.162569    0.076418
0.022665    0.1686    0.073548
-0.065283    0.228515    0.015865
-0.052661    0.230783    -0.01986
-0.033677    0.230783    -0.038073
0.036299    0.230783    0.026866
-0.024217    0.230783    0.038949
0.047257    0.230783    -0.002867
-0.01526    0.230783    -0.040506
0.02995    0.230783    -0.049795
-0.007392    0.230783    0.042213
-0.011633    0.230783    -0.06396
0.065574    0.224227    0.002893
-0.029662    0.227741    0.060706
0.02416    0.225777    0.062185
-0.073037    0.223483    -0.0005
0.067752    0.223483    0.004361
0.024728    0.223483    0.0628
-0.14847    -0.273296    -0.050112
-0.143645    -0.149497    -0.065044
-0.152403    -0.327751    -0.037936
-0.155132    -0.195274    -0.029482
-0.155636    -0.24837    -0.027328
-0.156241    -0.152494    -0.015369
-0.156648    -0.272368    -0.007368
-0.155792    -0.267791    -0.024256
-0.155043    -0.351657    0.02532
-0.156405    -0.195028    0.01896
-0.156114    -0.170709    0.020316
-0.153137    -0.224334    0.034204
-0.145439    -0.44039    0.060293
-0.147425    -0.482417    0.056411
-0.148193    -0.215672    0.054905
-0.145671    -0.214448    0.059834
-0.118084    -0.272164    0.103358
-0.120396    -0.163543    0.100798
-0.109049    -0.220678    0.113357
-0.114756    -0.200377    0.10704
-0.069087    -0.41242    0.142091
-0.085076    -0.293142    0.131746
-0.079171    -0.341843    0.135566
-0.079705    -0.224107    0.135221
-0.03782    -0.222689    0.152452
-0.046292    -0.27603    0.149716
-0.040842    -0.344351    0.151476
-0.031943    -0.150813    0.15435
0.007284    -0.189456    0.157095
-0.004681    -0.342639    0.156488
0.002418    -0.352667    0.156848
-0.003188    -0.369663    0.156564
-0.151527    -0.465701    -0.040654
-0.144223    -0.282393    -0.063259
-0.145777    -0.236765    -0.058446
-0.145551    -0.351298    -0.05915
-0.150188    -0.40061    -0.044798
-0.157623    -0.467107    0.011852
-0.156428    -0.519058    -0.011773
-0.15672    -0.488848    -0.005988
-0.157371    -0.493493    0.006866
-0.151806    -0.349281    0.04042
-0.151647    -0.470086    0.041166
-0.15474    -0.488517    0.026741
-0.151176    -0.333628    0.043357
-0.132105    -0.32468    0.086346
-0.136674    -0.305793    0.077417
-0.130528    -0.393196    0.089429
-0.132477    -0.318524    0.08562
-0.11892    -0.339411    0.102433
-0.120172    -0.501886    0.101049
-0.11624    -0.478963    0.105401
-0.110794    -0.438765    0.111428
-0.093617    -0.487122    0.126222
-0.09673    -0.232527    0.124207
-0.07957    -0.467528    0.135309
-0.077357    -0.432137    0.136741
-0.066903    -0.388352    0.143059
-0.054168    -0.365944    0.147172
-0.034423    -0.509789    0.15355
-0.056875    -0.373124    0.146298
-0.021675    -0.348015    0.155628
0.001919    -0.443867    0.156822
-0.024159    -0.212146    0.155502
-0.008952    -0.446509    0.156272
0.047573    -0.274862    0.149677
0.046817    -0.193792    0.14984
0.038788    -0.186136    0.151561
0.044419    -0.326485    0.150353
0.034345    -0.471283    0.152512
0.012267    -0.31816    0.157246
0.018405    -0.486535    0.155929
0.014196    -0.191201    0.156833
0.074963    -0.189024    0.137001
0.059413    -0.171988    0.144958
0.076673    -0.328839    0.136124
0.08498    -0.446141    0.131873
0.094528    -0.416261    0.124689
0.092423    -0.239276    0.126594
0.091213    -0.175124    0.127688
0.113462    -0.161763    0.107584
-0.124628    -0.223818    -0.095494
-0.12125    -0.46369    -0.100721
-0.1217    -0.313548    -0.100023
-0.128911    -0.217777    -0.088874
-0.129029    -0.207721    -0.088691
-0.137174    -0.292804    -0.076102
-0.124068    -0.495407    -0.096365
-0.13888    -0.438785    -0.073469
-0.137475    -0.40577    -0.075639
0.0755    -0.469895    0.136724
0.080047    -0.493341    0.134397
0.070978    -0.454307    0.139038
0.070301    -0.451255    0.139384
0.11555    -0.226583    0.105696
0.105885    -0.345457    0.114428
0.119105    -0.344686    0.102483
0.106475    -0.420456    0.113894
-0.102173    -0.41938    -0.118347
-0.108141    -0.490853    -0.112955
-0.119449    -0.217167    -0.102734
-0.118516    -0.256896    -0.103578
0.123831    -0.272092    0.095215
0.121484    -0.16533    0.098846
0.130149    -0.278254    0.085449
0.134486    -0.250731    0.078745
-0.102568    -0.264984    -0.117988
-0.099106    -0.406731    -0.121118
-0.092609    -0.348688    -0.126988
-0.109481    -0.22323    -0.111741
0.14242    -0.401438    0.06503
0.147539    -0.326502    0.049184
0.143395    -0.289246    0.062016
0.141879    -0.500228    0.066699
0.13332    -0.50151    0.080543
0.129582    -0.41123    0.086323
0.13837    -0.314722    0.07274
0.141114    -0.168626    0.068501
-0.086713    -0.253351    -0.130969
-0.087029    -0.393497    -0.130808
-0.079889    -0.450095    -0.134463
-0.074579    -0.426215    -0.13718
-0.01707    -0.206704    -0.155757
-0.028845    -0.22264    -0.153233
-0.037264    -0.294296    -0.151429
-0.016395    -0.182389    -0.155902
-0.072989    -0.147645    -0.137991
-0.081025    -0.182643    -0.133879
-0.068565    -0.248913    -0.140256
-0.069357    -0.240347    -0.13985
0.022785    -0.291325    -0.15472
0.001169    -0.17097    -0.155815
0.005937    -0.150012    -0.155573
0.02036    -0.185189    -0.154843
-0.009202    -0.173157    -0.15634
0.05312    -0.341714    -0.146256
0.064625    -0.454404    -0.14254
0.061816    -0.250974    -0.143447
0.046351    -0.27454    -0.148442
0.095972    -0.207026    -0.122964
0.083336    -0.176639    -0.131139
0.088802    -0.25338    -0.127602
0.085467    -0.16991    -0.12976
0.121156    -0.361246    -0.097542
0.123078    -0.412244    -0.095414
0.119466    -0.271102    -0.099414
0.110077    -0.16549    -0.109806
0.154621    -0.192533    0.018946
0.154333    -0.365448    0.024603
0.15427    -0.307516    0.025846
0.154886    -0.197759    0.013717
0.152117    -0.291226    -0.031283
0.152239    -0.270287    -0.030714
0.154553    -0.289066    -0.019919
0.153823    -0.355773    -0.023318
0.154103    -0.197883    0.028867
0.148186    -0.512506    0.047174
0.147129    -0.430603    0.05045
0.151926    -0.301565    0.035604
0.142601    -0.183099    -0.062166
0.142162    -0.17843    -0.063024
0.132686    -0.17873    -0.081541
0.146778    -0.423977    -0.053999
-0.025445    -0.52494    -0.153964
-0.044813    -0.262634    -0.149811
-0.051961    -0.476303    -0.148279
-0.049064    -0.203893    -0.148899
-0.003917    -0.448658    -0.156073
-0.003636    -0.468709    -0.156059
-0.000119    -0.423111    -0.155881
0.014723    -0.406999    -0.155129
0.029324    -0.36212    -0.153942
0.030277    -0.27451    -0.153634
0.052291    -0.466207    -0.146524
0.029911    -0.48537    -0.153752
0.098132    -0.494022    -0.121564
0.079288    -0.331977    -0.133756
0.088105    -0.475927    -0.128051
0.08209    -0.428819    -0.131943
0.111011    -0.315718    -0.108771
0.103482    -0.480872    -0.117101
0.102973    -0.480939    -0.117664
0.112159    -0.48229    -0.107498
0.125821    -0.502999    -0.092378
0.142318    -0.507725    -0.062712
0.134347    -0.29452    -0.078293
0.130856    -0.246332    -0.085117
0.130495    -0.437175    -0.085817
0.156113    -0.516989    -0.010587
0.155861    -0.283279    -0.005552
0.155845    -0.523508    -0.005289
0.155456    -0.468695    0.002401
0.148339    -0.421067    -0.048897
0.14802    -0.204408    -0.050393
0.148016    -0.181447    -0.050413
0.151369    -0.409768    -0.034763
-0.046708    0.153556    0.047811
0.065206    0.157378    0.001204
-0.02998    0.156726    -0.058677
