-0.199146    -0.612555    -0.078478
-0.168579    -0.30056    0.115597
-0.192451    -0.500804    0.058304
-0.170879    -0.307823    0.110079
-0.162838    -0.384628    0.129375
-0.167996    -0.48703    0.116996
-0.194204    -0.559147    0.054097
-0.176259    -0.332862    0.097167
-0.166536    -0.382965    0.120501
-0.141551    -0.296362    0.180466
-0.155252    -0.397772    0.147582
-0.1547    -0.440599    0.148907
-0.150724    -0.227237    0.15845
-0.165887    -0.466668    0.122059
-0.164411    -0.494516    0.125601
-0.155412    -0.488325    0.147199
-0.198164    -0.519496    0.044594
-0.217585    -0.598717    -0.002017
-0.1952    -0.511706    0.051708
-0.197765    -0.58995    0.04555
-0.167613    -0.298019    0.117915
-0.176094    -0.552862    0.097562
-0.142365    -0.328662    0.178511
-0.168788    -0.455427    0.115096
-0.151164    -0.451428    0.157394
-0.194998    -0.439377    0.052193
-0.193607    -0.542846    0.05553
-0.190424    -0.518281    0.063169
-0.20198    -0.606575    0.035435
-0.193375    -0.575667    0.056088
-0.140908    -0.215085    0.182008
-0.192552    -0.424404    0.058062
-0.077853    -0.612555    0.1087
-0.090324    -0.612555    0.158809
-0.104805    -0.612555    0.136888
-0.099964    -0.612555    0.163236
0.064464    -0.612555    0.209266
-0.016306    -0.612555    0.167806
-0.183346    -0.612555    0.020706
0.055277    -0.612555    0.207302
-0.094048    -0.612555    0.095059
-0.117426    -0.612555    0.171106
-0.112114    -0.612555    0.126989
-0.16709    -0.612555    0.07258
0.008198    -0.612555    0.168406
-0.222396    -0.261681    -0.05416
-0.216434    -0.283563    -0.061964
-0.193796    -0.439506    -0.091595
-0.238069    -0.150349    -0.033646
-0.238149    -0.261295    -0.033542
-0.15297    -0.476479    -0.145031
-0.229071    -0.417435    -0.045424
-0.209568    -0.348332    -0.07095
-0.097536    -0.61177    -0.217589
-0.23776    -0.269893    -0.03405
-0.184382    -0.575491    -0.103917
-0.170247    -0.415823    -0.122417
-0.235196    -0.398043    -0.037406
-0.220302    -0.371249    -0.056902
-0.216606    -0.240945    -0.06174
-0.234095    -0.452307    -0.038848
-0.218449    -0.352519    -0.059327
-0.218636    -0.298106    -0.059082
-0.238981    -0.327907    -0.032453
-0.213605    -0.594527    -0.065667
-0.121174    -0.545901    -0.186649
-0.19766    -0.304368    -0.086537
-0.196821    -0.424084    -0.087636
-0.107611    -0.569155    -0.204401
-0.164032    -0.429795    -0.130552
-0.23108    -0.458839    -0.042794
-0.188385    -0.53694    -0.098677
-0.147414    -0.536598    -0.152304
-0.171787    -0.609091    -0.120403
-0.227243    -0.387007    -0.047816
-0.208214    -0.499062    -0.072723
-0.202859    -0.285941    -0.079732
-0.135574    -0.612555    -0.162298
-0.176908    -0.143082    0.095609
-0.201012    -0.145216    0.037758
-0.202689    -0.466747    0.033734
-0.213484    -0.496225    0.007825
-0.210844    -0.317046    0.014161
-0.148972    -0.13739    0.162655
-0.197739    -0.345489    0.045613
-0.171143    -0.138555    0.109445
-0.187432    -0.350747    0.070351
-0.197074    -0.174625    0.047211
-0.168556    -0.263574    0.115653
-0.221386    -0.140092    -0.011139
-0.192605    -0.256542    0.057936
-0.209467    -0.439616    0.017467
-0.191982    -0.151788    0.05943
-0.217832    -0.23355    -0.00261
-0.176591    -0.306203    0.096368
-0.191797    -0.28385    0.059875
-0.221115    -0.37375    -0.010488
-0.17689    -0.305805    0.095651
-0.217235    -0.391059    -0.001178
-0.208753    -0.333876    0.019179
-0.190084    -0.175773    0.063985
-0.215121    -0.235827    0.003897
-0.195013    -0.385168    0.052155
-0.148091    -0.171061    0.164768
-0.186137    -0.177541    0.073459
-0.199262    -0.301067    0.041959
-0.222753    -0.468122    -0.014421
-0.183646    -0.303021    0.079437
-0.038702    -0.520613    0.196732
-0.104397    -0.228348    0.188222
-0.128654    -0.332221    0.185081
-0.136612    -0.475107    0.18405
-0.037811    -0.388876    0.196847
-0.045719    -0.498134    0.195823
-0.109045    -0.221809    0.18762
-0.123071    -0.579138    0.185804
-0.100463    -0.242751    0.188732
-0.078543    -0.491484    0.191571
-0.037075    -0.598057    0.196942
-0.048509    -0.557597    0.195461
-0.118357    -0.451597    0.186414
0.053667    -0.563998    0.208696
-0.028866    -0.49582    0.198006
-0.104232    -0.505713    0.188244
-0.090167    -0.454279    0.190066
-0.089155    -0.39099    0.190197
0.039543    -0.53031    0.206867
0.009969    -0.518212    0.203036
0.001847    -0.462283    0.201984
-0.124254    -0.500124    0.18565
-0.138264    -0.52946    0.183836
-0.0975    -0.295151    0.189116
-0.038148    -0.463047    0.196804
-0.001448    -0.430155    0.201557
-0.129956    -0.50903    0.184912
0.053605    -0.571496    0.208688
-0.040914    -0.354031    0.196445
-0.123482    -0.258608    0.18575
-0.140003    -0.596119    0.183611
-0.216407    -0.612555    -0.024752
0.033851    -0.612555    0.091519
-0.147408    -0.612555    -0.053171
0.044377    -0.612555    0.156208
-0.128878    -0.612555    -0.114517
-0.138149    -0.612555    -0.079587
0.006436    -0.612555    0.069061
-0.059754    -0.612555    -0.062535
-0.02784    -0.612555    -0.059343
-0.039863    -0.612555    0.038616
-0.121328    -0.612555    -0.146548
-0.08297    -0.612555    0.001013
-0.143091    -0.612555    -0.134979
-0.102991    -0.612555    -0.05736
0.014425    -0.612555    0.154945
-0.090381    -0.612555    0.046664
-0.022004    -0.612555    0.054196
-0.105279    -0.612555    -0.168307
-0.06264    -0.612555    -0.009391
-0.025026    -0.612555    0.028919
-0.091785    -0.612555    0.014544
-0.0792    -0.612555    0.026214
-0.158951    -0.612555    0.019691
-0.038596    -0.612555    0.097955
-0.001288    -0.612555    0.092156
-0.17213    -0.612555    -0.061484
-0.122792    -0.612555    0.190556
-0.228324    -0.401359    -0.003027
-0.20495    -0.375945    0.053071
-0.222291    -0.424433    0.011452
-0.228916    -0.480929    -0.004446
-0.168581    -0.592239    0.140358
-0.200455    -0.574841    0.063859
-0.187634    -0.603621    0.09463
-0.222227    -0.406138    0.011608
-0.161363    -0.600539    0.157679
-0.238533    -0.503903    -0.027527
-0.228661    -0.477964    -0.003835
-0.230856    -0.603664    -0.009102
-0.219026    -0.281344    0.019289
-0.205897    -0.391881    0.050799
-0.195877    -0.506215    0.074848
-0.20865    -0.585386    0.044191
-0.203755    -0.442191    0.05594
-0.193082    -0.392309    0.081555
-0.229489    -0.251824    -0.005823
-0.200123    -0.455319    0.064657
-0.179275    -0.605963    0.114693
-0.216733    -0.52856    0.024792
-0.179058    -0.568338    0.115213
-0.163891    -0.545871    0.151612
-0.175577    -0.553887    0.123566
-0.209209    -0.373656    0.042851
-0.220619    -0.32426    0.015466
-0.22999    -0.249864    -0.007024
-0.192287    -0.476556    0.083462
-0.183555    -0.437019    0.104419
-0.236946    -0.599136    -0.023719
-0.228085    -0.539823    -0.002454
-0.213724    -0.192243    -0.065511
-0.096065    -0.464869    -0.219514
-0.144291    -0.225686    -0.156392
-0.192956    -0.222135    -0.092695
-0.202223    -0.246671    -0.080565
-0.147845    -0.401467    -0.15174
-0.193693    -0.28031    -0.091729
-0.101774    -0.476559    -0.212042
-0.144549    -0.276309    -0.156053
-0.14348    -0.365665    -0.157453
-0.157365    -0.19581    -0.139278
-0.098926    -0.244171    -0.215769
-0.120507    -0.449581    -0.187522
-0.120449    -0.386416    -0.187598
-0.096121    -0.472476    -0.21944
-0.094174    -0.512986    -0.221989
-0.164812    -0.338148    -0.129532
-0.200084    -0.160005    -0.083365
-0.20493    -0.23107    -0.077021
-0.205526    -0.203546    -0.076242
-0.15119    -0.400004    -0.147361
-0.206126    -0.171968    -0.075456
-0.113382    -0.320476    -0.196848
-0.12933    -0.306924    -0.175974
-0.114298    -0.329968    -0.195649
-0.138919    -0.458776    -0.163423
-0.162984    -0.180889    -0.131924
-0.102259    -0.494192    -0.211406
-0.125375    -0.206461    -0.18115
-0.184195    -0.162092    -0.104161
-0.11796    -0.285356    -0.190856
-0.093118    -0.46392    -0.223371
-0.155474    -0.449945    -0.126066
-0.125448    -0.306484    -0.165367
-0.162853    -0.473906    -0.116407
-0.166141    -0.557768    -0.112104
-0.146389    -0.581795    -0.137957
-0.123983    -0.486111    -0.167284
-0.117468    -0.456514    -0.175811
-0.107033    -0.199379    -0.18947
-0.152151    -0.439926    -0.130415
-0.153443    -0.535742    -0.128724
-0.110221    -0.465336    -0.185297
-0.152144    -0.415628    -0.130425
-0.146687    -0.375078    -0.137567
-0.130812    -0.606875    -0.158345
-0.124085    -0.467769    -0.16715
-0.127058    -0.500044    -0.163259
-0.093204    -0.557881    -0.20757
-0.16662    -0.436108    -0.111477
-0.117706    -0.331188    -0.175499
-0.155521    -0.384878    -0.126004
-0.173755    -0.567616    -0.102138
-0.131224    -0.326143    -0.157806
-0.129222    -0.38251    -0.160426
-0.094406    -0.243578    -0.205997
-0.169532    -0.436388    -0.107665
-0.131069    -0.411251    -0.158009
-0.094295    -0.289518    -0.206142
-0.119417    -0.368635    -0.17326
-0.107232    -0.494741    -0.189209
-0.114251    -0.309224    -0.180022
-0.154459    -0.508667    -0.127394
-0.186251    -0.414984    -0.085782
-0.18627    -0.359666    -0.085757
-0.226264    -0.21627    -0.03341
-0.202322    -0.420733    -0.064747
-0.109466    -0.200788    -0.186285
-0.198213    -0.175784    -0.070126
-0.200077    -0.29743    -0.067686
-0.130337    -0.179695    -0.158967
-0.146651    -0.316634    -0.137614
-0.191437    -0.453067    -0.078995
-0.134132    -0.194033    -0.154
-0.139571    -0.190253    -0.146881
-0.187743    -0.356439    -0.083829
-0.142181    -0.245898    -0.143465
-0.217835    -0.275439    -0.044442
-0.198413    -0.409212    -0.069863
-0.144261    -0.226989    -0.140742
-0.225918    -0.246707    -0.033862
-0.217767    -0.273671    -0.044531
-0.191807    -0.225156    -0.078511
-0.14274    -0.175694    -0.142733
-0.194402    -0.291914    -0.075113
-0.20076    -0.365873    -0.066791
-0.228981    -0.201372    -0.029853
-0.190755    -0.303943    -0.079887
-0.216034    -0.367643    -0.0468
-0.15432    -0.196625    -0.127576
-0.111046    -0.15762    -0.184217
-0.18592    -0.271524    -0.086216
-0.162062    -0.24654    -0.117443
-0.221099    -0.137332    -0.008336
0.016138    -0.140762    0.203835
-0.048462    -0.194601    0.195468
-0.018106    -0.300396    0.1994
0.005859    -0.426561    0.202504
0.037247    -0.139178    0.206569
-0.057573    -0.217191    0.194287
0.05063    -0.22595    0.208303
-0.002431    -0.317509    0.20143
0.004137    -0.169086    0.202281
0.033354    -0.224386    0.206065
-0.103811    -0.21026    0.188298
-0.005741    -0.229373    0.201001
-0.013125    -0.144504    0.200045
-0.018547    -0.207285    0.199342
0.056474    -0.182271    0.20906
-0.096616    -0.155357    0.18923
0.074162    -0.154049    0.211351
-0.116852    -0.177227    0.186609
0.05913    -0.499311    0.209404
0.060784    -0.443758    0.209618
-0.056378    -0.276748    0.194442
0.051442    -0.221433    0.208408
0.056148    -0.186939    0.209017
0.038635    -0.148535    0.206749
0.062483    -0.187882    0.209838
-0.009379    -0.392482    0.20053
0.056752    -0.173313    0.209096
0.078952    -0.478469    0.211971
-0.010049    -0.307095    0.200443
-0.009857    -0.18615    0.200468
-0.014961    -0.395369    0.199807
0.126225    -0.612555    0.049666
0.118515    -0.612555    0.024858
0.046052    -0.612555    0.065414
0.084086    -0.612555    0.067402
0.110217    -0.612555    -0.008405
0.141011    -0.612555    0.02501
0.091185    -0.612555    -0.065531
-0.069931    -0.612555    -0.193787
0.09292    -0.612555    -0.063424
0.218032    -0.612555    0.040943
0.001514    -0.612555    -0.0904
0.212822    -0.612555    0.03234
0.019011    -0.612555    -0.127558
0.180144    -0.612555    0.004984
0.08262    -0.612555    0.029473
-0.040665    -0.612555    -0.118483
-0.057854    -0.612555    -0.156265
0.031525    -0.612555    -0.099636
0.112876    -0.612555    -0.038743
0.039506    -0.612555    0.035597
0.052979    -0.612555    -0.046977
0.049119    -0.612555    -0.070384
-0.028233    -0.612555    -0.095436
-0.055829    -0.612555    -0.172998
0.011994    -0.612555    0.002132
0.13858    -0.612555    0.158715
0.014192    -0.541915    0.213186
-0.013635    -0.484712    0.209582
0.060497    -0.25917    0.219184
-0.029359    -0.553782    0.207545
-0.074045    -0.59986    0.201757
-0.002225    -0.572456    0.21106
0.007415    -0.319873    0.212309
0.054253    -0.424893    0.218375
0.050673    -0.584575    0.217912
0.02504    -0.311341    0.214591
0.021867    -0.473917    0.21418
-0.031581    -0.529018    0.207258
-0.048623    -0.578256    0.20505
0.048095    -0.28205    0.217578
-0.039873    -0.514079    0.206184
0.071484    -0.378785    0.220607
-0.069079    -0.493547    0.202401
0.075503    -0.453421    0.221128
0.079599    -0.210308    0.221658
0.007722    -0.606763    0.212348
0.072381    -0.563792    0.220723
0.061487    -0.365685    0.219312
-0.048853    -0.610392    0.20502
0.020063    -0.370224    0.213947
0.051001    -0.30168    0.217954
0.083941    -0.475375    0.222221
-0.022993    -0.384073    0.20837
-0.065421    -0.571451    0.202875
-0.029692    -0.396627    0.207502
0.040496    -0.327598    0.216593
-0.045738    -0.596911    0.205424
0.033825    -0.287262    0.215729
-0.189864    -0.351822    0.089278
-0.147165    -0.301188    0.191756
-0.215003    -0.264276    0.028944
-0.172954    -0.157077    0.129862
-0.20299    -0.186685    0.057776
-0.179317    -0.400687    0.11459
-0.148031    -0.249125    0.189678
-0.220513    -0.230807    0.015721
-0.155562    -0.460077    0.171603
-0.151607    -0.50782    0.181094
-0.164848    -0.477196    0.149317
-0.188942    -0.189506    0.091491
-0.166598    -0.160232    0.145115
-0.156465    -0.455901    0.169436
-0.217532    -0.206778    0.022874
-0.197156    -0.262102    0.071778
-0.151482    -0.522685    0.181393
-0.167313    -0.43894    0.143401
-0.187466    -0.261007    0.095034
-0.213392    -0.185862    0.032811
-0.150364    -0.477866    0.184078
-0.151202    -0.287222    0.182066
-0.15069    -0.46366    0.183296
-0.151311    -0.488714    0.181805
-0.152671    -0.38794    0.178542
-0.176706    -0.386834    0.120857
-0.149617    -0.21909    0.185871
-0.182962    -0.418457    0.105844
-0.232402    -0.15822    -0.012813
-0.177141    -0.299378    0.119814
-0.155623    -0.495033    0.171455
-0.235448    -0.156923    -0.020123
-0.206392    -0.137332    -0.070162
-0.106277    -0.120388    -0.183858
-0.21163    -0.111984    -0.034907
-0.159068    -0.136496    -0.13595
-0.13444    -0.035569    -0.035422
-0.119962    -0.091265    -0.127637
-0.108905    0.002743    -0.018446
-0.110883    -0.009783    -0.032334
-0.121233    -0.099471    -0.136769
-0.145681    -0.083266    -0.083451
-0.102121    -0.013794    -0.04908
-0.106924    -0.110465    -0.169957
-0.142517    -0.035975    -0.025383
0.00724    -0.506323    -0.210423
-0.075479    -0.201102    -0.221137
0.11168    -0.59123    -0.196895
-0.014805    -0.329849    -0.213278
-0.091262    -0.15708    -0.223181
0.061148    -0.530351    -0.20344
-0.092607    -0.176445    -0.223355
0.057055    -0.461156    -0.203971
-0.00101    -0.389216    -0.211491
-0.044961    -0.568559    -0.217184
-0.086012    -0.201058    -0.222501
-0.03585    -0.56654    -0.216004
-0.083802    -0.582333    -0.222215
-0.072724    -0.342194    -0.22078
0.080062    -0.532611    -0.200991
0.038843    -0.539628    -0.206329
-0.048831    -0.264879    -0.217685
-0.085458    -0.562567    -0.222429
-0.074835    -0.192003    -0.221053
0.009509    -0.452748    -0.210129
0.009208    -0.43798    -0.210168
0.048697    -0.544435    -0.205053
-0.006873    -0.376948    -0.212251
0.015649    -0.607304    -0.209334
-0.073731    -0.332809    -0.22091
0.023161    -0.515707    -0.208361
-0.089151    -0.579964    -0.222908
-0.014543    -0.481899    -0.213244
-0.05889    -0.457246    -0.218988
-0.070518    -0.30114    -0.220494
0.068771    -0.461784    -0.202453
-0.079651    -0.490329    -0.221677
0.089742    -0.612555    -0.196028
0.175431    -0.612555    -0.028686
0.0547    -0.612555    -0.148032
0.037246    -0.612555    -0.130102
0.176853    -0.612555    -0.057733
0.166932    -0.612555    -0.036991
0.18931    -0.612555    -0.05363
0.126502    -0.612555    -0.170511
0.085398    -0.612555    -0.185021
0.120664    -0.612555    -0.067629
0.031692    -0.612555    -0.182989
0.076926    -0.612555    -0.183122
0.135774    -0.612555    -0.148846
0.137247    -0.612555    -0.174308
0.027241    -0.408227    -0.198228
0.000894    -0.528129    -0.201641
0.095693    -0.39612    -0.189362
-0.047785    -0.552513    -0.207946
0.065568    -0.396456    -0.193264
0.110389    -0.457192    -0.187459
0.062221    -0.546094    -0.193697
0.139162    -0.329736    -0.183732
0.089676    -0.324653    -0.190141
-0.014929    -0.542577    -0.20369
0.00314    -0.539716    -0.20135
0.130579    -0.332694    -0.184844
-0.015796    -0.571039    -0.203802
-0.02744    -0.531041    -0.205311
0.073961    -0.28282    -0.192177
-0.013869    -0.548306    -0.203553
0.100823    -0.379065    -0.188698
-0.020954    -0.500193    -0.204471
0.106464    -0.585031    -0.187967
0.121247    -0.44644    -0.186052
0.05181    -0.377237    -0.195046
0.10164    -0.56271    -0.188592
0.050337    -0.349277    -0.195237
0.014782    -0.475464    -0.199842
0.109047    -0.269894    -0.187632
-0.01546    -0.481819    -0.203759
0.112166    -0.476941    -0.187228
-0.045502    -0.524563    -0.20765
-0.040902    -0.530231    -0.207054
0.135632    -0.180791    -0.184189
0.049241    -0.172573    -0.195379
0.07528    -0.192148    -0.192006
0.005914    -0.281877    -0.20099
-0.034941    -0.269574    -0.206282
0.014267    -0.389322    -0.199909
-0.072329    -0.145423    -0.211125
-0.065367    -0.256674    -0.210223
0.018174    -0.239473    -0.199403
-0.068288    -0.394871    -0.210601
-0.01494    -0.252402    -0.203692
0.043366    -0.300905    -0.19614
-0.029541    -0.47801    -0.205583
0.086708    -0.13817    -0.190526
-0.07289    -0.533741    -0.211197
0.010768    -0.157024    -0.200362
-0.047764    -0.164427    -0.207943
-0.055027    -0.270749    -0.208884
0.093424    -0.212165    -0.189656
-0.070919    -0.328939    -0.210942
-0.068414    -0.176044    -0.210618
-0.055248    -0.261307    -0.208912
0.017208    -0.246028    -0.199528
0.000863    -0.20806    -0.201645
0.01495    -0.321544    -0.19982
-0.002588    -0.349592    -0.202092
0.009865    -0.266865    -0.200479
-0.078641    -0.373663    -0.211942
-0.08071    -0.242103    -0.21221
-0.059889    -0.545197    -0.209514
-0.04242    -0.416258    -0.207251
-0.081489    -0.265172    -0.212311
-0.129326    -0.137332    -0.162305
-0.028394    -0.137332    0.202287
0.099221    -0.562439    0.199698
0.136865    -0.393085    0.150426
0.092117    -0.249205    0.208995
0.181851    -0.548879    0.091545
0.129521    -0.457771    0.160039
0.115464    -0.466327    0.178438
0.140857    -0.38474    0.145201
0.097806    -0.240648    0.201549
0.133769    -0.289834    0.154478
0.166053    -0.505609    0.112223
0.121994    -0.530032    0.169891
0.126748    -0.29263    0.163668
0.116985    -0.465812    0.176447
0.094159    -0.46952    0.206323
0.095372    -0.406051    0.204736
0.089324    -0.348461    0.212652
0.181475    -0.599029    0.092037
0.132106    -0.294754    0.156655
0.118285    -0.294934    0.174745
0.095649    -0.491061    0.204373
0.089087    -0.268031    0.212961
0.127581    -0.543546    0.162578
0.136067    -0.599285    0.15147
0.1237    -0.390562    0.167658
0.133398    -0.469541    0.154964
0.093949    -0.516009    0.206598
0.16693    -0.583856    0.111075
0.15448    -0.523274    0.12737
0.1192    -0.410884    0.173547
0.155919    -0.565371    0.125487
0.225935    -0.612555    0.044048
0.22918    -0.393889    0.045285
0.106373    -0.606313    0.206025
0.221974    -0.464399    0.054718
0.104117    -0.578996    0.208977
0.149811    -0.441202    0.149169
0.187839    -0.360788    0.099396
0.180492    -0.399901    0.109011
0.175717    -0.460596    0.115262
0.130771    -0.606872    0.17409
0.198984    -0.288035    0.084808
0.180334    -0.393807    0.109219
0.114845    -0.559221    0.194935
0.186583    -0.538472    0.10104
0.164034    -0.608703    0.130553
0.116507    -0.577307    0.19276
0.224082    -0.492871    0.051958
0.169941    -0.608785    0.122822
0.121854    -0.5341    0.185761
0.186812    -0.431057    0.10074
0.220733    -0.345827    0.056341
0.205546    -0.463931    0.076219
0.19837    -0.473261    0.085612
0.13921    -0.477421    0.163045
0.238233    -0.330232    0.033436
0.202173    -0.534868    0.080635
0.17717    -0.573664    0.11336
0.192957    -0.609605    0.092697
0.23929    -0.411613    0.032053
0.218313    -0.307002    0.059509
0.162435    -0.389539    0.132646
0.211791    -0.365712    0.068045
0.194016    -0.380224    0.091311
-0.058594    -0.350939    0.203759
0.051888    -0.194127    0.218069
-0.134412    -0.512697    0.193939
-0.047007    -0.335004    0.20526
0.008903    -0.247368    0.212501
-0.092092    -0.327527    0.19942
-0.036506    -0.158028    0.20662
0.018752    -0.141302    0.213777
-0.037515    -0.212258    0.206489
-0.123218    -0.437126    0.195388
-0.085347    -0.388994    0.200294
-0.118763    -0.34767    0.195965
0.036461    -0.225977    0.216071
-0.072226    -0.28999    0.201993
-0.052989    -0.179458    0.204485
-0.076522    -0.408096    0.201437
0.042632    -0.208479    0.21687
-0.135739    -0.139129    0.193767
-0.031826    -0.174604    0.207226
-0.076204    -0.306666    0.201478
-0.068726    -0.154602    0.202447
-0.055309    -0.221904    0.204184
-0.073918    -0.28776    0.201774
-0.112469    -0.309724    0.196781
-0.146386    -0.360693    0.192388
-0.070587    -0.331289    0.202205
0.034211    -0.197301    0.215779
-0.017622    -0.338895    0.209066
0.036638    -0.226448    0.216094
-0.119623    -0.166116    0.195854
0.046242    -0.143759    0.217338
-0.039413    -0.341187    0.206243
0.214147    -0.166913    0.064962
0.150474    -0.18334    0.148301
0.140218    -0.186382    0.161725
0.158658    -0.253596    0.137589
0.186281    -0.287345    0.101435
0.130168    -0.323016    0.174879
0.161096    -0.335423    0.134398
0.148889    -0.278286    0.150376
0.134675    -0.282061    0.16898
0.106923    -0.424674    0.205304
0.095058    -0.515524    0.220834
0.230877    -0.156386    0.043064
0.096009    -0.138641    0.219589
0.107251    -0.359733    0.204876
0.111042    -0.512619    0.199913
0.124708    -0.387158    0.182026
0.210259    -0.204372    0.070051
0.119347    -0.332945    0.189043
0.121857    -0.263723    0.185757
0.192477    -0.154292    0.093324
0.14238    -0.165903    0.158895
0.137482    -0.185877    0.165307
0.131425    -0.140046    0.173234
0.182055    -0.280072    0.106966
0.098355    -0.497337    0.216518
0.159413    -0.349479    0.136601
0.118244    -0.426865    0.190486
0.109202    -0.221245    0.202322
0.184487    -0.266185    0.103782
0.106644    -0.363456    0.205669
0.168485    -0.247898    0.124728
0.12191    -0.489965    0.185688
-0.120389    -0.077125    0.131004
-0.194949    -0.12658    0.054749
-0.132761    -0.057464    0.060488
-0.131918    -0.056398    0.060299
-0.129189    -0.054565    0.063041
-0.174293    -0.088258    0.024753
-0.089028    -0.014577    0.076399
-0.121255    -0.067175    0.108266
-0.177249    -0.113388    0.069836
-0.183398    -0.110161    0.04838
-0.187132    -0.135127    0.091257
-0.156209    -0.104651    0.102191
-0.151921    -0.091216    0.084587
-0.059446    -0.032765    -0.129892
-0.073913    -0.02405    -0.099492
-0.06369    -0.007823    -0.091526
-0.091712    -0.102467    -0.179348
-0.092353    -0.133581    -0.219438
-0.17896    -0.080689    -0.002164
-0.125066    -0.032871    0.027893
-0.113999    -0.013325    0.013868
-0.146003    -0.042457    -0.002453
-0.073842    0.007389    0.067235
-0.10935    -0.015528    0.029599
0.090307    -0.26567    -0.199664
0.065485    -0.268376    -0.202879
0.043402    -0.335877    -0.205739
-0.031509    -0.19154    -0.215442
0.025402    -0.220833    -0.20807
0.031894    -0.369564    -0.20723
0.052588    -0.399701    -0.204549
0.066239    -0.37893    -0.202781
0.069988    -0.16913    -0.202295
0.074065    -0.251029    -0.201767
-0.021224    -0.249675    -0.21411
-0.000209    -0.158039    -0.211388
0.057125    -0.138608    -0.203961
-0.064014    -0.193771    -0.219652
0.131782    -0.385711    -0.194292
0.131257    -0.505986    -0.19436
0.045999    -0.146246    -0.205402
0.124437    -0.406555    -0.195243
0.116528    -0.255336    -0.196267
0.097965    -0.447941    -0.198672
0.025119    -0.181414    -0.208107
0.14543    -0.338009    -0.192524
0.129507    -0.436903    -0.194586
0.009973    -0.213729    -0.210069
0.102743    -0.488225    -0.198053
0.060852    -0.20866    -0.203479
0.024809    -0.359434    -0.208147
-0.001037    -0.25244    -0.211495
0.108113    -0.281793    -0.197357
0.101119    -0.444806    -0.198263
0.143947    -0.33975    -0.192716
0.069626    -0.330728    -0.202342
0.152765    -0.612555    -0.15535
0.209624    -0.599171    -0.017126
0.179463    -0.522344    -0.089514
0.180098    -0.356016    -0.08799
0.156598    -0.326416    -0.14439
0.19573    -0.583983    -0.050473
0.179173    -0.465575    -0.090208
0.179209    -0.554783    -0.090122
0.149392    -0.555645    -0.161685
0.201809    -0.518179    -0.035883
0.144553    -0.533084    -0.173298
0.179506    -0.500817    -0.08941
0.157885    -0.357164    -0.141301
0.176608    -0.550163    -0.096364
0.175157    -0.527314    -0.099847
0.189205    -0.586353    -0.066132
0.186801    -0.40324    -0.071902
0.183238    -0.400622    -0.080453
0.176909    -0.385619    -0.095642
0.151491    -0.221154    -0.156647
0.182751    -0.496315    -0.081621
0.148277    -0.28451    -0.164361
0.184944    -0.521159    -0.076359
0.161286    -0.30525    -0.133137
0.164842    -0.311076    -0.124604
0.173871    -0.561453    -0.102935
0.156557    -0.452118    -0.144488
0.153124    -0.301787    -0.152728
0.198544    -0.473485    -0.043719
0.189212    -0.479455    -0.066117
0.184646    -0.520175    -0.077075
0.202097    -0.53507    -0.035191
-0.125796    -0.137332    0.186486
0.184876    -0.455148    0.087585
0.220797    -0.373462    0.040569
0.204405    -0.331462    0.062024
0.124356    -0.184339    0.166799
0.156849    -0.219253    0.124269
0.220224    -0.155592    0.041318
0.170187    -0.170878    0.106812
0.15826    -0.144398    0.122422
0.220114    -0.556221    0.041463
0.102089    -0.174498    0.195944
0.17296    -0.256618    0.103182
0.20102    -0.41203    0.066455
0.158691    -0.274013    0.121859
0.197464    -0.23154    0.071109
0.156267    -0.246124    0.125031
0.133598    -0.257854    0.154702
0.157683    -0.360948    0.123178
0.20127    -0.479049    0.066127
0.166222    -0.232358    0.112001
0.146854    -0.144434    0.137352
0.179885    -0.203963    0.094118
0.218538    -0.259853    0.043525
0.143963    -0.246869    0.141135
0.215513    -0.370549    0.047485
0.167853    -0.389771    0.109867
0.193603    -0.261927    0.076163
0.212954    -0.482506    0.050835
0.175624    -0.347593    0.099694
0.187655    -0.253842    0.083947
0.176255    -0.202759    0.09887
0.181615    -0.331763    0.091854
0.205233    -0.363094    -0.052428
0.197024    -0.543049    -0.07213
0.218859    -0.542455    -0.019726
0.222639    -0.56231    -0.010654
0.183374    -0.584465    -0.104891
0.219816    -0.379167    -0.017431
0.233752    -0.240284    0.016016
0.227053    -0.561261    -6e-05
0.197534    -0.609957    -0.070907
0.223777    -0.305387    -0.007923
0.200586    -0.465873    -0.063583
0.233162    -0.458661    0.014602
0.217848    -0.498602    -0.022153
0.233834    -0.263009    0.016214
0.216631    -0.400153    -0.025073
0.228241    -0.213523    0.002791
0.228586    -0.346819    0.003618
0.232503    -0.379128    0.013019
0.232546    -0.271423    0.013122
0.197193    -0.548047    -0.071725
0.229509    -0.561737    0.005833
0.230125    -0.584613    0.007312
0.234704    -0.505009    0.018302
0.172711    -0.580763    -0.130482
0.189075    -0.407536    -0.091209
0.225075    -0.42369    -0.004808
0.182561    -0.561236    -0.106841
0.184038    -0.508171    -0.103297
0.194928    -0.375262    -0.077161
0.201725    -0.537665    -0.060849
0.192846    -0.568733    -0.082159
0.224385    -0.268965    -0.006465
-0.059931    -0.082381    0.159335
-0.083712    -0.120044    0.186584
0.028109    -0.026231    0.125522
-0.022139    -0.040081    0.130167
-0.038234    -0.079187    0.159573
-0.102343    -0.131794    0.193633
0.07721    -0.131036    0.216279
0.014297    -0.009049    0.109896
0.005357    -0.08389    0.169006
-0.013305    -0.119289    0.195095
0.023853    -0.124798    0.204344
0.035674    -0.078998    0.168994
-0.04938    -0.127661    0.197165
0.220864    -0.13579    0.054142
0.196529    -0.113862    0.057148
0.191697    -0.097184    0.041533
0.123938    -0.132734    0.176985
0.177147    -0.135574    0.111077
0.160946    -0.116092    0.106655
0.148438    -0.06649    0.057779
0.177583    -0.101415    0.065572
0.170435    -0.075235    0.04049
0.157032    -0.127964    0.127395
0.147365    -0.060306    0.051048
0.12421    -0.061116    0.082422
0.100987    -0.125037    0.1969
-0.067038    -0.044637    0.12802
-0.118435    -0.100547    0.166386
-0.029524    -0.030151    0.121214
-0.078951    -0.023738    0.109647
-0.027201    -0.002931    0.099595
-0.073077    0.036814    -0.053636
-0.081634    0.031742    -0.042436
-0.09648    0.087161    -0.023005
-0.064012    -0.07107    -0.166292
-0.039954    -0.131524    -0.211859
0.008934    -0.102764    -0.182366
-0.036626    -0.127227    -0.207967
0.018279    -0.041813    -0.132073
-0.046779    -0.037387    -0.136936
-0.012113    -0.0494    -0.142119
-0.01442    -0.135738    -0.211945
0.024446    -0.102688    -0.180296
0.112846    -0.115585    -0.179232
0.007291    -0.124437    -0.200032
-0.023852    -0.042545    -0.13812
0.02308    -0.134793    -0.206327
-0.072911    0.018346    0.060641
-0.088996    0.053053    0.022036
0.104574    -0.137332    -0.192437
0.163522    -0.308172    -0.152536
0.147761    -0.603214    -0.190362
0.162245    -0.226432    -0.155601
0.147981    -0.515545    -0.189835
0.177509    -0.286255    -0.118966
0.16309    -0.321633    -0.153574
0.181684    -0.289088    -0.108947
0.187623    -0.241902    -0.094693
0.191651    -0.1971    -0.085026
0.151889    -0.328011    -0.180454
0.234242    -0.166308    0.017192
0.176535    -0.41759    -0.121304
0.156502    -0.338788    -0.169383
0.175438    -0.205838    -0.123938
0.191353    -0.301926    -0.085741
0.158855    -0.422077    -0.163736
0.211962    -0.226163    -0.03628
0.166469    -0.222147    -0.145463
0.188468    -0.204472    -0.092665
0.205748    -0.223704    -0.051194
0.157782    -0.271598    -0.166311
0.210119    -0.174687    -0.040702
0.15041    -0.372984    -0.184004
0.189871    -0.349587    -0.089297
0.185427    -0.178548    -0.099963
0.152462    -0.525011    -0.179079
0.212122    -0.264166    -0.035896
0.151378    -0.224668    -0.181682
0.190241    -0.214815    -0.08841
0.177795    -0.253724    -0.118281
0.182223    -0.348732    -0.107654
0.195744    -0.235018    -0.075202
0.219565    -0.218828    0.006732
0.15477    -0.198866    -0.148776
0.176626    -0.250207    -0.096321
0.210011    -0.25975    -0.016197
0.227063    -0.597755    0.024726
0.215375    -0.159411    -0.003324
0.189041    -0.343627    -0.066526
0.213045    -0.255151    -0.008916
0.222875    -0.413763    0.014676
0.21086    -0.240336    -0.014161
0.220332    -0.184604    0.008574
0.175823    -0.283903    -0.09825
0.216608    -0.408427    -0.000366
0.190826    -0.241693    -0.062242
0.220606    -0.547717    0.009229
0.206661    -0.386215    -0.024237
0.22566    -0.275799    0.021359
0.217255    -0.285218    0.001188
0.228292    -0.171431    0.027676
0.192092    -0.260751    -0.059204
0.14486    -0.156983    -0.172562
0.170876    -0.164869    -0.110123
0.225571    -0.53768    0.021147
0.228958    -0.234098    0.029274
0.21446    -0.207275    -0.00552
0.228487    -0.321319    0.028145
0.199367    -0.347587    -0.041743
0.21937    -0.416311    0.006263
0.160091    -0.207266    -0.136007
0.226496    -0.44372    0.023367
0.196899    -0.137332    0.079898
0.075904    -0.058064    0.141633
0.092478    -0.003027    0.047541
0.06174    -0.033113    0.12735
0.073166    0.008881    0.057155
0.092188    -0.074712    0.142217
0.087167    -0.023785    0.081799
0.192072    -0.107549    -0.022174
0.215641    -0.133315    -0.019109
0.163225    -0.082986    -0.040403
0.142339    -0.117931    -0.163093
0.186042    -0.101336    -0.023747
0.152101    -0.070409    -0.040988
0.145711    -0.054138    -0.022538
0.170022    -0.067308    0.008462
0.185684    -0.082886    0.013705
0.130342    -0.01994    0.011583
0.232836    -0.132626    0.023591
0.192739    -0.105542    -0.016406
0.038478    0.028358    0.096368
0.020303    0.034239    0.094013
-0.016925    0.045741    0.089192
-0.071098    0.081825    -0.056227
-0.072028    0.059982    -0.055009
-0.053786    0.053535    -0.078885
0.062557    -0.013646    -0.103656
0.052878    -0.012098    -0.103663
0.066833    -0.029748    -0.116069
0.089327    -0.045328    -0.125702
0.049242    -0.037252    -0.12439
-0.087158    0.100131    0.026446
-0.088573    0.102753    0.023052
-0.094    0.084466    0.010026
0.192144    -0.137332    -0.072419
0.062684    0.032264    0.067244
0.059818    0.017483    0.070995
0.081433    0.063332    0.042704
0.114462    -0.077442    -0.145925
0.072285    0.010467    -0.064616
0.103168    -0.00273    -0.017898
0.102041    0.00166    -0.011489
0.118287    -0.077643    -0.137163
0.017683    0.095442    0.093674
-0.039868    0.092268    0.08622
-0.031013    0.093187    0.087367
0.041307    0.043514    0.095224
0.060023    0.054823    0.070726
0.078657    0.084926    0.046337
0.004569    0.034623    -0.090804
-0.038598    0.086106    -0.096395
-0.017015    0.052856    -0.093599
-0.088391    0.103383    0.003791
0.084813    0.014621    -0.032112
0.089535    0.020369    -0.020779
0.028306    0.103383    0.092821
-0.090463    0.103383    -0.012175
0.002627    0.099921    -0.091055
0.004741    0.101303    -0.090781
-0.075903    0.103383    -0.006188
0.068962    0.077152    -0.070154
0.097831    0.090599    -0.000868
0.040472    0.103383    0.064827
0.079793    0.103383    -0.033102
-0.050309    0.103383    -0.053561
0.052208    0.103383    -0.055185
-0.072131    0.113181    -0.005043
-0.062365    0.126363    -0.036228
-0.035649    0.086579    0.062692
0.054737    0.10308    0.047249
0.004143    0.112456    -0.07214
-0.057563    0.084762    0.001893
-0.046689    0.084762    -0.006166
0.032915    0.142364    0.009276
0.063722    0.131626    0.033876
-0.005635    0.138422    -0.072119
0.072125    0.088725    -0.002792
-0.035069    0.142364    -0.018551
-0.007472    0.142364    -0.042638
0.036696    0.084762    0.008552
-0.029574    0.084762    -0.028721
0.062117    0.142364    0.018072
0.044795    0.084762    -0.046452
0.037815    0.117129    0.061444
-0.067201    0.087452    0.027775
0.021338    0.116585    0.068943
-0.03638    0.084762    0.035883
0.071094    0.103866    -0.013415
-0.021076    0.142364    0.067386
0.0077    0.142364    -0.004718
0.009903    0.084762    0.000755
-0.033602    0.114985    -0.063893
0.06948    0.127811    -0.019391
0.016851    0.084762    0.059691
-0.040161    0.084762    -0.041113
-0.007381    0.084762    -0.050224
0.031137    0.084762    -0.027948
0.06939    0.12677    0.01973
0.061879    0.142364    0.011931
