0.133328    0.067008    -0.038852
0.150167    0.135648    -0.040028
0.151891    0.084216    -0.030803
0.145561    0.054144    -0.011553
0.151285    0.136959    -0.034046
0.152454    0.12741    -0.027796
0.148681    0.119403    -0.047887
0.151755    0.024328    -0.031535
0.141164    0.060551    -0.013551
0.143053    0.108432    -0.062416
0.142653    0.044561    -0.058094
0.123833    0.181863    -0.035006
0.154073    0.095618    -0.018256
0.116343    0.183009    -0.052938
0.152717    0.082721    -0.016379
0.149166    -0.021916    -0.045384
0.154073    -0.002137    -0.012557
0.154073    0.03135    -0.006904
0.121447    0.079685    -0.09379
0.136263    0.105594    -0.078095
0.148117    0.030062    -0.049343
0.146198    0.035491    -0.054297
0.069458    0.220425    -0.036375
0.154073    0.109489    -0.002153
0.063809    0.22081    -0.04591
0.143856    -0.072421    -0.02989
0.152074    -0.038306    -0.027403
0.152408    -0.002451    0.018945
0.11431    0.077477    -0.099492
0.123916    0.111453    -0.098035
0.110891    0.17628    -0.082234
0.130332    0.162074    -0.086683
0.144544    -0.029187    -0.058566
0.079794    0.217599    -0.006982
0.154073    0.148611    -0.000491
0.139554    0.07333    0.030192
0.150426    0.027849    0.029548
0.142231    -0.070509    -0.040909
0.148249    -0.062386    -0.015984
0.149084    -0.058647    -0.002778
0.143093    -0.06434    0.034705
0.102154    0.074721    -0.108814
0.120425    0.095243    -0.102433
0.134646    0.03385    -0.080706
0.125508    0.033537    -0.095464
0.137524    -0.062615    -0.060423
0.143294    -0.048623    -0.054182
0.141234    0.171347    -0.010887
0.154044    0.104419    0.010193
0.137631    0.075649    0.044356
0.145842    -0.03626    0.046119
0.133828    -0.149078    -0.03718
0.135641    -0.121786    -0.02748
0.136951    -0.15942    -0.020477
0.136977    -0.173412    -0.020335
0.139297    -0.102462    0.00127
0.149814    -0.053405    0.012041
0.128034    -0.101347    0.051873
0.105611    0.140216    -0.118683
0.104259    0.055407    -0.106243
0.109003    0.16802    -0.102465
0.126266    -0.034053    -0.094239
0.124774    0.002934    -0.09665
0.135068    -0.06874    -0.062976
0.131498    0.178676    0.001973
0.149086    0.090404    0.036715
0.133191    0.074893    0.053765
0.141027    0.010984    0.05855
0.14106    -0.039081    0.056751
0.134505    -0.069563    0.054823
0.133291    -0.218828    -0.040056
0.136958    -0.358726    -0.020436
0.132955    -0.3015    -0.041849
0.137489    -0.215972    -0.012367
0.137489    -0.261603    -0.012629
0.137489    -0.16182    -0.005567
0.137489    -0.231092    -0.004439
0.137489    -0.14506    0.000377
0.135826    -0.117937    0.017395
0.132891    -0.119065    0.033099
0.134033    -0.233763    0.026989
0.133078    -0.32309    0.032096
0.130516    -0.117738    0.039773
0.125932    -0.148843    0.051606
0.125735    -0.227473    0.052113
0.093458    0.08214    -0.126282
0.102603    0.108343    -0.121789
0.112278    0.012416    -0.111369
0.117736    0.03345    -0.105383
0.064392    0.202344    -0.08296
0.127483    -0.038208    -0.091471
0.129458    -0.246621    -0.0516
0.132506    -0.271285    -0.043734
0.132605    -0.257104    -0.043479
0.130025    -0.220099    -0.050137
0.112935    0.192056    0.010522
0.083273    0.213235    0.016093
0.095733    0.203148    0.022357
0.141273    0.088721    0.057914
0.124864    0.043152    0.085571
0.135859    -0.011325    0.069649
0.13366    -0.048514    0.068023
0.142818    -0.390892    -0.030402
0.137489    -0.339021    0.002187
0.137489    -0.297611    -0.003018
0.137272    -0.290099    0.009659
0.136794    -0.223376    0.012216
0.1368    -0.191347    0.012186
0.130137    -0.179507    0.04075
0.128146    -0.335194    0.04589
0.126159    -0.337695    0.051019
0.131664    -0.294237    0.03681
0.115267    -0.35423    0.071404
0.118553    -0.258019    0.066098
0.123147    -0.13422    0.058678
0.055029    0.069914    -0.13577
0.096666    0.156081    -0.126273
0.105811    -0.02315    -0.118464
0.091276    0.012647    -0.130343
0.085324    0.02805    -0.134838
0.078871    0.173146    -0.120629
0.118191    -0.063974    -0.095544
0.039806    0.234149    -0.065443
0.124163    -0.278501    -0.065268
0.128548    -0.301738    -0.053949
0.125377    -0.218357    -0.062135
0.068145    0.223453    0.019532
0.14262    0.145765    0.054436
0.126072    0.080398    0.078551
0.134264    0.035008    0.072226
0.116869    -0.084311    0.079953
0.126232    -0.055714    0.076966
0.114002    -0.179483    0.073448
0.110963    -0.128447    0.078356
0.112818    -0.172554    0.075359
0.150709    -0.428043    -0.036658
0.145457    -0.392464    -0.011633
0.145576    -0.39296    -0.000533
0.134197    -0.359349    0.026268
0.137593    -0.424079    0.064543
0.117423    -0.375619    0.075387
0.056139    0.049571    -0.144764
0.054994    -0.02109    -0.151337
0.079532    0.130114    -0.139119
0.117605    -0.050199    -0.100922
0.101587    -0.012159    -0.122556
0.097622    -0.011086    -0.125551
0.075894    -0.005501    -0.140931
0.03784    0.22123    -0.071512
0.116685    -0.222403    -0.078211
0.119458    -0.25279    -0.073732
0.116326    -0.168677    -0.078791
0.141805    -0.404663    -0.049882
0.069419    0.229916    0.012239
0.115009    0.184805    0.040679
0.138171    0.098328    0.065917
0.135793    0.101336    0.069756
0.118769    -0.007753    0.095153
0.122295    0.001024    0.091284
0.109576    -0.106916    0.081825
0.107031    -0.290238    0.083412
0.09499    -0.323491    0.096619
0.106453    -0.230691    0.084045
0.152956    -0.524416    -0.025108
0.153339    -0.473323    -0.023058
0.151638    -0.439551    -0.032158
0.147197    -0.411675    0.024993
0.144372    -0.418741    0.043502
0.140033    -0.422061    0.056903
0.130149    -0.395715    0.063985
0.107733    -0.389823    0.093529
0.041811    0.051248    -0.148564
0.052345    -0.001454    -0.15235
0.057208    0.153512    -0.150235
0.105217    -0.069484    -0.108116
0.089808    -0.065337    -0.123326
0.077878    -0.04505    -0.137763
0.067703    -0.064819    -0.137895
0.06602    0.165956    -0.139505
0.122962    -0.35434    -0.068073
0.118068    -0.291526    -0.075977
0.111259    -0.338512    -0.086973
0.111495    -0.275351    -0.086592
0.13934    -0.422263    -0.067924
0.065115    0.272517    -0.053291
0.080341    0.205948    0.047616
0.129917    0.151401    0.079246
0.108751    0.083746    0.105622
0.117629    0.030756    0.096402
0.11034    0.040649    0.104399
0.109305    -0.057548    0.098493
0.098264    -0.197551    0.093027
0.0996    -0.147761    0.091563
0.104647    -0.117965    0.086026
0.105275    -0.360047    0.085629
0.149764    -0.558221    -0.042184
0.149771    -0.460508    -0.042148
0.148808    -0.498451    -0.047296
0.154073    -0.578499    -0.010901
0.154073    -0.501565    -0.005554
0.154073    -0.460095    0.00461
0.150119    -0.492896    0.03119
0.150293    -0.488661    0.030255
0.150777    -0.476537    0.027667
0.14139    -0.451026    0.057612
0.140817    -0.50627    0.05909
0.124263    -0.45439    0.088377
0.123373    -0.532291    0.089815
0.129884    -0.495903    0.0793
0.113797    -0.453881    0.100607
0.112945    -0.442317    0.101541
0.03358    0.061311    -0.143724
0.037684    0.040607    -0.156521
0.050413    -0.064803    -0.146282
0.035219    0.098049    -0.157222
0.102096    -0.112387    -0.09792
0.100653    -0.185986    -0.099503
0.104477    -0.209254    -0.095309
0.104168    -0.250214    -0.095647
0.080932    -0.090561    -0.122968
0.051276    -0.108383    -0.135203
0.025667    0.206479    -0.098071
0.127208    -0.391523    -0.075923
0.147743    -0.447104    -0.050309
0.147986    -0.450212    -0.049682
0.080524    0.281642    -0.005107
0.063444    0.309253    -0.055766
0.098944    0.188677    0.061153
0.063713    0.235477    0.02887
0.111818    0.114649    0.102778
0.094954    0.057785    0.10467
0.095265    -0.001226    0.118234
0.09845    -0.047711    0.112639
0.090954    -0.33042    0.100706
0.090742    -0.268763    0.100867
0.091337    -0.127636    0.100418
0.085324    -0.411392    0.12063
0.093313    -0.582326    -0.02803
0.152225    -0.582326    -0.023221
0.030995    -0.582326    -0.026803
0.133353    -0.582326    -0.023158
0.111554    -0.582326    -0.030894
0.054721    -0.582326    -0.016234
0.104029    -0.582326    -0.009654
0.154073    -0.507118    0.009402
0.153309    -0.474016    0.014125
0.150232    -0.574644    0.030584
0.15394    -0.581075    0.010748
0.146618    -0.561503    0.044116
0.14776    -0.496898    0.041168
0.130245    -0.536078    0.078717
0.136112    -0.526419    0.069242
0.128139    -0.561138    0.082118
0.116597    -0.518657    0.097535
0.107515    -0.567003    0.107499
0.099807    -0.504605    0.114805
0.10221    -0.478132    0.11299
0.01412    0.078947    -0.155919
0.020845    -0.007601    -0.160375
0.02082    0.023732    -0.160378
0.023943    -0.08038    -0.150196
0.047303    0.148801    -0.153784
0.095409    -0.306575    -0.105256
0.09668    -0.282264    -0.103861
0.095867    -0.316051    -0.104754
0.083337    -0.199976    -0.115555
0.080076    -0.220301    -0.118018
0.082393    -0.200584    -0.116268
0.079333    -0.149133    -0.118579
0.056708    -0.185776    -0.131957
0.048564    -0.16083    -0.136012
0.054552    -0.22274    -0.13303
0.034947    0.173843    -0.140504
0.023061    0.189761    -0.121903
0.129534    -0.42344    -0.086701
0.138692    -0.474917    -0.073673
0.139195    -0.549229    -0.072375
0.139186    -0.571642    -0.072398
0.065194    0.312643    -0.030367
0.02562    0.312643    -0.054047
0.08934    0.191298    0.069039
0.106836    0.12477    0.108244
0.01383    0.312643    -0.075565
0.088995    0.002113    0.122969
0.081346    0.021118    0.128745
0.084198    -0.064392    0.118731
0.081269    -0.194866    0.108021
0.083454    -0.307829    0.106371
0.080018    -0.42225    0.127899
-0.063113    -0.582326    -0.02867
-0.107008    -0.582326    -0.026839
-0.059613    -0.582326    -0.031145
-0.098712    -0.582326    -0.0284
0.14136    -0.582326    0.007537
-0.032028    -0.582326    -0.012989
0.05316    -0.582326    -0.005715
0.039115    -0.582326    0.024368
-0.032764    -0.582326    0.030249
0.071529    -0.582326    0.035718
0.036416    -0.582326    0.031232
0.138959    -0.582326    0.017309
0.019595    -0.582326    0.039199
0.015211    -0.582326    0.046136
-0.131756    -0.582326    0.040789
0.067389    -0.582326    0.050436
0.056307    -0.582326    0.083086
0.067773    -0.582326    0.081952
0.095268    -0.582326    0.071401
-0.036798    -0.582326    0.071738
0.113994    -0.582326    0.099014
-0.06117    -0.582326    0.108305
0.085886    -0.475773    0.125316
0.085336    -0.538591    0.125732
0.099298    -0.559546    0.115189
0.023582    0.10579    -0.160122
0.009935    0.057603    -0.150454
-0.00187    -0.013206    -0.162481
0.021001    -0.086528    -0.149096
0.035029    -0.152154    -0.140034
0.024726    -0.226601    -0.142966
0.041209    -0.120258    -0.138275
0.035851    -0.167535    -0.1398
0.096948    -0.367609    -0.10655
0.084119    -0.275229    -0.114965
0.082454    -0.305893    -0.116222
0.084742    -0.315069    -0.114494
0.059705    -0.256463    -0.130464
0.066849    -0.307443    -0.126907
0.058518    -0.357826    -0.131055
0.049898    -0.33747    -0.135347
0.045268    -0.352829    -0.13712
0.047013    -0.304365    -0.136624
0.047642    -0.182077    -0.136445
0.015382    0.184979    -0.129802
0.129975    -0.47433    -0.08825
0.132124    -0.460665    -0.084779
-0.000553    -0.582326    -0.067758
-0.008233    -0.582326    -0.07305
0.106407    -0.582326    -0.070201
0.025287    -0.582326    -0.061778
0.135112    -0.582326    -0.065104
0.028478    0.312643    -0.02512
-0.008287    0.312643    -0.008907
-0.004217    0.312643    -0.056285
0.096953    0.169578    0.103516
0.049928    0.228683    0.047751
0.098824    0.123992    0.115547
0.099166    0.091005    0.115289
0.080104    0.108925    0.129683
0.063152    0.030868    0.138179
0.062362    0.027559    0.138572
0.06378    -0.050279    0.134381
0.082402    -0.326364    0.107165
-0.040496    -0.171692    0.110137
0.068292    -0.199406    0.110137
-0.04685    -0.143389    0.110137
-0.027472    -0.173735    0.110137
0.066108    -0.128325    0.110137
0.06692    -0.275901    0.110137
0.076957    -0.174165    0.110137
0.024426    -0.209432    0.110137
-0.000693    -0.169466    0.110137
0.001397    -0.200727    0.110137
0.022903    -0.217411    0.110137
-0.054924    -0.131076    0.110137
-0.03931    -0.169303    0.110137
0.01185    -0.147744    0.110137
-0.072944    -0.138604    0.110137
0.072127    -0.389234    0.123219
-0.158146    -0.52381    -0.03286
-0.159605    -0.506782    -0.025056
-0.158114    -0.55985    -0.033036
-0.145198    -0.582326    -0.060185
-0.148534    -0.582326    -0.062073
0.001378    -0.582326    -0.048117
-0.119891    -0.582326    -0.06212
0.086899    -0.582326    0.008828
0.028052    -0.582326    0.009702
-0.062454    -0.582326    -0.008649
-0.160315    -0.582326    -0.000419
-0.112778    -0.582326    -0.009379
0.024525    -0.582326    0.010537
0.039328    -0.582326    0.014781
-0.037966    -0.582326    0.024028
0.003777    -0.582326    0.020461
-0.050789    -0.582326    0.028387
-0.020585    -0.582326    0.062505
0.006656    -0.582326    0.058349
-0.037733    -0.582326    0.064747
-0.111277    -0.582326    0.059287
0.008646    -0.582326    0.088606
-0.098287    -0.582326    0.078939
-0.124852    -0.582326    0.068645
-0.037262    -0.582326    0.082876
-0.038197    -0.582326    0.117577
0.012102    -0.582326    0.117103
0.039774    -0.582326    0.097066
0.069059    -0.582326    0.094914
0.063295    -0.451033    0.138107
0.075718    -0.542914    0.131921
0.077832    -0.459426    0.130869
0.024757    0.160576    -0.160013
-0.005672    0.04567    -0.15969
-0.003937    -0.017297    -0.162558
-0.003125    -0.108642    -0.146371
0.00998    -0.293318    -0.144728
0.012885    -0.284709    -0.144458
0.012638    -0.229565    -0.144481
0.0177    -0.225783    -0.144012
0.096115    -0.370135    -0.108363
0.079087    -0.402598    -0.131794
0.051271    -0.362101    -0.135433
0.038381    -0.371938    -0.142248
0.003254    0.198956    -0.11228
0.124657    -0.567447    -0.096838
0.124906    -0.498472    -0.096437
0.125993    -0.49907    -0.09468
-0.068427    -0.582326    -0.093159
-0.084735    -0.582326    -0.086094
-0.111306    -0.582326    -0.093854
-0.120931    -0.582326    -0.096479
-0.084592    0.259241    -0.02607
-0.062052    0.312643    0.00034
0.090631    0.175595    0.098575
0.05871    0.195147    0.090133
0.056395    0.199789    0.084153
-0.007729    0.312643    -0.08297
0.077721    0.129043    0.130924
0.060393    0.065584    0.121272
0.077487    -0.029906    0.131041
0.054656    -0.057166    0.137206
0.070625    -0.127226    0.11064
0.025405    -0.262028    0.110137
-0.046819    -0.21136    0.110137
-0.063824    -0.191001    0.110137
-0.037337    -0.22363    0.110137
-0.083672    -0.198892    0.110137
-0.061159    -0.283039    0.110137
-4.6e-05    -0.242422    0.110137
-0.083406    -0.129544    0.110137
-0.053732    -0.166052    0.110137
-0.001761    -0.297358    0.110137
-0.045096    -0.252625    0.110137
-0.062036    -0.230499    0.110137
0.047578    -0.295728    0.110137
-0.065446    -0.207079    0.110137
0.030858    -0.292258    0.110137
-0.049965    -0.127226    0.114441
0.05374    -0.364542    0.125762
-0.15909    -0.459971    -0.027809
-0.155549    -0.547349    -0.046755
-0.160712    -0.514393    -0.017637
-0.160712    -0.476938    -0.016085
-0.160712    -0.429957    -0.011458
-0.150273    -0.577417    -0.060918
-0.151979    -0.563287    -0.056513
-0.160712    -0.441187    0.00836
-0.160712    -0.502726    0.005088
-0.15626    -0.565929    0.033855
-0.156438    -0.50428    0.032901
-0.155911    -0.495743    0.035724
-0.145099    -0.520511    0.065175
-0.147821    -0.492973    0.05815
-0.132502    -0.466389    0.085795
-0.132573    -0.50068    0.085679
-0.130788    -0.508942    0.088562
-0.052992    -0.582326    0.123244
-0.111969    -0.531299    0.109895
-0.123946    -0.563635    0.096757
-0.116574    -0.526263    0.104844
0.070387    -0.533738    0.134576
0.072318    -0.560469    0.133615
-0.029274    0.07524    -0.151479
-0.007958    0.111582    -0.162185
-0.027745    -0.007388    -0.160351
-0.02661    -0.065571    -0.153893
-0.02845    -0.059513    -0.155081
-0.002266    -0.344063    -0.145862
-0.002779    -0.275765    -0.14591
0.00145    -0.191286    -0.145518
-0.017948    -0.103913    -0.146094
0.00708    -0.394546    -0.153499
0.108826    -0.432491    -0.115156
0.10556    -0.436852    -0.118739
0.122012    -0.437066    -0.100692
0.099581    -0.410196    -0.1186
0.066991    -0.416206    -0.142096
0.030288    -0.41767    -0.155949
0.023799    -0.393711    -0.151749
-0.011604    0.192177    -0.121165
-0.009101    0.200243    -0.110636
0.073619    -0.582326    -0.092086
-0.034081    -0.582326    -0.091422
0.021213    -0.582326    -0.099731
-0.142302    -0.482494    -0.079064
-0.14304    -0.451321    -0.077871
-0.135785    -0.557588    -0.089589
0.034754    0.312643    0.013721
-0.086306    0.292887    -0.016904
-0.064935    0.267878    -0.061414
0.026693    0.223708    0.064291
0.058266    0.086447    0.140612
0.061508    0.094727    0.138997
0.067235    0.175127    0.116193
0.045702    0.078942    0.13988
0.038219    0.024708    0.147272
0.04243    -0.066252    0.139121
0.032354    -0.057235    0.144082
0.054561    -0.127226    0.120655
0.07083    -0.340174    0.115828
-0.057242    -0.30166    0.112691
-0.085674    -0.173877    0.109709
0.051302    -0.403197    0.137267
-0.15741    -0.41982    -0.025599
-0.157897    -0.416661    0.000191
-0.157704    -0.415857    -0.0132
-0.146208    -0.453115    -0.07141
-0.146015    -0.508791    -0.071907
-0.157087    -0.462617    0.029429
-0.159139    -0.529918    0.01845
-0.152985    -0.513961    0.044822
-0.151601    -0.453055    0.048394
-0.154235    -0.44452    0.041594
-0.133615    -0.448224    0.083998
-0.136674    -0.48029    0.079056
-0.124933    -0.439724    0.095674
-0.129163    -0.542208    0.091034
-0.116847    -0.479794    0.104544
0.074105    -0.582326    0.131528
-0.109295    -0.579574    0.112653
-0.099776    -0.504008    0.119841
0.052391    -0.465081    0.14324
0.038835    -0.473972    0.147097
0.040134    -0.487354    0.146727
-0.029409    0.12388    -0.160197
-0.045852    0.064581    -0.139788
-0.038502    0.004003    -0.158177
-0.041881    -0.085619    -0.145764
-0.005745    -0.240725    -0.145735
-0.014936    -0.320984    -0.144884
-0.018216    -0.264721    -0.14458
-0.00373    -0.187794    -0.145922
-0.013013    -0.143605    -0.145062
-0.021801    -0.231453    -0.144247
-0.018653    -0.148637    -0.144539
-0.003579    -0.373127    -0.149282
0.112602    -0.534311    -0.111014
0.110585    -0.529639    -0.113226
0.106961    -0.493037    -0.117203
0.080117    -0.543474    -0.13877
0.085319    -0.514729    -0.134842
0.05446    -0.480218    -0.151603
0.05602    -0.541742    -0.150826
0.047412    -0.461681    -0.153753
0.026895    -0.456872    -0.15959
0.033662    -0.506142    -0.157665
0.001625    -0.540703    -0.162157
0.005491    -0.524182    -0.161798
-0.008892    0.220455    -0.083691
-0.058556    -0.582326    -0.101118
-0.008447    -0.582326    -0.101166
0.041155    -0.582326    -0.106375
-0.136944    -0.437462    -0.087717
-0.141639    -0.440541    -0.080135
-0.138392    -0.472501    -0.085379
-0.013275    0.312643    0.025039
0.026078    0.240387    0.064133
-0.0371    0.283809    -0.081391
0.045237    0.147759    0.145276
0.034221    0.199526    0.096145
0.029869    0.028262    0.149648
0.039091    -0.006759    0.147024
0.02562    -0.08348    0.139902
-0.06382    -0.127226    0.120983
0.052961    -0.323481    0.124726
-0.087389    -0.326058    0.108413
-0.093505    -0.215155    0.103795
-0.093351    -0.233779    0.103911
0.033078    -0.38906    0.138928
-0.148447    -0.397682    -0.044666
-0.148396    -0.377029    -0.016621
-0.148365    -0.384835    0.01924
-0.146098    -0.393341    -0.048423
-0.153694    -0.420421    0.037166
-0.149275    -0.42071    0.049291
-0.134026    -0.427532    0.082937
-0.121923    -0.387746    0.084364
-0.110935    -0.389872    0.097317
0.006514    -0.582326    0.141027
-0.091788    -0.443916    0.125874
-0.095926    -0.518716    0.122749
0.039876    -0.537237    0.146801
0.028738    -0.467398    0.14997
-0.036073    0.068297    -0.142748
-0.047067    0.09963    -0.15574
-0.054995    -0.01931    -0.153485
-0.059814    0.015363    -0.152114
-0.046933    -0.061148    -0.15001
-0.03221    -0.116663    -0.142725
-0.047112    -0.121874    -0.138485
-0.040575    -0.135187    -0.140345
-0.011538    -0.3603    -0.145456
-0.031656    -0.26821    -0.142883
-0.031468    -0.338272    -0.142936
-0.05072    -0.329278    -0.137458
-0.029435    -0.310204    -0.143515
-0.019644    -0.432555    -0.161102
-0.032269    -0.495403    -0.159932
-0.060911    -0.582326    -0.121316
0.066686    -0.582326    -0.109911
0.089645    -0.582326    -0.10289
0.096092    -0.495511    -0.126706
0.096879    -0.54754    -0.126112
0.069552    -0.530204    -0.144088
0.057043    -0.577243    -0.150317
0.068478    -0.505143    -0.144623
0.03902    -0.52673    -0.15614
0.040532    -0.563947    -0.15571
0.024627    -0.494313    -0.160025
0.001666    -0.571628    -0.162153
-0.004945    -0.475712    -0.162464
-0.027362    -0.575609    -0.160387
-0.008853    -0.577434    -0.162102
-0.050841    0.170488    -0.142505
-0.052055    0.163864    -0.151307
-0.124291    -0.538822    -0.105475
-0.122318    -0.522761    -0.10764
-0.139352    -0.408188    -0.074622
-0.085542    0.268325    0.011894
-0.069742    0.251651    -0.05614
0.039719    0.087808    0.146846
0.048695    0.084326    0.144292
0.024599    0.19978    0.09853
0.010836    0.080246    0.148407
0.018114    0.033949    0.151532
0.020571    -0.036547    0.151252
0.022635    -0.067519    0.144112
-0.065481    -0.121109    0.121798
0.026072    -0.352078    0.133486
-0.081404    -0.337474    0.112932
-0.101092    -0.202127    0.097209
-0.099205    -0.122026    0.099279
-0.099066    -0.233205    0.099431
-0.087127    -0.065882    0.121116
0.006489    -0.417424    0.149966
0.022772    -0.401457    0.144612
-0.140467    -0.338772    -0.037182
-0.143553    -0.271829    -0.02067
-0.140684    -0.347125    -0.036019
-0.144128    -0.253021    0.004099
-0.144128    -0.192993    0.005865
-0.144128    -0.2311    0.001768
-0.144128    -0.174209    0.004504
-0.140241    -0.332118    0.029295
-0.139514    -0.173719    0.033184
-0.139664    -0.130357    0.03238
-0.142205    -0.400224    -0.063039
-0.139768    -0.38499    0.050124
-0.143747    -0.424902    0.066038
-0.110856    -0.384492    0.095489
-0.093892    -0.412269    0.119437
-0.004015    -0.582326    0.146504
-0.075661    -0.494203    0.135256
-0.074381    -0.535329    0.135894
0.009532    -0.435134    0.152328
0.013469    -0.448737    0.151963
0.005103    -0.441796    0.152738
-0.054628    0.146043    -0.153589
-0.062381    0.046822    -0.14707
-0.0756    -0.006356    -0.144383
-0.059905    -0.06963    -0.143883
-0.062116    -0.287696    -0.13257
-0.072061    -0.336985    -0.127617
-0.0622    -0.27446    -0.132528
-0.046304    -0.378886    -0.143615
-0.036967    -0.503723    -0.158614
-0.037164    -0.52923    -0.158557
-0.056013    -0.572313    -0.153195
-0.007058    -0.582326    -0.130939
0.061823    -0.582326    -0.12472
0.011948    -0.582326    -0.132717
0.023554    -0.582326    -0.149993
-0.004648    -0.582326    -0.162234
-0.126843    -0.437295    -0.102676
-0.120094    -0.450509    -0.110079
-0.120229    -0.455593    -0.109931
-0.124004    -0.368395    -0.081288
-0.040734    0.312643    0.039894
-0.01677    0.290638    -0.087505
-0.000381    0.156918    0.153247
0.017941    0.191634    0.111591
-0.003248    0.074758    0.144306
0.016512    0.093675    0.151681
-0.001569    -0.009974    0.153357
-0.001729    0.021234    0.153372
0.006955    -0.08011    0.142741
-0.055605    -0.12347    0.126716
-0.077119    -0.340239    0.116003
0.022997    -0.344264    0.134361
-0.082321    -0.388372    0.120996
-0.103993    -0.18533    0.094027
-0.107052    -0.172485    0.090672
-0.114741    -0.118982    0.082237
-0.103347    -0.046299    0.114349
-0.078549    -0.074052    0.1244
-0.079016    -0.07957    0.12279
0.00565    -0.365233    0.137477
-0.143859    -0.117195    -0.019038
-0.140667    -0.118018    -0.036113
-0.14029    -0.281122    -0.038129
-0.144128    -0.15959    -0.009614
-0.144128    -0.260076    -0.01408
-0.144128    -0.25119    -0.012951
-0.144128    -0.13273    -0.008398
-0.142204    -0.216621    0.018793
-0.141903    -0.235555    0.020402
-0.140758    -0.145461    0.026525
-0.138622    -0.146203    0.035985
-0.13541    -0.136946    0.044276
-0.131665    -0.125695    0.053944
-0.139263    -0.28028    0.034333
-0.139153    -0.252922    -0.043714
-0.137257    -0.333887    -0.048606
-0.137989    -0.159184    -0.046718
-0.131763    -0.272785    0.05369
-0.132218    -0.342738    0.052516
-0.130903    -0.180866    0.055911
-0.136084    -0.311301    0.042538
-0.121788    -0.354271    0.071594
-0.122808    -0.230825    0.069947
-0.118593    -0.209623    0.076755
-0.070171    -0.487474    0.13799
-0.074685    -0.448367    0.135742
-0.069341    -0.514173    0.138403
0.018263    -0.572507    0.151519
0.00025    -0.580493    0.153188
-0.07384    0.067823    -0.127418
-0.064625    0.101631    -0.149848
-0.079085    0.018437    -0.142648
-0.071735    -0.057972    -0.140902
-0.079565    -0.063255    -0.135685
-0.074368    -0.314626    -0.126468
-0.073679    -0.125117    -0.126812
-0.074411    -0.224711    -0.126447
-0.065814    -0.366282    -0.132617
-0.049946    -0.382949    -0.143591
-0.041631    -0.474513    -0.157287
-0.054306    -0.545959    -0.153681
-0.056536    -0.550599    -0.153046
-0.092287    -0.553305    -0.134594
-0.090963    -0.552608    -0.135594
-0.089474    -0.529611    -0.136718
-0.056469    -0.582326    -0.147705
-0.060573    0.170726    -0.138445
-0.124375    -0.427332    -0.105001
-0.12164    -0.418557    -0.104878
-0.105323    -0.494231    -0.124749
-0.108147    -0.456185    -0.122616
-0.122404    -0.348694    -0.079696
-0.12661    -0.296265    -0.072903
-0.125897    -0.355769    -0.074055
-0.124647    -0.263145    -0.076074
-0.071814    0.311936    0.044098
0.041984    0.301294    0.066305
-0.001122    0.170685    0.141305
0.021621    0.163999    0.148116
-0.010215    0.117452    0.15288
-0.011957    0.061809    0.138886
-0.023905    0.020687    0.151611
-0.019265    -0.107466    0.136078
-0.048046    -0.111282    0.129123
-0.059642    -0.057046    0.138059
-0.06152    -0.344402    0.123771
0.021459    -0.303157    0.134567
-0.074015    -0.401645    0.128909
-0.114999    -0.101364    0.085001
-0.103877    -0.021524    0.116744
-0.085621    0.038691    0.130297
0.000877    -0.345598    0.136474
-0.018539    -0.379453    0.140322
-0.148889    -0.086223    -0.021704
-0.145221    -0.105659    -0.004376
-0.146953    -0.091692    0.01632
-0.137928    -0.085405    0.053328
-0.134714    -0.137315    -0.055169
-0.131777    -0.163381    -0.06275
-0.132393    -0.15013    -0.06116
-0.133187    -0.265016    -0.059113
-0.12529    -0.23042    0.065939
-0.129258    -0.284761    0.059531
-0.120134    -0.155392    0.074265
-0.054562    -0.562971    0.144512
-0.051    -0.526936    0.145525
-0.058381    -0.55047    0.143425
-0.024263    -0.447084    0.151578
-0.012134    -0.457391    0.152702
-0.083932    0.071121    -0.124944
-0.081519    0.129499    -0.141436
-0.103495    -0.022817    -0.126129
-0.099041    -0.003801    -0.129493
-0.084662    -0.095494    -0.123784
-0.079832    -0.182088    -0.123216
-0.086168    -0.350819    -0.118431
-0.088281    -0.336572    -0.116835
-0.06438    -0.423146    -0.148561
-0.064998    -0.46593    -0.149662
-0.085123    -0.580171    -0.139642
-0.076019    -0.551122    -0.144175
-0.069209    -0.468527    -0.147565
-0.081191    -0.478613    -0.141599
-0.055749    0.202895    -0.093109
-0.108199    -0.4143    -0.118107
-0.087988    -0.425997    -0.137117
-0.124002    -0.153228    -0.077116
-0.121328    -0.161694    -0.081434
-0.117474    -0.192678    -0.087657
-0.082773    0.245183    0.017963
0.048003    0.307187    0.06176
-0.047364    0.233539    -0.06475
-0.009647    0.196545    0.106422
-0.022029    0.073527    0.141366
-0.016574    0.109217    0.15229
-0.028348    0.020153    0.151199
-0.007572    -0.028107    0.153125
-0.018763    -0.077661    0.142811
-0.042017    -0.079681    0.138008
-0.041223    -0.043994    0.146523
-0.052365    -0.096307    0.131203
-0.049501    -0.312675    0.128709
-0.064547    -0.384245    0.128963
-0.119599    -0.05559    0.095134
-0.095577    0.034006    0.123013
-0.11631    0.000577    0.105133
-0.063244    -0.010565    0.141439
-0.016732    -0.351898    0.13562
-0.02212    -0.419712    0.149684
-0.149025    -0.066079    -0.045468
-0.154029    -0.052564    -0.035127
-0.158809    -0.044832    0.005694
-0.156618    -0.037273    0.030774
-0.149879    -0.04996    0.044399
-0.130568    -0.059071    0.079261
-0.135761    -0.099256    -0.059454
-0.122559    -0.099336    0.07511
-0.118238    -0.103263    0.080422
-0.009414    -0.578681    0.152954
-0.031954    -0.579141    0.150865
-0.032929    -0.537249    0.150666
-0.034441    -0.566244    0.150236
-0.103446    0.079656    -0.120699
-0.090802    0.089704    -0.135715
-0.108656    0.001486    -0.122232
-0.108961    -0.017406    -0.122001
-0.091936    -0.057133    -0.12903
-0.092601    -0.230513    -0.113573
-0.091745    -0.269159    -0.114219
-0.095969    -0.164728    -0.111029
-0.080697    -0.363247    -0.12377
-0.096287    0.1668    -0.123054
-0.078356    0.178004    -0.117945
-0.11581    -0.288434    -0.09016
-0.113934    -0.211018    -0.092218
-0.108103    -0.328512    -0.098614
-0.126988    -0.104743    -0.074759
-0.125211    -0.10718    -0.076595
-0.077905    0.236163    -0.0101
-0.04627    0.222721    -0.067739
0.033581    0.278563    0.070741
-0.01642    0.207508    0.09117
-0.042606    0.139131    0.147913
-0.032155    0.060386    0.137583
-0.050671    0.018888    0.145619
-0.048276    -0.014816    0.1463
-0.028408    -0.307923    0.134538
-0.037194    -0.32588    0.13221
-0.044847    -0.394094    0.138724
-0.113201    0.04102    0.108544
-0.121924    0.027734    0.098975
-0.038058    -0.400911    0.142354
-0.159308    -0.010965    -0.026645
-0.160712    0.000963    0.001904
-0.160712    -0.023894    -0.008269
-0.156785    -0.018987    0.031046
-0.150875    -0.019838    0.050268
-0.132078    -0.002318    0.08648
-0.144766    -0.041737    -0.071777
-0.135062    -0.08766    -0.06843
-0.109    0.086849    -0.121972
-0.107727    0.062629    -0.102365
-0.12849    0.041448    -0.100869
-0.111721    -0.073376    -0.106973
-0.106189    -0.207668    -0.100714
-0.100032    -0.290513    -0.107468
-0.109861    -0.186598    -0.096686
-0.120273    -0.09035    -0.091712
-0.139328    -0.038208    -0.083063
0.024014    0.312643    0.067917
-0.09382    0.211707    -0.015335
-0.130662    0.173012    -0.069275
-0.089195    0.196127    -0.076055
-0.061046    0.217529    -0.064732
-0.102731    0.179771    -0.093457
-0.03708    0.17399    0.132487
-0.024309    0.236825    0.067025
-0.048622    0.099135    0.146202
-0.049421    0.049323    0.140565
-0.118755    0.047422    0.096665
-0.155767    -0.029274    -0.045592
-0.160712    0.013767    -0.006538
-0.158021    0.03633    0.024435
-0.160099    0.003915    0.013315
-0.1533    -0.014799    0.044009
-0.13678    0.023934    0.078886
-0.152889    0.005198    -0.054166
-0.115455    0.074836    -0.101674
-0.127248    0.10011    -0.102231
-0.116971    0.128001    -0.113505
-0.116439    0.056498    -0.099056
-0.123628    -0.010111    -0.106203
-0.109141    -0.105564    -0.099131
-0.139742    -0.01972    -0.083198
-0.049218    0.289069    0.065856
-0.090931    0.214214    -0.00921
-0.15646    0.161785    -0.041136
-0.10998    0.193246    -0.048857
-0.150893    0.16169    -0.059288
-0.130724    0.171977    -0.071786
-0.091422    0.213833    0.003698
-0.009119    0.245183    0.074388
-0.053508    0.175024    0.126386
-0.066797    0.129775    0.13967
-0.103697    0.075584    0.106407
-0.080694    0.073664    0.121311
-0.156493    0.047889    -6.2e-05
-0.13144    0.049002    0.078044
-0.146527    -0.019901    -0.070586
-0.141804    0.083387    -0.078535
-0.12983    0.140255    -0.099207
-0.133844    0.039842    -0.092724
-0.06949    0.230651    0.030262
-0.059929    0.27898    0.057767
-0.11354    0.197194    -0.006472
-0.109295    0.200389    0.001323
-0.156181    0.132458    -0.043377
-0.15073    0.140408    -0.059737
-0.133218    0.181649    0.01277
-0.145886    0.170074    0.028687
-0.048193    0.194259    0.100591
-0.057327    0.171715    0.129497
-0.085413    0.084803    0.1304
-0.090712    0.077201    0.118201
-0.140895    0.065535    -0.036271
-0.146678    0.059158    0.020061
-0.145591    0.043228    -0.07018
-0.131583    0.086232    -0.096377
-0.134874    0.052605    -0.076898
-0.144856    0.164236    0.05641
-0.090974    0.207079    0.037954
-0.160712    0.133213    -0.004638
-0.160353    0.088761    -0.021055
-0.150983    0.095453    -0.059085
-0.153263    0.126646    -0.053201
-0.157737    0.128268    0.025952
-0.061944    0.195368    0.092098
-0.090495    0.105326    0.12685
-0.10684    0.107978    0.114507
-0.102145    0.130278    0.118052
-0.11915    0.090666    0.102018
-0.153783    0.077721    -0.02213
-0.149632    0.078471    0.038181
-0.141336    0.079237    -0.070773
-0.154781    0.091747    0.040186
-0.154657    0.157956    0.040505
-0.160712    0.10134    0.005776
-0.142695    0.069973    -0.040085
-0.157838    0.087976    0.025415
0.008285    0.258967    0.07858
-0.094428    0.169633    0.110645
-0.043828    0.228355    0.058324
-0.115783    0.148566    0.105711
-0.131084    0.101351    0.088085
-0.15075    0.074098    0.009915
-0.146853    0.076173    -0.048211
-0.129648    0.163171    0.086648
-0.14629    0.137447    0.0621
-0.062069    0.218112    0.053367
-0.003856    0.264666    0.079605
-0.111575    0.170163    0.093606
-0.088291    0.18942    0.081175
-0.143274    0.158537    0.068397
0.075251    0.245183    -0.033306
0.073556    0.268623    -0.038209
0.080524    0.299809    -0.010667
0.06139    0.282262    -0.058019
0.043003    0.312643    -0.03341
0.047791    0.312643    -0.016093
0.068088    0.245183    0.027601
-0.057027    0.312643    -0.018381
0.026728    0.312643    -0.008668
0.011596    0.312643    -0.059827
0.022257    0.312643    -0.000775
-0.081491    0.300435    -0.034862
-0.074247    0.292136    -0.049264
0.004006    0.312643    -0.081791
0.015301    0.312643    0.013602
-0.080068    0.260131    -0.038536
-0.051694    0.256801    -0.073083
0.026913    0.312643    0.024463
-0.087164    0.25663    0.00128
0.016125    0.285163    -0.086188
-0.07608    0.312643    0.023457
-0.003875    0.245183    -0.087911
-0.058906    0.312643    0.043471
-0.014827    0.295035    -0.087686
0.064859    0.312643    0.040681
-0.072617    0.245183    -0.039201
-0.04826    0.312643    0.053836
0.007604    0.245183    0.070516
0.039015    0.282205    0.068035
-0.069725    0.255079    0.047061
0.025953    0.267128    0.074295
0.002779    0.312643    0.077238
-0.02784    0.273815    0.075647
-0.009321    0.265512    0.079099
