0.007927    -0.621107    0.148337
0.028357    -0.449729    0.145814
0.010656    -0.538536    0.148307
0.013275    -0.311157    0.147938
0.020895    -0.614333    0.146865
0.022499    -0.509998    0.146639
-0.013488    -0.583029    0.145847
-0.014279    -0.407545    0.14575
-0.020961    -0.604977    0.144931
-0.015339    -0.606332    0.14562
-0.0163    -0.345085    0.145502
-0.017428    -0.620317    0.145364
-0.044462    -0.503304    0.137457
-0.043548    -0.562738    0.137826
-0.049586    -0.532846    0.135388
-0.058675    -0.49617    0.131719
-0.060892    -0.187231    0.130823
-0.008539    -0.621107    0.133572
0.044042    -0.577377    0.143606
0.032482    -0.293185    0.145234
0.022982    -0.168279    0.146571
0.033644    -0.216259    0.14507
0.019618    -0.247447    0.147045
0.04116    -0.451591    0.144012
0.002903    -0.453043    0.147855
0.005881    -0.44577    0.14822
-0.001309    -0.464936    0.147339
-0.011483    -0.235541    0.146092
0.004719    -0.138964    0.148077
-0.042311    -0.285526    0.138325
-0.045376    -0.240271    0.137088
-0.043105    -0.201778    0.138004
-0.03089    -0.471995    0.142936
-0.040313    -0.345468    0.139132
-0.037834    -0.314399    0.140132
-0.072744    -0.218523    0.122487
-0.062735    -0.604647    0.130025
-0.068644    -0.156105    0.125575
-0.072684    -0.414405    0.122532
-0.071002    -0.290627    0.123799
-0.005657    -0.621107    0.128903
-0.036721    -0.621107    0.126559
0.055091    -0.44197    0.139344
0.056526    -0.615118    0.138734
0.046106    -0.322107    0.143161
0.066488    -0.569797    0.134502
0.076119    -0.596177    0.130411
0.039936    -0.131107    0.144041
-0.043218    -0.117229    0.132456
-0.083951    -0.338721    0.114046
-0.083207    -0.546171    0.114606
-0.08224    -0.317105    0.115334
-0.082823    -0.517104    0.114895
-0.076582    -0.530571    0.119595
-0.028105    -0.131502    0.120468
-0.024715    -0.621107    0.113848
0.083731    -0.621107    0.118852
0.07745    -0.621107    0.124692
0.078139    -0.500262    0.129553
0.069964    -0.220948    0.133026
0.059678    -0.194379    0.137395
0.07777    -0.150143    0.129709
0.064105    -0.224063    0.135515
0.057415    -0.20067    0.138357
-0.044075    -0.131502    0.131773
-0.101418    -0.327509    0.096074
-0.107169    -0.503411    0.088717
-0.0936    -0.369423    0.106075
-0.093295    -0.351496    0.106465
-0.105839    -0.582239    0.090418
-0.092622    -0.39081    0.107326
0.083217    -0.131502    0.125869
-0.050802    -0.621107    0.086503
0.04597    -0.621107    0.10087
-0.061203    -0.621107    0.106926
-0.033737    -0.621107    0.091801
0.080808    -0.572557    0.128047
0.096617    -0.586043    0.115689
0.094493    -0.502444    0.117349
0.094033    -0.455109    0.117709
0.087797    -0.371946    0.122583
0.065396    -0.11391    0.12764
0.011921    -0.09879    0.131585
-0.041743    -0.101127    0.126528
-0.114832    -0.40887    0.078915
-0.114986    -0.26314    0.078717
-0.114466    -0.55505    0.079384
-0.108434    -0.27529    0.0871
-0.103278    -0.295266    0.093695
-0.112368    -0.140145    0.082066
0.101422    -0.139661    0.111933
0.093506    -0.184818    0.118121
0.108984    -0.417877    0.106022
0.090811    -0.205132    0.120227
0.107526    -0.384707    0.107162
-0.05169    -0.131502    0.089788
-0.055319    -0.131502    0.106392
-0.053908    -0.095016    0.106506
-0.008143    -0.621107    0.090549
-0.079264    -0.621107    0.082706
-0.065594    -0.621107    0.079913
-0.011554    -0.621107    0.078231
0.081869    -0.113166    0.11855
0.052488    -0.090809    0.104219
0.01038    -0.072063    0.074919
-0.012684    -0.071709    0.070869
-0.117902    -0.366444    0.072031
-0.117055    -0.529593    0.074024
-0.121049    -0.498477    0.06462
-0.117524    -0.399194    0.072919
-0.119934    -0.594173    0.067245
0.119586    -0.142551    0.091977
0.118247    -0.273313    0.093756
0.118068    -0.363288    0.093993
0.114649    -0.419783    0.098533
0.109266    -0.435516    0.10568
0.126968    -0.206241    0.082176
0.09721    -0.131502    0.099844
0.077247    -0.131502    0.10143
-0.011514    -0.101127    0.112753
-0.10417    -0.106261    0.077062
-0.087394    -0.621107    0.073976
-0.07718    -0.621107    0.075151
-0.03636    -0.621107    0.07597
-0.020441    -0.621107    0.073526
-0.101736    -0.621107    0.050873
0.111364    -0.579019    0.102895
0.130287    -0.438855    0.07777
0.127226    -0.551155    0.081834
0.120266    -0.48891    0.091074
0.128974    -0.481695    0.079513
0.080072    -0.096342    0.101407
-0.127659    -0.52911    0.049059
-0.128586    -0.54276    0.046878
-0.124867    -0.350967    0.055634
-0.122997    -0.28801    0.060035
-0.126306    -0.464887    0.052245
-0.127758    -0.417408    0.048828
0.107133    -0.093908    0.064584
-0.114756    -0.131502    0.070784
-0.113201    -0.131502    0.055568
0.01883    -0.101127    0.106839
-0.088886    -0.096327    0.076936
-0.128589    -0.131174    0.046559
-0.074079    -0.621107    0.046731
0.132169    -0.621107    0.055673
-0.015753    -0.621107    0.054209
-0.027394    -0.621107    0.050507
0.018581    -0.621107    0.057943
0.132001    -0.591283    0.074801
0.138146    -0.296128    0.059581
0.136028    -0.230234    0.064827
0.137755    -0.224949    0.06055
0.135357    -0.21314    0.06649
0.137522    -0.258229    0.061126
-0.130703    -0.503829    0.037031
-0.132052    -0.552612    0.027454
-0.130657    -0.558873    0.037357
-0.131106    -0.44501    0.034167
-0.131766    -0.559151    0.029485
-0.13213    -0.479328    0.0269
0.10941    -0.09434    0.061873
0.003195    -0.131502    0.050827
0.074849    -0.131502    0.051352
-0.024646    -0.101127    0.096212
-0.010449    -0.101127    0.096469
-0.034684    -0.621107    0.035622
-0.109779    -0.621107    0.022867
-0.044647    -0.621107    0.033037
-0.010639    -0.621107    0.033565
-0.045245    -0.621107    0.019633
0.017584    -0.621107    0.039319
0.134638    -0.565264    0.068271
0.136908    -0.446232    0.062648
0.145193    -0.572594    0.042127
0.143637    -0.314711    0.04598
0.143186    -0.359492    0.047097
0.142349    -0.339359    0.04917
-0.027744    -0.071523    0.053281
0.031651    0.100958    0.052269
0.041905    0.076362    0.046258
0.019171    -0.032206    0.061981
0.012776    -0.037601    0.063028
0.005374    0.06138    0.059685
-0.013272    -0.033086    0.059148
-0.132453    -0.192811    0.024601
-0.133552    -0.300721    0.016797
-0.134321    -0.288744    0.011336
-0.134474    -0.315935    0.010249
-0.133125    -0.42049    0.019828
0.097092    -0.084274    0.035691
0.07368    -0.101127    0.092163
-0.014342    -0.101127    0.076857
0.066014    -0.054298    0.025244
-0.073133    -0.131502    0.040565
-0.062383    -0.080094    0.055296
-0.026533    0.097629    0.045556
-0.042046    -0.101127    0.058365
-0.075572    -0.101127    0.059004
0.129404    -0.621107    0.015826
0.085147    -0.621107    0.029534
0.042193    -0.621107    0.010334
0.120765    -0.621107    0.034931
0.03619    -0.621107    0.008249
0.004481    -0.621107    0.010238
0.14551    -0.229381    0.040208
0.148137    -0.20886    0.018772
0.146528    -0.466575    0.0319
0.148823    -0.190136    0.01317
0.146558    -0.372687    0.031659
0.148428    -0.259926    0.016393
-0.044276    -0.071523    0.028378
0.050645    0.054796    0.037903
0.020613    0.190231    0.053201
0.035118    0.201751    0.045511
0.008811    0.115534    0.057731
-0.003019    0.084714    0.057694
-0.007464    0.010018    0.059796
-0.021067    -0.008428    0.054788
-0.133005    -0.575277    -0.007637
-0.133426    -0.58237    -0.004194
-0.133588    -0.422959    -0.002879
-0.13248    -0.51063    -0.011922
-0.134032    -0.405638    0.000747
-0.042922    -0.071523    0.019458
-0.014152    -0.131502    0.02035
0.134294    -0.131502    0.032896
0.147182    -0.131502    0.023284
-0.072417    -0.081084    0.042064
-0.075465    -0.081975    0.039741
0.048691    -0.101127    0.056748
0.07298    -0.101127    0.04606
-0.016366    -0.621107    -0.008022
-0.095893    -0.621107    -0.006852
-0.049256    -0.621107    -0.017023
0.047647    -0.621107    -0.003868
-0.075465    -0.621107    0.000602
0.092078    -0.621107    0.002069
-0.126866    -0.621107    -0.011746
0.14916    -0.464413    0.010418
0.147684    -0.473453    0.022468
0.147429    -0.582946    0.024543
0.149088    -0.498725    0.011009
0.147821    -0.39887    0.021346
0.124605    -0.096086    0.029482
0.051346    0.143295    0.03149
0.051273    0.164661    0.029563
0.051458    0.062496    0.036367
0.008803    0.215494    0.04245
-0.103537    -0.131502    0.020163
-0.133181    -0.278572    -0.006194
-0.130467    -0.374281    -0.028346
-0.131929    -0.288048    -0.016415
-0.13182    -0.41925    -0.017303
-0.130505    -0.439692    -0.028037
0.024945    -0.071523    0.011781
-0.018523    -0.041922    0.019307
0.061765    0.000768    0.019589
-0.036828    0.105867    0.03324
-0.033087    -0.033289    0.046727
-0.014577    -0.101127    0.036512
-0.023223    -0.101127    0.034357
0.024077    -0.101127    0.032659
-0.104065    -0.093206    0.026065
0.128904    -0.621107    -0.005566
0.031588    -0.621107    -0.024735
0.019623    -0.621107    -0.017033
0.12718    -0.621107    -0.004325
0.131302    -0.621107    -0.017626
0.055783    -0.621107    -0.018459
0.14853    -0.216325    -0.004285
0.14652    -0.159263    -0.018562
0.146206    -0.243414    -0.02079
0.149378    -0.359214    0.001738
0.148509    -0.431183    -0.004435
0.123939    -0.094457    0.004176
0.062149    -0.022128    0.021697
0.026594    0.215494    0.035204
-0.129479    -0.607985    -0.031512
-0.120248    -0.55475    -0.054377
-0.129351    -0.422456    -0.031831
-0.127641    -0.407449    -0.036065
-0.128599    -0.329968    -0.033693
-0.05317    -0.071523    -0.000873
0.008486    -0.041922    0.011942
0.055187    0.199243    0.012264
-0.037832    0.178819    0.024479
0.036502    -0.101127    0.006205
0.064671    -0.101127    0.010607
0.047573    -0.101127    0.005666
0.054174    -0.621107    -0.039241
0.019637    -0.621107    -0.031472
-0.105511    -0.621107    -0.051268
-0.105404    -0.621107    -0.055124
-0.086607    -0.621107    -0.033117
0.147143    -0.466794    -0.014135
0.145319    -0.590492    -0.027088
0.14825    -0.518793    -0.006273
0.14751    -0.490434    -0.011526
0.146288    -0.543328    -0.020209
0.146088    -0.382131    -0.021628
0.057228    -0.131502    -0.016227
0.129109    -0.131502    -0.015295
0.116814    -0.131502    -0.006287
0.09349    -0.081489    -0.01581
0.07056    -0.071523    -0.004674
-0.041767    0.07177    0.025517
0.035602    0.215494    0.028422
-0.101608    -0.131502    -0.024399
0.001899    -0.131502    -0.024332
-0.060281    -0.131502    -0.015168
-0.121912    -0.303727    -0.050257
-0.122115    -0.39862    -0.049754
-0.127549    -0.228043    -0.036292
-0.121562    -0.247882    -0.051122
-0.119859    -0.284513    -0.05534
0.056612    -0.041922    -0.000195
0.06229    0.010389    -0.00037
-0.049602    -0.029367    0.006964
0.040722    0.215494    0.008287
-0.103544    -0.101127    -0.016418
0.099385    -0.101127    0.000177
-0.101474    -0.101127    0.000889
-0.08475    -0.083859    -0.007744
0.026052    -0.621107    -0.056928
0.083566    -0.621107    -0.062406
-0.029697    -0.621107    -0.063406
0.112097    -0.621107    -0.061515
-0.093934    -0.621107    -0.062977
0.142804    -0.519066    -0.036191
0.143407    -0.381101    -0.034774
0.138644    -0.338749    -0.045986
0.135857    -0.158751    -0.052546
0.137196    -0.350303    -0.049394
0.139157    -0.122895    -0.036396
-0.03477    -0.071523    -0.021006
-0.040483    0.182543    0.015064
0.002716    -0.131502    -0.041587
0.073371    -0.131502    -0.038268
0.097906    -0.131502    -0.035328
-0.113899    -0.493876    -0.067196
-0.112572    -0.515514    -0.068958
-0.110584    -0.399424    -0.071598
-0.113495    -0.540197    -0.067733
-0.102821    -0.590727    -0.081905
-0.110797    -0.534961    -0.071315
0.060592    0.032177    -0.006981
-0.046334    0.04993    0.003554
-0.027844    0.215494    0.007973
0.094249    -0.101127    -0.023261
0.090222    -0.101127    -0.020214
-0.055946    -0.071656    -0.016772
0.006062    -0.621107    -0.068648
-0.063908    -0.621107    -0.083108
-0.10763    -0.621107    -0.06653
-0.045808    -0.621107    -0.08631
0.131221    -0.403742    -0.063462
0.140331    -0.588732    -0.042014
0.135638    -0.53921    -0.053062
0.131004    -0.227331    -0.063971
0.141966    -0.554494    -0.038165
0.136661    -0.616743    -0.050654
-0.085891    -0.131502    -0.060977
0.057389    -0.131502    -0.044045
0.039345    -0.131502    -0.049046
0.026156    -0.041922    -0.013524
0.05895    -0.001302    -0.014913
-0.098799    -0.400433    -0.087246
-0.103857    -0.213223    -0.08053
-0.103246    -0.202519    -0.081341
-0.094231    -0.143513    -0.093312
-0.09863    -0.222087    -0.087471
-0.097061    -0.34835    -0.089553
-0.045651    0.055165    -0.000118
0.00197    0.215494    0.001445
-0.069711    -0.101127    -0.036141
-0.085319    -0.101127    -0.037815
0.055769    -0.101127    -0.036814
0.076195    -0.621107    -0.089924
0.082435    -0.621107    -0.092333
0.110829    -0.621107    -0.088323
0.040935    -0.621107    -0.090249
0.116718    -0.219718    -0.083197
0.119303    -0.149786    -0.079891
0.116612    -0.262477    -0.083333
0.124086    -0.173649    -0.073772
0.116473    -0.148628    -0.083511
0.126518    -0.126184    -0.067378
0.044481    -0.131502    -0.06587
0.116317    -0.101127    -0.054497
0.042898    -0.101127    -0.04566
-0.005783    -0.071523    -0.031803
0.0011    -0.041922    -0.019128
-0.111409    -0.127839    -0.06829
-0.092475    -0.190823    -0.09477
-0.088942    -0.289375    -0.097532
-0.046431    -0.005005    -0.009358
0.041343    0.215494    -0.011556
-0.041962    -0.621107    -0.099346
-0.054453    -0.621107    -0.102752
-0.043478    -0.621107    -0.113543
0.113976    -0.335286    -0.086705
0.113941    -0.557764    -0.08675
0.109689    -0.32323    -0.09219
0.112946    -0.365379    -0.088023
0.111577    -0.362923    -0.089775
0.013727    -0.131502    -0.077869
0.108933    -0.131502    -0.071664
0.083231    -0.101127    -0.080275
0.072838    -0.101127    -0.06854
-0.056962    -0.101127    -0.081248
-0.034028    -0.101127    -0.058835
0.097004    -0.088947    -0.048135
0.064416    -0.070213    -0.029501
0.049287    0.161103    -0.020639
-0.039252    0.083058    -0.018021
-0.082295    -0.215479    -0.102728
-0.080521    -0.353906    -0.104114
-0.078564    -0.294793    -0.105644
-0.063262    -0.131502    -0.093979
-0.086981    -0.526553    -0.099064
-0.065575    -0.362172    -0.115797
-0.090261    -0.610246    -0.096501
-0.076673    -0.474785    -0.107122
-0.085281    -0.547299    -0.100394
-0.068317    -0.392757    -0.113654
0.070188    -0.621107    -0.10083
0.061043    -0.621107    -0.114649
0.087379    -0.530817    -0.110284
0.100297    -0.384596    -0.100554
0.087295    -0.554714    -0.110346
0.101923    -0.34935    -0.09933
0.087724    -0.515997    -0.110024
-0.088661    -0.131502    -0.091055
0.001695    -0.101127    -0.090578
0.056499    -0.076628    -0.054453
-0.075434    -0.088372    -0.055388
0.044546    0.194609    -0.024744
-0.031845    0.136123    -0.025406
-0.076316    -0.130159    -0.106861
0.068444    -0.131502    -0.098161
-0.059089    -0.184004    -0.118831
-0.061001    -0.484425    -0.118019
-0.050139    -0.172504    -0.122632
-0.005035    -0.621107    -0.121711
0.06374    -0.091678    -0.088714
0.049484    -0.101127    -0.093928
-0.03342    -0.067611    -0.045414
-0.03072    0.138759    -0.026709
0.03944    -0.041922    -0.037385
0.042955    0.118439    -0.030999
0.103492    -0.131502    -0.097149
-0.050121    -0.384757    -0.12264
-0.048511    -0.161939    -0.123324
-0.047809    -0.168508    -0.123622
-0.050038    -0.512465    -0.122676
-0.032527    -0.350538    -0.130114
-0.031474    -0.423419    -0.130561
-0.062977    -0.613851    -0.117179
-0.043866    -0.429351    -0.125297
-0.033353    -0.532666    -0.129763
0.102035    -0.152427    -0.099246
0.092185    -0.339017    -0.106664
0.054366    -0.089919    -0.089403
-0.03901    -0.092028    -0.095108
-0.030541    0.055555    -0.032023
-0.027136    -0.010988    -0.037796
-0.029857    0.044898    -0.033055
0.034973    0.062507    -0.03978
0.078109    -0.591949    -0.117265
0.080829    -0.175416    -0.115216
0.077686    -0.480043    -0.117584
0.082237    -0.462748    -0.114156
-0.010841    -0.131502    -0.124395
-0.022231    -0.226389    -0.132113
-0.023997    -0.196915    -0.131865
0.058746    -0.438688    -0.125278
0.062569    -0.566597    -0.123734
0.062361    -0.472394    -0.123818
0.075944    -0.484603    -0.118334
0.065747    -0.479085    -0.122451
0.065306    -0.345146    -0.122629
0.064081    -0.10062    -0.110025
-0.020712    -0.056655    -0.049347
0.023203    -0.02646    -0.04851
-0.021684    0.09371    -0.037008
-0.022679    0.149824    -0.033579
0.05266    -0.105788    -0.117632
-0.007353    -0.148618    -0.134209
-0.014493    -0.348427    -0.133203
-0.019197    -0.414587    -0.132541
-0.021876    -0.563082    -0.132163
-0.02634    -0.587719    -0.131535
-0.003627    -0.306595    -0.134733
0.003966    -0.301339    -0.135803
-0.015715    -0.494523    -0.133031
0.028828    -0.583533    -0.133346
0.017171    -0.552186    -0.134774
0.037046    -0.212358    -0.132339
0.028321    -0.615831    -0.133408
0.031452    -0.428287    -0.133024
0.026722    -0.419993    -0.133604
-0.009211    -0.101127    -0.122264
0.027006    0.178795    -0.038564
-0.015254    0.10809    -0.040114
-0.01653    0.196106    -0.035997
-0.012458    0.03543    -0.044236
0.062564    -0.25838    -0.123737
0.046214    -0.551875    -0.130337
0.050831    -0.378248    -0.128474
0.044485    -0.355064    -0.131035
0.043415    -0.46099    -0.131467
-0.000478    -0.194677    -0.135177
0.010429    -0.193412    -0.1356
0.007718    -0.399591    -0.135933
0.020713    -0.095492    -0.111409
-0.005727    -0.074119    -0.065325
0.019908    -0.029764    -0.049336
0.017568    0.056822    -0.046354
-0.006948    0.214552    -0.039213
-0.012215    0.16768    -0.038943
0.019571    -0.102395    -0.12416
0.024287    -0.173612    -0.133902
0.024259    -0.29013    -0.133906
0.029664    -0.216471    -0.133244
0.002938    0.033264    -0.047978
-0.005719    0.132054    -0.043084
0.008537    0.005385    -0.049498
0.013493    0.188706    -0.041879
0.003546    0.085776    -0.046063
0.005809    0.212302    -0.041553
0.024633    -0.59731    0.146339
0.010794    -0.198508    0.148287
0.024276    -0.600257    0.146389
0.03288    -0.511905    0.145178
0.044312    -0.612601    0.143568
0.018917    -0.398557    0.147143
-0.006975    -0.490132    0.146645
-0.005106    -0.57018    0.146874
-0.027245    -0.327333    0.144161
-0.004485    -0.602506    0.14695
-0.019902    -0.571477    0.145061
-0.055104    -0.352735    0.13316
-0.052399    -0.357701    0.134252
-0.05288    -0.520936    0.134058
-0.059004    -0.188171    0.131586
-0.049954    -0.519157    0.13524
0.041784    -0.509703    0.143924
0.02925    -0.17261    0.145689
0.02061    -0.278235    0.146905
0.0292    -0.210223    0.145696
0.041754    -0.157154    0.143928
0.024262    -0.177937    0.146391
-0.014536    -0.22849    0.145718
0.005004    -0.488496    0.148112
0.008677    -0.339298    0.148562
0.000814    -0.142149    0.147599
-0.006943    -0.342003    0.146649
-0.03048    -0.582015    0.143102
-0.035168    -0.350608    0.141209
-0.059057    -0.169627    0.131564
-0.029919    -0.395905    0.143328
-0.033732    -0.309653    0.141789
-0.056384    -0.155394    0.132644
-0.070946    -0.294993    0.123841
-0.080346    -0.182027    0.116761
-0.084356    -0.259899    0.11374
-0.064829    -0.291661    0.128448
-0.070371    -0.259213    0.124274
0.046568    -0.272836    0.142964
0.061014    -0.523789    0.136828
0.066317    -0.54766    0.134575
0.061444    -0.450915    0.136645
0.048639    -0.550516    0.142085
0.071439    -0.57579    0.132399
-0.012965    -0.131502    0.14294
-0.077826    -0.392525    0.118659
-0.073954    -0.612338    0.121575
-0.0749    -0.450071    0.120863
-0.079622    -0.607055    0.117306
-0.069394    -0.541633    0.12501
0.005322    -0.131502    0.128051
-0.086725    -0.130806    0.11164
0.075939    -0.424717    0.130487
0.057116    -0.293189    0.138484
0.075102    -0.552247    0.130843
0.079482    -0.593055    0.128982
0.07591    -0.469269    0.1305
-0.004471    -0.107596    0.137753
-0.061611    -0.127325    0.128844
-0.105394    -0.614178    0.090988
-0.094392    -0.566091    0.105061
-0.112779    -0.604289    0.081542
-0.103393    -0.6004    0.093547
-0.098371    -0.376857    0.099971
-0.010687    -0.131502    0.11064
0.043421    -0.131502    0.10875
0.0839    -0.457096    0.125629
0.08157    -0.172092    0.127451
0.079929    -0.495048    0.128734
0.098799    -0.587432    0.113984
0.08292    -0.225314    0.126396
0.065116    -0.119513    0.130093
0.035739    -0.097191    0.125218
-0.020876    -0.09775    0.126201
-0.094945    -0.173354    0.104354
-0.099831    -0.257267    0.098104
-0.108845    -0.401047    0.086574
-0.106113    -0.18767    0.090069
-0.104921    -0.311183    0.091593
-0.109597    -0.480201    0.085612
0.082764    -0.133531    0.126518
0.097111    -0.22897    0.115303
0.099956    -0.352614    0.113079
0.10397    -0.150899    0.109942
0.099457    -0.437944    0.113469
-0.010066    -0.131502    0.097165
-0.093937    -0.131502    0.102517
-0.072447    -0.097964    0.100088
0.078203    -0.11813    0.123698
0.038184    -0.101127    0.123475
-0.018308    -0.101127    0.130844
-0.120302    -0.580766    0.06638
-0.120566    -0.51661    0.065757
-0.118661    -0.503753    0.070243
-0.127493    -0.611798    0.04945
-0.119392    -0.398877    0.068522
-0.116334    -0.491552    0.075721
0.123921    -0.278827    0.086221
0.111819    -0.368178    0.10229
0.124305    -0.26653    0.085711
0.109376    -0.371139    0.105533
0.112446    -0.14454    0.101458
0.10765    -0.119388    0.100312
0.081564    -0.131502    0.101347
0.089952    -0.131502    0.081664
0.030776    -0.101127    0.113768
0.124012    -0.334566    0.086102
0.13091    -0.580609    0.076943
0.130524    -0.596162    0.077454
0.120486    -0.476716    0.090783
0.119128    -0.430202    0.092586
0.11732    -0.482156    0.094987
0.070261    -0.095897    0.107727
0.021695    -0.05809    0.067477
-0.123918    -0.21657    0.057868
-0.11896    -0.174862    0.069539
-0.124951    -0.156679    0.055436
-0.126016    -0.451615    0.052927
-0.122959    -0.334607    0.060124
-0.123304    -0.161511    0.059313
0.097757    -0.095134    0.081002
-0.06006    -0.131502    0.06082
-0.042734    -0.131502    0.073791
-0.034787    -0.101127    0.105596
-0.0655    -0.085326    0.069067
-0.027563    -0.065622    0.061383
0.137958    -0.242152    0.060046
0.133038    -0.251969    0.072234
0.141436    -0.240066    0.051432
0.132553    -0.357029    0.073434
0.139282    -0.220416    0.056768
0.073246    -0.080761    0.06301
0.026385    -0.052925    0.064384
-0.006746    -0.046758    0.063697
-0.129875    -0.301098    0.042915
-0.132514    -0.487822    0.024168
-0.132766    -0.557429    0.022381
-0.133278    -0.605728    0.01874
-0.131533    -0.493893    0.031136
0.124637    -0.108078    0.069585
-0.02956    -0.131502    0.054656
-0.091039    -0.131502    0.046873
0.113998    -0.131502    0.051833
-0.030327    -0.101127    0.084888
-0.037866    -0.069189    0.055338
0.138913    -0.486752    0.057681
0.144906    -0.270424    0.042837
0.14093    -0.58847    0.052684
0.142488    -0.405813    0.048827
0.144362    -0.288782    0.044183
0.135471    -0.127546    0.062367
-0.038097    -0.071523    0.052031
0.028906    -0.029026    0.058707
0.046353    -0.03058    0.047923
0.039779    -0.017758    0.052359
0.017424    0.03894    0.059508
0.004897    0.083532    0.058781
-0.017964    0.068646    0.053056
-0.133917    -0.414252    0.014206
-0.134448    -0.408515    0.010436
-0.132254    -0.199057    0.026017
-0.131696    -0.29027    0.02998
-0.133814    -0.215436    0.014934
-0.1338    -0.134719    0.015034
0.019847    -0.101127    0.078945
0.006396    -0.101127    0.083605
0.034127    -0.071523    0.031592
0.002194    -0.131502    0.037969
-0.104904    -0.131502    0.041688
-0.026878    -0.038644    0.051763
-0.026118    -0.021624    0.051538
0.031464    -0.101127    0.065127
-0.093323    -0.101127    0.046988
0.146805    -0.210983    0.029636
0.145964    -0.138122    0.036503
0.146967    -0.160304    0.028319
0.147062    -0.257741    0.027544
0.147052    -0.159944    0.027626
0.144748    -0.129417    0.040128
0.01594    -0.041922    0.042258
0.050057    0.018433    0.04092
0.024379    0.105834    0.055083
0.037142    0.138841    0.046946
0.010343    0.17475    0.055279
-0.006891    -0.002109    0.060483
-0.012544    0.170437    0.05115
-0.132324    -0.545841    -0.013191
-0.131232    -0.604983    -0.022108
-0.133677    -0.503187    -0.002149
-0.133815    -0.306316    -0.001026
-0.130687    -0.618026    -0.026558
0.114254    -0.091296    0.03034
0.067919    -0.052104    0.012063
-0.001759    -0.131502    0.029343
0.000659    -0.131502    0.019888
0.061744    -0.131502    0.027609
-0.028479    0.101581    0.043874
-0.099011    -0.092934    0.043321
0.072059    -0.101127    0.052856
0.121669    -0.101127    0.055451
0.14899    -0.323627    0.011805
0.146909    -0.492854    0.028793
0.14949    -0.380172    0.007722
0.145983    -0.591101    0.036345
0.147917    -0.544804    0.020559
0.14561    -0.123467    0.015378
-0.044521    -0.046004    0.033737
0.058166    -0.007588    0.02988
0.003739    -0.041922    0.040523
0.046474    0.192093    0.034842
-0.050486    -0.131502    0.014014
-0.131503    -0.195198    -0.019894
-0.13089    -0.428075    -0.024894
-0.130406    -0.539537    -0.028851
-0.133053    -0.279861    -0.00724
-0.13218    -0.294925    -0.014365
0.066737    -0.071523    0.017188
-0.094018    -0.08901    0.033332
0.055915    0.163788    0.016971
0.059323    0.072778    0.017352
-0.041633    -0.024443    0.035042
-0.028683    0.182943    0.039085
-0.088727    -0.101127    0.026408
0.046513    -0.101127    0.031922
-0.101166    -0.091637    0.022609
0.148845    -0.162115    -0.002048
0.146425    -0.170016    -0.019234
0.149722    -0.476027    0.004183
0.147244    -0.309639    -0.013416
0.149264    -0.419549    0.000932
0.136382    -0.102083    -0.012713
-0.037018    -0.041922    0.033223
0.053007    0.192323    0.022655
-0.129631    -0.513623    -0.031136
-0.129704    -0.310982    -0.030957
-0.129143    -0.563431    -0.032345
-0.12944    -0.19793    -0.031609
-0.125894    -0.372137    -0.040393
-0.043016    -0.071523    -0.003091
-0.05337    -0.054092    0.014109
0.056002    0.184515    0.010327
-0.039081    0.152627    0.024041
0.08146    -0.101127    0.019503
0.018565    -0.101127    0.010917
0.082097    -0.101127    0.007768
0.145463    -0.574289    -0.026067
0.14637    -0.524178    -0.019624
0.146606    -0.544655    -0.017951
0.147182    -0.407563    -0.013857
0.145306    -0.537568    -0.02718
0.147939    -0.490746    -0.008479
0.042931    -0.131502    -0.010023
0.022571    -0.131502    -0.005715
0.060713    -0.131502    0.003896
0.090532    -0.079729    -0.009462
0.046805    -0.071523    0.000709
-0.039928    0.177246    0.019572
-0.131861    -0.131502    -0.007372
-0.057856    -0.131502    -0.008057
-0.081406    -0.131502    -0.014647
-0.121701    -0.318298    -0.050779
-0.118679    -0.306562    -0.058264
-0.124762    -0.311014    -0.043196
-0.11845    -0.386598    -0.058832
-0.12298    -0.385017    -0.047612
-0.124543    -0.203587    -0.04374
0.004719    -0.041922    0.004805
0.06345    -0.021341    -0.00072
-0.048172    -0.005872    0.011041
-0.018074    -0.101127    -0.009753
-0.049159    -0.101127    0.004311
-0.109975    -0.096486    -0.020878
0.139951    -0.360307    -0.042909
0.136733    -0.198941    -0.050485
0.141163    -0.457441    -0.040056
0.139533    -0.357102    -0.043894
0.144434    -0.398676    -0.032355
0.133667    -0.223121    -0.057704
0.067363    -0.071751    -0.025646
-0.041331    0.159836    0.015179
-0.122106    -0.105466    -0.015349
-0.082946    -0.131502    -0.032942
-0.115799    -0.131502    -0.053164
-0.121935    -0.113032    -0.031289
-0.099017    -0.530931    -0.086957
-0.10347    -0.508763    -0.081044
-0.098764    -0.614585    -0.087292
-0.113015    -0.350123    -0.06837
-0.096694    -0.619937    -0.090041
-0.053444    -0.056513    -0.007493
0.054813    0.213864    0.001573
-0.043262    0.120657    0.000635
0.069886    -0.101127    -0.007272
0.125562    -0.101127    -0.026058
-0.061578    -0.075672    -0.02576
0.142316    -0.545236    -0.037342
0.132209    -0.620573    -0.061134
0.133577    -0.257113    -0.057914
0.141812    -0.569588    -0.038528
0.135393    -0.517253    -0.05364
0.133306    -0.124319    -0.051512
0.031114    -0.131502    -0.053233
0.035966    -0.131502    -0.054161
0.043017    -0.071523    -0.024178
0.034264    -0.041922    -0.014526
0.056154    0.146796    -0.007084
-0.106072    -0.131575    -0.077589
-0.100849    -0.313351    -0.084523
-0.096535    -0.19894    -0.090252
-0.09685    -0.312086    -0.089833
-0.097083    -0.477078    -0.089524
-0.100543    -0.136641    -0.08493
-0.043266    0.095659    -0.00655
-0.047325    -0.101127    -0.029223
-0.01511    -0.101127    -0.031342
-0.095346    -0.091502    -0.031035
0.121041    -0.373768    -0.077667
0.122539    -0.378182    -0.075751
0.122396    -0.362375    -0.075934
0.11484    -0.132342    -0.0856
0.115014    -0.287755    -0.085377
0.106764    -0.105381    -0.079729
-0.031587    -0.131502    -0.072604
-0.030339    -0.101127    -0.051923
-0.003169    -0.101127    -0.046021
0.120443    -0.097339    -0.038883
-0.048856    -0.053316    -0.017404
0.04917    0.211446    -0.017579
-0.08934    -0.169348    -0.097221
-0.09305    -0.140179    -0.09432
-0.091919    -0.308216    -0.095204
-0.039926    0.163588    -0.008465
0.117252    -0.452174    -0.082515
0.119419    -0.522499    -0.079742
0.119707    -0.492512    -0.079374
0.114639    -0.556335    -0.085857
0.126226    -0.603809    -0.071034
0.105332    -0.131502    -0.075604
0.112001    -0.131502    -0.078627
0.105586    -0.101127    -0.07489
0.009795    -0.101127    -0.081544
0.094226    -0.097164    -0.079513
0.060523    -0.101127    -0.062575
0.086388    -0.084577    -0.046661
-0.047235    -0.063997    -0.0285
0.050865    0.013169    -0.027738
-0.042002    0.016952    -0.01789
-0.040405    0.069032    -0.016618
-0.081602    -0.254157    -0.103269
-0.085222    -0.447693    -0.10044
-1e-06    -0.131502    -0.100034
-0.071421    -0.431082    -0.111227
-0.066456    -0.482704    -0.115109
-0.077875    -0.487611    -0.106182
-0.077981    -0.584221    -0.106099
-0.071994    -0.313218    -0.11078
-0.078969    -0.440831    -0.105328
0.105822    -0.297154    -0.096393
0.101405    -0.577435    -0.09972
0.105402    -0.384187    -0.09671
0.087431    -0.523958    -0.110244
0.095793    -0.587091    -0.103946
-0.094924    -0.131502    -0.08607
-0.05285    -0.101127    -0.094819
0.076888    -0.088375    -0.070147
-0.034613    -0.042711    -0.033264
0.048715    0.155407    -0.021737
-0.035695    0.119975    -0.021388
-0.073135    -0.249852    -0.109888
-0.103212    -0.105389    -0.065764
-0.057838    -0.325755    -0.119362
-0.060281    -0.265492    -0.118324
0.081209    -0.560155    -0.11493
0.087047    -0.101127    -0.090486
0.041337    -0.060992    -0.047894
-0.068123    -0.099385    -0.096762
-0.031546    0.051278    -0.031046
0.037056    -0.029403    -0.042545
0.049711    -0.131502    -0.102262
-0.058537    -0.44697    -0.119065
-0.059511    -0.475108    -0.118652
-0.050189    -0.185104    -0.122611
-0.038437    -0.414011    -0.127603
-0.049435    -0.421709    -0.122932
-0.034191    -0.447382    -0.129407
-0.045314    -0.594105    -0.124682
-0.030882    -0.530022    -0.130813
-0.047411    -0.572386    -0.123791
0.096384    -0.258723    -0.103502
0.090469    -0.361158    -0.107956
-0.043169    -0.101127    -0.108224
-0.031563    -0.099824    -0.116621
0.037543    0.094927    -0.036268
0.092298    -0.148906    -0.106579
0.091093    -0.230683    -0.107486
0.078598    -0.186798    -0.116897
0.090524    -0.126274    -0.105446
-0.028298    -0.322092    -0.131259
-0.02791    -0.16788    -0.131314
-0.028063    -0.25832    -0.131292
0.061217    -0.441317    -0.12428
0.06114    -0.56253    -0.124311
0.073423    -0.376116    -0.119352
0.069968    -0.311939    -0.120747
0.07303    -0.489176    -0.119511
0.038987    -0.086385    -0.087469
0.02945    -0.101127    -0.116276
0.027175    0.056185    -0.043494
-0.057335    -0.101362    -0.108823
0.016677    -0.131502    -0.129517
-0.010473    -0.29198    -0.133769
-0.014249    -0.376281    -0.133237
-0.026705    -0.12472    -0.129155
0.00337    -0.312181    -0.135719
-0.014047    -0.607907    -0.133266
0.000433    -0.210738    -0.135305
0.004289    -0.468947    -0.135848
0.003604    -0.465959    -0.135752
0.014831    -0.590967    -0.135061
0.020023    -0.579141    -0.134425
0.033855    -0.349771    -0.13273
0.031588    -0.37766    -0.133008
0.029628    -0.609204    -0.133248
0.03471    -0.096039    -0.110898
-0.002815    -0.096436    -0.114215
0.029051    0.160248    -0.038473
0.068573    -0.194949    -0.121311
0.049102    -0.512957    -0.129172
0.047254    -0.109175    -0.121145
0.043663    -0.584946    -0.131367
0.045148    -0.144255    -0.130768
0.000116    -0.199775    -0.13526
0.011689    -0.397733    -0.135446
0.01633    -0.285562    -0.134877
0.020976    -0.091794    -0.103398
-0.007867    -0.075309    -0.067567
0.027494    -0.115247    -0.127746
0.017941    -0.297803    -0.13468
0.021863    -0.262367    -0.1342
0.019455    -0.128868    -0.133561
0.019805    0.195156    0.054167
-0.018837    0.195156    0.045001
0.029092    0.224728    0.051909
0.036066    0.21636    0.048291
-0.005836    0.195156    0.033799
0.020337    0.237372    0.048101
0.050205    0.207532    0.033277
0.006515    0.280239    0.049091
0.041143    0.237372    0.038164
-0.011676    0.195156    0.013764
0.040019    0.237372    0.034103
0.006743    0.195156    0.01232
0.050484    0.237372    0.014484
-0.016241    0.294263    0.026891
0.057519    0.20003    0.014689
-0.043151    0.235529    0.005669
0.03725    0.195156    -0.002351
-0.036274    0.239033    0.010532
0.013939    0.195156    -0.010801
0.044255    0.294263    0.005612
-0.016415    0.195156    -0.015444
-0.012832    0.294263    -0.004767
0.00344    0.195156    -0.01969
-0.033823    0.264055    -0.008016
0.043095    0.279538    -0.011621
-0.018164    0.195156    -0.030779
-0.03092    0.284791    -0.013371
0.027143    0.294263    -0.019455
0.023012    0.247261    -0.030977
-0.014341    0.213936    -0.039347
-0.018359    0.281438    -0.027266
0.0102    0.285046    -0.034756
0.012897    0.209031    -0.044039
0.008778    0.204854    0.057004
-0.026734    0.217731    0.043945
0.046135    0.204611    0.039231
0.057936    0.224068    0.009217
0.05633    0.201108    -0.007456
0.044371    0.22516    -0.028383
0.040637    0.237103    -0.032321
0.012835    0.204871    -0.044044
0.001279    0.263416    0.049192
0.007576    0.294263    0.047916
0.009215    0.294263    0.035889
0.044613    0.279641    0.023118
0.046116    0.285146    0.017639
0.047414    0.267288    0.005958
-0.023482    0.294263    0.009308
0.044637    0.294263    0.000153
0.038921    0.285089    -0.018539
0.028883    0.26381    -0.027736
-0.004415    0.26213    -0.033493
0.009698    0.251752    -0.034746
