-0.1376    0.208663    0.028977
-0.138374    0.24118    0.023097
-0.140599    0.247034    -0.006194
-0.132615    0.21216    0.046211
-0.140547    0.197877    -0.006586
-0.151781    0.187829    0.032628
-0.128045    0.230222    0.057244
-0.135024    0.204696    -0.040396
-0.132326    0.258536    -0.061818
-0.118861    0.231919    0.075408
-0.118891    0.258536    0.115209
-0.145725    0.258536    0.013726
-0.131696    0.189239    -0.048429
-0.138741    0.258536    -0.081868
-0.121326    0.187315    0.11789
-0.10934    0.233525    0.087816
-0.157301    0.258536    0.024866
-0.122263    0.192373    -0.070975
-0.111347    0.258536    -0.086803
-0.163342    0.187398    -0.036847
-0.09685    0.205406    0.102409
-0.155522    0.242772    0.056332
-0.15702    0.241015    -0.052716
-0.111694    0.197219    -0.084748
-0.099841    0.258536    -0.119841
-0.088382    0.187518    0.140086
-0.092154    0.19757    0.106012
-0.090702    0.258536    0.109379
-0.138139    0.238334    0.100621
-0.162806    0.258184    0.029323
-0.125443    0.238334    -0.1084
-0.097523    0.211226    -0.101892
-0.084372    0.258536    -0.140044
-0.167709    0.186802    -0.033269
-0.069019    0.237619    0.123168
-0.062545    0.247138    0.152948
-0.107923    0.238334    0.151401
-0.165962    0.245499    -0.005353
-0.112974    0.238334    -0.141057
-0.078222    0.221289    -0.116701
-0.058339    0.258536    -0.15207
-0.042005    0.187829    0.139447
-0.170217    0.183254    0.067571
-0.061561    0.195389    0.126257
-0.055917    0.238334    0.175945
-0.106822    0.262687    0.157872
-0.096123    0.325406    0.166082
-0.104315    0.249259    0.159796
-0.164768    0.274127    0.097835
-0.157076    0.26708    0.107859
-0.146818    0.288973    0.121228
-0.174215    0.238334    0.073768
-0.157986    0.243142    -0.106674
-0.143764    0.239349    -0.125207
-0.139832    0.371647    -0.130331
-0.100036    0.250601    -0.16308
-0.125261    0.286781    -0.143723
-0.105762    0.238357    -0.158685
-0.051036    0.213689    -0.130616
-0.068919    0.185877    -0.161117
-0.085116    0.238334    -0.154629
-0.024586    0.186182    0.171969
-0.048763    0.182724    0.179197
-0.0193    0.258536    0.145443
-0.05904    0.281041    0.1815
-0.07658    0.303137    0.174234
-0.076474    0.269022    0.174278
-0.13343    0.356182    0.137454
-0.125076    0.342708    0.143865
-0.117757    0.37585    0.149481
-0.089226    0.386565    0.168996
-0.075619    0.360559    0.174633
-0.076839    0.387674    0.174127
-0.14381    0.384873    0.125147
-0.143311    0.351399    0.125798
-0.145379    0.350798    0.123103
-0.170537    0.371462    0.085506
-0.174129    0.361421    0.076835
-0.170532    0.396615    0.085518
-0.183763    0.36517    0.053577
-0.17042    0.240042    0.085788
-0.184669    0.343975    0.051389
-0.158588    0.350277    -0.105889
-0.154425    0.329876    -0.111313
-0.140694    0.397917    -0.129208
-0.176042    0.256422    -0.072217
-0.172035    0.340508    -0.081889
-0.179725    0.243694    -0.063326
-0.105628    0.384024    -0.158789
-0.104895    0.289262    -0.159351
-0.100527    0.332329    -0.162702
-0.055393    0.237024    -0.128812
-0.063856    0.184289    -0.168483
-0.038439    0.258536    -0.159777
-0.068957    0.292776    -0.177392
-0.078094    0.313124    -0.173608
-0.080489    0.282806    -0.172615
-0.03346    0.187299    0.165183
-0.13077    0.181918    0.133899
-0.014903    0.194145    0.139452
-0.005606    0.238334    0.186903
-0.020293    0.398767    0.189248
-0.037301    0.346226    0.187009
-0.041132    0.288097    0.186504
-0.189291    0.362027    0.019966
-0.186988    0.382723    0.037457
-0.18622    0.392931    0.043295
-0.186943    0.238334    0.011988
-0.183372    0.39569    -0.05452
-0.177785    0.332006    -0.068009
-0.174797    0.388093    -0.075223
-0.013926    0.203502    -0.139581
-0.161294    0.182987    -0.0906
-0.0163    0.238334    -0.169666
-0.051734    0.376258    -0.184526
-0.059415    0.38639    -0.181345
-0.050826    0.313148    -0.184902
0.030591    0.182653    0.181923
-0.006381    0.17644    0.195973
0.031681    0.253963    0.137244
0.007016    0.238334    0.183246
-0.037621    0.251822    0.186967
-0.04588    0.244449    0.185879
-0.024342    0.399951    0.187393
-0.18926    0.318749    0.020199
-0.190624    0.26078    0.009834
-0.188524    0.269761    0.025792
-0.188243    0.399951    0.022415
-0.187867    0.273687    -0.030783
-0.190473    0.253427    -0.010985
-0.145786    0.399951    -0.108232
-0.001231    0.214737    -0.141252
-0.00383    0.185937    -0.175934
0.026005    0.258536    -0.138268
-0.021776    0.268338    -0.189052
-0.044726    0.381876    -0.186031
-0.020164    0.271115    -0.189265
0.016675    0.248721    -0.164472
0.005746    0.18861    0.140658
-0.185933    0.181313    0.020778
0.032457    0.258536    0.158418
0.036219    0.238334    0.183361
0.02479    0.368281    0.188656
0.019712    0.371249    0.189324
-0.005455    0.399951    0.187936
-0.185327    0.399951    0.028675
-0.19097    0.391653    -0.007212
-0.191652    0.326157    -0.002029
-0.135861    0.403439    -0.119056
0.014821    0.214734    -0.139463
0.012193    0.186968    -0.169647
0.035915    0.258536    -0.147878
0.034129    0.201172    -0.136921
-0.003133    0.338603    -0.191507
-0.021974    0.348781    -0.189026
-0.026201    0.370064    -0.18847
0.046348    0.187829    0.144848
0.037205    0.223186    0.136346
-0.184658    0.174454    0.071007
0.042128    0.258536    0.14602
0.048373    0.244328    0.185551
0.033616    0.270373    0.187494
0.036011    0.272509    0.187178
0.006885    0.399951    0.187347
-0.041497    0.409406    0.176355
-0.114081    0.409872    -0.139679
-0.155399    0.177589    -0.115214
0.043002    0.188424    -0.133944
0.044422    0.238334    -0.17119
0.010338    0.239988    -0.190558
0.011524    0.241882    -0.190402
0.027811    0.307261    -0.188258
0.061805    0.25761    -0.153255
0.067004    0.210727    0.124003
-0.193811    0.175671    0.031545
0.034869    0.174601    0.194723
0.085561    0.238334    0.167247
0.055218    0.389015    0.183083
0.078708    0.392384    0.173353
0.049789    0.311744    0.185332
-0.079411    0.410052    0.154245
-0.160963    0.410052    -0.075202
-0.18349    0.1748    -0.072803
0.053451    0.258536    -0.155956
0.050537    0.234973    -0.130823
0.009438    0.388995    -0.190677
0.038654    0.361691    -0.186831
0.033523    0.357216    -0.187506
0.046541    0.239714    -0.159578
0.071999    0.194734    0.121478
-0.196218    0.171727    0.048405
0.046345    0.171678    0.196545
0.102009    0.238334    0.140178
0.094352    0.305184    0.166873
0.09467    0.290602    0.166742
0.085029    0.263157    0.170735
-0.136152    0.410052    0.107441
-0.152369    0.410052    -0.083562
0.080718    0.186705    -0.15176
0.017267    0.178274    -0.191794
0.077345    0.213986    -0.117375
-0.010759    0.40903    -0.180402
0.093021    0.243698    -0.167425
0.073753    0.295689    -0.175406
0.067071    0.323568    -0.178173
0.102688    0.187829    0.119118
0.104391    0.187588    0.126475
-0.201711    0.168498    0.031489
0.084823    0.174736    0.17859
0.119777    0.238334    0.146865
0.114646    0.391546    0.151868
0.103312    0.289375    0.160566
0.123607    0.391645    0.144992
0.022797    0.410052    0.169745
-0.12462    0.404201    -0.117255
0.087637    0.186625    -0.148925
0.03802    0.177425    -0.190334
0.098902    0.246251    -0.100833
-0.02727    0.410052    -0.174923
0.074527    0.326045    -0.175085
0.053036    0.395616    -0.183987
0.08981    0.339715    -0.168754
0.117361    0.187829    0.097353
0.103749    0.193177    0.095103
-0.174244    0.162256    0.116466
0.136109    0.176653    0.141116
0.133967    0.238334    0.132471
0.135582    0.379008    0.135803
0.114997    0.313772    0.151599
0.126769    0.399951    0.139593
-0.116011    0.40486    0.125574
-0.168716    0.404043    -0.022793
0.101148    0.187829    -0.123258
-0.134425    0.166879    -0.155884
0.109662    0.258536    -0.105774
0.108914    0.221837    -0.088372
-0.0636    0.406287    -0.157931
0.106478    0.35227    -0.158136
0.104238    0.282965    -0.159855
0.097512    0.291145    -0.165016
0.110827    0.235989    0.085878
0.139512    0.187829    0.078039
-0.206474    0.159575    0.047546
0.076996    0.167834    0.189644
0.132093    0.258536    0.059499
0.14735    0.316983    0.120534
0.153513    0.293899    0.112503
0.14512    0.327975    0.12344
0.111711    0.404063    0.128874
-0.097898    0.399951    0.137484
-0.094737    0.399951    0.119107
-0.106015    0.399951    0.114327
-0.079231    0.399951    0.044529
-0.072246    0.399951    0.116672
-0.050801    0.399951    0.147788
-0.059285    0.399951    0.125528
-0.133156    0.399951    0.066392
-0.14097    0.399951    -0.002641
-0.163594    0.399951    0.02871
-0.018402    0.399951    0.035196
-0.030438    0.399951    0.156148
-0.033084    0.399951    -0.064673
-0.025576    0.399951    0.053958
-0.034802    0.399951    0.093701
0.025952    0.399951    0.142221
0.017999    0.399951    0.004404
0.01489    0.399951    0.051155
0.005534    0.399951    0.110186
0.017099    0.399951    -0.018484
-0.125519    0.399951    0.008142
-0.127571    0.399951    -0.103149
-0.129514    0.399951    0.014557
-0.152001    0.399951    -0.071315
-0.089232    0.399951    0.096789
-0.107106    0.399951    -0.11343
-0.101389    0.399951    -0.091533
-0.09305    0.399951    0.074095
-0.17223    0.163505    -0.117734
0.06971    0.176806    -0.181743
0.120927    0.247003    -0.072716
-0.040336    0.40528    -0.166407
0.120103    0.364117    -0.147681
0.134811    0.329722    -0.136395
0.128804    0.314355    -0.141004
0.12608    0.214565    0.061989
0.138127    0.187829    0.025495
-0.130429    0.154593    0.169288
0.132674    0.231061    0.046069
0.151425    0.252916    0.066222
0.156541    0.238334    0.072237
0.158194    0.309008    0.106403
0.148649    0.362159    0.118841
0.158671    0.320046    0.10578
0.047442    0.399951    0.019294
0.075363    0.399951    0.131827
0.070707    0.399951    0.076348
0.071855    0.399951    0.080022
0.055694    0.399951    0.020914
0.09162    0.399951    0.116239
0.087231    0.399951    -0.012346
0.112821    0.399951    0.121354
0.086825    0.399951    -0.02052
-0.06719    0.399951    -0.122803
-0.052652    0.399951    0.07803
-0.053258    0.399951    0.004849
-0.061711    0.399951    0.023162
-0.055383    0.399951    -0.059237
-0.005296    0.399951    -0.169179
-0.019502    0.399951    -0.139827
-0.000132    0.399951    -0.042531
-0.008038    0.399951    0.07062
-0.008288    0.399951    -0.048304
0.014796    0.399951    -0.090003
0.032063    0.399951    -0.117217
0.020704    0.399951    -0.152471
0.03525    0.399951    -0.149835
0.037696    0.399951    -0.063183
0.035421    0.399951    -0.058904
-0.187321    0.16045    -0.097396
0.02555    0.159998    -0.209087
0.141073    0.258536    -0.071979
0.127534    0.248655    -0.05848
0.11567    0.401471    -0.138459
0.149246    0.342408    -0.118063
0.157511    0.384456    -0.107293
0.136443    0.292615    -0.134748
0.141565    0.187829    0.032868
0.136874    0.247941    0.034492
-0.156601    0.15455    0.146996
0.148207    0.174092    0.132408
0.149227    0.258536    0.006287
0.139014    0.256968    0.018234
0.168445    0.361377    0.090557
0.177725    0.290436    0.068153
0.173541    0.262172    0.078254
0.158626    0.408346    0.088095
0.078293    0.399951    -0.133712
0.077706    0.399951    0.006826
0.079864    0.399951    -0.080204
0.081932    0.399951    0.108587
0.113026    0.399951    0.001936
0.091817    0.399951    -0.137712
0.114077    0.399951    -0.021092
0.128871    0.2039    -0.055252
0.153488    0.186339    -0.081322
-0.056299    0.1562    -0.207142
0.159737    0.181203    -0.099462
0.140332    0.399951    -0.115963
0.1468    0.247557    -0.12125
0.160599    0.249725    -0.103268
0.165533    0.360302    -0.096838
0.163338    0.187376    0.039498
-0.21347    0.155917    0.010838
0.101283    0.162098    0.184529
0.151203    0.258536    -0.044765
0.169203    0.238334    0.03339
0.165278    0.258536    -0.006236
0.172865    0.366954    0.079887
0.181391    0.314293    0.059303
0.18239    0.348251    0.056892
0.127447    0.399951    0.024419
0.12253    0.399951    -0.11294
0.133141    0.399951    0.008994
0.139876    0.256244    -0.011683
-0.18769    0.152242    -0.108317
0.011673    0.150608    -0.215977
0.142512    0.177569    -0.132057
0.098516    0.404233    -0.138998
0.172976    0.322474    -0.079618
0.168727    0.315281    -0.089876
0.166781    0.399951    -0.084942
0.188164    0.180785    0.011966
-0.038608    0.144485    0.21454
0.171575    0.238334    0.004295
0.189546    0.240655    0.018027
0.189838    0.251976    0.015811
0.186245    0.250789    0.043099
0.178813    0.400538    0.022828
0.141585    0.399951    0.013445
0.137399    0.399951    -0.002824
-0.165246    0.149977    -0.139293
0.137562    0.171728    -0.147619
0.132399    0.410052    -0.110069
0.183077    0.269664    -0.055232
0.171199    0.261924    -0.083908
0.177858    0.28308    -0.067834
0.188895    0.180448    -0.011607
0.051177    0.147335    0.211917
0.181461    0.238334    -0.037419
0.18743    0.355097    0.034097
0.188682    0.348594    0.024587
0.19168    0.315185    0.001812
0.180649    0.407512    0.008881
0.15765    0.399951    -0.004461
-0.132402    0.144494    -0.17286
0.152228    0.172194    -0.13069
0.163336    0.410052    -0.061478
0.190596    0.383814    -0.010046
0.187676    0.384271    -0.03223
0.190556    0.367034    -0.010351
-0.213794    0.140603    0.051816
0.083601    0.148607    0.199553
0.19666    0.172069    0.04209
0.189158    0.299645    -0.020972
0.190562    0.298624    -0.010305
0.188242    0.259056    -0.027933
0.171593    0.40966    0.000939
-0.217557    0.139936    -0.024244
0.097759    0.140354    -0.19631
0.188018    0.176538    -0.055601
-0.078338    0.133787    0.205563
0.188534    0.161399    0.092827
-0.19992    0.139061    -0.08971
0.041701    0.13559    -0.216123
0.183611    0.158314    -0.108549
-0.217649    0.128844    0.033932
0.112454    0.145308    0.187822
0.212204    0.158676    0.008592
-0.122738    0.129855    -0.183312
0.181679    0.131441    -0.124698
-0.197589    -0.180449    0.098704
-0.199497    -0.036733    0.094098
-0.198501    0.072023    0.096501
-0.208929    0.062081    0.071326
-0.197436    -0.01373    0.099073
-0.198217    -0.193495    0.097188
-0.201137    0.049347    0.090139
-0.195642    0.015546    0.103406
-0.201408    0.035264    0.089485
-0.19267    -0.111077    0.110581
-0.217195    0.038023    0.038186
-0.21549    -0.162535    0.051135
-0.216417    -0.224318    0.044095
-0.216734    0.01955    0.041687
-0.219003    -0.007817    0.024454
-0.220583    0.091313    0.012447
-0.215347    -0.181637    0.052224
-0.218479    0.121994    0.028431
-0.215015    0.006344    0.054745
-0.174924    0.073875    0.133952
-0.165634    -0.182683    0.146059
-0.169298    -0.081134    0.141283
-0.159105    -0.02096    0.154568
-0.172858    0.069954    0.136644
-0.170386    0.023143    0.139865
-0.187722    0.109862    0.117273
-0.187286    0.071721    0.117841
-0.16128    -0.1145    0.151733
-0.173501    0.029024    0.135806
-0.13886    -0.098278    0.171158
-0.143139    -0.068256    0.167874
-0.115867    0.083349    0.188801
-0.146163    -0.13085    0.165554
-0.147796    0.059147    0.164301
-0.137046    -0.070485    0.17255
-0.145196    -0.136013    0.166296
-0.133739    0.043798    0.175087
-0.153684    -0.281255    0.159783
-0.149314    -0.185327    0.163136
-0.099602    0.111538    0.197217
-0.106708    -0.081235    0.194274
-0.068822    0.047625    0.209966
-0.093047    -0.066336    0.199932
-0.085384    -0.051295    0.203106
-0.096537    -0.209654    0.198487
-0.099937    -0.12089    0.197078
-0.105331    0.10254    0.194844
-0.09208    -0.009497    0.200333
-0.043734    -0.217393    0.216464
-0.050478    -0.264147    0.215576
-0.040798    0.125947    0.216851
-0.040026    -0.177009    0.216952
-0.042099    -0.001494    0.21668
-0.041456    -0.191154    0.216764
-0.056678    0.103741    0.21476
-0.055422    -0.223857    0.214926
-0.022075    0.06108    0.219316
-0.051829    0.06635    0.215399
0.210298    0.147264    0.058843
-0.174858    0.127378    -0.134021
0.120553    0.132464    -0.184776
0.195782    0.142355    -0.098004
-0.208339    -0.10265    0.072752
-0.207821    -0.168311    0.074003
-0.209084    -0.085759    0.070952
-0.208899    -0.18166    0.071399
-0.210224    -0.008756    0.0682
-0.206178    -0.135633    0.077968
-0.21129    -0.149472    0.065628
-0.200484    -0.20247    0.091715
-0.211559    0.014171    0.064977
-0.18737    -0.239314    0.117732
-0.179169    -0.224709    0.128419
-0.180977    -0.225787    0.126063
-0.190866    -0.155764    0.113175
-0.165035    -0.275239    0.146839
-0.182548    -0.144189    0.124016
-0.191099    -0.270107    0.112872
-0.176835    -0.219789    0.131461
-0.187423    0.001971    0.117662
-0.190432    -0.137103    0.113741
-0.219086    -0.139308    0.023817
-0.220408    -0.064433    0.01378
-0.219714    -0.281292    0.019047
-0.215575    -0.336417    0.050489
-0.217953    -0.205214    0.032423
-0.222101    -0.304745    0.000916
-0.215635    -0.279018    0.050035
-0.220182    -0.119297    0.015496
-0.218406    -0.257144    0.028987
-0.115006    -0.224293    0.189461
-0.136017    -0.310186    0.173339
-0.126062    -0.311452    0.180978
-0.123675    -0.250272    0.18281
-0.111715    0.081462    0.191986
-0.123727    -0.075947    0.18277
-0.114394    -0.001367    0.189931
-0.118268    -0.093012    0.186958
-0.112514    0.016119    0.191373
-0.115588    -0.278741    0.189015
-0.060842    0.08161    0.213272
-0.073751    -0.277831    0.207925
-0.095097    -0.26788    0.199083
-0.078398    -0.214537    0.206
-0.067063    -0.101606    0.210695
-0.079492    -0.223417    0.205547
-0.067585    -0.017837    0.210479
-0.078164    -0.176266    0.206097
-0.083411    -0.244361    0.203924
-0.068098    -0.090224    0.210266
-0.037673    -0.255323    0.217262
-0.034931    -0.31619    0.217623
-0.007238    -0.086791    0.221269
-0.001898    -0.101698    0.221972
-0.035718    -0.291308    0.21752
-0.032493    -0.164671    0.217944
-0.006463    -0.003797    0.221371
-0.00736    -0.250154    0.221253
-0.003675    -0.079995    0.221738
0.037809    0.031043    0.217244
0.01956    -0.023133    0.219647
0.010837    -0.028232    0.220795
0.009579    -0.250939    0.220961
0.029511    -0.090473    0.218337
0.022485    -0.004695    0.219262
0.010876    -0.01948    0.22079
0.020265    -0.068147    0.219554
0.025982    0.105318    0.218801
0.004226    -0.141916    0.221666
0.217415    0.143057    0.020455
-0.208141    0.111619    -0.073229
-0.211434    0.019253    -0.065279
-0.20848    -0.062582    -0.07241
-0.199347    0.064225    -0.09446
-0.206834    0.050325    -0.076384
-0.212275    -0.058216    -0.063249
-0.210158    0.07374    -0.068359
-0.207241    -0.066866    -0.075403
-0.198674    0.020366    -0.096086
-0.212067    0.077334    -0.063752
-0.21806    0.089965    -0.031617
-0.220473    -0.000972    -0.013281
-0.221685    -0.301974    -0.004076
-0.22209    0.106625    -0.001005
-0.217833    -0.058874    -0.033337
-0.216642    0.08738    -0.042383
-0.217631    0.079387    -0.034873
-0.218862    -0.013843    -0.025522
-0.217644    -0.015902    -0.034774
-0.177187    -0.109336    -0.131003
-0.18875    -0.203971    -0.115933
-0.188348    -0.141962    -0.116457
-0.187188    0.027331    -0.117968
-0.184936    0.089081    -0.120903
-0.185078    -0.111989    -0.120718
-0.167974    0.075193    -0.14301
-0.185123    -0.141085    -0.12066
-0.175179    0.063242    -0.13362
-0.16879    0.048758    -0.141945
-0.122698    -0.123049    -0.183559
-0.131149    -0.021964    -0.177075
-0.123724    0.072273    -0.182772
-0.124495    -0.05812    -0.182181
-0.114113    -0.291414    -0.190147
-0.146602    0.122285    -0.165217
-0.11594    -0.066985    -0.188745
-0.123716    -0.055127    -0.182778
-0.12713    0.090739    -0.180158
-0.071631    -0.195605    -0.208803
-0.059137    0.003027    -0.213978
-0.06258    -0.265656    -0.212552
-0.095464    0.038348    -0.198931
-0.087895    -0.053678    -0.202066
-0.058711    -0.168949    -0.214155
-0.060914    -0.131561    -0.213242
-0.059476    -0.291296    -0.213838
-0.060331    -0.047903    -0.213484
-0.08018    0.007325    -0.205262
-0.023909    -0.104569    -0.219074
-0.001796    0.002903    -0.221986
-0.001352    -0.218395    -0.222044
-0.030423    -0.060757    -0.218217
-0.023403    0.097997    -0.219141
-0.017597    -0.162536    -0.219905
-0.022073    -0.098081    -0.219316
-0.002948    0.008267    -0.221834
-0.025128    0.060189    -0.218914
0.056053    -0.089149    -0.214842
0.017407    0.056396    -0.21993
0.037041    -0.122029    -0.217345
0.044989    -0.158874    -0.216299
0.025286    -0.026104    -0.218893
0.044236    -0.094191    -0.216398
0.041043    -0.091974    -0.216819
0.033669    0.107615    -0.217789
0.034992    -0.078679    -0.217615
0.030015    0.009904    -0.21827
0.071675    0.049028    -0.208785
0.099536    0.10969    -0.197245
0.074336    0.00791    -0.207682
0.106781    -0.007076    -0.194244
0.093943    0.050267    -0.199561
0.07469    0.079297    -0.207536
0.091466    -0.071526    -0.200587
0.105361    -0.063506    -0.194832
0.107748    0.078564    -0.193843
0.084508    -0.057548    -0.203469
0.150433    0.01781    -0.162277
0.120401    0.118286    -0.185321
0.156474    -0.00985    -0.157642
0.151357    -0.088083    -0.161569
0.124314    0.11388    -0.182319
0.150458    -0.165224    -0.162258
0.147169    -0.165971    -0.164782
0.148669    -0.190467    -0.163631
0.147783    0.024989    -0.164311
0.182544    0.001755    -0.124021
0.160824    0.002172    -0.152327
0.163031    -0.213771    -0.149451
0.159075    -0.050484    -0.154606
0.165439    0.038778    -0.146313
0.16116    -0.083659    -0.151889
0.160476    -0.224499    -0.152781
0.17552    -0.05846    -0.133174
0.17152    -0.058255    -0.138388
0.168954    -0.098706    -0.141732
0.196661    -0.199674    -0.100945
0.204692    0.040487    -0.081557
0.194581    -0.164837    -0.105966
0.202254    0.116327    -0.087441
0.195119    -0.140014    -0.104668
0.202673    0.086364    -0.086431
0.201141    0.090948    -0.090129
0.197878    0.042788    -0.098006
0.208862    0.111311    -0.071489
0.216727    0.144581    -0.021752
0.045628    -0.273907    0.216215
0.051868    -0.145105    0.215393
0.003571    -0.332619    0.221752
0.049507    -0.166107    0.215704
0.054147    -0.317044    0.215093
0.036374    -0.082153    0.217433
0.03428    -0.07962    0.217709
0.038213    -0.153062    0.217191
0.04455    -0.293017    0.216357
0.043583    -0.255823    0.216484
0.189322    0.138364    0.113297
-0.204968    -0.225267    -0.080891
-0.201427    -0.080664    -0.089438
-0.206585    -0.2059    -0.076985
-0.197962    -0.032247    -0.097803
-0.206359    -0.334543    -0.07753
-0.199179    -0.044239    -0.094866
-0.203662    -0.187025    -0.084042
-0.197089    -0.26475    -0.099911
-0.207065    -0.243401    -0.075828
-0.198    -0.089584    -0.097713
-0.215618    -0.246998    -0.050159
-0.215132    -0.104878    -0.053857
-0.216962    -0.246617    -0.039955
-0.220233    -0.235488    -0.015105
-0.216439    -0.060296    -0.043923
-0.215798    -0.093337    -0.048793
-0.217973    -0.163871    -0.032272
-0.214961    -0.130354    -0.055154
-0.2151    -0.160262    -0.054094
-0.176827    -0.211412    -0.131471
-0.164211    -0.311295    -0.147913
-0.165333    -0.129891    -0.146451
-0.162703    0.038405    -0.149879
-0.15779    -0.313326    -0.156282
-0.184141    -0.231691    -0.12194
-0.168184    -0.240739    -0.142735
-0.15791    -0.154559    -0.156125
-0.172227    -0.301693    -0.137466
-0.170615    -0.12919    -0.139568
-0.156525    -0.234291    -0.157603
-0.122804    -0.297188    -0.183478
-0.138895    -0.163892    -0.171131
-0.146417    -0.230781    -0.165359
-0.147055    -0.318571    -0.16487
-0.132618    -0.31287    -0.175948
-0.148779    -0.143724    -0.163547
-0.125123    -0.278005    -0.181699
-0.153847    0.053743    -0.159658
-0.087085    -0.238797    -0.202402
-0.110083    -0.284842    -0.192876
-0.087286    -0.196265    -0.202318
-0.107891    0.047887    -0.193784
-0.083798    -0.149338    -0.203763
-0.094318    -0.14525    -0.199406
-0.093229    -0.045905    -0.199857
-0.060546    -0.335812    -0.213395
-0.093859    -0.314632    -0.199596
-0.094074    -0.332829    -0.199507
-0.053613    -0.179011    -0.215164
-0.037764    -0.11872    -0.21725
-0.046377    -0.28801    -0.216116
-0.029942    -0.169114    -0.21828
-0.044564    -0.077136    -0.216355
-0.054748    -0.033946    -0.215014
-0.024753    -0.180986    -0.218963
-0.010621    -0.283159    -0.220824
-0.052983    -0.062524    -0.215247
-0.042623    -0.22568    -0.216611
0.002824    0.054412    -0.22185
0.001468    -0.154602    -0.222029
0.017603    -0.276935    -0.219905
0.00266    -0.235307    -0.221872
0.010729    0.022213    -0.22081
0.033171    -0.315969    -0.217855
0.002848    -0.208831    -0.221847
0.002033    -0.15867    -0.221954
0.00379    -0.3273    -0.221723
0.070837    -0.196123    -0.209132
0.070816    -0.027635    -0.209141
0.057828    -0.251192    -0.21452
0.067278    -0.001199    -0.210606
0.067116    -0.025186    -0.210673
0.076171    -0.329651    -0.206922
0.102618    -0.276501    -0.195968
0.061358    -0.121017    -0.213058
0.095209    -0.288766    -0.199037
0.091298    -0.234778    -0.200657
0.136147    -0.221124    -0.173239
0.134013    -0.210537    -0.174877
0.129665    -0.327137    -0.178213
0.116827    -0.117395    -0.188064
0.112293    0.05318    -0.191543
0.113649    -0.325769    -0.190503
0.118618    -0.018534    -0.18669
0.138877    -0.20462    -0.171144
0.139544    -0.304903    -0.170633
0.181565    -0.198831    -0.125296
0.187786    -0.294541    -0.117189
0.191763    -0.237695    -0.112006
0.182878    -0.072617    -0.123585
0.191456    -0.21843    -0.112406
0.190659    0.083514    -0.113445
0.190107    -0.285962    -0.114165
0.177386    -0.110165    -0.130742
0.179686    -0.244391    -0.127745
0.184995    -0.21914    -0.120827
0.211628    -0.297966    -0.06481
0.204761    -0.166258    -0.081388
0.204587    -0.252641    -0.081809
0.197408    -0.32751    -0.099141
0.206699    -0.078402    -0.076711
0.212212    -0.001799    -0.0634
0.211267    -0.103357    -0.065683
0.214513    -0.0208    -0.057846
0.199765    -0.308253    -0.09345
0.217672    0.146251    -0.010261
0.217421    -0.01012    -0.03647
0.217382    -0.114863    -0.036767
0.21995    0.098152    -0.017261
0.216417    -0.078727    -0.044094
0.219554    0.036078    -0.020268
0.215644    0.031256    -0.049967
0.215998    -0.065201    -0.047278
0.217484    -0.131303    -0.03599
0.217478    -0.032612    -0.036038
0.216131    0.091001    -0.046269
0.081576    0.009133    0.204684
0.080732    -0.071027    0.205033
0.094065    0.061751    0.19951
0.069253    0.126235    0.209788
0.057801    -0.074236    0.214532
0.081835    0.050437    0.204576
0.106031    0.102112    0.194554
0.058942    -0.301728    0.214059
0.066017    0.111531    0.211129
0.066764    0.01497    0.210819
-0.215364    -0.339861    -0.050882
0.216772    -0.323358    -0.041397
0.218422    -0.166521    -0.028863
0.218812    -0.158106    -0.025904
0.220422    -0.325025    -0.013674
0.221565    -0.295231    -0.004992
0.217625    -0.322019    -0.034915
0.219526    -0.173751    -0.02048
0.221488    -0.169333    -0.005577
0.218895    -0.220337    -0.025275
0.220359    -0.272233    -0.014149
-0.106974    -0.341682    0.19382
0.101786    -0.13057    0.196313
0.108235    0.096137    0.193641
0.105442    0.000141    0.194798
0.102806    -0.276178    0.19589
0.107282    -0.140658    0.194036
0.069191    -0.30098    0.209814
0.100016    -0.05774    0.197046
0.107163    -0.215661    0.194085
0.104938    -0.045159    0.195007
0.191005    0.128959    0.112809
0.20291    -0.340074    -0.085407
0.221795    -0.156808    0.003245
0.220876    0.040687    0.010223
0.221795    -0.190954    0.00324
0.220706    -0.214915    0.011515
0.221525    -0.169735    0.005297
0.218412    0.057695    0.028943
0.221637    -0.062784    0.004443
0.219868    0.030598    0.017881
0.222062    0.106253    0.001217
-0.173801    -0.343875    0.134185
0.115685    -0.012492    0.18894
0.11876    -0.259125    0.186581
0.131265    0.036187    0.176986
0.113012    -0.279041    0.190991
0.148866    0.110232    0.16348
0.133709    0.040832    0.17511
0.140275    0.038378    0.170072
0.140158    -0.019633    0.170162
0.115135    -0.28923    0.189363
0.112192    -0.201847    0.191621
0.012164    -0.34157    -0.220323
0.214931    -0.121653    0.055377
0.21641    -0.175102    0.044145
0.217817    -0.073607    0.033459
0.217614    -0.164309    0.035
0.215988    -0.132685    0.047355
0.216234    -0.086956    0.04548
0.218512    -0.227128    0.028179
0.217551    -0.169577    0.035478
0.216579    -0.195614    0.04286
0.220951    -0.340291    -0.008231
0.136404    -0.204831    0.173042
0.123922    -0.277725    0.18262
0.147548    -0.149378    0.164492
0.149289    -0.222837    0.163156
0.137239    -0.196555    0.172402
0.128333    -0.305819    0.179235
0.151668    -0.124322    0.16133
0.138245    -0.149788    0.171629
0.135366    -0.098989    0.173839
0.131402    -0.207487    0.17688
0.188661    -0.115339    0.116049
0.178734    -0.065857    0.128986
0.174792    0.024936    0.134124
0.178356    0.075295    0.129478
0.166914    0.079019    0.14439
0.173351    0.010665    0.136002
0.17621    -0.023714    0.132276
0.177048    -0.107645    0.131183
0.179804    0.106546    0.127592
0.176709    0.043548    0.131626
0.203884    -0.022762    0.083507
0.208425    0.022221    0.072543
0.212654    0.077678    0.062333
0.206504    -0.127144    0.07718
0.213735    -0.242695    0.059725
0.204326    0.007424    0.082439
0.213555    0.066842    0.060158
0.211648    -0.252211    0.064762
0.200207    0.091579    0.092383
0.079849    -0.344552    -0.204444
-0.122425    -0.347881    0.18137
0.164552    -0.190895    0.147469
0.165747    -0.04584    0.145912
0.16891    -0.21442    0.14179
0.161007    -0.173599    0.152089
0.180556    -0.206741    0.126612
0.183694    -0.290193    0.122522
0.162496    -0.212513    0.150148
0.165501    -0.267365    0.146232
0.182997    -0.268932    0.123431
0.167296    -0.078408    0.143893
0.19981    -0.099394    0.093342
0.193182    -0.186023    0.109344
0.204836    -0.248889    0.081208
0.210975    -0.310079    0.066387
0.1984    -0.313415    0.096746
0.208026    -0.291544    0.073506
0.208096    -0.302459    0.073338
0.194313    -0.152139    0.106614
0.198474    -0.080329    0.096568
0.030439    -0.346217    -0.21686
-0.136539    -0.349319    0.169872
0.058613    -0.348203    -0.212018
-0.140321    -0.351244    -0.165783
0.070309    -0.349565    -0.206587
-0.160974    -0.353636    -0.144365
0.111748    -0.351466    -0.187571
-0.171643    -0.354779    -0.129217
0.140982    -0.354491    -0.162856
-0.184381    -0.357136    -0.109622
0.181623    -0.354693    -0.116304
-0.13235    -0.357777    -0.166238
0.133264    -0.356269    -0.167189
-0.172903    -0.360512    -0.119046
0.160315    -0.358035    -0.139701
-0.093692    -0.361454    -0.186955
0.166961    -0.360051    -0.127646
-0.127489    -0.361895    -0.164261
0.151355    -0.360172    -0.147759
-0.10724    -0.36222    -0.179189
0.058139    -0.36156    -0.201514
-0.160003    -0.363768    -0.128381
0.105782    -0.361991    -0.180737
-0.154821    -0.365389    -0.129783
0.107923    -0.363751    0.175746
-0.119914    -0.365763    -0.161052
0.148209    -0.364822    0.140271
-0.053911    -0.366495    -0.192669
0.150745    -0.365544    0.134396
0.032128    -0.36642    -0.196338
0.177648    -0.365526    0.097563
0.083943    -0.366857    -0.178722
0.189634    -0.36682    -0.058078
0.157504    -0.367446    -0.113914
-0.177686    -0.36768    0.070081
-0.111325    -0.36759    0.157012
-0.18853    -0.367726    0.009298
0.113654    -0.367649    -0.154095
0.081671    -0.367726    0.168391
-0.181247    -0.367726    0.038796
0.028114    -0.367726    -0.184109
-0.10102    -0.367726    0.156568
0.173292    -0.367726    0.064189
-0.170636    -0.353934    0.037209
-0.174492    -0.360202    -0.036278
-0.092277    -0.354046    -0.148641
0.181373    -0.367726    -0.024618
-0.110717    -0.35877    0.138008
0.005265    -0.363736    0.18068
0.095439    -0.363763    0.153448
0.152404    -0.350389    0.081365
-0.136771    -0.351941    0.105704
-0.138123    -0.348575    -0.100676
-0.121516    -0.358268    -0.129348
0.074378    -0.359969    -0.161422
0.12312    -0.351527    -0.123092
0.010724    -0.353447    -0.173833
-0.061372    -0.351518    0.161407
-0.016508    -0.350418    0.171267
0.151881    -0.362066    0.095834
0.172629    -0.354798    -0.02598
-0.1279    -0.347524    0.061166
-0.12159    -0.347524    -0.084531
-0.12824    -0.347524    -0.052365
-0.154097    -0.347524    -0.011383
-0.13236    -0.347524    -0.051723
-0.130893    -0.347524    -0.082795
-0.10951    -0.347524    -0.071539
-0.097935    -0.347524    -0.038929
-0.095035    -0.347524    -0.013127
-0.04836    -0.347524    0.081959
-0.061285    -0.347524    -0.097249
-0.050815    -0.347524    0.01824
-0.052766    -0.347524    -0.135781
-0.061228    -0.347524    -0.026884
-0.03609    -0.347524    -0.017693
-0.033973    -0.347524    0.066285
-0.04174    -0.347524    0.124025
-0.034126    -0.347524    0.029763
-0.027116    -0.347524    -0.116707
0.095316    -0.36409    -0.153785
0.17218    -0.36307    -0.05319
0.040096    -0.347524    0.130705
0.02103    -0.347524    -0.048572
0.019599    -0.347524    -0.091258
0.034931    -0.347524    0.045825
0.019954    -0.347524    -0.079094
0.077675    -0.347524    -0.061225
0.078828    -0.347524    0.070547
0.074866    -0.347524    -0.065802
0.079223    -0.347524    -0.047219
-0.107584    -0.347524    0.083706
-0.116012    -0.347524    -0.080182
-0.119485    -0.347524    0.112312
-0.060399    -0.347524    0.089174
-0.06842    -0.347524    0.018929
-0.073509    -0.347524    0.119437
-0.085276    -0.347524    -0.022039
-0.083334    -0.347524    -0.06103
0.007551    -0.347524    -0.105461
0.022177    -0.347524    0.019995
0.006139    -0.347524    0.155881
0.004519    -0.347524    0.071514
0.032216    -0.347524    0.134928
-0.022608    -0.347524    0.127839
-0.007029    -0.347524    0.085295
-0.000319    -0.347524    -0.168156
-0.003612    -0.347524    0.080014
-0.006662    -0.347524    -0.05857
-0.004527    -0.347524    -0.078578
0.04547    -0.347524    -0.077531
0.060195    -0.347524    0.073276
0.058622    -0.347524    -0.04623
0.071604    -0.347524    0.086437
0.091062    -0.347524    -0.003788
0.088162    -0.347524    0.002635
0.092481    -0.347524    0.066753
0.103624    -0.347524    0.125613
0.130665    -0.347524    -0.034097
0.136879    -0.347524    0.051656
0.157625    -0.347524    0.041089
0.154812    -0.347524    -0.03613
0.118422    -0.347524    0.047745
0.107288    -0.347524    -0.119154
0.108071    -0.347524    -0.096292
0.147344    -0.347524    -0.043188
0.159694    -0.347524    -0.037844
