0.131623    -0.413041    0.016629
0.139028    -0.475191    0.019836
0.149769    -0.54285    0.002969
0.11427    -0.261273    0.003254
0.108246    -0.22252    0.011935
0.127533    -0.390533    0.026159
0.146836    -0.549259    0.031383
0.114683    -0.285392    -0.023535
0.111584    -0.253176    -0.015964
0.155654    -0.585177    -0.001803
0.133197    -0.445409    0.034853
0.131414    -0.448557    0.040173
0.154362    -0.647605    -0.012111
0.127051    -0.381181    -0.022082
0.157928    -0.609535    -0.00805
0.113054    -0.279433    -0.030154
0.13493    -0.43645    -0.015601
0.106208    -0.301139    0.05348
0.14353    -0.601391    0.060216
0.123543    -0.420385    0.05009
0.145552    -0.579681    0.048334
0.104487    -0.218324    0.05508
0.108553    -0.327829    -0.057155
0.127561    -0.470823    -0.058671
0.152602    -0.628171    -0.050381
0.146658    -0.631989    -0.065999
0.122357    -0.376417    -0.039938
0.136241    -0.475518    -0.039273
0.10395    -0.235839    -0.037771
0.0924    -0.245936    0.063112
0.121091    -0.48425    0.073411
0.110896    -0.418758    0.073592
0.140858    -0.647605    0.039134
0.113147    -0.451899    -0.079134
0.117476    -0.426501    -0.068182
0.092423    -0.222141    -0.058097
0.115801    -0.615206    0.106511
0.106577    -0.502747    0.096028
0.103433    -0.40732    0.081029
0.130505    -0.57909    0.080121
0.120145    -0.647605    0.101731
0.097387    -0.403442    -0.08954
0.131885    -0.62334    -0.090564
0.11876    -0.614865    -0.105897
0.117148    -0.590799    -0.102965
0.117965    -0.225813    -0.064861
0.084075    -0.447705    0.106784
0.080279    -0.327047    0.091422
0.088797    -0.361584    0.090117
0.089587    -0.550659    0.118147
0.100871    -0.647605    -0.012676
0.110006    -0.647605    0.028368
0.078436    -0.294702    -0.088367
0.097841    -0.456397    -0.099422
0.075852    -0.302659    -0.091626
0.068752    -0.281576    0.09338
0.078349    -0.338088    0.094575
0.069305    -0.365947    0.105734
0.093911    -0.647605    -0.009514
0.087024    -0.647605    0.057394
0.066775    -0.308495    -0.099528
0.094529    -0.627173    -0.129365
0.072796    -0.353755    -0.10217
0.09801    -0.580571    -0.119217
0.054992    -0.25289    0.098872
0.075393    -0.538613    0.127086
0.046143    -0.632397    0.151237
0.053724    -0.442762    0.123762
0.060931    -0.647605    -0.072833
0.080188    -0.647605    -0.089241
0.055189    -0.21688    0.101966
0.048833    -0.267334    -0.103461
0.06525    -0.384975    -0.112815
0.077979    -0.226421    -0.111634
0.036142    -0.251564    0.10651
0.039518    -0.285575    0.109475
0.058066    -0.647605    -0.015245
0.073582    -0.647605    0.073977
0.057301    -0.647605    -0.041699
0.047563    -0.479992    -0.133189
0.070953    -0.592855    -0.138999
0.057061    -0.582554    -0.143338
0.053635    -0.553884    -0.140821
0.025636    -0.449213    0.133066
0.011081    -0.503244    0.141366
0.021458    -0.524252    0.142481
0.026414    -0.526131    0.14205
0.037165    -0.647605    -0.082526
0.025454    -0.647605    -0.110791
0.032796    -0.647605    0.048257
0.021773    -0.370181    -0.125348
0.014403    -0.351892    -0.123993
0.029989    -0.479792    -0.138201
0.001418    -0.395635    0.129926
0.007123    -0.2457    0.111464
0.005404    -0.295779    0.117606
0.015737    -0.647605    -0.039933
0.028776    -0.647605    0.046407
0.029532    -0.647605    0.109077
0.014136    -0.477152    -0.139952
0.038174    -0.599565    -0.152349
0.019478    -0.427169    -0.132895
0.011779    -0.633523    -0.160142
0.0037    -0.217535    0.117006
-0.013007    -0.58436    0.15019
-0.02468    -0.531088    0.142423
-0.01325    -0.540565    0.145036
-0.013782    -0.560489    0.147296
-0.004281    -0.647605    0.091993
-0.012606    -0.647605    0.136594
-0.011102    -0.647605    0.056885
-0.010809    -0.255823    -0.112139
-0.008479    -0.330125    -0.121803
-0.017185    -0.225471    0.134453
-0.025939    -0.428324    0.130239
-0.022292    -0.431329    0.131071
-0.032933    -0.647605    -0.085613
-0.036875    -0.647605    0.054905
-0.023847    -0.647605    0.021987
-0.013068    -0.492002    -0.141586
-0.036056    -0.617753    -0.154396
-0.021317    -0.450255    -0.135242
-0.035183    -0.593022    -0.151397
-0.01382    -0.213642    -0.106686
-0.05838    -0.598389    0.140165
-0.034385    -0.452773    0.131961
-0.071516    -0.588391    0.133478
-0.043345    -0.367828    0.117665
-0.063577    -0.647605    -0.147187
-0.046461    -0.647605    -0.134604
-0.037933    -0.568248    -0.14777
-0.038231    -0.415822    -0.127283
-0.04772    -0.307367    -0.108864
-0.043584    -0.22326    0.123689
-0.058828    -0.36428    0.11081
-0.043977    -0.214738    0.098329
-0.061816    -0.647605    0.004387
-0.077666    -0.647605    -0.033092
-0.05181    -0.647605    0.125626
-0.051166    -0.467427    -0.12882
-0.063507    -0.526106    -0.131547
-0.046178    -0.498697    -0.135063
-0.046637    -0.524304    -0.138294
-0.08233    -0.559583    0.122299
-0.072084    -0.362909    0.101731
-0.066736    -0.383035    0.108744
-0.064099    -0.356059    0.106868
-0.082231    -0.647605    -0.109582
-0.088384    -0.647605    -0.133453
-0.076191    -0.222554    -0.078072
-0.065483    -0.241119    -0.089139
-0.064589    -0.248939    -0.091026
-0.07623    -0.220208    0.096896
-0.098191    -0.5021    0.101819
-0.076073    -0.311376    0.091221
-0.090167    -0.647605    0.106006
-0.09908    -0.647605    0.006691
-0.08819    -0.420828    -0.09931
-0.099811    -0.604394    -0.118579
-0.090351    -0.603211    -0.125657
-0.094588    -0.523264    -0.110129
-0.119198    -0.556835    0.085734
-0.119096    -0.583086    0.090812
-0.08529    -0.310492    0.083516
-0.093992    -0.405825    0.090134
-0.130008    -0.647605    -0.043272
-0.113881    -0.647605    0.008403
-0.104875    -0.554836    -0.106792
-0.110665    -0.573751    -0.102981
-0.128296    -0.63687    -0.092463
-0.116241    -0.508461    -0.082827
-0.106988    -0.43052    0.07785
-0.087913    -0.269636    0.0724
-0.096407    -0.269577    0.06132
-0.133923    -0.647605    0.016052
-0.09276    -0.220215    -0.056532
-0.091443    -0.246902    -0.063517
-0.091799    -0.289365    -0.071435
-0.135344    -0.552683    0.055708
-0.142715    -0.60401    0.053352
-0.148797    -0.621906    0.044052
-0.109704    -0.332261    0.051307
-0.140343    -0.647605    0.016404
-0.141949    -0.635806    -0.068266
-0.121032    -0.422952    -0.05282
-0.121909    -0.448258    -0.058545
-0.112126    -0.355898    -0.05355
-0.104101    -0.215774    0.029793
-0.119172    -0.345854    0.032537
-0.108739    -0.25553    0.030556
-0.136117    -0.501055    -0.0406
-0.102363    -0.261145    -0.047764
-0.116465    -0.368369    -0.046938
-0.110569    -0.23815    0.003802
-0.117186    -0.304271    0.012277
-0.109177    -0.232622    0.009468
-0.155077    -0.63096    -0.018107
-0.147228    -0.562339    -0.016157
-0.124873    -0.382662    -0.024746
-0.113579    -0.287703    -0.025327
-0.134878    -0.22526    0.023099
-0.152587    -0.604765    0.010299
-0.135596    -0.465824    0.015941
-0.129078    -0.393384    0.001107
-0.150885    -0.609858    0.027749
-0.115868    -0.297684    -0.016896
-0.120151    -0.323539    -0.007559
-0.110089    -0.254097    -0.021679
0.156674    -0.621025    0.025305
0.135726    -0.447679    0.018599
0.145892    -0.510565    0.001533
0.143503    -0.49797    0.007634
0.142641    -0.519366    0.034645
0.12791    -0.387873    0.020751
0.106339    -0.219126    0.023175
0.144756    -0.500329    -0.002655
0.120072    -0.310235    -0.006593
0.151623    -0.555622    -0.003884
0.107952    -0.050896    0.005563
0.106217    -0.17808    0.01874
0.108309    -0.140153    0.00285
0.110054    -0.290911    0.040896
0.114282    -0.318006    0.039429
0.140254    -0.514745    0.04018
0.151853    -0.566975    -0.013095
0.149383    -0.550365    -0.015819
0.152768    -0.598754    -0.036831
0.155458    -0.602373    -0.019897
0.105226    -0.104913    -0.025968
0.106789    -0.121099    -0.014097
0.105426    -0.026616    -0.024448
0.107334    -0.186286    -0.009956
0.10749    0.023293    0.00907
0.106903    0.051314    0.013532
0.107211    0.055846    0.011194
0.106657    0.052878    0.015397
0.106931    -0.064048    -0.013014
0.106229    0.03834    -0.018345
0.106863    0.030923    -0.013534
0.136343    -0.590304    0.073992
0.124372    -0.445617    0.056226
0.127441    -0.485961    0.061831
0.136234    -0.573023    0.068681
0.103576    -0.125859    0.031576
0.104598    0.026566    0.029108
0.101785    -0.166369    0.0359
0.104806    -0.117268    0.028608
0.146567    -0.626927    -0.064539
0.134803    -0.554548    -0.068944
0.140523    -0.570519    -0.06043
0.138732    -0.605994    -0.076514
0.102908    -0.258616    -0.047837
0.116724    -0.347875    -0.044073
0.104493    -0.259639    -0.044351
0.101898    -0.029806    -0.035327
0.098282    -0.019387    -0.044057
0.099479    -0.016837    -0.041167
0.096447    0.047738    -0.048485
0.130679    -0.130131    0.016325
0.13152    -0.166109    0.02285
0.129275    -0.215282    0.045764
0.119344    -0.222813    0.067749
0.10548    0.029887    0.063912
0.115935    0.096081    0.010793
0.078751    -0.219442    0.075598
0.134327    -0.583391    0.076001
0.097598    -0.309653    0.069088
0.101578    0.043063    0.0364
0.099895    -0.018871    0.040463
0.094535    -0.085374    0.053402
0.094308    -0.053228    0.053951
0.14037    -0.647605    -0.010293
0.100105    -0.364604    -0.077877
0.106146    -0.390981    -0.07552
0.100156    -0.102123    -0.039533
0.096533    -0.141592    -0.048279
0.095263    -0.097936    -0.051345
0.097846    -0.094521    -0.04511
0.129254    -0.099868    -0.011429
0.127396    -0.065327    -0.010682
0.101317    0.080234    -0.048544
0.116533    0.091334    0.025445
0.128165    -0.058228    0.007863
0.113752    -0.002055    0.050613
0.110816    0.029028    0.052744
0.114941    -0.016602    0.050007
0.085541    0.058941    0.086362
0.092362    0.094856    0.075149
0.110535    0.072771    -0.005528
0.106585    0.074607    -0.031561
0.092984    -0.366654    0.086509
0.101435    -0.482601    0.098698
0.09668    -0.363949    0.08115
0.119563    -0.639928    0.106555
0.093022    -0.130728    0.055815
0.092372    0.012325    0.056662
0.090576    0.002765    0.059002
0.086869    0.000984    0.089919
0.104417    -0.221496    0.0889
0.087177    -0.021556    0.091549
0.102522    0.078763    0.044947
0.118685    -0.647605    0.01575
0.108105    -0.556046    -0.107483
0.093085    -0.336533    -0.081155
0.115606    -0.562281    -0.099011
0.096261    -0.358128    -0.081532
0.078235    0.033996    -0.074785
0.07777    0.024348    -0.075391
0.079192    -0.014825    -0.073537
0.110778    -0.220855    -0.055057
0.087182    -0.038149    -0.063124
0.087857    0.014844    -0.062246
0.093352    -0.066755    -0.055084
0.122559    0.042841    0.003613
0.126933    -0.036403    0.003265
0.131512    -0.169807    -0.029296
0.112713    0.052532    -0.045012
0.121727    -0.053507    -0.03738
0.105643    0.097484    0.048775
0.100863    -0.573664    0.112979
0.092019    -0.411574    0.095216
0.090654    -0.43512    0.09983
0.09914    -0.55069    0.110822
0.081905    -0.223261    0.100031
0.08199    -0.050867    0.070192
0.0822    -0.070039    0.069919
0.088646    0.047375    0.061517
0.068881    -0.206638    0.118614
0.07808    0.025596    0.095675
0.085932    -0.14359    0.102314
0.105939    -0.647605    -0.060785
0.058801    -0.223875    -0.092069
0.076417    -0.268419    -0.085699
0.077846    -0.352426    -0.098082
0.072249    -0.0603    -0.080088
0.065631    -0.126164    -0.085167
0.062177    -0.153112    -0.087818
0.074717    -0.054526    -0.078195
0.111875    -0.001928    -0.056373
0.130276    -0.202102    -0.038098
0.122559    -0.10099    -0.042921
0.099476    0.054835    -0.069139
0.100808    0.039931    -0.068699
0.083311    0.066296    0.07001
0.063697    -0.323459    0.103602
0.067494    -0.385362    0.110064
0.076268    -0.229317    0.079698
0.10656    -0.647605    0.04704
0.087224    -0.647605    0.045528
0.071206    -0.002359    0.08119
0.072019    -0.041133    0.080566
0.073677    -0.024313    0.079294
0.069796    0.062631    0.082271
0.060798    -0.006358    0.109916
0.063955    0.084838    0.101223
0.06232    -0.287115    -0.099516
0.079538    -0.540805    -0.12701
0.082841    -0.596348    -0.133388
0.058923    -0.2817    -0.101254
0.106755    -0.142279    -0.078267
0.093636    0.045171    -0.07854
0.09068    0.082745    -0.079066
0.065938    -0.052801    -0.084931
0.067993    0.050321    -0.083354
0.058086    -0.017929    -0.090957
0.080323    0.105968    -0.086684
0.058939    0.103562    0.102384
0.056371    -0.17362    0.092572
0.065486    -0.090045    0.085579
0.05843    -0.078375    0.090993
0.051509    -0.383006    0.117011
0.051648    -0.467936    0.127852
0.056296    -0.59184    0.141827
0.052623    -0.30957    0.107126
0.077292    -0.647605    0.033005
0.074227    -0.647605    0.036213
0.051735    -0.22022    0.111348
0.049481    -0.067844    0.119158
0.037218    -0.2154    0.133023
0.058276    -0.290695    -0.102757
0.057977    -0.278944    -0.101267
0.069733    -0.505055    -0.127448
0.076731    0.035243    -0.095258
0.075318    0.045431    -0.09568
0.087979    -0.084352    -0.094823
0.045176    -0.092578    -0.097586
0.047242    -0.073928    -0.09673
0.041661    -0.133955    -0.099042
0.05453    0.090672    0.101811
0.049021    0.03257    0.096293
0.035014    0.029036    0.102095
0.046567    -0.064242    0.09731
0.043385    -0.463971    0.130766
0.046175    -0.391251    0.120279
0.045277    -0.47998    0.132037
0.049621    -0.647605    0.0524
0.058909    -0.647605    0.045776
0.063956    -0.647605    0.068732
0.054839    -0.598457    -0.146443
0.042889    -0.417133    -0.126493
0.058345    -0.466139    -0.126821
0.062297    -0.518212    -0.132334
0.043025    -0.020472    0.118425
0.027214    0.034225    0.120569
0.08092    -0.061028    -0.099036
0.077331    -0.047672    -0.101064
0.07452    -0.138923    -0.110399
0.046392    0.089165    -0.104303
0.049198    0.043584    -0.09592
0.029163    -0.05199    -0.104219
0.032695    -0.163646    -0.102756
0.030614    0.093707    0.111636
0.043633    -0.141494    0.098525
0.043412    -0.163962    0.098617
0.035112    -0.176392    0.102055
0.027815    -0.644019    0.155792
0.027388    -0.613543    0.152248
0.011631    -0.5771    0.150018
0.040964    -0.603122    0.149229
0.011459    -0.647605    -0.150334
0.043116    -0.647605    0.130434
0.035665    -0.647605    0.000928
0.034927    -0.527095    -0.143564
0.021599    -0.339236    -0.121437
0.014925    -0.311153    -0.118746
0.01088    -0.200415    0.137
0.011411    -0.133843    0.132785
0.022476    0.001011    0.123428
0.058322    0.022756    -0.108556
0.066503    -0.104718    -0.113116
0.047654    0.079154    -0.101153
0.005514    -0.210063    -0.107574
0.008394    -0.175455    -0.107195
0.016325    -0.209028    -0.106151
0.010077    0.076717    0.110922
0.025556    0.030548    0.105235
0.02201    -0.148299    0.105702
0.018001    -0.090459    0.10623
0.005588    -0.414594    0.131617
0.00852    -0.346653    0.123205
0.00852    -0.476541    0.138548
0.01388    -0.647605    0.059699
0.0038    -0.647605    -0.143723
0.011464    -0.647605    -0.043673
0.006547    -0.401971    -0.131394
0.027005    -0.621985    -0.15667
0.00369    -0.490989    -0.143087
0.007812    -0.371904    -0.127405
0.001509    0.038576    0.122793
0.001985    -0.039085    0.12762
0.043224    0.025194    -0.115536
0.054935    -0.066193    -0.11604
0.05903    -0.192129    -0.12243
0.029578    0.076382    -0.107552
0.011748    -0.082838    -0.106753
0.013549    -0.051475    -0.106516
0.017456    0.002504    -0.106002
0.009254    0.102109    0.116936
0.019922    -0.177806    0.105977
0.002472    -0.068445    0.108275
0.001522    0.001125    0.1084
-0.00705    -0.299179    0.117624
-0.007415    -0.433643    0.133301
-0.001273    -0.374763    0.127224
-0.019973    -0.525584    0.142399
-0.009466    -0.647605    0.133886
0.002011    -0.647605    -0.054031
-0.0273    -0.647605    0.067048
-0.012412    -0.296866    -0.117097
-0.001932    -0.46595    -0.139771
-0.006496    -0.266095    -0.114
-0.028234    -0.153266    0.132022
-0.028734    -0.206292    0.135406
-0.018487    -0.176131    0.135294
0.01292    0.053977    -0.12087
0.025125    0.003745    -0.121799
0.021317    0.075019    -0.108701
-0.001092    -0.017959    -0.108091
-0.012702    -0.105464    -0.106562
-0.004958    -0.210597    -0.107582
-0.004094    0.076237    0.11152
-0.017077    -0.007225    0.106287
-0.011134    0.049008    0.107069
-0.009343    0.048921    0.107305
-0.013497    -0.267799    0.113106
-0.00823    -0.297242    0.117242
-0.020603    -0.317718    0.118007
-0.019992    -0.647605    -0.081544
-0.010904    -0.647605    -0.139101
-0.032002    -0.647605    0.071708
-0.02231    -0.335194    -0.120621
-0.017942    -0.61603    -0.156564
-0.015284    -0.574691    -0.151708
-0.025017    -0.438978    -0.133335
0.022393    -0.151592    -0.132038
0.011345    -0.126368    -0.132467
0.008933    -0.117804    -0.132369
-0.038978    -0.149406    0.129814
-0.006376    0.105551    0.11904
-0.001286    0.094264    -0.115438
-0.024262    0.036519    -0.10504
-0.007754    0.031457    -0.107214
-0.025716    -0.151947    -0.104849
-0.01844    0.104061    0.116261
-0.021382    -0.014653    0.10572
-0.023468    -0.205686    0.105445
-0.027188    0.018141    0.104955
-0.048364    -0.475014    0.128941
-0.039203    -0.578277    0.145602
-0.035403    -0.368218    0.121004
-0.049874    -0.417352    0.121132
-0.064209    -0.647605    -0.04712
-0.067345    -0.647605    -0.087454
-0.051716    -0.647605    -0.088986
-0.050758    -0.258182    -0.101035
-0.04333    -0.426686    -0.126623
-0.037672    -0.487189    -0.137049
-0.002914    -0.010736    -0.125575
-0.003595    -0.077927    -0.129815
-0.053281    -0.07989    0.119158
-0.046493    -0.083384    0.122625
-0.050406    -0.022376    0.116294
-0.022879    0.062757    -0.10525
-0.035779    -0.204088    -0.101273
-0.036663    -0.177706    -0.100907
-0.033161    -0.101278    -0.102358
-0.038904    0.078291    0.104632
-0.046717    -0.006855    0.097043
-0.0302    0.061026    0.103884
-0.028371    -0.064929    0.104642
-0.05824    -0.414992    0.117372
-0.057707    -0.425615    0.118917
-0.049121    -0.236903    0.09896
-0.077624    -0.647605    0.017704
-0.068288    -0.647605    0.04367
-0.055478    -0.592922    -0.143799
-0.053044    -0.491075    -0.131201
-0.059782    -0.527697    -0.133303
-0.065796    -0.475027    -0.123776
-0.006502    -0.190246    -0.136757
-0.02683    -0.090594    -0.12872
-0.024923    0.097936    -0.116823
-0.056931    0.069764    0.10644
-0.070209    -0.039891    0.108213
-0.033396    0.080599    -0.10696
-0.042326    -0.03388    -0.098562
-0.053824    -0.068805    -0.093799
-0.03778    0.004691    -0.100445
-0.048449    0.095578    0.105028
-0.049203    -0.158989    0.096013
-0.040147    -0.161671    0.099764
-0.044184    -0.144441    0.098092
-0.072547    -0.536224    0.126429
-0.096974    -0.640916    0.122819
-0.096079    -0.53772    0.108589
-0.083225    -0.576641    0.124078
-0.105238    -0.601513    0.110782
-0.095863    -0.647605    -0.119499
-0.092701    -0.647605    -0.114618
-0.071255    -0.346579    -0.100903
-0.076522    -0.527323    -0.124616
-0.063354    -0.227046    -0.125171
-0.047288    0.023021    -0.114091
-0.036571    0.040904    -0.116678
-0.089342    -0.165169    0.103269
-0.087952    -0.173055    0.105152
-0.081154    -0.16185    0.109919
-0.059091    -0.145049    -0.089806
-0.065404    -0.170752    -0.084962
-0.05445    -0.061058    -0.093367
-0.071363    -0.155198    -0.080389
-0.060267    -0.061977    0.089204
-0.063315    -0.015549    0.086866
-0.067525    0.004841    0.083635
-0.057263    -0.048966    0.091509
-0.070496    -0.305693    0.094679
-0.084723    -0.38738    0.09557
-0.085418    -0.647605    0.112445
-0.092124    -0.647605    0.114678
-0.078335    -0.242014    -0.079414
-0.091455    -0.620846    -0.127517
-0.07912    -0.484852    -0.116101
-0.080748    -0.631937    -0.137436
-0.042458    -0.142355    -0.127357
-0.046446    -0.168893    -0.127782
-0.060822    -0.111119    -0.118607
-0.091409    -0.008529    0.087528
-0.079334    0.005296    0.096538
-0.062606    0.102357    -0.098867
-0.06628    -0.052442    -0.08429
-0.07261    0.00662    -0.079433
-0.070524    -0.132636    -0.081033
-0.079462    0.103849    0.086656
-0.076244    0.027727    0.076945
-0.068758    -0.142747    0.082689
-0.069187    -0.066713    0.08236
-0.098026    -0.387749    0.081471
-0.120964    -0.625804    0.096425
-0.095431    -0.429391    0.092698
-0.100413    -0.430693    0.086451
-0.132274    -0.647605    -0.073097
-0.115482    -0.647605    -0.060828
-0.118074    -0.564916    -0.091582
-0.079354    -0.246726    -0.079237
-0.08146    -0.252866    -0.077704
-0.093095    -0.392831    -0.090169
-0.063894    -0.063881    -0.11306
-0.071974    -0.060863    -0.10722
-0.083026    -0.215684    0.07681
-0.103991    -0.16558    0.090251
-0.122303    -0.218856    0.070294
-0.069445    0.062854    -0.081927
-0.083661    -0.07073    -0.06707
-0.086041    0.049828    -0.063968
-0.08251    -0.022161    -0.06857
-0.089115    0.09483    0.073857
-0.083236    -0.127583    0.067925
-0.076647    -0.004247    0.076512
-0.081204    -0.20327    0.070573
-0.081442    -0.24383    0.075973
-0.10143    -0.370009    0.073693
-0.092436    -0.263726    0.065393
-0.130291    -0.647605    0.030174
-0.134009    -0.614503    -0.080602
-0.087648    -0.252236    -0.069516
-0.091391    -0.244788    -0.063167
-0.095373    -0.218863    -0.103992
-0.074005    -0.208262    -0.117912
-0.119387    -0.224173    0.062282
-0.113928    -0.070307    0.064267
-0.105564    -0.00998    0.06899
-0.08754    0.100785    -0.076959
-0.083462    -0.13029    -0.067329
-0.088966    -0.033167    -0.060156
-0.093559    -0.085621    -0.054169
-0.079836    0.021959    0.072356
-0.089023    0.049056    0.060383
-0.079677    0.026579    0.072563
-0.089821    0.058389    0.059342
-0.137634    -0.579913    0.058371
-0.129727    -0.563172    0.072425
-0.119869    -0.427538    0.055425
-0.136169    -0.589088    0.064668
-0.122141    -0.433481    0.051727
-0.135362    -0.610994    -0.076481
-0.143454    -0.626471    -0.06174
-0.118118    -0.397907    -0.052097
-0.140692    -0.619105    -0.066125
-0.106859    -0.168405    -0.085459
-0.086063    0.033111    -0.088483
-0.115303    -0.21479    -0.080452
-0.125009    -0.148337    0.05385
-0.111525    0.028048    0.054693
-0.125914    -0.125118    0.046473
-0.096696    0.046441    -0.074529
-0.088369    0.052537    -0.083693
-0.100212    0.0175    -0.038204
-0.095626    0.015646    -0.049276
-0.096807    -0.119955    -0.046423
-0.095575    -0.098871    -0.049398
-0.095849    -0.081201    0.049038
-0.100894    -0.137931    0.036858
-0.095842    -0.210179    0.049055
-0.102656    -0.169369    0.032605
-0.104405    -0.218493    0.029878
-0.113209    -0.350976    0.048474
-0.11665    -0.333102    0.034791
-0.124753    -0.419579    -0.042794
-0.099837    -0.230009    -0.044218
-0.112296    -0.290717    -0.032947
-0.125865    -0.066467    0.034357
-0.115275    0.035445    0.042666
-0.125986    -0.033898    0.027216
-0.124697    -0.207643    -0.063372
-0.118491    -0.11728    -0.061683
-0.101997    -0.026446    -0.033894
-0.095908    -0.164753    -0.048595
-0.098566    -0.167531    -0.042179
-0.103579    -0.113006    -0.030075
-0.127085    -0.13653    -0.046668
-0.103047    0.098566    -0.058956
-0.109895    0.076949    -0.048021
-0.101226    0.028677    0.036056
-0.099738    0.021192    0.039649
-0.102218    -0.147272    0.033662
-0.106535    0.077137    0.032347
-0.108493    -0.233067    0.015061
-0.119075    -0.33091    0.021589
-0.156127    -0.637328    -0.015845
-0.149753    -0.579719    -0.012576
-0.153553    -0.608045    -0.009123
-0.157159    -0.646807    -0.016512
-0.122774    -0.227125    -0.069663
-0.125379    -0.02365    0.025856
-0.123631    0.021971    0.007652
-0.10448    -0.190265    -0.02788
-0.10576    -0.041539    -0.018159
-0.105825    0.014595    -0.017665
-0.104741    0.010327    -0.025895
-0.137926    -0.191316    -0.017758
-0.13471    -0.204454    -0.040624
-0.13231    -0.142614    -0.029394
-0.107017    -0.2118    0.008912
-0.10702    -0.137698    0.008887
-0.105067    -0.016713    0.023725
-0.11547    0.102642    0.023493
-0.142184    -0.529583    0.022535
-0.127381    -0.389136    0.010222
-0.140729    -0.507639    0.014096
-0.144008    -0.520723    0.000809
-0.156691    -0.626407    -0.001761
-0.113488    -0.265406    -0.006013
-0.114351    -0.269886    -0.003477
-0.138648    -0.211028    0.02636
-0.126709    -0.009862    -0.002316
-0.13263    -0.106187    0.008927
-0.10544    -0.195444    -0.020589
-0.106112    -0.142429    -0.015484
-0.106872    -0.198188    -0.009708
-0.108169    -0.132322    0.000142
-0.129289    -0.045738    -0.007737
-0.119017    0.06188    -0.021688
-0.126261    -0.031375    -0.018705
-0.106757    0.004093    0.010886
-0.106228    0.001835    0.014899
-0.107812    -0.055741    0.002872
0.128518    -0.103298    0.019889
0.134773    -0.210731    0.018797
0.122531    -0.017439    0.026187
0.118328    -0.143791    0.059531
0.108407    -0.057564    0.069196
0.116195    -0.10833    0.059389
0.12485    -0.029867    -0.017706
0.120038    0.05178    -0.021071
0.117866    0.091185    0.018169
0.128335    -0.06017    0.007531
0.130191    -0.115997    0.014626
0.11173    0.012586    0.052968
0.118225    0.004321    0.040319
0.112594    -0.173619    0.075031
0.102187    -0.039809    0.075471
0.095942    -0.140587    0.091738
0.100164    -0.209759    0.092876
0.093533    -0.085726    0.089728
0.123417    0.007753    -0.009697
0.132154    -0.131547    0.002477
0.08834    -0.14657    0.10086
0.072167    -0.09206    0.108164
0.082839    -0.043576    0.097317
0.069795    0.025922    0.101386
0.063048    -0.158177    0.119193
0.057448    -0.043207    0.114725
0.036621    -0.209465    0.132856
0.044703    -0.119134    0.124162
0.031328    -0.032728    0.123398
0.039542    0.069852    0.11387
0.020674    -0.140969    0.132472
0.021748    0.011542    0.122828
0.013065    -0.128916    0.13234
-0.007705    -0.204628    0.138787
0.012123    0.006088    0.123959
-0.035894    -0.214599    0.134647
-0.024482    -0.09661    0.128992
-0.028099    -0.142707    0.131355
-0.022289    0.104894    0.116187
-0.017979    0.098288    0.117404
-0.042494    -0.092929    0.125217
-0.047402    -0.097097    0.123202
-0.07252    -0.152612    0.115399
-0.068701    -0.125261    0.115197
-0.058675    0.075408    0.105201
-0.087727    -0.196008    0.107392
-0.079323    -0.193737    0.11432
-0.079659    -0.00979    0.097609
-0.089331    -0.086419    0.096246
-0.083828    -0.036041    0.096416
-0.110598    -0.213584    0.086563
-0.108127    -0.180537    0.086101
-0.099475    0.020232    0.074101
-0.110004    0.018802    0.059062
-0.123507    -0.182096    0.064067
-0.118965    -0.041538    0.048434
-0.111278    0.021188    0.056817
-0.117553    0.027457    0.037967
-0.117742    0.005497    0.042028
-0.120325    0.016827    0.032441
0.123744    -0.024231    -0.026893
0.114761    0.088838    -0.033272
0.124394    -0.175283    -0.050097
0.122358    -0.150135    -0.05162
0.118811    -0.158585    -0.062473
0.094768    0.053357    -0.076088
0.098984    0.090023    -0.066342
0.11453    -0.208076    -0.073591
0.110982    -0.21656    -0.079563
0.081739    0.056451    -0.089394
0.081969    0.087614    -0.086825
0.08607    -0.049427    -0.093783
0.072162    -0.136762    -0.112234
0.078979    -0.214079    -0.112339
0.069167    -0.067924    -0.109423
0.046469    0.099076    -0.109116
0.050886    -0.016336    -0.114658
0.042156    -0.057934    -0.121538
0.069776    -0.213183    -0.11874
0.025943    -0.034705    -0.124062
0.040447    -0.220441    -0.13307
0.013645    0.037478    -0.121773
0.009996    -0.16157    -0.13492
0.037245    -0.201854    -0.132487
-0.009604    0.002268    -0.124195
0.005119    0.057136    -0.121895
-0.000737    -0.170387    -0.13596
-0.017019    -0.177688    -0.135092
-0.018167    -0.038725    -0.126114
-0.043394    0.089059    -0.110877
-0.035846    0.030816    -0.117641
-0.055473    -0.080734    -0.118401
-0.057278    -0.098552    -0.118999
-0.050018    -0.154366    -0.12549
-0.064591    -0.093574    -0.115014
-0.06813    -0.068609    -0.110516
-0.076387    -0.03024    -0.101652
-0.074746    -0.053259    -0.104677
-0.084024    -0.005937    -0.094371
-0.086284    -0.013473    -0.093189
-0.103226    -0.119768    -0.084555
-0.101259    -0.215733    -0.097105
-0.084483    0.07445    -0.085937
-0.105504    -0.013858    -0.070577
-0.106497    -0.001731    -0.068102
-0.117327    -0.142787    -0.068325
-0.119054    -0.072253    -0.053113
-0.122988    -0.075511    -0.04533
-0.104914    0.089613    -0.056477
-0.120289    0.073144    0.004074
-0.1284    -0.059662    0.020214
-0.139617    -0.200815    -0.012216
-0.124381    -0.051857    -0.037124
-0.135389    -0.147879    -0.014551
-0.132977    -0.110258    0.008215
-0.130897    -0.067853    -0.003155
-0.118855    0.101107    -0.007086
-0.12385    -0.011937    -0.024275
-0.123606    0.015512    -0.01478
0.092869    0.09474    0.019661
0.101008    0.098298    -0.021045
0.006696    0.100979    0.110358
-0.034711    0.095706    0.090222
-0.072778    0.100367    0.080726
-0.09607    0.099924    0.04685
-0.099047    0.09683    0.010395
-0.089188    0.093521    -0.0193
0.088948    0.093584    0.022329
0.097321    0.096508    0.020273
0.06705    0.122129    0.075174
0.088308    0.130674    0.033539
0.107745    0.100168    0.005692
0.050452    0.135016    0.076583
0.105086    0.116935    -0.005957
0.05398    0.182301    0.06541
0.0186    0.102623    0.112541
0.062071    0.172943    -0.009976
0.038266    0.225448    0.076357
0.03546    0.242129    0.042826
0.021891    0.102998    0.109223
0.096505    0.114284    -0.04505
0.052526    0.242129    0.038167
0.022039    0.242129    0.013398
0.094119    0.102998    -0.058396
0.074883    0.231914    0.041634
0.057771    0.242129    -0.040058
0.021484    0.242129    -0.002737
-0.01708    0.102998    0.113215
0.071271    0.11482    -0.079311
0.067746    0.242129    0.021676
0.036859    0.23488    -0.077453
0.002373    0.242129    0.004012
0.034924    0.182301    -0.048378
0.081901    0.229607    0.024471
-0.014896    0.220221    0.084592
-0.006759    0.242129    0.036602
-0.041098    0.099929    0.099228
0.047539    0.122963    -0.08822
-0.016891    0.224652    0.084172
-0.014213    0.242129    -0.021895
0.041373    0.093927    -0.082947
-0.0251    0.232822    0.081466
-0.032007    0.165826    0.060188
0.004921    0.160423    -0.07162
-0.059464    0.101732    0.094386
-0.038226    0.182301    0.069224
0.010477    0.107092    -0.111109
-0.055626    0.228847    0.065355
-0.066538    0.142406    0.053493
-0.027292    0.242129    0.019962
-0.034996    0.242129    -0.069161
-0.06821    0.240095    0.051348
-0.091156    0.111082    0.060279
-0.025889    0.105765    -0.109472
-0.067704    0.218006    0.051915
-0.03757    0.183993    -0.076159
-0.026927    0.176588    -0.053202
-0.075485    0.231673    0.039111
-0.059242    0.175571    0.011882
-0.048596    0.216245    -0.07041
-0.051887    0.115809    -0.091339
-0.079621    0.196869    0.030907
-0.075854    0.225686    -0.039099
-0.052585    0.242129    -0.028131
-0.050687    0.094714    -0.079455
-0.065256    0.19668    -0.055268
-0.098419    0.124745    0.0002
-0.048213    0.162461    -0.050961
-0.085379    0.19477    0.006695
-0.070937    0.102887    -0.089698
-0.083743    0.133378    -0.039155
-0.084639    0.191029    -0.00715
0.070371    0.136357    0.057072
0.066709    0.128244    0.06937
0.075329    0.150612    0.025454
0.076046    0.151044    0.022253
0.041265    0.105596    0.105767
0.065175    0.169697    0.003416
0.086935    0.134987    -0.029314
0.01547    0.182301    0.079798
0.062169    0.163337    -0.03196
0.012525    0.182301    0.060871
0.063146    0.182301    -0.035402
0.001048    0.126414    0.097613
0.07331    0.121891    -0.069115
0.076845    0.102998    -0.080095
-0.018761    0.123039    0.098942
0.084063    0.182301    0.00617
0.012165    0.182301    -0.071999
0.011358    0.15279    -0.076953
0.045679    0.102998    -0.104068
-0.001836    0.150887    -0.07912
-0.072963    0.108363    0.084387
-0.088619    0.125596    0.041288
-0.031027    0.103203    -0.110353
-0.027186    0.17583    -0.053704
-0.058091    0.178383    0.007131
-0.05897    0.106318    -0.095688
-0.055111    0.18223    -0.006935
-0.056274    0.182301    -0.020426
-0.064877    0.118234    -0.080262
-0.071616    0.15673    -0.02036
-0.055336    0.163477    -0.042093
0.050271    0.204076    0.025286
0.051307    0.206661    0.022905
0.054139    0.239659    0.014313
0.055665    0.200748    0.005231
0.045024    0.242129    0.069829
0.025172    0.193079    0.04987
0.053847    0.22389    -0.015265
0.01155    0.188796    0.084786
0.042396    0.21758    -0.03615
0.026312    0.242129    -0.01544
0.01788    0.238722    0.083469
0.035301    0.242129    -0.061356
0.006695    0.242129    0.061168
0.040025    0.183301    -0.075604
0.074332    0.242129    0.021
0.028009    0.222679    -0.048152
-0.0019    0.233783    0.055735
0.023423    0.216102    -0.050771
0.077054    0.242129    -0.025126
-0.010004    0.227857    0.055276
0.006279    0.221424    -0.055215
0.085064    0.20015    0.008686
0.00482    0.228271    -0.084891
-0.01003    0.242129    0.04805
0.082585    0.242129    -0.020768
-0.02911    0.183015    0.047408
-0.00513    0.188978    -0.055539
-0.029258    0.22209    0.047311
-0.024609    0.242129    -0.062145
-0.033676    0.242129    0.003484
-0.062888    0.241229    0.05731
-0.034443    0.242129    -0.017661
-0.06483    0.242129    -0.008944
-0.034024    0.2134    -0.04381
-0.069835    0.242129    -0.009689
-0.053099    0.209551    -0.066389
-0.073301    0.242129    0.024018
-0.059875    0.184013    -0.06034
-0.054919    0.220625    -0.009391
-0.078542    0.224629    -0.032863
-0.084689    0.225482    -0.00628
0.098082    -0.227293    -0.017874
0.090805    -0.227293    -0.03297
0.08254    -0.227293    0.055332
0.073269    -0.227293    0.019561
0.05802    -0.227293    -0.064266
0.055594    -0.227293    0.083937
0.037937    -0.227293    -0.068886
0.035634    -0.227293    -0.093054
0.037466    -0.227293    -0.077073
0.039785    -0.227293    0.048121
0.025358    -0.227293    0.061348
0.006909    -0.227293    -0.103001
0.007953    -0.227293    -0.096794
0.019652    -0.227293    -0.089296
0.008278    -0.227293    0.046824
0.007177    -0.227293    -0.002657
0.004202    -0.227293    0.028501
-0.005237    -0.227293    -0.10357
-0.010398    -0.227293    -0.021567
-0.01773    -0.227293    -0.103623
-0.022331    -0.227293    0.048826
-0.029267    -0.227293    0.104026
-0.02163    -0.227293    -0.044758
-0.049228    -0.227293    -0.090722
-0.028633    -0.227293    -0.069009
-0.055708    -0.227293    0.013177
-0.053206    -0.227293    -0.087076
-0.064239    -0.227293    0.071781
-0.070035    -0.227293    -0.003404
-0.079084    -0.227293    0.06834
-0.067586    -0.227293    0.07743
-0.081229    -0.227293    -0.027747
-0.090841    -0.227293    0.013023
-0.101868    -0.227293    -0.027819
