0.020985    0.24401    0.03776
0.034401    0.244515    0.024561
-0.03634    0.235862    0.033355
-0.024654    0.2434    -0.036852
-0.00438    0.227299    0.050399
-0.043701    0.204292    0.026629
-0.016706    0.224627    -0.048218
0.014207    0.209829    0.048617
-0.050669    0.188541    -0.006406
0.001826    0.194868    -0.050936
0.019552    0.208844    -0.046699
0.043809    0.210226    -0.025713
0.046714    0.214173    -0.018722
-0.007931    0.248316    0.024521
-0.033057    0.248316    -0.000938
0.037202    0.239022    0.028502
-0.027427    0.23287    -0.042282
-0.047578    0.227762    0.018229
-0.047338    0.21967    0.018902
-0.01898    0.210944    -0.047276
0.013467    0.191419    0.048923
-0.049116    0.178134    -0.014906
0.009448    0.214367    -0.049933
0.020911    0.220769    -0.046136
0.043626    0.176242    -0.025953
0.048756    0.197561    -0.013792
0.025654    0.168381    -0.034394
0.042088    0.169989    -0.004112
-0.041229    0.171312    0.012082
0.039124    0.16082    0.025893
0.025838    0.16494    0.035695
-0.019061    0.167903    0.038882
0.050912    0.155349    0.020262
0.029495    0.156423    0.043454
0.010976    0.154649    0.056458
0.035381    -0.5601    -0.139135
-0.065074    -0.5601    -0.122195
0.025129    -0.5601    -0.130616
0.069033    -0.5601    -0.121341
-0.018104    -0.5601    -0.109659
0.088806    -0.5601    -0.120927
-0.002243    -0.5601    -0.102034
-0.107621    -0.5601    -0.096103
-0.104739    -0.5601    -0.097169
0.015689    -0.5601    -0.085931
0.071027    -0.5601    -0.079446
0.111997    -0.5601    -0.080652
-0.008889    -0.5601    -0.072583
-0.112422    -0.5601    -0.065987
-0.067428    -0.5601    -0.073185
-0.108168    -0.5601    -0.054214
0.039551    -0.5601    -0.069663
0.116805    -0.5601    -0.065797
0.001826    -0.5601    -0.048574
0.075813    -0.5601    -0.068748
0.140378    -0.5601    -0.054866
-0.002273    -0.5601    -0.046997
-0.139665    -0.5601    -0.027877
-0.10437    -0.5601    -0.03106
-0.129666    -0.5601    -0.029364
-0.069128    -0.5601    -0.027326
-0.064261    -0.5601    -0.038159
-0.032612    -0.5601    -0.003979
0.042908    -0.5601    -0.003596
0.147434    -0.5601    -0.002804
0.063661    -0.5601    -0.026826
0.141694    -0.5601    -0.013708
0.071622    -0.5601    -0.00858
-0.096862    -0.5601    0.033352
-0.101922    -0.5601    0.013131
0.077264    -0.5601    0.01068
-0.095075    -0.5601    0.025021
-0.056805    -0.5601    0.009778
0.039634    -0.5601    0.031321
0.091906    -0.5601    0.019033
0.081986    -0.5601    0.039047
-0.010779    -0.5601    0.036578
-0.034664    -0.5601    0.034929
0.10046    -0.5601    0.011329
-0.028434    -0.5601    0.054359
0.12269    -0.5601    0.042723
-0.005281    -0.5601    0.050986
0.048429    -0.5601    0.041081
-0.119136    -0.5601    0.069622
0.039547    -0.5601    0.05898
-0.035259    -0.5601    0.069103
-0.062583    -0.5601    0.069363
-0.021083    -0.5601    0.076482
-0.118202    -0.5601    0.089753
0.004547    -0.5601    0.083431
-0.100026    -0.5601    0.083918
-0.037983    -0.5601    0.097644
-0.027939    -0.5601    0.103979
0.046583    -0.5601    0.09955
-0.038909    -0.5601    0.103158
-0.005377    -0.5601    0.110552
-0.074845    -0.5601    0.11318
-0.024834    -0.5601    0.111216
0.071044    -0.5601    0.128389
-0.053781    -0.5601    0.141646
-0.013504    -0.5601    0.147725
0.029081    -0.558901    -0.139879
-0.026533    -0.555299    -0.153027
-0.012458    -0.555019    -0.155665
0.089248    -0.554017    -0.132275
0.003621    -0.551773    -0.164206
0.102547    -0.551789    -0.127583
-0.091831    -0.549399    -0.140784
0.121638    -0.554738    -0.100225
-0.017419    -0.547709    -0.169444
0.058809    -0.544565    -0.165026
0.14045    -0.553633    -0.080419
-0.002553    -0.546659    -0.17288
0.075981    -0.53842    -0.165612
0.146032    -0.555333    -0.055402
-0.126411    -0.552347    -0.101449
-0.155282    -0.538531    -0.09602
0.129421    -0.541917    -0.125146
0.169117    -0.544046    -0.05271
-0.166617    -0.54412    -0.056089
-0.145738    -0.538297    -0.108863
0.151799    -0.534273    -0.108758
0.16422    -0.550201    -0.035234
-0.156763    -0.551685    -0.048606
-0.125486    -0.529264    -0.142948
0.088254    -0.527336    -0.170962
0.144886    -0.558831    -0.002391
0.18597    -0.53244    -0.032375
-0.184773    -0.535634    -0.013889
-0.136414    -0.532657    -0.129646
0.081289    -0.523788    -0.176203
0.158578    -0.554685    0.008893
0.191047    -0.529211    -0.013605
-0.178519    -0.540249    -0.024115
-0.119054    -0.524493    -0.152042
0.033732    -0.520753    -0.192775
0.18014    -0.518603    -0.081752
0.180356    -0.53917    0.028056
-0.160644    -0.552525    0.022673
-0.047306    -0.526199    -0.187581
-0.182105    -0.519844    -0.072693
0.084868    -0.515521    -0.179624
0.143425    -0.556119    0.057675
0.194024    -0.521715    -0.028637
-0.177961    -0.542847    0.008693
-0.008525    -0.516063    -0.198473
-0.188475    -0.516708    -0.061683
0.091852    -0.510148    -0.179198
0.147098    -0.554296    0.062033
0.193136    -0.524128    0.026032
-0.15171    -0.553315    0.05438
-0.189481    -0.520979    0.054793
-0.158321    -0.512408    -0.121276
-0.190666    -0.515297    0.059635
0.153556    -0.505724    -0.132857
0.150972    -0.540415    0.101339
-0.131045    -0.557545    0.074424
-0.16758    -0.527676    0.096888
-0.054874    -0.507188    -0.195328
-0.200114    -0.505813    -0.029086
0.070087    -0.499267    -0.191764
0.195264    -0.498054    -0.064384
0.19776    -0.514904    0.029162
-0.10751    -0.559537    0.09043
-0.163006    -0.53172    0.097901
-0.090387    -0.502383    -0.182031
-0.199474    -0.502946    -0.039909
0.039757    -0.497233    -0.200823
0.1817    -0.494631    -0.098427
0.196673    -0.514409    0.039022
-0.11029    -0.558806    0.092512
-0.13076    -0.541687    0.12419
-0.163173    -0.504953    0.121058
-0.155313    -0.495758    -0.133276
-0.149831    -0.490461    0.143227
0.176105    -0.490998    -0.108481
0.098941    -0.543261    0.148875
0.164329    -0.521788    0.108762
-0.100752    -0.553596    0.125546
-0.106004    -0.518587    0.168174
-0.085757    -0.488863    -0.186569
-0.201832    -0.494516    -0.036087
0.007178    -0.457536    -0.206367
0.011801    -0.455996    -0.205759
0.026209    -0.454183    -0.203862
0.068468    -0.487167    -0.19431
0.068634    -0.439585    -0.194241
0.065637    -0.432914    -0.195483
0.077277    -0.389199    -0.190661
0.086458    -0.438115    -0.186859
0.087378    -0.415867    -0.186477
0.161513    -0.487545    -0.128211
0.050903    -0.548585    0.163903
0.162861    -0.519298    0.113115
-0.092394    -0.552041    0.13569
-0.114721    -0.526856    0.155268
-0.025375    -0.481862    -0.203842
-0.067655    -0.35953    -0.194238
-0.06976    -0.465161    -0.193366
-0.086789    -0.406068    -0.186313
-0.056857    -0.258339    -0.198711
-0.057737    -0.388973    -0.198346
-0.053787    -0.395934    -0.199982
-0.107178    -0.31143    -0.176586
-0.103851    -0.257097    -0.179139
-0.130132    -0.410398    -0.158972
-0.109795    -0.382433    -0.174578
-0.128091    -0.456975    -0.160538
-0.111593    -0.291695    -0.173198
-0.172412    -0.480883    -0.11272
-0.200958    -0.478353    0.051228
0.042899    -0.461775    -0.201665
0.146854    -0.284313    -0.146898
0.119471    -0.438241    -0.167911
0.146108    -0.431875    -0.14747
0.142463    -0.40909    -0.150267
0.140557    -0.373701    -0.15173
0.129467    -0.460988    -0.160239
0.194773    -0.478107    -0.069234
0.206988    -0.495684    0.004947
0.10015    -0.519189    0.172971
-0.06157    -0.555807    0.142542
-0.070954    -0.52021    0.184064
-0.039997    -0.463007    -0.201917
-0.004927    -0.40152    -0.206533
0.0001    -0.357279    -0.207195
-0.045581    -0.46396    -0.201182
-0.038285    -0.456737    -0.202143
-0.022333    -0.47569    -0.204242
-0.001585    -0.254457    -0.206973
-0.181505    -0.484273    -0.09888
-0.177677    -0.485456    0.107538
-0.138914    -0.430788    0.153911
-0.122441    -0.451489    0.166551
0.050142    -0.469329    -0.200712
0.036922    -0.336758    -0.202452
0.017639    -0.369651    -0.20499
0.003349    -0.386306    -0.206871
0.04711    -0.402237    -0.201111
0.051621    -0.453093    -0.200517
0.066493    -0.414599    -0.195128
0.098452    -0.247578    -0.181891
0.124205    -0.25193    -0.164278
0.141954    -0.244709    -0.150658
0.134742    -0.267783    -0.156192
0.109787    -0.343674    -0.175342
0.167964    -0.470921    -0.119805
0.17277    -0.467467    -0.113542
0.183332    -0.473403    -0.096856
0.198506    -0.471221    -0.060222
0.028018    -0.557352    0.148889
0.202048    -0.494587    0.043559
0.090301    -0.518484    0.177573
-0.062181    -0.554893    0.145035
-0.067766    -0.534085    0.174873
-0.075043    -0.48617    0.192854
-0.080363    -0.337501    -0.188974
-0.096432    -0.390854    -0.182318
-0.043497    -0.264991    -0.201457
-0.042494    -0.321843    -0.201589
-0.048921    -0.301325    -0.200743
-0.040736    -0.305639    -0.20182
-0.146611    -0.401665    -0.146326
-0.144155    -0.414715    -0.148211
-0.078018    -0.292104    -0.189945
-0.096034    -0.242628    -0.182483
-0.103001    -0.384027    -0.179598
-0.097083    -0.318189    -0.182049
-0.172673    -0.442296    -0.11238
-0.165342    -0.435417    -0.121933
-0.190446    -0.438983    -0.077295
-0.193784    -0.459371    -0.069235
-0.202507    -0.467855    -0.037784
-0.202893    -0.469558    -0.034859
-0.205093    -0.467226    0.01982
-0.202234    -0.417931    0.04154
-0.19585    -0.458344    0.065927
-0.184945    -0.425122    0.092254
-0.14948    -0.446306    0.144284
-0.14673    -0.442997    0.147868
-0.152134    -0.407501    0.140826
-0.122459    -0.422467    0.166537
-0.140277    -0.298483    0.152865
-0.11181    -0.45893    0.174708
-0.138188    -0.285673    0.154468
0.009469    -0.320949    -0.206066
0.035529    -0.237676    -0.202635
0.001955    -0.239282    -0.207055
0.030315    -0.2265    -0.203322
0.058253    -0.303186    -0.198542
0.076626    -0.262012    -0.190931
0.063019    -0.35233    -0.196567
0.065787    -0.303335    -0.195421
0.126855    -0.344438    -0.162244
0.12023    -0.345248    -0.167328
0.14781    -0.332264    -0.14607
0.178931    -0.384024    -0.105512
0.160852    -0.363518    -0.129073
0.160206    -0.333561    -0.129914
0.172026    -0.446231    -0.114511
0.177146    -0.459179    -0.107838
0.195335    -0.416509    -0.067877
0.188367    -0.397666    -0.0847
0.023171    -0.545607    0.173456
0.199701    -0.489643    0.058337
0.079251    -0.516123    0.18335
0.201622    -0.426855    -0.052014
0.202334    -0.444282    -0.046605
-0.034339    -0.542652    0.175995
-0.046321    -0.505773    0.199234
-0.094245    -0.413922    0.1849
-0.069447    -0.4675    0.195172
-0.019676    -0.307204    -0.204592
-0.04437    -0.405861    -0.201342
-0.135182    -0.279244    -0.155096
-0.128073    -0.271297    -0.160552
-0.139632    -0.3458    -0.151681
-0.122997    -0.250252    -0.164447
-0.155764    -0.435685    -0.134416
-0.162921    -0.397457    -0.125089
-0.183727    -0.443435    -0.093516
-0.184341    -0.43184    -0.092035
-0.201088    -0.463094    -0.048565
-0.201028    -0.399155    -0.04902
-0.206716    -0.418164    0.00749
-0.205852    -0.422143    0.014056
-0.192203    -0.399661    0.074731
-0.193165    -0.409312    0.072407
-0.171501    -0.401027    0.115586
-0.157858    -0.397923    0.133366
-0.104544    -0.324895    0.180283
-0.115461    -0.343738    0.171907
-0.115441    -0.264028    0.171922
-0.111135    -0.385882    0.175226
-0.129693    -0.259382    0.160986
-0.115028    -0.255631    0.172239
-0.114401    -0.412306    0.17272
-0.152675    -0.386459    0.14012
-0.172421    -0.379492    0.114388
-0.162785    -0.325301    0.126945
-0.153128    -0.313106    0.13953
0.17485    -0.340158    -0.110831
0.171971    -0.28011    -0.114582
0.16901    -0.301823    -0.118442
0.179376    -0.337033    -0.104932
0.190094    -0.324354    -0.080529
0.185079    -0.279588    -0.092638
0.182051    -0.244087    -0.099947
0.184198    -0.318534    -0.094764
-0.019554    -0.545264    0.174285
0.187133    -0.490674    0.088329
0.016899    -0.515431    0.199449
0.20622    -0.418692    -0.017088
0.208477    -0.439716    5.9e-05
-0.013276    -0.513766    0.200509
-0.039658    -0.439424    0.203639
-0.014887    -0.438414    0.206901
-0.005928    -0.4204    0.20808
-0.0003    -0.300807    0.208821
-0.030888    -0.464782    0.204794
-0.014479    -0.310157    0.206954
-0.010871    -0.354061    0.20743
-0.066247    -0.428627    0.196497
-0.068193    -0.43642    0.195691
-0.096684    -0.385554    0.18389
-0.061778    -0.4712    0.198348
-0.146966    -0.279998    -0.145881
-0.148254    -0.349003    -0.144203
-0.154389    -0.322715    -0.136208
-0.157229    -0.302754    -0.132507
-0.178554    -0.359705    -0.104716
-0.177469    -0.253416    -0.10613
-0.175832    -0.354421    -0.108264
-0.175134    -0.391156    -0.109172
-0.197348    -0.348794    -0.060633
-0.19806    -0.387816    -0.058912
-0.186479    -0.35416    -0.086871
-0.199043    -0.325865    -0.05654
-0.202778    -0.378524    -0.035731
-0.203379    -0.360807    -0.031163
-0.203421    -0.365517    -0.030846
-0.205981    -0.391817    -0.011397
-0.202541    -0.38624    0.039204
-0.203818    -0.382184    0.029507
-0.202582    -0.279135    0.038893
-0.205023    -0.378375    0.020357
-0.180897    -0.343462    0.102026
-0.183974    -0.279086    0.094597
-0.190712    -0.316174    0.078331
-0.198716    -0.380507    0.059006
-0.161197    -0.238591    0.129015
-0.178049    -0.228913    0.107052
-0.166188    -0.281385    0.12251
-0.175759    -0.298673    0.110037
0.187576    -0.252828    -0.08661
0.199405    -0.255721    -0.058051
0.195097    -0.33562    -0.068452
0.189064    -0.240349    -0.083017
0.203047    -0.457932    0.042864
0.204731    -0.452434    0.030078
0.190862    -0.482478    0.080354
0.037473    -0.497853    0.202698
0.205434    -0.35799    -0.02306
0.202859    -0.310506    -0.042622
0.203185    -0.319518    -0.040141
0.202644    -0.342309    -0.044253
-0.036704    -0.352779    0.204028
-0.031575    -0.309437    0.204703
-0.046933    -0.450852    0.202681
-0.043559    -0.285108    0.203125
-0.025849    -0.296644    0.205457
-0.035746    -0.331919    0.204154
-0.006844    -0.256712    0.20796
-0.190773    -0.300655    -0.076505
-0.196868    -0.225369    -0.061791
-0.181549    -0.327475    -0.098775
-0.185373    -0.252594    -0.089542
-0.203936    -0.227649    -0.026932
-0.201054    -0.347913    -0.048822
-0.203257    -0.299627    -0.032088
-0.200811    -0.318709    -0.050673
-0.204952    -0.267801    0.020892
-0.20697    -0.281811    0.005565
-0.203292    -0.260605    0.033498
-0.205568    -0.305488    0.016217
-0.199959    -0.269485    0.056005
-0.192017    -0.253994    0.07518
-0.194324    -0.251633    0.069609
-0.198395    -0.285566    0.05978
0.205592    -0.398082    0.023537
0.202575    -0.399801    0.046452
0.187286    -0.481172    0.088988
0.207372    -0.303124    -0.008337
0.20322    -0.229652    -0.03988
0.20764    -0.244703    -0.006298
0.208516    -0.256897    0.000355
0.204688    -0.265593    -0.028721
-0.062136    -0.362305    0.1982
-0.072893    -0.374876    0.193745
-0.058687    -0.316887    0.199629
-0.080101    -0.297341    0.190759
-0.054181    -0.236069    0.201495
-0.065271    -0.290988    0.196902
0.206146    -0.290899    0.019325
0.208393    -0.387827    0.002261
0.205677    -0.305849    0.022888
0.206232    -0.378609    0.018674
0.196622    -0.459335    0.066447
0.199655    -0.445612    0.059123
0.178758    -0.48262    0.107417
0.007116    -0.43115    0.208054
0.026097    -0.466204    0.205554
0.00085    -0.302629    0.208879
0.007477    -0.32714    0.208006
0.030869    -0.429752    0.204926
0.023526    -0.425111    0.205893
0.203632    -0.329151    0.038425
0.203654    -0.306814    0.038257
0.201543    -0.243624    0.054295
0.207945    -0.225615    0.005664
0.191292    -0.431872    0.079316
0.184256    -0.453805    0.096302
0.148635    -0.480477    0.146673
0.089055    -0.48056    0.187459
0.09784    -0.366288    0.18382
0.080419    -0.377277    0.191036
0.081127    -0.460366    0.190742
0.096762    -0.2695    0.184267
0.10119    -0.484045    0.182432
0.200233    -0.37751    0.057728
0.195681    -0.391311    0.068719
0.200957    -0.391763    0.055981
0.197308    -0.36741    0.064791
0.200511    -0.273412    0.057057
0.168761    -0.424856    0.120445
0.171648    -0.470871    0.116683
0.116306    -0.441712    0.172015
0.106751    -0.422152    0.179347
0.079009    -0.250739    0.19162
0.100568    -0.240402    0.18269
0.071894    -0.269064    0.194567
0.068826    -0.258956    0.195838
0.066274    -0.260744    0.196895
0.094525    -0.26539    0.185193
0.036382    -0.331835    0.2042
0.034919    -0.358138    0.204393
0.040984    -0.389691    0.203594
0.044222    -0.251469    0.203168
0.023017    -0.268492    0.20596
0.013998    -0.246223    0.207148
0.18741    -0.253986    0.088688
0.182421    -0.292711    0.100733
0.193071    -0.266052    0.07502
0.194354    -0.249149    0.071923
0.17092    -0.407375    0.117631
0.151145    -0.456021    0.143402
0.135673    -0.406087    0.157156
0.13842    -0.298202    0.155048
0.143476    -0.236076    0.151168
0.124768    -0.342209    0.165523
0.138684    -0.395218    0.154845
0.118223    -0.275571    0.170545
0.144779    -0.227072    0.150169
0.117956    -0.386846    0.17075
0.12208    -0.374119    0.167585
0.142861    -0.46521    0.15164
0.128409    -0.371469    0.162729
0.172485    -0.373292    0.115591
0.175099    -0.334706    0.112185
0.159944    -0.361368    0.131935
0.163084    -0.343815    0.127843
0.16766    -0.287103    0.121879
0.165971    -0.290069    0.12408
0.152346    -0.283313    0.141837
0.16883    -0.275202    0.120355
0.023637    0.154135    -0.043864
-0.040364    0.154135    -0.040569
0.019599    0.154135    -0.029319
-0.04186    0.154135    -0.027351
0.001105    0.154135    4.8e-05
0.059332    0.154135    0.007386
0.013066    0.154135    0.015352
0.033373    0.154135    0.019959
0.004392    0.154135    0.028757
-0.011825    0.154135    0.044973
-0.004579    0.154135    0.056728
0.007198    0.142382    -0.065757
0.046392    0.142615    -0.048117
-0.01359    0.127758    -0.07568
0.038668    0.13239    -0.062531
0.053923    0.122499    -0.063652
-0.028466    0.126069    -0.073234
-0.070771    0.135697    0.004029
0.06655    0.119748    -0.057143
-0.064388    0.123618    -0.049932
0.082288    0.120726    -0.026972
-0.01687    0.114711    -0.094663
0.080483    0.12392    -0.020029
-0.065747    0.117517    -0.062601
0.076377    0.128797    -0.010882
-0.089927    0.117803    -0.007024
0.082019    0.112305    -0.063132
-0.047494    0.142103    0.048436
0.087753    0.118845    0.020521
-0.094264    0.115312    0.01436
-0.038051    0.153101    0.049768
0.059376    0.136656    0.039751
0.07151    0.123617    0.043616
-0.051641    0.121568    0.06788
-0.011897    0.152409    0.062286
0.070477    0.113857    0.071916
0.058709    0.115529    0.076247
0.040955    0.113089    0.093707
-0.02774    0.116989    0.089003
-0.038538    0.112471    0.096293
0.001718    0.027409    -0.206734
0.049371    -0.185966    -0.200461
0.022756    -0.114324    -0.203964
0.038226    -0.01444    -0.201928
-0.028604    -0.139686    -0.203064
-0.001094    -0.012479    -0.206686
-0.017227    -0.053165    -0.204562
0.043164    0.044621    -0.20052
0.017011    -0.18385    -0.204721
0.021545    -0.153212    -0.204124
-0.036154    -0.056268    -0.20207
-0.05262    -0.12809    -0.199903
-0.034197    -0.002053    -0.202328
-0.029212    0.057406    -0.199332
0.083959    0.005117    -0.187515
0.082687    -0.069986    -0.188042
0.065351    -0.06278    -0.195223
0.056086    0.050087    -0.197292
0.077809    -0.193785    -0.190063
0.101183    -0.221784    -0.18038
0.094437    -0.191795    -0.183175
0.078877    -0.187378    -0.18962
-0.086124    -0.201439    -0.186209
-0.053314    -0.206951    -0.199799
-0.056265    -0.109591    -0.198577
0.135155    0.049882    -0.153445
-0.093991    -0.10483    -0.182951
-0.09749    -0.097085    -0.181501
0.111639    0.067646    -0.16378
-0.078548    0.005091    -0.189347
-0.112987    0.039549    -0.171569
-0.002419    0.073398    -0.195533
0.107708    -0.00481    -0.176496
-0.119996    -0.089515    -0.166309
-0.126157    -0.121966    -0.161581
-0.119618    -0.077423    -0.166599
-0.120987    0.038737    -0.165549
0.113658    -0.087971    -0.17193
0.121135    -0.091039    -0.166192
0.139456    0.076192    -0.135762
0.174636    0.067755    -0.096708
-0.143992    -0.092138    -0.147895
-0.144629    -0.081569    -0.147406
-0.144647    0.002865    -0.147393
0.142714    0.006342    -0.149633
0.196299    0.045813    -0.062269
0.175148    -0.042374    -0.109868
0.192883    0.026404    -0.072885
-0.14714    -0.210725    -0.145082
-0.155433    -0.133445    -0.134274
-0.170974    0.009508    -0.114022
-0.180128    0.077624    -0.066255
0.135011    -0.182232    -0.155545
0.136925    -0.051012    -0.154076
0.143707    -0.031737    -0.148872
-0.05858    0.089292    -0.172378
0.169421    -0.041738    -0.117332
0.1938    -0.049259    -0.070672
0.201689    -0.054432    -0.04883
-0.160852    -0.164977    -0.127213
-0.177149    -0.144905    -0.105975
-0.173468    -0.01454    -0.110772
-0.193652    0.039281    -0.068491
0.087054    0.091058    -0.158978
0.207454    0.034152    -0.005037
0.204577    0.013834    -0.026896
0.166883    -0.05971    -0.120639
0.162095    -0.108912    -0.126879
0.198469    -0.057401    -0.059399
0.199477    -0.17678    -0.056965
0.206759    -0.062858    -0.010319
0.205278    -0.134931    -0.021571
-0.182737    -0.123943    -0.094996
-0.181821    -0.077718    -0.097207
-0.187927    0.026057    -0.082466
-0.191299    0.070983    -0.047883
0.152191    -0.220106    -0.139785
0.162612    -0.165828    -0.126206
0.163331    0.086091    -0.091803
0.205439    -0.048377    0.022029
0.18194    -0.177237    -0.099303
0.184431    -0.145662    -0.09329
0.201708    -0.17621    -0.048686
0.202355    -0.13618    -0.043774
0.205902    -0.183557    0.018505
0.207566    -0.21221    0.005871
0.197718    0.059937    0.04678
-0.193049    -0.142367    -0.070103
-0.1937    -0.180785    -0.06853
-0.19784    -0.033639    -0.058534
-0.18091    0.087652    -0.033752
-0.041985    0.095201    -0.171049
0.202676    0.027045    0.043015
0.201427    -0.199792    0.052497
0.204277    -0.144242    0.030848
-0.201299    -0.088306    -0.0443
-0.203806    -0.097686    -0.025254
-0.206278    0.019685    -0.006476
-0.206654    0.04211    0.002031
0.005675    0.103014    -0.163459
-0.082367    0.102723    -0.142449
0.193465    -0.051529    0.073157
0.199018    -0.182812    0.059751
0.192069    -0.208436    0.076528
-0.206003    -0.168527    -0.008563
-0.207176    -0.157606    0.000348
-0.206784    -0.038924    -0.002628
-0.202697    0.052029    0.018787
0.064529    0.104959    -0.145672
0.182625    0.044385    0.097443
0.198748    0.025511    0.060403
0.19508    -0.10344    0.069259
0.194742    -0.101099    0.070074
-0.205356    -0.062167    0.015159
-0.206252    -0.15343    0.008352
-0.205912    -0.026504    0.010938
-0.181708    0.065577    0.081345
0.12435    0.103243    -0.105723
0.172888    0.033468    0.114492
0.162834    -0.032007    0.127595
0.167044    -0.207996    0.122108
0.179293    -0.135962    0.106146
-0.200476    -0.177944    0.05223
-0.204432    -0.206146    0.022177
-0.203302    -0.035732    0.030763
-0.186593    0.070027    0.064171
0.060589    0.108045    -0.138111
0.149193    0.04883    0.14324
0.163629    -0.007576    0.126559
0.157995    -0.069148    0.1339
0.175692    -0.067438    0.110838
-0.199139    -0.148326    0.057077
-0.197402    -0.12959    0.06127
-0.189707    0.012544    0.079848
-0.174081    0.063801    0.101692
0.01069    0.10919    -0.146201
0.168927    0.074716    0.100479
-0.186935    -0.156369    0.086539
-0.18929    -0.147702    0.080854
-0.19316    -0.040657    0.071512
-0.157894    0.037998    0.132746
-0.122732    0.100051    0.118172
0.150229    0.104374    -0.058326
0.135965    0.038792    0.156491
0.123656    -0.067121    0.165937
0.109051    0.002986    0.177144
0.128209    -0.100618    0.162443
-0.175794    -0.185181    0.109419
-0.159398    -0.073646    0.130786
-0.169592    0.014252    0.117502
-0.136177    0.075887    0.139976
-0.127943    0.109725    -0.06687
0.177943    0.087405    0.054894
0.109211    -0.026708    0.177022
0.090726    0.049174    0.184889
-0.154319    -0.193709    0.137405
-0.162933    -0.160196    0.126179
-0.150071    -0.016024    0.142942
-0.117274    0.031498    0.170077
-0.126771    -0.038672    0.162789
-0.112422    0.004827    0.1738
-0.118606    0.077815    0.15201
-0.136601    0.110408    -0.037489
0.136418    0.098914    0.104229
0.090356    -0.127579    0.186544
0.10371    -0.142687    0.181013
0.089455    -0.06058    0.186918
0.119923    -0.191346    0.168802
0.123484    -0.196275    0.166069
0.110068    -0.164847    0.176363
-0.139485    -0.207859    0.153033
-0.13882    -0.131309    0.153543
-0.131768    -0.094226    0.158955
-0.080551    0.08998    0.16417
-0.113157    0.111352    -0.067571
0.099158    0.078828    0.166773
-0.087026    0.002605    0.187515
-0.080703    -0.040627    0.190134
-0.053588    -0.025202    0.201365
-0.067624    -0.030774    0.195551
-0.077245    -0.21754    0.191566
-0.088224    -0.140824    0.187018
-0.058352    0.106453    0.14509
0.153764    0.107608    -0.003942
0.01426    0.041837    0.206368
0.060105    -0.071188    0.199075
-0.082838    -0.095412    0.189249
-0.031407    0.055077    0.201358
-0.050913    0.109403    0.137687
0.080699    0.108251    0.129376
0.020304    0.038767    0.205966
0.075891    -0.145267    0.192536
0.085815    -0.215602    0.188425
0.052406    -0.108388    0.20174
0.017013    -0.001154    0.206399
0.04576    -0.128143    0.202615
-0.030878    0.100361    0.166782
0.142122    0.110277    -0.010907
0.031089    0.09643    0.172559
0.037406    -0.148722    0.203715
-0.015971    -0.135268    0.206406
-0.036156    -0.033805    0.203749
-0.02401    -0.080524    0.205348
-0.03023    -0.21963    0.204529
-0.036002    -0.12901    0.20377
-0.006236    -0.194549    0.207688
-0.064313    0.110867    0.124222
0.044924    0.108901    0.143156
0.012666    -0.174234    0.206972
0.007102    -0.212059    0.207704
0.02752    0.111181    0.132711
0.018699    -0.016038    -0.204498
0.023283    -0.123903    -0.203895
0.045705    -0.078019    -0.200943
0.008918    -0.051973    -0.205786
-0.021005    -0.109851    -0.204065
-0.02211    -0.076094    -0.203919
-0.017526    -0.110114    -0.204523
-0.037442    -0.151639    -0.201901
0.035682    -0.191086    -0.202263
0.039591    -0.21088    -0.201748
-0.030823    -0.039317    -0.202772
-0.041362    -0.134399    -0.201385
0.054363    0.033481    -0.199775
-0.03046    -0.011392    -0.20282
0.060203    -0.039059    -0.197355
0.063572    -0.01526    -0.19596
0.09094    -0.020931    -0.184623
0.071311    -0.031749    -0.192754
-0.091824    0.066358    -0.176111
0.096333    -0.018772    -0.182389
0.104082    0.009484    -0.17918
0.100002    -0.067857    -0.180869
-0.063455    -0.04192    -0.195599
-0.059483    -0.14521    -0.197244
-0.071289    -0.135548    -0.192354
-0.076161    0.066862    -0.182367
-0.081459    -0.069476    -0.188141
-0.097529    -0.102885    -0.181485
0.023291    0.070221    -0.194826
0.145909    0.066967    -0.135809
-0.097197    0.019094    -0.181623
0.119945    0.07008    -0.15588
0.116305    -0.026294    -0.169899
0.172356    0.061489    -0.10516
-0.118144    -0.099193    -0.16773
-0.114794    -0.217315    -0.170301
-0.112201    -0.060983    -0.172291
0.105887    -0.199633    -0.177893
0.119765    -0.067112    -0.167243
0.091505    0.083323    -0.165071
0.19779    0.028005    -0.061039
-0.126083    -0.082572    -0.161638
-0.131031    -0.077807    -0.157842
-0.133644    0.030706    -0.155836
-0.145355    0.070646    -0.132225
-0.077571    0.085693    -0.168381
0.171778    -0.018384    -0.11426
0.198761    -0.039085    -0.058695
-0.178027    -0.062121    -0.10483
-0.165956    -0.079096    -0.120561
-0.171525    0.025049    -0.113303
-0.189081    0.058321    -0.069564
0.115648    -0.168984    -0.170403
0.125644    -0.169101    -0.162732
0.125068    -0.212673    -0.163174
0.175835    0.071275    -0.088905
0.167887    -0.043171    -0.119331
0.1822    0.008903    -0.098675
0.205308    -0.0543    -0.021343
0.198488    0.063819    -0.026637
-0.174408    -0.189673    -0.109547
-0.166975    -0.140187    -0.119233
-0.166613    -0.049845    -0.119705
-0.149168    0.087954    -0.106451
0.204617    0.045345    -0.020106
0.202392    0.026019    -0.043492
0.176141    -0.071802    -0.108574
0.166538    -0.107272    -0.121088
0.200652    -0.204718    -0.054129
0.187878    -0.081267    -0.084967
0.206397    -0.169794    -0.013071
0.20227    -0.077264    -0.04442
-0.182727    -0.0631    -0.09502
-0.185038    -0.173019    -0.089442
-0.180266    0.005382    -0.100963
-0.197231    0.0558    -0.050785
0.150731    -0.16938    -0.141688
0.160595    -0.143219    -0.128834
0.124753    0.094147    -0.127461
0.206758    -0.053727    0.012006
0.19013    -0.212016    -0.079531
0.184369    -0.143566    -0.093438
0.194645    -0.186265    -0.068631
0.203176    -0.169823    -0.037534
0.208054    -0.222101    -0.000478
0.204673    -0.218084    0.027843
0.207167    -0.135217    0.008901
-0.198073    -0.195627    -0.057972
-0.198809    -0.130008    -0.056195
-0.19911    -0.029256    -0.055468
-0.19485    0.072883    -0.012224
0.178022    0.084566    -0.059526
0.203337    -0.018489    0.037994
0.201947    -0.15539    0.048546
0.201934    -0.067216    0.04865
0.196832    0.061218    0.049348
-0.201825    -0.177155    -0.0403
-0.200945    -0.199221    -0.046985
-0.201818    -0.005319    -0.040353
-0.170975    0.093923    -0.049672
-0.003896    0.102202    -0.165122
0.19568    -0.016887    0.067811
0.188369    -0.180324    0.08546
0.197973    -0.167233    0.062274
-0.205497    -0.168781    -0.012406
-0.202692    -0.182235    -0.033718
-0.205091    -0.004411    -0.015489
-0.205681    0.030639    0.012692
-0.138297    0.101179    -0.092715
-0.066112    0.103161    -0.148314
0.182193    0.001568    0.100371
0.182028    -0.070189    0.100769
0.186677    -0.088765    0.089545
-0.202402    -0.07365    0.037594
-0.202489    -0.082326    0.036933
-0.206476    -0.021255    0.006648
-0.194947    0.056248    0.058551
0.000636    0.107519    -0.153291
-0.079909    0.10805    -0.128248
0.171302    0.000163    0.116559
0.168502    -0.212344    0.120208
0.166678    -0.200705    0.122585
-0.204463    -0.213972    0.02194
-0.200642    -0.127138    0.050966
-0.201127    -0.051163    0.047285
-0.177782    0.055011    0.10087
-0.151531    0.102621    -0.061521
-0.013902    0.107904    -0.150338
0.153276    -0.016204    0.14005
0.164597    -0.056558    0.125298
0.149666    -0.172293    0.144756
-0.199889    -0.112033    0.055266
-0.195783    -0.140812    0.065179
-0.199808    -0.047611    0.055462
-0.177442    0.040913    0.106826
-0.162553    0.10332    -0.009384
0.179521    0.089817    0.035999
0.133338    0.064104    0.150703
-0.191476    -0.194579    0.075578
-0.190718    -0.171274    0.077406
-0.19314    -0.04802    0.07156
-0.149853    0.086581    0.109615
0.090118    0.110102    -0.110363
-0.071089    0.11025    -0.123294
0.133499    -0.085196    0.158384
0.142045    -0.060687    0.151826
0.141434    -0.03203    0.152295
-0.159948    -0.06521    0.13007
-0.175249    -0.072958    0.11013
-0.152161    0.026102    0.140218
-0.119853    0.049938    0.166089
-0.153593    0.107492    0.001901
0.172603    0.098525    0.006063
0.102726    0.047506    0.180201
0.105521    0.00412    0.179853
-0.165536    -0.214016    0.122788
-0.1669    -0.170324    0.12101
-0.14692    -0.006671    0.147048
-0.12252    -0.066978    0.166051
-0.11291    0.031167    0.173425
-0.105366    -0.011169    0.179214
-0.13203    0.057818    0.154047
-0.138989    0.106957    0.067539
0.153397    0.101702    0.065651
0.073768    0.046048    0.1924
0.083629    -0.084174    0.18933
0.097645    0.036388    0.183525
0.093358    0.024582    0.185301
0.111506    -0.161238    0.17526
0.106304    -0.064548    0.179252
-0.143049    -0.122715    0.150298
-0.131373    -0.190788    0.159258
-0.129634    -0.095451    0.160592
-0.08634    0.071991    0.176923
-0.139485    0.110789    -0.004814
0.070337    0.111566    -0.102147
0.111759    0.110994    -0.079148
0.097881    0.087921    0.158143
0.004594    0.111566    -0.100201
-0.04895    0.111566    -0.091132
0.0525    0.059008    0.197634
-0.075553    -0.00096    0.192267
-0.08185    -0.001701    0.189659
-0.055687    -0.190956    0.200496
-0.077431    -0.211147    0.191489
-0.091791    -0.121847    0.185541
-0.078271    0.085165    0.170226
-0.131015    0.111147    -0.032702
-0.006994    0.111566    -0.07187
-0.091598    0.111566    -0.07639
0.127786    0.110457    -0.060548
0.063535    0.072301    0.186577
0.031045    0.111566    -0.078615
0.086026    0.111566    -0.083273
0.067064    -0.069052    0.196192
-0.027598    0.041219    0.204562
-0.093208    -0.06556    0.184954
-0.039627    0.103978    0.158687
-0.07529    0.111566    -0.045752
-0.110121    0.111566    -0.049139
-0.048116    0.111566    -0.038973
-0.099486    0.111566    -0.044908
0.042365    0.111566    -0.050926
-0.004898    0.111566    -0.06178
-0.063985    0.111566    -0.060384
0.106659    0.101605    0.12893
0.018352    0.035524    0.206223
0.070614    -0.155449    0.194722
0.0593    -0.10718    0.199408
0.019758    -0.030282    0.206038
0.045371    -0.122404    0.202666
0.050796    -0.019882    0.201952
-0.005766    0.100462    0.169895
-0.024035    0.111566    -0.013135
-0.113417    0.111566    -0.003869
-0.070953    0.111566    -0.016406
-0.100027    0.111566    -0.014094
0.116052    0.108793    0.094998
0.045344    -0.187219    0.20267
-0.004877    -0.108005    0.207867
-0.040479    0.028817    0.20318
-0.034743    -0.047421    0.203935
-0.008162    -0.148463    0.207435
-0.052586    -0.130168    0.201586
-0.038061    -0.158459    0.203498
-0.051089    -0.01972    0.201783
-0.055578    0.111169    0.123141
-0.090751    0.111566    0.0267
-0.113325    0.111566    0.012449
-0.060063    0.111566    0.008979
-0.111039    0.111566    0.04344
-0.118441    0.111566    0.047536
0.05194    0.111566    0.042624
-0.087237    0.111566    0.039072
-0.054718    0.111566    0.086063
-0.086014    0.111566    0.087154
-0.027996    0.111566    0.074093
0.089095    0.111566    -0.021415
0.024343    0.111566    -0.005856
0.032083    0.111566    -0.014927
0.03021    0.111566    0.000834
0.041935    -0.18874    0.203118
0.048138    -0.216115    0.202302
0.035933    0.10949    0.143119
-0.005235    0.111566    0.101097
0.04682    0.111566    0.114038
0.083638    0.111566    0.030169
0.016938    0.111566    0.024755
0.082808    0.111566    0.023167
0.055181    0.111566    0.024081
0.083373    0.111566    0.055328
0.046624    0.111566    0.053924
-0.072315    0.111566    0.061295
0.104138    0.111566    0.073814
0.102754    0.111566    0.078491
0.12185    0.111048    0.063744
0.062982    0.111566    0.109542
0.01014    0.111566    0.12219
