-0.070687    0.068224    0.035934
-0.05932    0.083853    0.058841
-0.0737    0.070067    -0.004483
-0.082948    0.039125    0.023736
-0.051245    0.096379    0.058016
-0.072974    0.072951    -0.01491
-0.084805    0.028394    0.030935
-0.087376    0.031084    -0.027614
-0.046655    0.096797    0.073098
-0.069543    0.082513    -0.031198
-0.079996    0.053985    -0.043578
-0.091405    0.011391    -0.010453
-0.058464    0.062855    0.101455
-0.055415    0.06567    0.105003
-0.045168    0.111258    0.0365
-0.080477    0.04719    -0.079853
-0.085699    0.033318    -0.055226
-0.074213    0.033763    0.085237
-0.093282    0.00446    -0.036454
-0.036687    0.120662    0.032663
-0.077452    0.04829    -0.09885
-0.082143    0.018729    -0.124953
-0.091329    0.007008    0.008858
-0.093834    -0.005771    -0.063913
-0.00089    0.118419    0.0552
-0.048905    0.116067    -0.025363
-0.00996    0.120312    0.049154
-0.073118    0.06013    -0.100325
-0.086245    -0.013712    -0.143482
-0.092081    -0.003632    0.032146
-0.093035    -0.00573    0.021545
-0.09518    -0.008383    -0.045485
-0.038923    0.057839    0.143606
-0.013989    0.077153    0.130499
-0.01589    0.094444    0.105471
0.021439    0.116247    0.060982
-0.040929    0.124013    -0.021015
-0.058976    0.094905    -0.084074
-0.061801    0.064667    -0.145644
-0.074452    0.024427    -0.153829
-0.077639    -0.010793    -0.175178
0.014644    0.003092    0.093116
-0.059816    0.007619    0.094917
-0.099736    -0.034093    -0.028462
-0.097641    -0.033126    -0.072262
-0.052837    0.017306    0.159471
-0.091398    -0.028641    -0.124808
-0.017898    0.067998    0.142045
0.015429    0.095624    0.103505
-0.03833    0.126465    -0.025248
-0.057595    0.095042    -0.092783
-0.062878    0.052088    -0.160313
-0.070401    0.000959    -0.191752
-0.077578    -0.029759    -0.188401
-0.043985    -0.00911    0.08826
0.052621    0.012327    0.100019
-0.098449    -0.037582    0.007863
-0.099648    -0.038352    -0.043647
-0.011876    0.013699    0.103357
-0.064757    -0.001539    0.147402
-0.010625    0.053513    0.157106
-0.077961    -0.049772    -0.198285
-0.00829    0.055874    0.154827
0.042009    0.105366    0.066112
-0.046759    0.115959    -0.06489
-0.052211    0.067039    -0.168889
-0.059364    0.012922    -0.208369
-0.064377    -0.042448    -0.228558
-0.077192    -0.018589    0.085101
-0.051901    -0.019512    0.084823
0.08385    -0.004758    0.08868
-0.103732    -0.079552    -0.023175
-0.100632    -0.064768    -0.078558
-0.094241    -0.062079    -0.132023
0.071138    0.021836    0.109639
-0.062288    -0.011377    0.15885
-0.020449    0.024621    0.181672
-0.081261    -0.067205    -0.192648
0.035053    0.101972    0.087783
-0.01596    0.131419    -0.017246
-0.041855    0.074538    -0.17995
-0.052176    0.018807    -0.218665
-0.065699    -0.029422    -0.22011
0.081784    -0.020199    0.084617
0.084313    0.009443    0.067189
-0.101674    -0.0728    0.009867
-0.102067    -0.079771    -0.071369
-0.100665    -0.082157    -0.09947
-0.081916    -0.076989    -0.193506
0.069708    0.057427    0.068702
-0.049032    0.010152    0.17122
0.024305    0.018369    0.186065
-0.068921    -0.079538    -0.23
0.047776    0.108196    0.037686
-0.047755    0.10984    -0.091123
-0.037911    0.052539    -0.208952
-0.047498    -0.031701    -0.252648
-0.048901    -0.049977    0.077146
-0.053286    -0.03672    0.079913
-0.009656    -0.032271    0.080985
0.087016    -0.017111    0.083677
0.083607    0.028839    0.038181
0.075387    0.055634    0.036521
-0.103066    -0.089598    0.002277
-0.103393    -0.093147    -0.056259
-0.095165    -0.103141    -0.141222
-0.079007    -0.106967    -0.209216
0.063133    0.061341    0.086772
-0.04887    -0.015434    0.18522
0.003424    0.003233    0.123762
-0.01052    0.0009    0.12527
-0.06111    -0.089935    -0.248558
0.050466    0.092636    0.070309
0.021943    0.131387    -0.043192
-0.035207    0.068445    -0.195499
-0.040083    0.000424    -0.245834
-0.041114    -0.075609    -0.272683
-0.034169    -0.051378    0.076854
-0.006984    -0.045702    0.078038
0.094044    -0.00892    0.012439
0.08633    0.029239    0.004016
-0.102234    -0.109751    0.030055
-0.102731    -0.116223    -0.081901
-0.095763    -0.116491    -0.139516
0.051321    -0.060459    0.075369
-0.028312    -0.069066    0.074337
-0.081127    -0.119094    -0.202855
-0.061333    -0.116177    -0.250269
0.071145    0.072835    0.018823
-0.039514    -0.02572    0.200549
-0.044859    -0.021402    0.138387
-0.011162    -0.006472    0.199945
0.028659    -0.016317    0.204899
0.042233    -0.003969    0.128417
0.04716    0.035943    0.154569
0.05632    0.073943    0.088667
0.032715    0.130695    -0.033414
0.045096    0.119891    -0.009656
0.021882    0.084625    -0.180143
-0.00748    0.087999    -0.175282
0.018147    0.060151    -0.209765
0.01326    -0.054492    0.076204
0.095621    -0.026663    0.03565
0.08981    0.019608    -0.019431
0.083915    0.041319    -0.01163
-0.103982    -0.375193    -0.001741
-0.104503    -0.181669    -0.012742
-0.104338    -0.19954    -0.009246
-0.105135    -0.23595    -0.026063
-0.105014    -0.405905    -0.023522
-0.105087    -0.15063    -0.025058
-0.103881    -0.183961    0.000376
-0.104722    -0.407518    -0.017365
-0.104089    -0.302887    -0.003994
-0.104303    -0.220905    -0.008516
-0.103538    -0.260372    0.00763
-0.105168    -0.150119    -0.026761
-0.104484    -0.224116    -0.012337
-0.101138    -0.11295    0.043796
-0.102661    -0.314159    -0.085192
-0.102691    -0.250308    -0.08455
-0.10213    -0.174789    -0.096393
-0.102836    -0.32614    -0.081506
-0.103928    -0.142289    -0.058452
-0.103356    -0.263237    -0.070533
-0.102834    -0.454356    -0.081543
-0.102544    -0.36576    -0.087654
-0.102559    -0.479758    -0.087335
-0.103249    -0.338784    -0.072776
-0.10433    -0.160039    -0.049988
-0.103129    -0.326511    -0.075325
-0.103679    -0.326308    -0.063723
-0.09646    -0.271732    -0.135417
-0.094706    -0.400083    -0.147179
-0.096976    -0.33963    -0.131951
-0.099712    -0.195418    -0.113607
-0.097172    -0.20312    -0.130638
-0.100728    -0.17543    -0.106794
-0.094658    -0.358981    -0.147499
-0.095076    -0.395485    -0.144693
-0.095673    -0.173265    -0.140689
-0.093773    -0.401973    -0.153432
-0.093733    -0.256384    -0.153702
-0.094252    -0.27814    -0.150223
-0.093206    -0.473059    -0.157233
0.086435    -0.057642    0.075706
0.002772    -0.068125    0.07445
-0.07797    -0.362504    -0.214362
-0.08159    -0.421975    -0.201258
-0.07841    -0.163042    -0.21277
-0.080469    -0.188775    -0.205316
-0.082656    -0.373676    -0.197397
-0.080342    -0.244955    -0.205775
-0.087352    -0.134501    -0.180397
-0.079837    -0.242257    -0.207601
-0.080155    -0.406692    -0.206454
-0.085299    -0.19484    -0.187831
-0.059166    -0.523892    -0.255189
-0.060191    -0.236435    -0.253006
-0.071058    -0.154984    -0.229844
-0.059166    -0.226313    -0.255189
-0.058331    -0.180961    -0.256969
-0.066047    -0.322288    -0.240524
-0.062764    -0.408056    -0.247521
-0.06036    -0.373488    -0.252644
-0.069065    -0.140833    -0.234091
0.064361    0.076696    0.052563
0.069331    0.08049    -0.005346
-0.061192    -0.035517    0.173285
-0.071929    -0.043704    0.148759
-0.035498    -0.038282    0.209831
-0.028345    -0.025788    0.14071
0.069827    0.002732    0.133308
-0.037379    -0.238596    -0.281612
-0.037817    -0.163698    -0.281107
-0.046751    -0.121494    -0.270828
-0.043981    -0.122086    -0.274015
-0.041396    -0.372723    -0.27699
-0.037094    -0.215227    -0.28194
-0.039249    -0.464862    -0.27946
0.013812    0.130425    -0.05859
-0.031518    0.115518    -0.120498
0.003244    0.073253    -0.194484
0.030533    0.08939    -0.172963
0.014668    0.043409    -0.225924
-0.031201    -0.046687    -0.274885
0.095784    -0.025773    0.033065
0.0847    0.035882    -0.063016
0.081921    0.04915    -0.036005
-0.102766    -0.491612    0.02391
-0.103427    -0.353448    0.009972
-0.102065    -0.336033    0.038703
-0.102662    -0.494498    0.026102
-0.104585    -0.499875    -0.014468
-0.10329    -0.306767    0.012853
-0.102341    -0.501683    0.032878
-0.103041    -0.358554    0.018108
-0.102207    -0.427263    0.035705
-0.102352    -0.353863    0.03264
-0.104933    -0.536771    -0.02181
-0.10366    -0.382336    0.005057
-0.103069    -0.257507    0.017523
-0.103316    -0.427759    -0.07137
-0.104417    -0.442183    -0.048144
-0.10459    -0.390687    -0.044487
-0.104303    -0.276719    -0.050542
-0.103628    -0.513674    -0.064784
-0.102697    -0.531433    -0.084427
-0.103782    -0.427502    -0.061537
-0.10329    -0.465527    -0.071919
-0.104662    -0.443785    -0.042976
-0.105107    -0.364097    -0.033593
-0.104888    -0.238886    -0.038195
-0.104246    -0.553089    -0.05176
-0.10454    -0.348579    -0.045544
-0.098878    -0.108771    0.058227
-0.096585    -0.498282    -0.134574
-0.094356    -0.491321    -0.149524
-0.100328    -0.486766    -0.109472
-0.100587    -0.21173    -0.107739
-0.09944    -0.510265    -0.11543
-0.096107    -0.437196    -0.13778
-0.100967    -0.240577    -0.105187
-0.100093    -0.24091    -0.111049
-0.102054    -0.413298    -0.0979
-0.095722    -0.507732    -0.140362
-0.100691    -0.408642    -0.107037
-0.10047    -0.267619    -0.108524
0.054351    -0.078825    0.073225
-0.088585    -0.092438    0.072778
-0.082998    -0.453884    -0.196159
-0.089057    -0.416406    -0.174224
-0.09069    -0.561529    -0.168313
-0.082476    -0.41915    -0.198049
-0.086068    -0.428093    -0.185044
-0.091545    -0.183389    -0.165219
-0.087728    -0.269397    -0.179036
-0.0908    -0.234765    -0.167913
-0.085195    -0.535924    -0.188204
-0.086801    -0.327136    -0.182392
-0.087731    -0.405948    -0.179026
-0.074872    -0.409135    -0.221714
-0.068471    -0.555785    -0.235357
-0.072725    -0.530856    -0.22629
-0.07457    -0.545802    -0.222357
-0.077345    -0.418279    -0.216443
-0.070814    -0.322481    -0.230363
-0.073505    -0.434287    -0.224627
-0.071475    -0.445029    -0.228954
-0.063196    -0.466265    -0.2466
-0.054308    -0.236991    -0.262133
-0.050019    -0.361792    -0.267068
-0.052081    -0.460912    -0.264696
-0.054826    -0.268292    -0.261537
-0.051783    -0.327449    -0.265038
-0.037237    -0.517303    -0.281775
-0.045206    -0.508026    -0.272606
0.063564    0.093188    -0.016186
-0.07171    -0.055717    0.15896
-0.046985    -0.061642    0.155287
0.049793    -0.03492    0.145041
-0.003246    -0.028903    0.14236
0.009432    -0.041751    0.214251
0.060558    -0.016929    0.166027
-0.033238    -0.13939    -0.285097
-0.029388    0.129916    -0.064791
0.006108    0.123366    -0.096124
-0.015052    0.120098    -0.109068
-0.013834    0.10775    -0.14066
0.037871    0.053008    -0.208546
-0.009351    -0.004452    -0.257995
-0.010817    -0.025093    -0.267556
-0.005943    -0.066606    -0.279844
-0.023246    -0.106213    -0.285076
0.099218    -0.03233    -0.022156
0.091576    0.000597    -0.087222
0.088752    0.016697    -0.077072
0.074386    0.068871    -0.050794
-0.070833    -0.562114    -0.015765
0.054387    -0.562114    0.025258
-0.048755    -0.562114    0.017976
-0.0459    -0.562114    0.03289
-0.053255    -0.562114    0.028839
-0.020875    -0.562114    0.014343
-0.095331    -0.263959    0.083921
-0.101885    -0.480616    0.039966
-0.098665    -0.178872    0.061561
-0.100987    -0.145399    0.04599
-0.098699    -0.259998    0.061329
-0.099585    -0.427648    0.055389
-0.098537    -0.297323    0.06242
-0.100685    -0.30184    0.048011
-0.101045    -0.311315    0.045598
-0.101738    -0.128306    0.040952
-0.10177    -0.277191    0.040735
-0.101355    -0.308091    0.043522
-0.099581    -0.404862    0.055413
0.069467    -0.562114    -0.035756
0.022188    -0.562114    -0.052484
0.003878    -0.562114    -0.05621
-0.049295    -0.562114    -0.047869
0.027541    -0.562114    -0.054554
-0.069081    -0.562114    -0.0385
0.08481    -0.562114    -0.10284
0.062187    -0.562114    -0.109319
-0.011842    -0.562114    -0.102256
0.074881    -0.562114    -0.103997
-0.091011    -0.562114    -0.109839
-0.08551    -0.562114    -0.098053
-0.006571    -0.562114    -0.168285
-0.020845    -0.562114    -0.168371
-0.040166    -0.562114    -0.180635
-0.073011    -0.562114    -0.174683
-0.053672    -0.562114    -0.171541
-0.011592    -0.562114    -0.21689
-0.065792    -0.562114    -0.236012
-0.061345    -0.562114    -0.24105
-0.044081    -0.562114    -0.26484
-0.061985    -0.069714    0.183231
0.052956    -0.067693    0.157251
-0.030498    -0.052685    0.152381
0.056457    -0.089567    0.16273
0.070641    -0.047545    0.150385
-0.016392    -0.058723    0.219181
0.068041    -0.028521    0.155663
-0.033687    -0.438913    -0.284933
0.001754    0.118167    -0.114937
0.045605    0.026545    -0.222316
0.005429    -0.015188    -0.263397
0.02711    -0.034871    -0.270938
-0.00327    -0.07153    -0.280841
0.101127    -0.063207    0.006651
0.101492    -0.048419    -0.031201
0.085359    0.006693    -0.122829
0.079658    0.036717    -0.109785
0.065018    0.084029    -0.084896
8.5e-05    -0.562114    0.062212
0.043811    -0.562114    0.07427
0.05971    -0.562114    0.07954
0.071316    -0.562114    0.084287
0.09115    -0.562114    0.079486
0.066366    -0.562114    0.060516
0.085172    -0.562114    -0.001103
-0.005029    -0.562114    -0.011373
8.6e-05    -0.562114    -0.018503
-0.068054    -0.562114    -0.019852
0.039936    -0.562114    0.017148
-0.039141    -0.562114    -0.015024
-0.095573    -0.371193    0.082298
-0.093659    -0.413334    0.095133
-0.098708    -0.451357    0.061273
-0.093163    -0.427475    0.098459
-0.094987    -0.306743    0.086228
-0.096182    -0.40661    0.078213
-0.095074    -0.530672    0.085645
-0.10068    -0.546816    0.048047
-0.094257    -0.292254    0.091118
-0.097618    -0.166    0.068582
0.033248    -0.562114    -0.085742
0.008225    -0.562114    -0.075431
0.062099    -0.562114    -0.084009
-0.042024    -0.562114    -0.092021
0.07419    -0.562114    -0.048444
-0.01254    -0.562114    -0.071451
0.029097    -0.103771    0.072676
0.014529    -0.106803    0.072838
-0.046172    -0.562114    -0.149284
0.0636    -0.562114    -0.136577
0.094065    -0.562114    -0.141616
-0.015236    -0.562114    -0.147692
0.074335    -0.562114    -0.148421
0.008136    -0.09465    0.072705
0.057694    -0.562114    -0.18851
0.019109    -0.562114    -0.201685
0.033532    -0.562114    -0.197534
0.015163    -0.562114    -0.195843
0.045336    -0.562114    -0.240005
0.054604    -0.562114    -0.244816
0.06075    -0.562114    -0.234654
0.053189    0.109167    -0.055029
-0.049097    -0.076743    0.159769
-0.047655    -0.089369    0.208544
-0.015936    -0.065241    0.220501
-0.024549    -0.283142    -0.285982
0.011142    -0.220407    -0.285982
-0.015661    -0.133561    -0.285982
-0.011638    -0.174982    -0.285982
-0.015969    -0.251747    -0.285982
-0.021752    -0.239446    -0.285982
-0.019504    -0.232035    -0.285982
-0.019839    -0.208082    -0.285982
-0.03077    -0.185047    -0.285982
0.012793    -0.208213    -0.285982
-0.020204    -0.254376    -0.285982
-0.022243    -0.287207    -0.285982
0.039523    0.122351    -0.070554
0.055113    0.043844    -0.189701
0.05153    0.016826    -0.221735
0.101802    -0.077005    0.013638
0.099089    -0.042545    -0.066468
0.085534    -0.013085    -0.14743
0.080287    0.042181    -0.094074
0.059    0.092711    -0.092741
-0.07548    -0.562114    0.062769
-0.07931    -0.562114    0.089471
-0.014947    -0.562114    0.075269
-0.06253    -0.562114    0.094954
-0.029276    -0.562114    0.077227
0.100512    -0.302325    0.049176
0.098743    -0.55948    0.061035
0.100891    -0.503737    0.046633
0.100785    -0.529181    0.047344
0.101847    -0.50707    0.040219
0.101251    -0.439979    0.044216
0.100957    -0.497575    0.046188
0.098225    -0.340498    0.064508
0.096521    -0.543261    0.075939
0.101574    -0.21053    0.042053
0.101634    -0.533959    0.041649
0.095818    -0.496395    0.080656
0.096807    -0.423873    0.074022
0.10409    -0.47271    -0.00402
0.103572    -0.378387    0.006905
0.10433    -0.442365    -0.009092
0.104637    -0.303411    -0.015568
0.104057    -0.324946    -0.003336
0.10441    -0.428435    -0.010782
0.105169    -0.443872    -0.026798
0.104483    -0.352971    -0.012317
0.103982    -0.395582    -0.001752
0.104929    -0.187065    -0.021717
0.103202    -0.539191    0.01472
0.105131    -0.286022    -0.025998
0.103704    -0.553102    0.004114
-0.092192    -0.362419    0.103809
0.103679    -0.508515    -0.063716
0.10309    -0.485473    -0.076132
0.10229    -0.525094    -0.093017
0.102321    -0.461816    -0.092375
0.103884    -0.369937    -0.059385
0.10386    -0.417722    -0.059888
0.103877    -0.489347    -0.05953
0.102686    -0.502637    -0.084658
0.103753    -0.405315    -0.062163
0.104827    -0.520536    -0.039489
0.10272    -0.430212    -0.083944
0.104631    -0.476208    -0.043636
0.102526    -0.530742    -0.08805
0.023623    -0.141627    0.076327
0.040113    -0.1403    0.07614
0.038403    -0.11278    0.07316
-0.000897    -0.112558    0.073148
0.093916    -0.486619    -0.152474
0.095231    -0.308393    -0.143658
0.093251    -0.357184    -0.156932
0.095101    -0.346391    -0.144528
0.095773    -0.548754    -0.140021
0.093772    -0.343682    -0.153441
0.099837    -0.522984    -0.11277
0.098221    -0.504189    -0.123605
0.09289    -0.314273    -0.159352
0.099988    -0.524654    -0.111755
0.094669    -0.558172    -0.147425
0.094739    -0.318082    -0.146954
0.097629    -0.088812    0.063156
0.078047    -0.281785    -0.214082
0.081495    -0.395189    -0.201603
0.080549    -0.21913    -0.205027
0.078191    -0.189405    -0.213561
0.080048    -0.354963    -0.206839
0.083579    -0.429598    -0.194056
0.0835    -0.419722    -0.194342
0.082552    -0.55102    -0.197774
0.088531    -0.52495    -0.176128
0.07997    -0.45491    -0.207121
0.078953    -0.408829    -0.210802
0.057877    -0.248122    -0.257937
0.064547    -0.43483    -0.243721
0.059158    -0.243415    -0.255206
0.058392    -0.287466    -0.25684
0.070918    -0.452748    -0.230143
0.071311    -0.551654    -0.229303
0.068566    -0.394765    -0.235154
0.061579    -0.386584    -0.250046
0.045989    -0.393203    -0.271704
0.044723    -0.356996    -0.273161
0.046635    -0.520085    -0.270961
0.043872    -0.340553    -0.274141
0.056257    -0.543461    -0.259891
0.037412    -0.528839    -0.281573
0.040694    -0.375936    -0.277798
-0.064846    -0.087012    0.181286
0.06569    -0.109599    0.165975
-7e-05    -0.095377    0.163966
-0.044422    -0.101635    0.213142
0.015246    -0.108785    0.226181
0.040981    -0.052479    0.208744
-0.002501    -0.450716    -0.285982
-0.008164    -0.451209    -0.285982
0.021129    -0.28968    -0.285982
0.020476    -0.319112    -0.285982
0.027063    -0.494629    -0.285982
0.026157    -0.200706    -0.285982
-0.008772    -0.443993    -0.285982
0.021457    -0.445161    -0.285982
0.014187    -0.289133    -0.285982
0.027056    -0.502176    -0.285982
0.00708    -0.531169    -0.285982
0.013104    -0.525134    -0.285982
0.05256    0.070487    -0.163082
0.041117    0.104018    -0.129952
0.068193    -0.008051    -0.20324
0.102452    -0.089423    0.015142
0.101481    -0.057999    -0.050252
0.09602    -0.037534    -0.101783
0.074894    0.02784    -0.148431
0.059698    0.082868    -0.118424
0.079004    -0.562114    0.117505
0.043941    -0.562114    0.142194
0.060314    -0.562114    0.138431
0.038772    -0.562114    0.128702
0.095679    -0.240329    0.081582
0.096326    -0.267396    0.077243
0.095573    -0.327495    0.082294
0.094493    -0.416717    0.089536
0.095054    -0.213472    0.085774
0.094334    -0.395315    0.090602
0.094758    -0.211633    0.087759
0.09554    -0.299576    0.082518
0.101198    -0.158802    0.044573
0.092843    -0.501336    0.100604
0.104641    -0.208961    -0.015655
0.103427    -0.223793    0.009959
0.102317    -0.526848    0.033379
0.102619    -0.300564    0.027007
0.102574    -0.247853    0.02797
0.103479    -0.199454    0.008872
0.1038    -0.320366    0.002094
0.103308    -0.31666    0.012475
0.10262    -0.28484    0.026999
0.102908    -0.141599    0.020911
0.102553    -0.36086    0.028411
0.10246    -0.342675    0.030376
0.103429    -0.217454    0.009926
0.104447    -0.361964    -0.047501
0.104896    -0.182402    -0.03804
0.104972    -0.408614    -0.036437
0.104772    -0.446051    -0.040661
0.103376    -0.182312    -0.070101
0.104673    -0.344882    -0.042741
0.104375    -0.333541    -0.049037
0.103649    -0.276621    -0.064352
0.104701    -0.437247    -0.042149
0.103686    -0.199671    -0.063574
0.104962    -0.132286    -0.03665
0.103779    -0.207257    -0.061598
0.104117    -0.120194    -0.054476
-0.090317    -0.28113    0.1106
-0.090352    -0.297611    0.110473
-0.088636    -0.225475    0.106072
8.7e-05    -0.22461    0.105615
-0.067701    -0.209133    0.097468
-0.059987    -0.198349    0.092914
0.099181    -0.346206    -0.117167
0.096378    -0.156446    -0.135961
0.094506    -0.135855    -0.148517
0.094179    -0.14757    -0.150708
0.101425    -0.36816    -0.102115
0.098684    -0.130918    -0.120499
0.093321    -0.147699    -0.156463
0.097759    -0.287939    -0.126703
0.099007    -0.300061    -0.118336
0.098926    -0.376985    -0.118873
0.098716    -0.205955    -0.120287
0.09694    -0.213735    -0.132197
0.10137    -0.236326    -0.102486
-0.01419    -0.15692    0.079517
0.023274    -0.124053    0.073848
0.058669    -0.137373    0.075727
0.055954    -0.154462    0.07895
0.092751    -0.16127    0.08052
0.078933    -0.156004    -0.210875
0.083737    -0.296313    -0.193485
0.078191    -0.134635    -0.213562
0.083899    -0.303542    -0.192899
0.081627    -0.159747    -0.201124
0.086429    -0.203454    -0.183738
0.084615    -0.321921    -0.190306
0.079751    -0.174856    -0.207914
0.089472    -0.317156    -0.17272
0.087801    -0.278147    -0.17877
0.086096    -0.278955    -0.184943
0.097316    -0.102769    0.06767
0.060259    -0.134455    -0.252861
0.077144    -0.307139    -0.216871
0.070649    -0.190562    -0.230714
0.071603    -0.395394    -0.228681
0.07356    -0.310116    -0.22451
0.068699    -0.208372    -0.23487
0.067533    -0.192585    -0.237356
0.075952    -0.259471    -0.219412
0.076226    -0.120647    -0.218829
0.044857    -0.271648    -0.273007
0.054289    -0.236265    -0.262155
0.057626    -0.483011    -0.258315
0.044454    -0.281069    -0.273471
0.055272    -0.308548    -0.261024
0.04096    -0.169841    -0.277491
0.034187    -0.326027    -0.28475
0.063618    -0.06251    0.177927
0.021173    -0.113588    0.166538
-0.068219    -0.102956    0.165037
-0.044966    -0.210807    0.213816
-0.048873    -0.261576    0.20932
-0.053645    -0.137482    0.203829
-0.05237    -0.155007    0.205296
-0.050481    -0.287625    0.20747
-0.049356    -0.296072    0.208764
-0.038304    -0.141275    0.22148
-0.017138    -0.104164    0.225872
0.03105    -0.35585    -0.285897
0.068629    0.042685    -0.153269
0.072387    0.012176    -0.174934
0.055426    -0.012871    -0.233482
0.084039    -0.018991    -0.158724
0.046217    -0.079101    -0.267571
0.104389    -0.116409    -0.012055
0.102804    -0.08332    -0.061267
0.090558    -0.045944    -0.145939
-0.079773    -0.562114    0.126385
-0.072438    -0.562114    0.126652
-0.034666    -0.562114    0.122956
-0.051342    -0.562114    0.118414
0.089731    -0.285655    0.112717
0.091347    -0.386195    0.106867
0.089956    -0.542969    0.111906
0.087244    -0.546626    0.121721
0.08916    -0.458843    0.114786
0.089271    -0.519568    0.114385
0.0891    -0.55518    0.115004
0.08297    -0.521221    0.137194
0.102145    -0.117191    -0.094751
-0.089582    -0.385994    0.113259
-0.022495    -0.238094    0.113761
0.092161    -0.221132    0.103778
-0.016494    -0.236755    0.112897
0.084956    -0.237473    0.11336
0.085618    -0.191222    0.089904
0.069931    -0.190016    0.089395
0.072264    -0.214172    0.1001
-0.082681    -0.178306    0.085474
-0.048089    -0.179663    0.085913
0.020948    -0.172575    0.083618
0.060481    -0.173884    0.084042
0.099098    -0.131805    0.058657
0.081744    -0.116321    -0.200322
0.064903    -0.118439    -0.242848
0.027386    -0.119914    0.16713
0.015483    -0.123281    0.167311
-0.035241    -0.128529    0.225004
-0.03586    -0.155828    0.224292
-0.03629    -0.304534    0.223797
-0.040649    -0.249826    0.218783
-0.048069    -0.53376    0.210246
-0.043491    -0.478013    0.215513
-0.035172    -0.214526    0.225084
-0.063475    -0.466988    0.186939
-0.064772    -0.431344    0.184175
-0.058213    -0.219057    0.198154
-0.066285    -0.440661    0.180949
-0.059356    -0.20185    0.195718
-0.06086    -0.403659    0.192514
-0.068883    -0.503216    0.175412
-0.068256    -0.524644    0.176748
-0.031637    -0.378452    0.226616
-0.063791    -0.12132    0.186266
0.01372    -0.249309    0.226915
0.030695    -0.28607    0.226915
0.023623    -0.158971    0.226915
-0.009875    -0.170703    0.226915
0.007162    -0.192789    0.226915
0.022356    -0.142148    0.226915
0.005811    -0.381006    0.226915
0.019944    -0.262078    0.226915
-0.002047    -0.139193    0.226915
0.029672    -0.223502    0.226915
0.015541    -0.411535    0.226915
0.041817    -0.090174    0.215319
0.062368    -0.03109    -0.227931
0.076318    -0.022947    -0.189127
0.056768    -0.106506    -0.258352
0.104411    -0.09372    -0.035061
0.098669    -0.055296    -0.098769
0.06056    -0.562114    0.159139
0.041155    -0.562114    0.162253
0.04121    -0.562114    0.176858
-0.0777    -0.244047    0.156272
-0.080654    -0.477775    0.145577
-0.078336    -0.275712    0.15397
-0.080895    -0.41908    0.144707
-0.089151    -0.551801    0.114816
-0.079404    -0.285111    0.150102
-0.085765    -0.436807    0.127078
-0.085755    -0.503972    0.127111
0.090077    -0.256484    0.111467
0.100114    -0.099581    -0.107416
0.053982    -0.249262    0.121329
0.080435    -0.470676    0.146372
0.089313    -0.093855    -0.170481
0.073505    -0.10808    -0.22365
-0.063239    -0.132039    0.16778
0.012773    -0.138629    0.168133
-0.032608    -0.475453    0.226261
-0.067678    -0.308336    0.177981
-0.074282    -0.303445    0.163904
-0.069236    -0.31152    0.174659
-0.074017    -0.272751    0.16447
-0.074107    -0.222078    0.164278
-0.069474    -0.308574    0.174153
-0.074066    -0.30932    0.164365
-0.021313    -0.562114    0.196104
-0.048651    -0.562114    0.181301
-0.025509    -0.405451    0.226915
0.020025    -0.499104    0.226915
-0.029204    -0.373717    0.226915
0.027989    -0.547668    0.226915
-0.027006    -0.448252    0.226915
-0.015059    -0.267672    0.226915
-0.0028    -0.457854    0.226915
-0.017258    -0.294885    0.226915
-0.027978    -0.250547    0.226915
0.001434    -0.379153    0.226915
0.022518    -0.525006    0.226915
-0.018648    -0.405776    0.226915
-0.071585    -0.144775    0.169654
0.034707    -0.138201    0.225493
0.056829    -0.030926    -0.239666
0.081409    -0.037236    -0.178743
0.095884    -0.081497    -0.131191
0.07093    -0.524477    0.171049
0.062561    -0.53027    0.188886
0.075525    -0.396088    0.161256
0.062441    -0.55508    0.189142
0.066673    -0.424    0.180123
0.06668    -0.427127    0.180107
0.065576    -0.534512    0.18246
-0.079839    -0.268895    0.148531
0.076872    -0.075945    -0.21142
0.041461    -0.407458    0.217848
0.035424    -0.508189    0.224794
0.044187    -0.212449    0.214712
0.043056    -0.124883    0.216013
0.052563    -0.215899    0.205075
0.052679    -0.168141    0.204941
0.047162    -0.247037    0.211289
0.007396    -0.139591    0.168128
-0.023545    -0.148647    0.167828
0.027804    -0.562114    0.211348
0.069804    -0.070625    -0.225862
0.090474    -0.065325    -0.158677
0.057968    -0.27984    0.198677
0.060489    -0.22561    0.193304
0.061375    -0.473845    0.191416
0.066543    -0.354647    0.1804
0.066641    -0.274281    0.18019
0.067541    -0.370509    0.178273
0.058059    -0.322486    0.198483
0.062105    -0.291406    0.18986
0.062304    -0.415542    0.189435
-0.081701    -0.289289    0.141787
0.040808    -0.252277    0.125632
0.052786    -0.556985    0.204818
0.041274    -0.443044    0.218064
0.056652    -0.53809    0.20037
0.051589    -0.289198    0.206195
0.050506    -0.520955    0.207441
0.056985    -0.349921    0.199987
0.047607    -0.465017    0.210777
-0.061109    -0.159804    0.167459
-0.067128    -0.157941    0.179153
-0.038769    -0.163679    0.167134
0.079147    -0.264756    0.151032
0.067452    -0.219759    0.15588
-0.062474    -0.215822    0.157069
-0.068459    -0.219992    0.15581
-0.051224    -0.229875    0.152576
-0.087226    -0.418819    0.121785
0.067857    -0.159488    0.177599
-0.071465    -0.186854    0.164068
0.025743    -0.171842    0.166151
0.035466    -0.213656    0.157723
0.079729    -0.358325    0.148927
0.047105    -0.242748    0.147435
0.057763    -0.193721    0.162629
0.002076    -0.202663    0.160755
-0.041715    -0.25357    0.129582
0.029205    -0.24937    0.144098
-0.003846    -0.253428    0.128931
-0.054486    -0.252079    0.140265
-0.058335    -0.253913    0.132671
-0.055985    -0.252869    0.138443
0.081094    -0.359522    0.143987
0.04448    0.073096    0.053099
0.031218    0.095166    0.058593
0.04195    0.023402    0.054147
0.055888    0.056735    0.045265
0.013973    0.076559    0.062797
0.017921    0.059258    0.062278
0.066245    0.116094    0.037318
0.06637    0.050426    0.037222
0.009518    0.050358    0.063384
0.000253    0.011792    0.064604
-0.047974    -0.004583    0.040939
0.069245    0.103688    0.033592
-0.046466    -0.004583    0.03098
-0.009781    0.057837    0.063349
-0.003826    0.039599    0.064133
-0.030808    0.009674    0.058763
-0.064764    0.038298    0.038454
-0.055719    0.03642    0.045395
0.080253    0.12066    0.019248
-0.071291    0.023128    0.030927
-0.070315    0.053651    0.032199
-0.029906    -0.004583    0.023427
-0.013732    0.026397    0.062829
-0.011059    0.042702    0.063181
-0.038981    0.086463    0.055377
-0.054084    0.102785    0.04665
-0.060633    0.125307    0.041624
0.082013    0.099704    0.016444
-0.079685    0.086893    0.019988
-0.076878    0.103288    0.023646
-0.042921    -0.004583    0.002829
0.088798    0.053705    6.5e-05
0.084503    0.003746    0.010433
-0.085646    0.067589    0.007673
0.002984    -0.004583    -0.002745
0.081962    -0.004583    0.013018
0.091709    0.049421    -0.010834
-0.084373    0.114689    0.010746
-0.088188    0.09521    0.001536
0.001661    -0.004583    -0.016271
-0.044532    -0.004583    -0.018445
0.093841    0.104251    -0.027032
-0.092191    0.016282    -0.014499
-0.092889    0.007013    -0.019801
0.057741    -0.004583    -0.009614
-0.064633    -0.004583    -0.026556
0.093653    0.067301    -0.033462
-0.03376    -0.004583    -0.043745
-0.084823    -0.004583    -0.04014
0.091152    0.006696    -0.052466
0.092187    0.037086    -0.044596
-0.091974    0.10628    -0.012848
-0.020857    -0.004583    -0.04896
0.047662    -0.004583    -0.045497
0.087511    0.105954    -0.062237
0.089889    0.062464    -0.056497
-0.092293    0.092848    -0.043796
-0.091776    0.003901    -0.047724
-0.058728    -0.004583    -0.057828
-0.064629    -0.004583    -0.067739
0.085284    0.025149    -0.067614
0.088908    0.02126    -0.058864
-0.09073    0.03197    -0.054466
0.0139    -0.004583    -0.065197
-0.016317    -0.004583    -0.069918
0.081447    0.050575    -0.076759
-0.087075    0.126638    -0.063291
-0.084102    0.069002    -0.070467
0.005206    -0.004583    -0.083164
0.07034    0.069477    -0.091233
0.078953    -0.002859    -0.080009
-0.069885    0.008944    -0.091826
-0.053567    -0.004583    -0.095159
0.060331    0.064355    -0.100923
0.050273    0.016813    -0.108641
-0.068072    0.10337    -0.094188
0.012829    -0.004583    -0.096295
0.047324    0.078359    -0.110903
0.038845    -0.004583    -0.108159
-0.058817    0.099627    -0.102085
-0.061547    0.114403    -0.09999
-0.054502    0.013765    -0.105396
0.04148    0.065606    -0.113409
0.027404    0.004665    -0.119239
-0.036568    0.089917    -0.115444
0.03175    0.109184    -0.117439
0.036675    0.106995    -0.115399
-0.027847    0.107397    -0.119056
-0.031877    0.014559    -0.117387
0.009073    0.018932    -0.122509
-0.022655    0.048279    -0.120721
-0.023914    0.059607    -0.120555
0.000849    0.12833    -0.123592
-0.023121    -0.004458    -0.12066
-0.041589    0.269931    0.031059
-0.047143    0.252629    0.026798
-0.027781    0.184476    0.038395
-0.05897    0.209261    0.01417
-0.028    0.261607    0.038304
0.021162    0.270103    0.034549
-0.054129    0.258061    0.020479
-0.054137    0.175933    0.036978
-0.005489    0.270103    0.036493
0.052491    0.248719    0.022613
-0.05586    0.270103    0.00813
-0.065671    0.211797    0.003698
-0.082106    0.167484    0.021519
0.022613    0.270103    0.040439
0.055322    0.18462    0.018924
-0.028623    0.270103    0.007092
-0.065144    0.262171    0.00497
-0.085003    0.172812    0.016682
-0.090466    0.134352    0.003492
-0.000791    0.270103    0.042002
0.001547    0.175933    0.05085
0.047953    0.175933    0.030348
-0.009919    0.270103    -0.008398
0.010014    0.270103    -0.010346
-0.092495    0.175933    -0.022617
-0.068492    0.162092    0.039191
0.022221    0.216544    0.040698
-0.031107    0.175933    0.056677
0.05369    0.172646    0.050549
0.068261    0.182156    -0.002555
-0.049101    0.270103    -0.013214
-0.073969    0.264176    -0.02913
-0.095798    0.152306    -0.020038
-0.038181    0.17129    0.058797
0.05497    0.146596    0.049567
0.082236    0.175933    -0.001879
0.054136    0.270103    -0.029321
0.064518    0.270103    -0.022394
-0.083105    0.175933    -0.029678
0.0324    0.170615    0.061192
0.079198    0.159553    0.02531
0.072318    0.191746    -0.016591
-0.061511    0.270103    -0.041944
-0.072162    0.245245    -0.043663
-0.094207    0.175933    -0.038294
-0.002593    0.155036    0.067174
-0.014801    0.133128    0.063687
0.072902    0.225818    -0.03804
0.044899    0.270103    -0.03795
-0.067994    0.185538    -0.057157
-0.092834    0.16164    -0.056844
0.096651    0.142782    -0.026514
0.072608    0.188692    -0.040277
0.005616    0.270103    -0.056139
-0.067251    0.235388    -0.058951
-0.091414    0.165901    -0.060271
0.06943    0.233572    -0.053689
-0.052862    0.270103    -0.056141
-0.064034    0.267487    -0.066638
-0.082464    0.147048    -0.08012
0.065695    0.192621    -0.062707
0.004753    0.270103    -0.071939
-0.053871    0.211571    -0.079882
0.094903    0.133128    -0.039844
0.063219    0.262809    -0.067699
0.054745    0.270103    -0.073886
-0.050649    0.207046    -0.083174
0.089854    0.142087    -0.064036
0.05642    0.236242    -0.07656
-0.043766    0.181551    -0.088456
-0.033508    0.175933    -0.095633
0.080254    0.148944    -0.083001
0.049626    0.207858    -0.083959
0.037216    0.211855    -0.093482
0.027644    0.270103    -0.093718
-0.027291    0.194653    -0.097665
0.076361    0.138825    -0.088074
0.025553    0.181978    -0.098384
0.033166    0.266297    -0.095231
-0.02678    0.156995    -0.122587
-0.007985    0.194543    -0.102504
0.060615    0.156514    -0.104302
0.01695    0.22504    -0.101324
0.027656    0.175933    -0.117236
0.007771    0.175933    -0.103332
-0.010534    0.152205    -0.125195
0.047167    0.136227    -0.114142
0.022414    0.160464    -0.123631
