-0.005249    -0.39237    -0.108897
-0.000709    -0.376343    -0.141065
0.015081    -0.380309    -0.123865
-0.0107    -0.413641    -0.106887
-0.010318    -0.380233    -0.114743
0.002557    -0.341577    -0.151459
-0.013697    -0.370556    -0.129399
-0.005159    -0.436671    -0.12739
0.002628    -0.44153    -0.126543
-0.010904    -0.45819    -0.123831
0.007884    -0.45909    -0.123691
-0.00043    -0.453662    -0.104371
0.015081    -0.462805    -0.11637
0.004133    -0.47624    -0.121324
-0.013697    -0.482754    -0.120494
-0.013697    -0.48749    -0.107168
-0.013697    -0.492762    -0.118178
0.003576    -0.495434    -0.103489
-0.013697    -0.507406    -0.110435
-0.008431    -0.507115    -0.103573
-0.007895    -0.518534    -0.103781
0.011256    -0.527799    -0.104047
0.011918    -0.533646    -0.104261
0.015081    -0.230906    -0.18684
0.015081    -0.227423    -0.194733
0.015081    -0.223992    -0.190057
-0.000619    -0.210124    -0.207797
0.01251    -0.220614    -0.181788
-0.000135    -0.581414    -0.10732
0.006426    -0.186616    -0.217515
-0.008166    -0.189526    -0.194746
0.007351    -0.166587    -0.224931
-0.012066    -0.165534    -0.225288
-0.002506    -0.147211    -0.231283
-0.008008    -0.150607    -0.20838
-0.005366    -0.130533    -0.214344
-0.002542    -0.119008    -0.21745
-0.013697    -0.104306    -0.224636
-0.003355    -0.09454    -0.223311
0.015081    -0.077713    -0.239057
-0.007761    -0.06541    -0.228966
-0.013697    -0.052444    -0.239009
-0.010242    -0.026386    -0.255691
-0.004881    -0.038094    -0.23303
-0.000144    -0.01947    -0.235132
-0.013697    -0.003745    -0.240393
-0.009662    0.024991    -0.258453
-0.004462    0.038959    -0.258456
-0.013697    0.040776    -0.240787
0.015081    0.058304    -0.229151
-0.013697    0.060074    -0.237305
-0.004278    0.065424    -0.206799
0.015081    0.061432    -0.188918
0.007529    0.065424    -0.20505
0.013165    0.065424    -0.111949
0.009321    0.05599    -0.108988
0.015081    0.046236    -0.122852
0.015081    0.035234    -0.241022
0.006758    0.035979    -0.233782
0.005016    0.041018    -0.182898
-0.013369    0.041018    -0.185226
0.010237    0.031964    -0.123286
0.00036    0.013593    -0.10702
0.009242    -0.003627    -0.106744
-0.007219    -0.023492    -0.106796
0.057845    -0.554208    -0.091829
0.055896    -0.589145    -0.092971
0.067497    -0.4621    -0.086178
0.057697    -0.364921    -0.091916
0.063724    -0.57132    -0.088387
0.051908    0.061761    -0.095306
0.051168    -0.287408    -0.095739
0.046671    -0.077071    -0.098373
0.062336    -0.036907    -0.0892
0.052243    -0.069979    -0.09511
0.082977    -0.504467    -0.071251
0.076081    -0.46541    -0.079572
0.091635    -0.529513    -0.060802
0.083593    -0.342672    -0.070507
0.082825    -0.530073    -0.071434
0.08891    -0.521259    -0.064091
0.025234    -0.564719    -0.105424
0.028107    -0.337544    -0.104899
0.026752    -0.405074    -0.105147
0.030751    -0.404773    -0.104416
0.027255    -0.269249    -0.105055
0.097116    -0.329846    -0.054188
0.081466    -0.080811    -0.073074
0.085303    -0.06611    -0.068444
0.085081    -0.222164    -0.068711
0.086988    0.055354    -0.06641
0.000163    -0.105829    -0.110004
0.00123    -0.184345    -0.109809
0.013064    -0.359323    -0.107648
0.011766    -0.330969    -0.107885
0.024883    0.004809    -0.105488
0.00641    -0.090033    -0.108863
0.106569    -0.38256    -0.030969
0.103074    -0.215341    -0.04076
0.1039    -0.322761    -0.038447
0.102389    -0.269758    -0.042678
0.10744    -0.404454    -0.02853
-0.002135    -0.433363    -0.109887
-0.005915    -0.459091    -0.109245
-0.002132    -0.310099    -0.109888
-0.027332    -0.522145    -0.105604
-0.009459    -0.539092    -0.108642
0.106929    -0.254155    -0.02996
0.106718    -0.284299    -0.030552
0.10826    -0.03905    -0.026234
0.11054    -0.191618    -0.019847
0.111152    0.042714    -0.018132
0.100753    0.016831    -0.047261
-0.019784    0.036629    -0.106887
-0.040007    -0.470014    -0.103449
-0.024263    -0.228858    -0.106125
-0.024861    -0.058432    -0.106024
-0.035215    -0.063652    -0.104263
0.112642    -0.031931    -0.010718
0.112583    -0.221206    -0.00094
0.112576    -0.496599    0.000142
0.11262    -0.53358    -0.007066
0.11266    -0.080098    -0.013532
-0.068441    -0.543265    -0.087342
-0.044462    -0.227163    -0.10099
-0.049628    -0.502498    -0.09805
-0.052874    -0.380253    -0.096202
-0.0571    -0.58991    -0.093797
-0.046578    -0.61492    -0.099786
0.112476    -0.344606    0.016394
0.112517    -0.124532    0.009738
0.112572    -0.078397    0.000734
0.112419    -0.606959    0.025692
0.112604    -0.0538    -0.004363
-0.050281    -0.08782    -0.097678
-0.055435    0.065276    -0.094745
-0.061781    -0.004027    -0.091133
-0.061209    -0.148052    -0.091459
-0.058948    -0.074511    -0.092745
0.111731    -0.244901    0.028098
0.103921    -0.499964    0.049152
0.111516    -0.012828    0.028679
0.10436    -0.563452    0.047968
0.106757    -0.439252    0.041507
0.110433    -0.28898    0.031598
-0.076948    0.029254    -0.081375
-0.086372    -0.254934    -0.070284
-0.084076    -0.206093    -0.072986
-0.082949    0.068774    -0.074313
-0.075438    -0.173086    -0.083152
0.10252    -0.127778    0.05293
0.098775    -0.124004    0.063025
0.110284    -0.027437    0.031999
0.109293    0.063746    0.034672
0.103652    -0.182359    0.049876
-0.094485    -0.440035    -0.060735
-0.090692    -0.530359    -0.065199
-0.085732    -0.457295    -0.071037
-0.100931    -0.43656    -0.053148
-0.099041    -0.120336    -0.055373
0.092991    -0.478192    0.070325
0.094852    -0.327655    0.068135
0.085564    -0.53664    0.079067
0.092248    -0.137377    0.0712
0.080563    -0.52857    0.084952
0.097638    -0.035942    0.064856
-0.103504    -0.352812    -0.046466
-0.101418    -0.355175    -0.052088
-0.10322    -0.100734    -0.047231
-0.102306    -0.128117    -0.049697
-0.104565    -0.118913    -0.043605
0.091213    -0.084607    0.072418
0.079228    -0.020235    0.086524
0.076341    -0.360435    0.089921
0.078339    -0.439644    0.08757
0.08064    0.032664    0.084861
-0.113401    -0.401315    -0.019787
-0.111969    -0.171627    -0.023646
-0.107268    -0.328618    -0.03632
-0.109095    -0.298857    -0.031396
-0.109841    -0.5385    -0.029383
-0.110822    -0.159604    -0.026739
0.051911    0.069775    0.106192
0.062987    -0.236043    0.099888
0.051588    -0.14757    0.106376
0.052988    -0.071558    0.105579
0.059163    -0.253978    0.102064
-0.11509    -0.077459    -0.011117
-0.11512    0.056456    -0.006193
-0.115112    -0.462623    -0.007546
-0.115183    -0.014319    0.004063
-0.115148    -0.033093    -0.001708
0.044445    -0.153546    0.110441
0.057622    -0.50069    0.102941
0.050559    -0.500611    0.106962
0.061607    -0.449833    0.100673
0.044823    -0.193928    0.110226
0.058391    -0.543004    0.102503
-0.115225    -0.427901    0.010838
-0.11531    -0.192299    0.024747
-0.115158    -0.470773    3.6e-05
-0.115202    -0.514566    0.007101
-0.115165    -0.375175    0.001049
0.018129    -0.271947    0.117667
0.018183    0.009623    0.117657
0.036702    -0.561717    0.114509
0.02088    -0.062068    0.117199
0.035945    -0.443961    0.114638
-0.10264    0.046652    0.060339
-0.10902    -0.122817    0.04247
-0.110539    -0.019255    0.038216
-0.110168    0.049674    0.039257
-0.108274    0.074935    0.04456
-0.104486    -0.031337    0.055171
2.3e-05    -0.085054    0.120744
0.013312    -0.481189    0.118485
0.004157    -0.186652    0.120041
0.021855    -0.551695    0.117033
0.012077    -0.287434    0.118695
-0.108764    -0.54283    0.043189
-0.105867    -0.401634    0.051303
-0.107405    -0.387022    0.046996
-0.109087    -0.451983    0.042282
-0.105764    -0.375102    0.051591
-0.002105    -0.0958    0.121081
-0.025283    -0.121656    0.116847
-0.014589    -0.323812    0.118801
-0.024508    -0.205932    0.116989
-0.005482    -0.47394    0.120464
-0.031134    0.028444    0.115778
-0.09553    -0.065242    0.070246
-0.091036    -0.178517    0.075668
-0.096401    -0.381298    0.069194
-0.100565    -0.022288    0.064169
-0.088771    -0.05899    0.078402
-0.020063    -0.500705    0.117801
-0.036378    -0.103683    0.11482
-0.006625    -0.574491    0.120256
-0.036689    -0.087591    0.114764
-0.035601    -0.434208    0.114962
-0.077645    -0.392856    0.091829
-0.082019    -0.369696    0.08655
-0.088109    -0.323374    0.079202
-0.081515    -0.295669    0.087158
-0.085604    -0.585517    0.082223
-0.065617    -0.075294    0.099777
-0.063054    -0.006703    0.101278
-0.047493    -0.328187    0.11039
-0.04176    -0.451038    0.113747
-0.044167    -0.149954    0.112338
-0.047479    -0.031169    0.110398
-0.071818    -0.295367    0.096146
-0.060073    -0.368404    0.103023
-0.047688    -0.598736    0.110276
-0.071086    -0.289012    0.096575
-0.048869    -0.538301    0.109585
0.057469    -0.281478    -0.092049
0.051917    -0.467316    -0.095301
0.070926    -0.092344    -0.084169
0.046273    -0.47602    -0.098606
0.049506    -0.438918    -0.096712
0.052689    -0.023607    -0.094849
0.054212    -0.039484    -0.093957
0.043757    -0.438204    -0.100079
0.04958    -0.316189    -0.096669
0.044194    0.039423    -0.099823
0.059735    0.033069    -0.090722
0.084463    -0.26133    -0.069457
0.077874    -0.549211    -0.077409
0.078637    -0.323801    -0.076488
0.074939    -0.436897    -0.080951
0.087366    -0.421078    -0.065954
0.032628    -0.398615    -0.104074
0.01862    -0.322589    -0.106633
0.02142    -0.358164    -0.106121
0.038199    -0.422461    -0.103056
0.030358    -0.277069    -0.104488
0.055244    0.076011    -0.088505
0.0925    -0.046807    -0.059758
0.096851    -0.093779    -0.054507
0.09048    -0.380843    -0.062196
0.095762    -0.460826    -0.055822
0.089644    -0.212858    -0.063205
0.001494    -0.488564    -0.109761
0.008946    -0.35376    -0.1084
0.011494    -0.207269    -0.107934
0.006042    -0.455675    -0.10893
0.01859    -0.180218    -0.106638
0.052906    0.076011    -0.085671
0.109177    -0.589281    -0.023665
0.101357    -0.406127    -0.045568
0.100952    -0.320931    -0.046704
0.099282    -0.051873    -0.051381
0.107815    -0.616145    -0.027479
-0.011885    -0.205274    -0.10823
-0.002244    -0.464298    -0.109869
-0.013106    -0.537181    -0.108022
-0.027164    -0.570831    -0.105632
-0.001499    -0.559818    -0.109995
-0.008507    -0.228952    -0.108804
0.056581    0.037829    -0.080052
0.051871    -0.258766    -0.082811
0.04427    -0.017782    -0.087262
0.047961    0.051977    -0.0851
0.055599    0.049854    -0.080628
0.047905    0.074667    -0.085133
0.049526    -0.093383    -0.084184
0.054822    -0.26418    -0.081082
0.054075    -0.32575    -0.08152
0.029187    -0.155776    -0.093722
0.033922    -0.465806    -0.092857
0.006238    -0.032016    -0.097914
0.011139    -0.105866    -0.097019
0.017068    -0.076771    -0.095936
0.023285    -0.124764    -0.0948
0.029453    0.061822    -0.093674
0.030869    -0.113341    -0.093415
0.027197    -0.323068    -0.094086
0.108358    -0.38344    -0.025958
0.112562    -0.278515    -0.014182
0.103291    -0.108527    -0.040152
0.106845    -0.278816    -0.030197
0.112544    -0.519076    -0.014233
0.10621    0.030089    -0.031975
-0.033544    -0.021704    -0.104548
-0.028199    -0.125528    -0.105456
-0.026772    -0.330448    -0.105699
-0.019813    -0.066712    -0.106882
-0.02131    -0.232068    -0.106627
0.045252    -0.390277    -0.086687
0.041714    -0.388263    -0.088758
0.04129    -0.411082    -0.089007
0.056655    -0.420047    -0.080009
0.043149    -0.124487    -0.087918
0.038999    -0.408684    -0.090349
0.041212    -0.585314    -0.089053
0.035617    -0.533846    -0.092329
0.061953    -0.504937    -0.076907
0.047464    -0.478451    -0.085391
0.081833    0.07308    -0.055703
0.071941    -0.205844    -0.06764
0.07572    -0.105955    -0.063079
0.074788    -0.273694    -0.064204
0.083138    -0.043756    -0.054127
0.08616    0.017963    -0.050481
0.080024    -0.072936    -0.057886
0.085866    0.040079    -0.050836
0.074012    -0.131978    -0.06514
0.021149    -0.387756    -0.095191
0.020739    -0.530408    -0.095266
0.016624    -0.321471    -0.096017
0.001617    -0.199214    -0.098758
0.021272    -0.413088    -0.095168
0.019343    -0.362125    -0.095521
0.004735    -0.541016    -0.098189
0.02483    -0.425254    -0.094518
0.021404    -0.361748    -0.095144
0.006934    -0.3132    -0.097787
0.112597    -0.147551    -0.003238
0.112542    -0.539443    0.005684
0.112514    -0.46943    0.010242
0.112584    -0.579316    -0.001105
0.112634    -0.288683    -0.009374
0.012794    -0.611615    -0.081193
-0.061732    -0.559554    -0.091161
-0.063929    -0.4699    -0.08991
-0.044878    -0.566409    -0.100753
-0.045985    -0.382334    -0.100124
-0.059293    -0.390924    -0.092549
-0.011103    -0.599075    -0.07577
0.077184    -0.327538    -0.061313
0.087837    -0.440684    -0.048458
0.077893    -0.533485    -0.060457
0.081482    -0.395614    -0.056126
0.087176    -0.078084    -0.049255
0.082419    -0.444563    -0.054996
0.08394    -0.259174    -0.05316
0.081108    -0.493272    -0.056577
0.08646    -0.483839    -0.050119
-0.012778    -0.352937    -0.097122
-0.002474    -0.348391    -0.098873
-0.008067    -0.142113    -0.097922
-0.018176    -0.224276    -0.096204
-0.01819    -0.197544    -0.096202
-0.014209    -0.157017    -0.096878
-0.014072    -0.055935    -0.096902
-0.00491    -0.446438    -0.098459
-0.006945    -0.400723    -0.098113
-0.011226    -0.218258    -0.097385
0.112428    -0.176419    0.024269
0.112583    0.020887    -0.000996
0.112549    -0.178954    0.004517
0.112505    -0.129301    0.011786
0.112417    -0.202559    0.026014
0.10258    -0.617011    -0.003266
0.081331    -0.611615    -0.049964
-0.064214    -0.617011    -0.082933
-0.074462    -0.108762    -0.083915
-0.058993    -0.287357    -0.09272
-0.0645    -0.042612    -0.089585
-0.07182    -0.480555    -0.085419
-0.059558    -0.243468    -0.092398
0.014992    -0.599075    -0.067538
-0.060892    -0.599075    -0.077804
0.014846    -0.599075    -0.050032
0.069289    -0.599075    -0.062405
0.089884    -0.508949    -0.04558
0.098864    -0.041544    -0.020429
0.093356    -0.26528    -0.035856
0.095333    -0.23234    -0.030318
0.094805    0.052299    -0.031796
0.097573    -0.020067    -0.024044
0.093038    -0.230686    -0.036746
0.09166    -0.207986    -0.040606
0.08968    -0.17363    -0.046152
-0.015103    -0.480265    -0.096726
-0.005407    -0.596039    -0.098375
-0.027226    -0.496321    -0.094666
-0.024552    -0.424413    -0.09512
-0.033291    0.007574    -0.093635
-0.026686    -0.233892    -0.094757
-0.012472    -0.442029    -0.097174
-0.029562    -0.208849    -0.094269
-0.00903    -0.496689    -0.097759
-0.013144    -0.587618    -0.097059
0.103007    -0.523725    0.051616
0.104796    -0.315607    0.046793
0.10769    -0.258562    0.038991
0.109472    -0.358357    0.034187
0.10985    -0.459121    0.03317
0.018672    -0.611615    -0.042389
-0.097185    -0.617011    -0.055689
-0.091629    -0.082785    -0.064096
-0.085456    0.013572    -0.071362
-0.081336    -0.144478    -0.076212
-0.083423    -0.150546    -0.073755
-0.082488    -0.315956    -0.074856
-0.068428    -0.283685    -0.074722
-0.090811    -0.593178    -0.048379
-0.079772    -0.332357    -0.06137
-0.081739    -0.527461    -0.059056
-0.075291    -0.40927    -0.066644
-0.071607    -0.282546    -0.07098
-0.082787    -0.598406    -0.057822
-0.077008    -0.425549    -0.064623
-0.069951    -0.166735    -0.07293
-0.054865    -0.541589    -0.082641
-0.061422    -0.166935    -0.078909
-0.06614    -0.415746    -0.076224
-0.06044    -0.315151    -0.079468
-0.056111    -0.463039    -0.081932
-0.059247    -0.538591    -0.080147
-0.06424    -0.06173    -0.077305
-0.054419    -0.230984    -0.082895
-0.040991    -0.59181    -0.090538
-0.061893    -0.402949    -0.078641
-0.096677    -0.599075    -0.032965
0.082113    -0.599075    -0.04516
0.101586    -0.593967    -0.012805
0.101433    -0.200414    -0.013234
0.095458    -0.38162    -0.029968
0.094149    -0.364466    -0.033636
0.100226    -0.265138    -0.016614
0.10153    -0.195866    -0.012961
0.09647    -0.551247    -0.027135
0.100764    -0.378236    -0.015108
0.10008    -0.362113    -0.017024
-0.060123    -0.067296    -0.079648
-0.040961    -0.056598    -0.090555
-0.049834    0.024394    -0.085505
-0.037187    -0.269565    -0.092704
-0.037154    -0.440044    -0.092722
-0.058188    -0.063418    -0.08075
-0.052985    -0.184963    -0.083711
-0.049087    -0.139334    -0.08593
-0.039222    -0.00566    -0.091545
-0.044699    0.031233    -0.088428
0.101679    -0.013499    0.015741
0.101649    0.0155    0.020564
0.101833    -0.11012    -0.009319
0.101786    -0.183565    -0.001616
0.101759    -0.032767    0.00266
0.101774    0.028985    0.00027
0.101801    -0.108677    -0.004068
0.101793    0.00805    -0.002868
0.10183    -0.368823    -0.008831
0.107266    0.008777    0.040134
0.100322    -0.251553    0.058854
0.099247    -0.537718    0.061751
0.107607    -0.004905    0.039216
0.105246    0.041784    0.045579
0.102193    -6.6e-05    0.05381
0.069469    -0.611615    -0.038501
-0.083577    -0.397043    -0.073574
-0.100576    -0.471335    -0.053567
-0.086669    -0.57646    -0.069935
-0.076959    -0.575996    -0.081362
-0.098473    -0.347659    -0.056041
-0.086778    -0.586172    -0.069806
-0.085021    -0.111693    -0.055193
-0.086704    -0.234646    -0.053212
-0.087192    -0.37218    -0.052638
-0.080597    0.013544    -0.0604
-0.087392    -0.190603    -0.052402
-0.084122    0.064153    -0.056251
-0.089426    0.024258    -0.050009
-0.078921    -0.015929    -0.062372
-0.088853    -0.454994    -0.050683
0.092147    -0.599075    -0.017799
0.025688    -0.599075    -0.019276
0.026042    -0.599075    -0.034556
-0.096901    -0.41441    -0.033211
-0.092536    -0.501484    -0.044977
-0.092236    -0.147114    -0.045788
-0.095561    -0.170458    -0.036824
-0.0927    -0.119269    -0.044536
-0.093365    -0.058556    -0.042745
-0.099862    -0.549597    -0.025228
-0.099699    -0.444398    -0.02567
-0.0917    0.044917    -0.047232
0.101637    0.006498    0.022463
0.101774    -0.448365    0.000291
0.101692    -0.127888    0.013622
0.101674    -0.528221    0.016503
0.101726    -0.472603    0.008086
0.101634    -0.473884    0.022955
0.101663    -0.126442    0.018277
0.101668    -0.443722    0.017419
0.101719    -0.572077    0.009183
0.101044    -0.275257    0.02585
0.100253    -0.484475    0.027982
0.100995    -0.298838    0.025983
0.099571    -0.08339    0.02982
0.095811    -0.232203    0.039957
0.098242    -0.080257    0.033404
0.098297    -0.102445    0.033256
0.095135    -0.02463    0.041778
0.099401    -0.2627    0.030279
0.099449    0.071444    0.030151
0.091278    -0.171604    0.072342
0.0974    -0.408513    0.065135
0.091387    -0.573699    0.072213
0.089098    -0.59536    0.074907
0.083441    -0.493245    0.081565
0.008067    -0.611615    0.017614
0.053571    -0.611615    -8.9e-05
-0.088234    -0.611615    0.013145
-0.103758    -0.098153    -0.045781
-0.106255    -0.337861    -0.03905
-0.103154    -0.210618    -0.04741
-0.107564    -0.133949    -0.035522
-0.10172    -0.559356    -0.051276
-0.102996    -0.329525    -0.047835
-0.094746    -0.599075    0.013145
-0.099075    -0.599075    0.005028
-0.099718    0.00277    -0.025617
-0.103612    -0.122677    -0.015119
-0.09668    -0.020963    -0.033806
-0.103604    -0.200924    -0.015142
-0.09668    -0.001578    -0.033806
-0.100633    -0.390415    -0.023151
-0.09999    -0.168663    -0.024885
-0.095759    -0.088936    -0.036291
-0.101881    -0.114246    -0.019787
-0.097922    0.031923    -0.030458
0.07238    -0.599075    0.014462
0.066468    -0.599075    0.003291
0.071924    -0.599075    0.015157
0.090366    -0.538119    0.054634
0.092263    -0.351931    0.049522
0.092173    -0.304638    0.049764
0.089087    -0.023723    0.058084
0.095163    -0.337022    0.041703
0.095918    -0.575434    0.039669
0.096393    -0.54832    0.038388
0.100486    -0.560127    0.027354
0.098211    -0.44908    0.033487
0.078134    -0.409746    0.087811
0.078992    -0.179244    0.086801
0.074184    -0.245759    0.09246
0.073665    -0.022552    0.093071
0.073891    0.013575    0.092805
0.084179    -0.295902    0.080696
-0.082555    -0.611615    0.056438
0.051932    -0.611615    0.032035
-0.108486    -0.434758    -0.033037
-0.107375    -0.419374    -0.03603
-0.113027    -0.223519    -0.020796
-0.11319    -0.023161    -0.020357
-0.105118    -0.549194    -0.042116
-0.109866    -0.379667    -0.029316
-0.104316    -0.354219    -0.006704
-0.104347    -0.48862    -0.00169
-0.104285    -0.091219    -0.011649
-0.104379    -0.320213    0.003573
-0.104278    -0.363581    -0.012883
-0.104296    -0.10699    -0.009905
-0.104389    -0.55549    0.005204
-0.104346    -0.490426    -0.00182
-0.104389    -0.27269    0.005126
-0.005202    -0.599075    0.024373
-0.063766    -0.599075    0.024558
0.051313    -0.599075    0.024461
0.075665    0.019212    0.074035
0.084317    -0.335546    0.063853
0.080513    -0.036211    0.06833
0.085236    -0.042685    0.06277
0.068855    0.022044    0.08205
0.077689    0.058469    0.071653
0.08656    0.058211    0.061213
0.085915    -0.467939    0.061971
0.076603    -0.050435    0.072931
0.047284    -0.599075    0.050044
0.072486    -0.599075    0.04876
0.084298    -0.599075    0.048497
0.068837    -0.14754    0.096557
0.062619    -0.17682    0.100097
0.051187    -0.080116    0.106604
0.070216    -0.169126    0.095772
0.061944    -0.240827    0.100481
0.042502    -0.611615    0.061609
-0.115273    0.011877    0.018689
-0.115251    0.030473    0.015125
-0.115199    -0.14856    0.006724
-0.115143    0.010871    -0.00241
-0.115243    -0.113573    0.013743
-0.104486    -0.115472    0.020826
-0.104359    0.060584    0.000274
-0.104304    0.061554    -0.008631
-0.104493    -0.34048    0.022051
-0.104456    -0.172252    0.01609
-0.104472    -0.270314    0.018613
-0.104404    0.003783    0.007527
-0.104483    -0.071507    0.020379
-0.104496    -0.200023    0.022504
-0.104465    -0.303565    0.017442
-0.097688    -0.360659    0.04209
-0.100663    -0.469737    0.033757
-0.097702    -0.31962    0.04205
-0.097296    -0.363593    0.043187
-0.100915    -0.238186    0.03305
-0.102846    -0.34385    0.027643
-0.100503    -0.441042    0.034203
-0.103289    -0.101682    0.026402
-0.096012    -0.41814    0.046783
0.073    -0.411352    0.077172
0.065937    -0.183217    0.085486
0.067253    -0.206716    0.083936
0.083143    -0.576222    0.065234
0.076819    -0.465525    0.072677
0.06592    -0.300021    0.085505
0.079226    -0.344578    0.069844
0.084715    -0.525298    0.063384
0.08257    -0.502063    0.065909
0.069185    -0.470109    0.081662
0.015109    -0.599075    0.058759
-0.040437    -0.599075    0.060066
0.041724    -0.535966    0.111991
0.038287    -0.475504    0.113947
0.054623    -0.417103    0.104648
0.043489    -0.356187    0.110986
0.047463    -0.261466    0.108724
0.019676    -0.611615    0.074231
-0.115237    -0.212018    0.012809
-0.11531    -0.522911    0.024613
-0.115211    -0.490591    0.008642
-0.115244    -0.258649    0.014014
-0.115304    0.046576    0.023655
-0.096976    -0.130071    0.044084
-0.096993    -0.028247    0.044034
-0.100798    -0.050127    0.033378
-0.093299    -0.171595    0.054382
-0.092787    -0.262557    0.055815
-0.09664    -0.125486    0.045024
-0.094335    -0.37432    0.05148
-0.100203    0.074526    0.035045
-0.096874    0.051938    0.044367
-0.094501    -0.057912    0.051014
0.045616    -0.169028    0.097346
0.035824    -0.449731    0.102919
0.041416    0.021222    0.099737
0.049936    -0.171259    0.094887
0.036783    -0.452461    0.102374
0.042867    -0.247605    0.09891
0.039517    -0.127587    0.100817
0.03718    -0.510503    0.102148
0.044929    -0.063507    0.097737
0.05854    -0.599075    0.066822
0.033124    -0.599075    0.078026
0.042152    -0.499501    0.099318
0.062138    -0.070909    0.087942
0.045919    -0.518649    0.097174
0.050712    -0.404537    0.094446
0.061312    -0.297121    0.088413
0.047405    -0.506552    0.096328
0.041054    -0.581045    0.099943
0.050499    -0.451908    0.094567
0.060024    -0.329886    0.089146
-0.083435    -0.322174    0.067913
-0.086112    -0.461977    0.064683
-0.080754    -0.489083    0.071149
-0.088646    -0.562562    0.061625
-0.084122    -0.164559    0.067085
-0.079099    -0.438392    0.073147
-0.088128    -0.372841    0.062251
-0.084307    -0.486327    0.066861
-0.08748    -0.209826    0.063032
0.014419    -0.027409    0.118297
0.019091    0.008124    0.117503
0.021254    0.04489    0.117135
0.031275    0.037093    0.115432
0.024554    -0.28513    0.116574
0.03056    -0.03083    0.115553
-0.011    -0.611615    0.103168
-0.112822    -0.425654    0.031823
-0.104272    0.059202    0.05577
-0.104182    -0.017554    0.05602
-0.10757    -0.183989    0.046531
-0.115024    0.057176    0.025656
0.031147    -0.122241    0.104497
0.018012    -0.336377    0.10673
0.032979    -0.540577    0.104185
0.02858    -0.348058    0.104933
0.015983    -0.280902    0.107075
0.023147    -0.401121    0.105857
0.009466    -0.588981    0.108182
0.013429    -0.549083    0.107509
0.02732    -0.363748    0.105147
-0.032986    -0.599075    0.100334
0.040757    -0.599075    0.097944
-0.07664    -0.229348    0.076114
-0.084044    0.012339    0.067179
-0.069845    -0.386517    0.084314
-0.0851    -0.021624    0.065904
-0.081303    -0.198485    0.070487
-0.075408    -0.077036    0.0776
-0.079485    -0.057311    0.07268
-0.077145    -0.024022    0.075504
-0.077475    -0.312827    0.075106
0.01895    -0.424438    0.117527
0.008028    -0.468202    0.119383
0.005117    -0.096036    0.119878
0.000305    -0.093921    0.120696
0.001306    -0.22716    0.120526
0.0093    -0.419314    0.119167
0.025003    -0.048186    0.105541
0.006511    -0.132555    0.108685
0.010887    -0.019033    0.107941
0.013178    0.002778    0.107551
-0.00076    -0.497211    0.109921
0.008073    0.072303    0.108419
0.005513    -0.32864    0.108854
0.008734    0.032072    0.108307
0.014127    -0.050173    0.10739
-0.112288    -0.547651    0.033317
-0.108007    -0.288094    0.045309
-0.102425    -0.238259    0.060944
-0.105275    -0.225112    0.052961
-0.10193    -0.315596    0.06233
-0.101962    -0.092511    0.062239
-0.045651    -0.190917    0.098952
-0.050636    -0.567325    0.096033
-0.041737    -0.091537    0.101244
-0.041268    -0.166306    0.101519
-0.052883    -0.515823    0.094718
-0.039977    -0.393281    0.102274
-0.039102    -0.558049    0.102787
-0.040468    -0.432739    0.101987
-0.039104    -0.147098    0.102786
-0.064816    0.059207    0.08773
-0.055933    -0.159256    0.092931
-0.05095    -0.020283    0.095849
-0.051974    -0.019362    0.09525
-0.068321    0.033493    0.085677
-0.060132    0.069437    0.090473
-0.042738    0.062801    0.100658
-0.05486    -0.157769    0.09356
-0.047466    0.047183    0.097889
-0.054206    -0.259707    0.093943
-0.011777    -0.226817    0.119314
-0.012944    -0.29115    0.119101
-0.015608    -0.372094    0.118615
-0.011603    -0.371279    0.119346
-0.025388    -0.124032    0.116828
-0.016587    -0.462018    0.107456
-0.004042    -0.030071    0.109747
-0.0154    -0.245668    0.107673
-0.003856    -0.373688    0.109781
-0.006766    -0.478191    0.10925
-0.031215    -0.550817    0.104784
-0.021532    -0.37845    0.106552
-0.007857    -0.475238    0.10905
-0.017378    -0.332989    0.107311
-0.01288    -0.563417    0.108133
-0.091775    -0.00562    0.074777
-0.101224    0.070366    0.063374
-0.09895    -0.239992    0.066118
-0.087771    -0.045841    0.079609
-0.092906    -0.332618    0.073412
-0.014483    -0.156941    0.10784
-0.030125    -0.448415    0.104983
-0.033025    -0.020254    0.104453
-0.027155    -0.037905    0.105525
-0.028327    -0.227961    0.105311
-0.013741    -0.119745    0.107975
-0.034787    -0.2161    0.104131
-0.015308    -0.150236    0.107689
-0.028846    -0.260994    0.105216
-0.028266    -0.086439    0.105322
-0.040042    -0.051491    0.114151
-0.032297    -0.208117    0.115566
-0.006966    -0.536328    0.120193
-0.034471    -0.053139    0.115169
-0.034307    -0.181582    0.115199
-0.090309    -0.378468    0.076546
-0.076289    -0.508633    0.093465
-0.086855    -0.24764    0.080715
-0.083004    -0.229726    0.085362
-0.090476    -0.46972    0.076344
-0.082682    -0.286513    0.08575
-0.052196    -0.165838    0.107636
-0.050251    -0.030289    0.108775
-0.045087    -0.041117    0.111799
-0.057738    -0.004664    0.104391
-0.056577    -0.229087    0.105071
-0.069823    -0.230852    0.097314
-0.051666    -0.60869    0.107947
-0.067117    -0.191731    0.098899
-0.064302    -0.601348    0.100547
-0.059438    -0.556456    0.103396
0.057216    -0.617011    -0.080753
0.042652    -0.614181    -0.088948
-0.065422    0.076011    -0.077418
-0.089041    -0.617011    -0.06099
0.086585    -0.612143    0.062167
-0.070383    -0.615489    0.084664
-0.014431    -0.617011    0.109987
-0.011075    -0.611615    -0.082098
-0.067499    -0.611615    -0.048326
-0.040071    -0.611615    -0.083503
0.019295    -0.611615    -0.03851
-0.014899    -0.611615    -0.019667
0.072801    -0.611615    0.018866
0.001212    -0.611615    0.006429
-0.08768    -0.611615    0.019361
0.078523    -0.611615    0.052525
0.018022    -0.611615    0.035475
-0.032943    -0.611615    0.04699
-0.00989    -0.611615    0.066625
0.020276    -0.611615    0.087509
-0.004949    0.072675    0.242424
-0.018165    0.05472    0.266831
0.012468    0.039997    0.215734
0.018435    0.028485    0.231805
0.010082    0.01785    0.248843
0.017229    -0.002383    0.193177
-0.00651    0.072203    0.258048
-0.01874    -0.017841    0.226587
0.00016    0.072846    0.265294
0.023937    -0.049922    0.169816
-0.030336    -0.061964    0.173206
0.027344    -0.06965    0.166643
-0.033673    -0.091372    0.151027
-0.019527    -0.089895    0.195166
-0.006118    0.076072    0.280592
0.016326    -0.118568    0.189342
0.00466    -0.134063    0.133183
0.020848    -0.144294    0.129127
-0.038367    -0.153289    0.13611
-0.027521    -0.162343    0.157586
-0.028359    -0.169581    0.154224
-0.032401    -0.179805    0.143905
-0.021487    -0.184154    0.165824
-0.025087    -0.20473    0.154443
-0.029763    -0.213412    0.143406
-0.026612    -0.226331    0.109151
-0.014858    -0.232013    0.108356
-0.035149    -0.250161    0.126712
0.032129    -0.255409    0.105369
0.030101    -0.277836    0.122275
-0.006128    -0.270316    0.103672
0.035672    -0.2932    0.107009
0.034046    -0.300953    0.110082
-0.030168    -0.311858    0.128553
0.014738    -0.320961    0.09916
0.025305    -0.341599    0.126575
-0.039472    -0.338039    0.098063
0.005278    -0.355618    0.097159
0.01408    -0.381299    0.141995
-0.02857    -0.373443    0.096472
0.010558    -0.387659    0.096103
0.007889    -0.415068    0.138294
-0.004332    -0.426737    0.137129
-0.013808    -0.443702    0.135527
0.015083    -0.435262    0.095148
0.036261    -0.461327    0.098428
-0.030095    -0.468804    0.116831
-0.029141    -0.474862    0.09579
0.025065    -0.488271    0.096488
0.02664    -0.5057    0.115265
0.028857    -0.523994    0.111985
-0.031358    -0.531986    0.116
0.025025    -0.551701    0.103119
0.009745    -0.555405    0.125914
0.015032    -0.569793    0.122046
-0.019845    -0.585625    0.116017
-0.018493    0.065066    0.254437
-0.019093    0.0494    0.249551
-0.020996    0.034905    0.227133
-0.022587    0.021298    0.215959
-0.019435    0.006932    0.234113
0.004717    -0.008257    0.190183
-0.018552    -0.025685    0.181467
0.009378    -0.030482    0.223702
-0.027971    -0.048846    0.182985
0.000663    -0.065292    0.162675
-0.029972    -0.073478    0.171685
-0.023322    -0.092344    0.150603
-0.029324    -0.096496    0.168135
0.031559    -0.105121    0.14656
-0.028375    -0.131913    0.13405
-0.038534    -0.135668    0.132541
-0.019035    -0.144409    0.179935
-0.02387    -0.157726    0.166232
0.014817    -0.16485    0.177285
0.012308    -0.175256    0.174986
0.006994    -0.191551    0.171679
0.012884    -0.206489    0.168786
-0.035407    -0.21042    0.132302
0.009688    -0.218836    0.110229
0.014769    -0.22942    0.108717
0.034336    -0.243749    0.116138
-0.030946    -0.251502    0.134855
-0.030577    -0.260617    0.104754
-0.019927    -0.269488    0.153815
0.036432    -0.282286    0.102437
0.031917    -0.297724    0.115557
0.026182    -0.312368    0.127712
-0.02581    -0.30778    0.100147
0.037054    -0.328054    0.10083
0.009894    -0.353045    0.145454
-0.035222    -0.351075    0.097373
0.037443    -0.370397    0.097787
-0.037918    -0.379991    0.109086
-0.010172    -0.384486    0.096171
0.013419    -0.399291    0.095902
-0.037721    -0.412165    0.107878
-0.001772    -0.432703    0.136546
-0.032223    -0.433723    0.11519
-0.024965    -0.448095    0.095116
0.028532    -0.465977    0.112331
0.003546    -0.485397    0.132106
-0.042398    -0.478659    0.095957
-0.01756    -0.498258    0.097166
0.033282    -0.516941    0.105605
-0.016782    -0.527154    0.099901
0.012862    -0.540827    0.101596
-0.027665    -0.557892    0.104071
0.015494    -0.573172    0.106634
0.015951    -0.576212    0.119826
0.031594    -0.593955    0.111955
0.022509    0.077533    0.120131
0.112531    0.080965    -0.021393
-0.076908    0.077561    -0.083447
0.008078    0.075501    0.117995
-0.088916    0.075501    0.066483
0.00291    0.075501    -0.103242
0.003473    0.071817    0.110312
0.090686    0.072242    -0.039272
-0.017234    0.086469    -0.098783
-0.060166    0.075501    -0.080986
-0.036266    0.070528    0.094477
0.005724    0.071788    0.10004
0.001044    0.065064    -0.09351
-0.090122    0.086438    -0.046978
-0.094909    0.06684    0.003939
0.093866    0.086455    -0.041448
-0.071147    0.086598    0.074613
-0.063969    0.087214    -0.058139
-0.089345    0.087445    0.010731
-0.008417    0.089056    0.085653
0.026777    0.088568    0.083843
0.049225    0.088787    -0.055902
0.010823    0.092797    -0.057588
0.061501    0.089914    -0.034431
-0.025643    0.098937    0.053281
0.052832    0.094224    -0.024305
0.042423    0.09818    -0.023512
-7e-06    0.11063    -0.028212
0.025916    0.113514    0.022765
0.016971    0.126673    0.012294
0.0087    0.171786    -0.005025
-0.049662    0.082139    0.114505
-0.058776    0.083181    -0.095052
0.108049    0.0844    0.044139
-0.009144    0.077926    -0.109679
-0.016051    0.075501    0.114614
0.105502    0.075501    0.015209
-0.032659    0.0714    0.105825
-0.101851    0.075084    0.032672
-0.075769    0.069187    0.078708
-0.016727    0.074761    -0.094829
0.083913    0.086563    0.07346
-0.058239    0.086438    -0.082763
-0.07336    0.071899    -0.067773
0.08536    0.068765    0.039275
0.105052    0.086478    0.024513
0.106264    0.086544    -0.011428
-0.051805    0.068355    -0.0717
0.007348    0.086554    0.104214
0.079811    0.086508    0.062521
0.054913    0.087239    0.077048
-0.014861    0.089404    -0.069077
-0.077114    0.089218    -0.014243
-0.008477    0.091566    0.076224
-0.003699    0.094322    0.069362
-0.061725    0.095126    -0.00161
0.04687    0.093471    -0.034554
-0.034325    0.100043    -0.032074
0.031776    0.101205    -0.027783
0.021678    0.112048    0.030515
-0.006053    0.124824    -0.013706
0.007517    0.141288    0.009997
0.008535    0.178821    0.019146
