0.192179    -0.519691    -0.006828
0.174165    -0.519691    0.025922
0.172594    -0.519691    -0.069816
0.194336    -0.517411    -0.025264
0.145804    -0.519691    -0.108422
0.16946    -0.519691    0.080879
0.15624    -0.519691    -0.094483
0.141927    -0.519691    -0.008876
0.145393    -0.519691    -0.011776
0.140618    -0.519691    -0.085274
0.156183    -0.519691    0.074839
0.194004    -0.507021    -0.051041
0.138426    -0.519691    -0.082685
0.129412    -0.519691    -0.038741
0.135268    -0.519691    -0.120843
0.134275    -0.519691    -0.088192
0.13407    -0.519691    -0.142431
0.155593    -0.513691    -0.121482
0.115832    -0.519691    0.033503
0.105757    -0.519691    0.118013
0.124995    -0.519691    0.07861
0.134818    -0.519691    0.109389
0.102363    -0.519691    -0.081958
0.103687    -0.519691    0.004578
0.166454    -0.514129    -0.107073
0.085142    -0.519691    -0.111094
0.096376    -0.519691    -0.097397
0.091416    -0.519691    -0.132971
0.082838    -0.519691    -0.025601
0.090755    -0.519691    -0.110003
0.078154    -0.519691    0.004505
0.07161    -0.519691    -0.179477
0.185801    -0.505521    -0.071974
0.060063    -0.519691    -0.000185
0.067526    -0.519691    0.006191
0.053794    -0.519691    0.172548
0.05464    -0.519691    0.077905
0.055393    -0.519691    0.09462
0.052325    -0.519691    -0.013316
0.06626    -0.519691    -0.021521
0.056937    -0.519691    -0.083723
0.103968    -0.513521    0.169093
0.039712    -0.519691    -0.142534
0.039851    -0.519691    -0.077092
0.036763    -0.519691    -0.02259
0.02612    -0.519691    -0.118448
0.037631    -0.519691    -0.092296
0.034193    -0.519691    -0.171901
0.021894    -0.519691    -0.053503
0.014484    -0.519691    -0.11558
0.043799    -0.519691    -0.110364
0.173412    -0.505584    -0.101216
0.032112    -0.519691    0.174222
0.002452    -0.519691    0.033539
0.034343    -0.519691    0.102023
0.012187    -0.519691    -0.048408
0.011473    -0.519691    -0.048378
0.033627    -0.519691    0.141523
0.017693    -0.519691    -0.047837
0.03456    -0.519691    0.161336
0.033094    -0.519691    0.140336
0.126949    -0.508458    0.15307
-0.009591    -0.519691    -0.082607
-0.020574    -0.519691    -0.087761
-0.034451    -0.519691    -0.167297
-0.008902    -0.519691    -0.063585
-0.03105    -0.519691    -0.131978
-0.004211    -0.519691    -0.129148
-0.00372    -0.519691    -0.012842
-0.031528    -0.519691    -0.186678
-0.007991    -0.519691    0.129012
0.199419    -0.49656    0.01382
0.002983    -0.514756    0.19831
-0.036299    -0.519691    0.164354
-0.01976    -0.519691    0.168001
-0.015412    -0.519691    0.115742
-0.022196    -0.519691    0.143858
-0.017044    -0.519691    0.087522
-0.038236    -0.519691    0.044096
-0.037873    -0.519691    0.179381
-0.046134    -0.519691    0.000141
-0.039063    -0.515276    -0.193363
0.143584    -0.500646    -0.14072
-0.073748    -0.519691    -0.044111
-0.052068    -0.519691    0.166643
-0.072114    -0.519691    -0.160629
-0.0655    -0.519691    -0.144041
-0.064319    -0.519691    -0.113982
-0.06491    -0.519691    0.052142
-0.090614    -0.519691    -0.14884
-0.063437    -0.519691    -0.161563
-0.075932    -0.511612    -0.182845
0.060158    -0.509713    0.189905
-0.095099    -0.519691    -0.084053
-0.065001    -0.519691    0.091115
-0.079779    -0.519691    0.157553
-0.064121    -0.519691    0.123676
-0.095383    -0.519691    -0.077456
-0.061674    -0.519691    0.183495
-0.091706    -0.519691    0.081503
-0.095244    -0.519691    -0.097682
0.142691    -0.491415    0.140829
0.022907    -0.49869    -0.198305
-0.117612    -0.519691    -0.097642
-0.115638    -0.519691    -0.149763
-0.104836    -0.519691    -0.054915
-0.099351    -0.519691    0.092461
-0.119575    -0.519691    -0.134851
-0.108544    -0.519691    -0.04318
-0.082914    -0.50258    -0.181597
0.165741    -0.489988    -0.110329
-0.117442    -0.518258    0.156384
-0.135037    -0.519691    -0.086894
-0.119166    -0.519691    0.090161
-0.111526    -0.519691    0.14988
-0.13468    -0.519691    0.097705
-0.103852    -0.519691    0.161777
0.104226    -0.493871    0.171199
0.070895    -0.488497    -0.185338
-0.160623    -0.519691    -0.069506
-0.139421    -0.519691    -0.090017
-0.159157    -0.519691    -0.106028
-0.153721    -0.519691    0.00049
-0.125336    -0.498018    -0.155383
0.17238    -0.487033    -0.100521
-0.102907    -0.497744    -0.172579
-0.158531    -0.519691    -0.003052
-0.153441    -0.519691    0.087457
-0.169151    -0.519132    -0.100108
0.062168    -0.492502    0.189765
0.039741    -0.485594    -0.194016
-0.183027    -0.519691    -0.049499
-0.171128    -0.519691    -0.016685
-0.172017    -0.497057    -0.103596
0.190105    -0.483413    -0.055243
-0.167567    -0.513197    0.106108
-0.174972    -0.519691    0.080817
0.178382    -0.480603    0.080458
0.104777    -0.480889    -0.166316
-0.157186    -0.488671    -0.121052
-0.198064    -0.502695    -0.023976
0.029812    -0.481145    -0.193621
-0.172714    -0.509231    0.101096
-0.199367    -0.507176    -0.010073
0.107417    -0.479893    0.163685
0.137681    -0.478623    -0.139364
-0.1116    -0.48491    -0.163112
0.187417    -0.478623    0.04474
-0.045494    -0.478623    -0.186345
0.000242    -0.478623    -0.192552
-0.196095    -0.500233    0.039659
-0.077929    -0.478623    -0.172384
-0.198947    -0.489836    -0.010575
-0.116162    -0.493965    0.162055
-0.189419    -0.492346    0.062956
0.054009    -0.478623    0.182985
0.188741    -0.030215    -0.006963
0.043244    -0.030215    -0.189325
-0.179288    -0.494918    0.088199
0.192865    -0.030215    -0.026206
-0.166556    -0.498692    0.110816
0.175686    -0.030215    -0.091661
-0.004742    -0.030215    -0.198847
-0.180899    -0.487333    0.080767
-0.023815    -0.478939    0.193337
0.009111    -0.028803    -0.198989
-0.162812    -0.485894    0.112459
-0.124277    -0.484042    0.152968
-0.164857    -0.030215    -0.106276
0.045084    -0.030215    0.190183
0.053154    -0.025497    -0.19291
-0.164764    -0.479565    0.105751
-0.011584    -0.030215    0.195516
-0.183115    -0.030215    -0.066348
0.026522    -0.027481    0.196796
-0.066094    -0.024528    -0.187533
-0.142809    -0.478623    0.125072
0.12421    -0.022505    -0.154741
0.197031    -0.021575    0.022437
-0.098619    -0.019762    -0.173434
0.199646    -0.019615    -7.8e-05
0.022693    -0.019477    -0.196645
-0.141105    -0.030215    0.127811
-0.114332    -0.030215    0.159365
-0.145057    -0.030215    0.135291
0.125131    -0.017124    -0.152745
0.192766    -0.016407    0.046336
-0.187135    -0.027428    0.067124
-0.11283    -0.026001    0.163714
-0.196377    -0.018658    -0.023364
0.083055    -0.013355    -0.177768
0.194248    -0.012437    0.023085
-0.141684    -0.021463    0.141025
-0.164751    -0.013161    -0.107144
-0.179921    -0.013131    -0.077591
-0.115069    -0.01018    -0.156737
-0.084556    -0.016555    0.178435
-0.178779    -0.011308    -0.078059
0.180192    -0.007572    -0.068263
-0.162616    -0.008362    -0.105405
0.191746    -0.006788    -0.01365
-0.19226    -0.009155    -0.024093
-0.067607    -0.005325    -0.178104
-0.178749    -0.006675    -0.069616
0.151761    -0.003993    0.112276
-0.046325    -0.003579    -0.183672
0.168853    -0.003494    0.083675
-0.030688    -0.002615    -0.184312
0.180882    -0.001157    0.044276
-0.186605    -0.005043    0.038933
0.034524    -0.000992    -0.18202
-0.035894    -0.003555    0.185009
-0.168959    -0.002681    0.080326
0.062274    0.001489    -0.172624
0.043072    0.00022    0.179984
0.16713    0.003312    0.073598
-0.173417    0.003278    -0.058453
0.16394    0.005708    -0.079631
-0.010417    0.00189    0.183328
-0.175309    0.005382    0.052366
-0.028706    0.006889    -0.179511
-0.124506    0.004385    0.134146
-0.099515    0.009117    0.152497
-0.114739    0.009322    -0.140814
0.135338    0.009936    -0.121947
0.134431    0.012118    0.123434
-0.038047    0.010524    0.178207
0.073955    0.013225    -0.166401
0.180118    0.014606    -0.029064
-0.119768    0.014903    0.138116
-0.162851    0.015679    -0.084482
0.057374    0.018146    -0.175418
0.068839    0.016904    0.169874
0.066278    0.018031    0.171657
-0.069285    0.019132    0.171223
-0.170768    0.020274    0.073007
0.10657    0.021603    -0.154596
-0.172133    0.020897    0.071786
0.182635    0.021752    0.049672
-0.156954    0.021657    -0.103624
0.149301    0.023757    0.118211
-0.140906    0.023858    0.129344
-0.118237    0.023964    -0.149585
0.127858    0.024531    -0.143023
0.11135    0.026315    0.157667
-0.164472    0.02578    0.101708
-0.088466    0.027588    -0.173092
0.191611    0.028186    -0.032277
-0.076183    0.027803    0.178341
-0.118438    0.029443    -0.154821
0.185421    0.030556    -0.063323
-0.039312    0.029317    0.191365
-0.117808    0.031166    -0.156458
0.120995    0.033473    0.155238
-0.13706    0.03124    0.141724
-0.026292    0.03455    -0.195401
0.195828    0.035546    0.025474
-0.194042    0.034603    0.036746
0.167062    0.038444    -0.10783
-0.028204    0.037381    0.195944
-0.056241    0.038226    -0.191163
0.197003    0.040456    -0.024436
-0.196955    0.039946    0.02429
0.11051    0.041861    -0.165646
-0.044223    0.041498    0.194535
-0.091915    0.043273    -0.177081
0.19434    0.044354    0.047093
-0.197215    0.044579    0.025332
0.158828    0.045921    -0.119622
-0.089346    0.04555    0.178218
-0.030247    0.047783    -0.196488
0.175093    0.048806    0.096405
-0.194501    0.050573    -0.042895
0.118281    0.050493    0.159376
-0.124559    0.050519    0.154555
0.173625    0.05238    0.098549
0.198944    0.056682    -0.000325
0.139439    0.057298    0.141524
0.12621    0.052931    -0.152747
0.018042    0.058382    -0.196277
-0.098959    0.051412    -0.173659
-0.148986    0.059567    -0.128989
-0.191817    0.063612    -0.044115
-0.143697    0.061786    0.135171
-0.081818    0.053422    0.180336
0.04399    0.059567    0.192628
0.19089    0.063447    0.051234
0.195311    0.067845    -0.011264
0.128957    0.062657    -0.148252
0.067657    0.068216    0.183083
0.039797    0.057489    -0.193588
-0.077151    0.069484    -0.178883
-0.181383    0.064311    -0.073748
-0.196123    0.059836    0.017045
-0.165244    0.069043    0.10477
-0.074304    0.066391    0.180714
0.142771    0.082664    0.128594
0.186493    0.086273    -0.044076
0.153977    0.077278    -0.116198
0.134368    0.075419    0.140619
0.014202    0.082524    -0.191369
-0.080902    0.075737    -0.175692
-0.137746    0.077065    -0.137438
-0.190858    0.078428    -0.025913
-0.163231    0.072109    0.106254
-0.055241    0.085526    0.183679
0.022595    0.076544    0.191769
0.178996    0.085911    0.066295
0.160652    0.086538    -0.103703
0.068587    0.084883    -0.178324
0.061997    0.07506    0.183706
-0.052157    0.08911    -0.183989
-0.16292    0.077468    -0.104464
-0.187332    0.088157    -0.034104
-0.166903    0.083666    0.096734
-0.06291    0.085064    0.180627
0.033101    0.083191    0.188713
0.169917    0.093099    0.082939
0.182361    0.09038    -0.055078
0.114141    0.094411    -0.14979
0.083762    0.097714    0.168045
-0.035817    0.092982    -0.185672
-0.110349    0.092606    -0.153397
-0.179933    0.106399    -0.047885
-0.173255    0.092681    0.075218
-0.109269    0.094143    0.153631
0.011332    0.092141    0.189156
0.180407    0.097226    0.054308
0.184889    0.106945    -0.008957
0.111757    0.102593    -0.148455
0.040596    0.102781    -0.182012
-0.01926    0.104992    -0.184136
-0.119839    0.104188    -0.141638
-0.177006    0.097432    -0.062355
-0.180207    0.096058    0.055726
-0.111883    0.102864    0.148255
0.037052    0.106327    0.181381
0.173213    0.107482    0.063453
0.1597    0.120148    -0.083918
0.093009    0.113005    -0.158392
0.009117    0.121194    -0.17962
-0.035591    0.109868    -0.180331
-0.113612    0.114232    -0.142014
-0.177243    0.11853    -0.034671
-0.175254    0.109061    0.057009
-0.064926    0.110314    0.171477
0.04461    0.118736    0.175858
0.179212    0.118877    0.018739
0.169485    0.116663    -0.063641
0.076427    0.120241    -0.162766
-0.026877    0.120774    -0.177438
-0.049071    0.109262    -0.178463
-0.139543    0.123301    -0.11136
-0.178877    0.120532    0.016622
-0.128131    0.124896    0.125269
-0.040215    0.110853    0.179357
0.145095    0.125543    0.102731
0.176785    0.125176    -0.019434
0.101572    0.131752    -0.142594
0.004757    0.134366    -0.174703
0.086729    0.133201    0.152773
-0.108721    0.130458    -0.137815
-0.173547    0.126141    -0.040831
-0.140461    0.127307    0.107515
-0.063778    0.126104    0.165606
0.145862    0.140314    0.091221
0.171683    0.136971    0.019052
0.134943    0.139253    -0.106206
0.033039    0.136046    -0.170245
-0.072149    0.137468    -0.156811
-0.094264    0.132697    -0.147687
-0.168467    0.141726    -0.027701
-0.150124    0.129788    0.093157
-0.064622    0.13808    0.159643
0.118155    0.154457    0.115823
0.164861    0.155123    -0.003529
0.120711    0.1501    -0.116103
0.012694    0.153396    -0.164533
0.107604    0.150631    0.126895
-0.120008    0.153934    -0.113842
-0.166337    0.14508    -0.03114
-0.135992    0.142344    0.102617
-0.00876    0.148847    0.167367
0.148688    0.157663    0.066007
0.157392    0.157012    -0.045851
0.088703    0.156982    -0.137359
-0.004056    0.152689    -0.16603
0.099337    0.15479    0.130594
-0.158306    0.155598    -0.04551
-0.154606    0.15518    0.054992
-0.07998    0.154194    0.144794
0.113849    0.165241    0.111604
0.157564    0.163539    -0.02328
0.098022    0.16299    -0.125926
-0.039124    0.166664    -0.153639
0.110077    0.161206    0.117988
-0.145094    0.164827    -0.063902
-0.156348    0.164545    0.028021
-0.097712    0.163139    0.126054
0.041269    0.161386    0.156463
0.160712    0.162288    0.004959
0.112567    0.162103    -0.115418
-0.014608    0.164279    -0.158271
0.085935    0.169621    0.130323
-0.137243    0.17325    -0.070013
-0.140553    0.173289    0.06196
-0.064601    0.165471    0.144398
0.109944    0.176251    0.105771
0.134684    0.180027    -0.064396
0.057241    0.175024    -0.141287
-0.06615    0.178979    -0.134719
0.052509    0.174914    0.143327
-0.150341    0.175066    -0.025695
-0.121124    0.175621    0.091896
0.038374    0.180624    0.144904
0.145348    0.187106    0.001626
0.113732    0.185482    -0.090641
-0.006163    0.185649    -0.145738
0.076568    0.179868    0.129287
-0.146228    0.185521    -0.003099
-0.10809    0.187609    0.095646
-0.022113    0.186625    0.142976
0.134706    0.195462    0.033751
0.105727    0.189382    -0.096563
-0.01632    0.191701    -0.139935
0.091542    0.194797    0.104299
-0.138519    0.191382    -0.02896
-0.107264    0.194617    0.087907
0.026406    0.194755    0.136224
0.136069    0.193734    -0.033635
0.082606    0.199617    -0.106456
-0.046699    0.196275    -0.129301
-0.118432    0.197335    -0.069898
-0.123002    0.198612    0.057182
-0.064712    0.191805    0.125582
0.113253    0.208157    0.059379
0.111273    0.204161    -0.070048
-0.017145    0.201644    -0.132061
0.062369    0.204973    0.11509
-0.129975    0.204506    0.013413
-0.084172    0.211777    0.091866
0.09342    0.213069    0.080253
0.113809    0.211474    -0.050298
-0.00168    0.20886    -0.1276
0.06831    0.205567    0.111026
-0.124308    0.211598    0.007955
-0.049672    0.213535    0.112077
0.122518    0.21445    0.001472
0.071481    0.215027    -0.09775
-0.05953    0.217173    -0.103975
0.043933    0.216204    0.111522
-0.096282    0.224461    0.057335
0.020915    0.221567    0.11252
0.103906    0.218138    -0.057084
-0.002608    0.22204    -0.114437
-0.103177    0.222956    -0.045797
-0.104515    0.219737    0.051283
0.008378    0.222151    0.113561
0.09891    0.232604    -0.026553
-0.024978    0.232122    -0.099719
0.066278    0.228798    0.082946
-0.098195    0.232407    0.028904
0.025378    0.231355    0.100603
0.080088    0.230926    -0.065768
-0.026996    0.234367    -0.096414
0.032532    0.234112    0.094456
-0.037795    0.230845    0.09656
0.052165    0.240585    -0.084074
0.047127    0.240696    0.087048
0.096833    0.242468    0.018784
-0.088793    0.243157    -0.042914
0.000674    0.240324    0.099217
0.007431    0.243461    -0.098585
-0.09737    0.243461    0.019592
0.091363    0.243461    0.057763
0.014932    0.243461    -0.104243
-0.100761    0.243461    -0.007945
-0.041317    0.243461    0.096085
0.059085    0.247046    -0.093485
0.00262    0.243888    0.11074
0.10774    0.243461    -0.023735
-0.049057    0.251579    -0.098889
-0.097761    0.244695    0.051782
0.08519    0.251771    -0.065048
-0.107626    0.249913    0.026277
0.102136    0.251771    -0.026589
-0.015046    0.251771    0.104883
0.092156    0.26395    0.050054
0.054761    0.266029    -0.089442
-0.013632    0.252832    -0.103401
0.042735    0.256949    0.095187
-0.102508    0.25296    0.020411
0.09996    0.265589    0.031214
0.063076    0.260698    -0.083063
-0.056952    0.266028    -0.087761
-0.015396    0.265446    0.103169
-0.069075    0.259114    0.078459
0.028582    0.268391    -0.105739
-0.058435    0.268391    0.088175
-0.040231    0.268391    -0.10151
0.164724    -0.238719    0.092397
0.164382    -0.119943    0.093221
0.179249    -0.40853    0.057331
0.17537    -0.403656    0.066694
0.167305    -0.427337    0.086166
0.184677    -0.214261    0.034073
0.185696    -0.346401    0.02633
0.183417    -0.418801    0.043641
0.186426    -0.394237    0.020781
0.184377    -0.366557    0.036351
0.151634    -0.361504    0.11046
0.137391    -0.110467    0.129023
0.149652    -0.304419    0.113045
0.157983    -0.405239    0.102186
0.143332    -0.446019    0.12128
0.173784    -0.294656    -0.070524
0.182018    -0.331901    -0.050645
0.168013    -0.38851    -0.084456
0.180342    -0.368605    -0.054694
0.182022    -0.324829    -0.050636
0.186695    -0.458454    -0.018738
0.186027    -0.3231    -0.023815
0.185087    -0.316699    -0.030954
0.186566    -0.364925    -0.01972
0.185198    -0.327354    -0.030116
0.141227    -0.469604    -0.124024
0.157002    -0.146846    -0.103466
0.151255    -0.413876    -0.110955
0.161959    -0.321636    -0.097005
0.145825    -0.47543    -0.118031
0.101042    -0.456789    -0.158861
0.096847    -0.09913    -0.16208
0.101478    -0.139939    -0.158527
0.104623    -0.205293    -0.156113
0.097019    -0.391074    -0.161949
0.05743    -0.362649    -0.179208
0.067032    -0.223816    -0.175231
0.050229    -0.055901    -0.182191
0.076127    -0.384998    -0.171463
0.082916    -0.398454    -0.168651
0.006297    -0.328239    -0.188333
0.003776    -0.240374    -0.188665
0.001223    -0.070196    -0.189001
0.021399    -0.477572    -0.186345
0.027721    -0.382691    -0.185513
0.181732    -0.293256    0.051337
0.180899    -0.071698    0.053349
0.179703    -0.371073    0.056235
0.176029    -0.302083    0.065104
0.179657    -0.229766    0.056347
0.161189    -0.116591    0.098009
0.145245    -0.170372    0.118787
0.151283    -0.095799    0.110918
0.151323    -0.284624    0.110867
0.160094    -0.282301    0.099436
0.188328    -0.210729    0.006338
0.187511    -0.073327    0.012544
0.186142    -0.144763    0.022939
0.187643    -0.187307    0.011542
0.186759    -0.167326    0.018257
0.097685    -0.47376    0.161437
0.126931    -0.475828    0.138997
0.114008    -0.43225    0.148913
0.131694    -0.302613    0.135342
0.114382    -0.360185    0.148626
-0.091911    -0.368741    -0.164925
-0.068169    -0.382531    -0.17476
-0.050227    -0.467606    -0.182192
-0.089686    -0.466875    -0.165847
-0.069812    -0.318082    -0.174079
-0.024429    -0.357267    -0.185946
-0.022637    -0.365    -0.186182
-0.030477    -0.424826    -0.18515
-0.044715    -0.172119    -0.183276
-0.045392    -0.427975    -0.183187
0.177341    -0.057602    -0.061938
0.164165    -0.114882    -0.093746
0.167015    -0.376207    -0.086866
0.177572    -0.110361    -0.061378
0.179089    -0.054155    -0.057717
0.188855    -0.0728    -0.002332
0.188947    -0.146431    -0.001633
0.186269    -0.276368    -0.021973
0.18291    -0.040068    -0.047491
0.184368    -0.128968    -0.036417
0.142238    -0.130225    -0.122706
0.143589    -0.244529    -0.120946
0.134058    -0.109525    -0.133367
0.141493    -0.174177    -0.123678
0.124362    -0.189486    -0.140968
0.106632    -0.065455    -0.154572
0.106584    -0.071361    -0.154609
0.126988    -0.176086    -0.138953
0.111061    -0.0303    -0.151174
0.092903    -0.069585    -0.164514
0.084648    -0.205817    -0.167934
0.081345    -0.169179    -0.169302
0.062826    -0.082815    -0.176973
0.089634    -0.344546    -0.165868
0.030934    -0.046098    -0.18509
0.012325    -0.124794    -0.18754
0.045684    -0.064586    -0.183148
0.019854    -0.089868    -0.186548
0.030056    -0.279587    -0.185205
-0.001251    -0.290311    -0.188997
-0.029746    -0.042086    -0.185246
-0.022248    -0.043131    -0.186233
-0.001526    -0.262473    -0.188961
-0.011363    -0.031912    -0.187666
-0.119977    -0.45839    -0.144332
-0.132385    -0.255436    -0.134812
-0.124458    -0.182108    -0.140894
-0.114643    -0.443027    -0.148425
-0.098227    -0.466028    -0.161021
0.113025    -0.227334    0.149667
0.113874    -0.158605    0.149015
0.095568    -0.361655    0.163061
0.112585    -0.085273    0.150005
0.10491    -0.16475    0.155894
-0.060512    -0.342175    -0.177931
-0.075141    -0.169144    -0.171871
-0.059327    -0.087001    -0.178422
-0.077191    -0.177214    -0.171023
-0.064554    -0.271503    -0.176257
-0.112947    -0.120531    -0.149726
-0.126473    -0.113336    -0.139348
-0.097285    -0.179772    -0.161744
-0.0955    -0.063804    -0.163114
-0.096546    -0.132129    -0.162311
-0.145799    -0.235078    -0.118066
-0.143075    -0.425641    -0.121616
-0.142162    -0.233754    -0.122806
-0.143795    -0.284624    -0.120677
-0.134432    -0.147755    -0.13288
0.081896    -0.258148    0.169073
0.081437    -0.380543    0.169264
0.092869    -0.237623    0.164528
0.094519    -0.211907    0.163845
0.075822    -0.395908    0.17159
-0.14842    -0.037194    -0.11465
-0.161488    -0.103596    -0.097619
-0.147266    -0.170968    -0.116153
-0.160077    -0.339721    -0.099457
-0.159738    -0.250833    -0.0999
0.051082    -0.441307    0.181838
0.066387    -0.082711    0.175498
0.058542    -0.377561    0.178748
0.091459    -0.039453    0.165112
0.075812    -0.190045    0.171594
0.038252    -0.44727    0.184127
0.02852    -0.301316    0.185408
0.018198    -0.408736    0.186766
0.039812    -0.292819    0.183921
0.028599    -0.406275    0.185397
-0.171965    -0.272476    -0.074916
-0.171312    -0.389699    -0.076491
-0.164721    -0.284859    -0.092403
-0.170091    -0.423622    -0.079439
-0.168426    -0.366633    -0.08346
0.008545    -0.37258    0.188037
0.032792    -0.13231    0.184845
0.033815    -0.105238    0.184711
0.026638    -0.187662    0.185655
0.038153    -0.10139    0.18414
-0.000415    -0.396778    0.189107
-0.018229    -0.337347    0.186762
-0.011264    -0.290978    0.187679
-0.03721    -0.419428    0.184264
-0.003576    -0.374977    0.188691
-0.170544    -0.101758    -0.078345
-0.170834    -0.043666    -0.077645
-0.16903    -0.061117    -0.082001
-0.170845    -0.036873    -0.077619
-0.164531    -0.042693    -0.092861
-0.043594    -0.077643    0.183423
-0.04415    -0.0425    0.18335
-0.040289    -0.282339    0.183858
-0.017335    -0.153228    0.18688
-0.186701    -0.349115    -0.018694
-0.183375    -0.453902    -0.043957
-0.184291    -0.294888    -0.037003
-0.185765    -0.425702    -0.025803
-0.185824    -0.451072    -0.025358
-0.069249    -0.396485    0.174312
-0.079123    -0.47059    0.170222
-0.058951    -0.218733    0.178578
-0.056239    -0.448872    0.179701
-0.063622    -0.188888    0.176643
-0.185556    -0.169686    -0.027394
-0.187558    -0.119411    -0.012185
-0.187763    -0.06628    -0.010629
-0.188829    -0.250415    -0.002531
-0.183999    -0.040208    -0.039218
-0.071578    -0.03638    0.173348
-0.069588    -0.111956    0.174172
-0.092822    -0.198119    0.164548
-0.066924    -0.15114    0.175275
-0.083592    -0.309906    0.168371
-0.187417    -0.197167    0.013254
-0.186666    -0.365079    0.018962
-0.188771    -0.442635    0.002967
-0.186607    -0.211162    0.019409
-0.186922    -0.32496    0.017016
-0.107454    -0.320941    0.153941
-0.114935    -0.402218    0.148201
-0.095751    -0.315048    0.162921
-0.130158    -0.460054    0.13652
-0.095355    -0.153492    0.163225
-0.187348    -0.086781    0.013783
-0.186851    -0.063222    0.017556
-0.184337    -0.273122    0.03665
-0.185245    -0.237458    0.029755
-0.184319    -0.146622    0.036793
-0.182153    -0.348048    0.05032
-0.170711    -0.371632    0.077944
-0.175788    -0.194636    0.065686
-0.178383    -0.474007    0.059423
-0.171654    -0.468387    0.075666
-0.148563    -0.361381    0.114463
-0.152136    -0.410697    0.109806
-0.149962    -0.297166    0.11264
-0.162326    -0.396081    0.096527
-0.161422    -0.149715    0.097705
-0.116395    -0.12606    0.147081
-0.11659    -0.223555    0.146931
-0.131271    -0.307977    0.135666
-0.129058    -0.084329    0.137364
-0.120637    -0.10509    0.143826
-0.173463    -0.057732    0.071299
-0.164478    -0.202984    0.09299
-0.172556    -0.047235    0.07349
-0.174011    -0.221705    0.069976
-0.172893    -0.261754    0.072676
-0.151745    -0.159472    0.110316
-0.151012    -0.132872    0.111272
-0.137542    -0.075308    0.128827
-0.145331    -0.239424    0.118675
-0.134367    -0.207002    0.132964
0.167326    -0.314264    0.086114
0.168085    -0.431583    0.084282
0.1751    -0.307692    0.067347
0.165906    -0.398698    0.089542
0.171    -0.476242    0.077246
0.186014    -0.458471    0.023911
0.184811    -0.456239    0.033052
0.183369    -0.351608    0.044009
0.183079    -0.282607    0.046206
0.182911    -0.05254    0.047486
0.146962    -0.271733    0.116551
0.143027    -0.390462    0.121679
0.142037    -0.273196    0.122968
0.147045    -0.250184    0.116441
0.140164    -0.353975    0.125409
0.170891    -0.376121    -0.077508
0.181646    -0.457316    -0.051545
0.179325    -0.136341    -0.057147
0.180551    -0.37175    -0.054187
0.174826    -0.32012    -0.06801
0.184123    -0.295607    -0.038275
0.184992    -0.380583    -0.031673
0.184733    -0.393348    -0.033643
0.184749    -0.364244    -0.03352
0.1838    -0.359604    -0.040734
0.159008    -0.451418    -0.100851
0.146363    -0.341135    -0.117331
0.163794    -0.103018    -0.094614
0.157602    -0.143873    -0.102683
0.146289    -0.395714    -0.117428
0.100738    -0.198953    -0.159095
0.114329    -0.300954    -0.148666
0.104039    -0.176602    -0.156562
0.095558    -0.283817    -0.163069
0.050104    -0.318693    -0.182243
0.057282    -0.151717    -0.17927
0.04999    -0.113657    -0.18229
0.070962    -0.409062    -0.173603
0.049417    -0.345417    -0.182527
0.002578    -0.342713    -0.188823
0.024078    -0.289967    -0.185992
0.000848    -0.352971    -0.18905
0.045505    -0.468987    -0.183172
0.012415    -0.350101    -0.187528
0.171733    -0.119342    0.075476
0.17887    -0.140917    0.058245
0.174729    -0.066311    0.068243
0.180093    -0.157996    0.055294
0.171055    -0.131803    0.077112
0.139312    -0.084249    0.126519
0.156827    -0.334131    0.103694
0.153283    -0.313564    0.108313
0.148734    -0.191837    0.11424
0.157384    -0.334149    0.102967
0.189071    -0.093233    0.000692
0.185524    -0.168851    0.027635
0.187249    -0.140788    0.014533
0.185857    -0.094717    0.025106
0.188647    -0.072549    0.003916
0.119472    -0.405421    0.14472
0.131964    -0.458587    0.135134
0.10732    -0.395879    0.154045
0.122683    -0.436715    0.142256
0.123614    -0.328785    0.141541
-0.093651    -0.205136    -0.164204
-0.061797    -0.377672    -0.177399
-0.072984    -0.255417    -0.172765
-0.080095    -0.28923    -0.169819
-0.054963    -0.443137    -0.18023
-0.046737    -0.432558    -0.18301
-0.019843    -0.376711    -0.18655
-0.030992    -0.400425    -0.185082
-0.012489    -0.374188    -0.187518
-0.020136    -0.343571    -0.186511
0.169317    -0.338484    -0.081308
0.170097    -0.140623    -0.079426
0.164714    -0.285898    -0.09242
0.163971    -0.152741    -0.094214
0.166446    -0.184553    -0.08824
0.185819    -0.119386    -0.025392
0.187138    -0.127322    -0.015374
0.18914    -0.213329    -0.000165
0.188541    -0.085005    -0.004715
0.184937    -0.088981    -0.032096
0.142976    -0.274029    -0.121744
0.144092    -0.229561    -0.12029
0.150137    -0.15753    -0.112412
0.13653    -0.279652    -0.130146
0.142569    -0.284578    -0.122275
0.10243    -0.045232    -0.157796
0.130665    -0.395432    -0.136132
0.1168    -0.135539    -0.14677
0.108574    -0.161874    -0.153082
0.130641    -0.425187    -0.13615
0.075737    -0.165831    -0.171625
0.094534    -0.308463    -0.163839
0.089481    -0.092913    -0.165931
0.083333    -0.093927    -0.168478
0.054431    -0.046543    -0.18045
0.029398    -0.266987    -0.185292
0.04687    -0.253611    -0.182992
0.037369    -0.137853    -0.184243
0.025096    -0.095342    -0.185858
0.03742    -0.337422    -0.184236
-0.043441    -0.034142    -0.183443
-0.008607    -0.376023    -0.188029
-0.008353    -0.326388    -0.188062
-0.002201    -0.201082    -0.188872
-0.016102    -0.248092    -0.187042
-0.103782    -0.425291    -0.156759
-0.133323    -0.073227    -0.134092
-0.118065    -0.286573    -0.145799
-0.129448    -0.326233    -0.137065
-0.119728    -0.464975    -0.144524
0.111424    -0.038092    0.150895
0.11436    -0.19366    0.148642
0.100786    -0.148084    0.159058
0.096098    -0.283855    0.162655
0.118557    -0.11623    0.145422
-0.049871    -0.085454    -0.182339
-0.05646    -0.309151    -0.17961
-0.053782    -0.168195    -0.180719
-0.084618    -0.030528    -0.167946
-0.123845    -0.076658    -0.141365
-0.10718    -0.105087    -0.154152
-0.099983    -0.283191    -0.159674
-0.120445    -0.054826    -0.143973
-0.105001    -0.290127    -0.155823
-0.136276    -0.256654    -0.130477
-0.142402    -0.291221    -0.122492
-0.147895    -0.311566    -0.115333
-0.137018    -0.429917    -0.12951
-0.148899    -0.319539    -0.114025
0.080084    -0.193517    0.169824
0.086397    -0.225592    0.167209
0.076945    -0.256689    0.171124
0.079248    -0.341469    0.17017
0.07462    -0.328069    0.172088
-0.160533    -0.091121    -0.098863
-0.158996    -0.369617    -0.100866
-0.149632    -0.264222    -0.11307
-0.140734    -0.079107    -0.124667
-0.155073    -0.301647    -0.105979
0.067751    -0.19969    0.174933
0.061136    -0.110008    0.177673
0.06414    -0.058001    0.176429
0.091003    -0.048704    0.165301
0.064297    -0.3078    0.176364
0.023887    -0.475999    0.186018
0.0462    -0.390159    0.18308
0.014592    -0.374345    0.187241
0.016937    -0.451911    0.186932
0.040273    -0.394917    0.18386
-0.166007    -0.296146    -0.089299
-0.169512    -0.296039    -0.080837
-0.170587    -0.402566    -0.078241
-0.169189    -0.362964    -0.081617
-0.171708    -0.465507    -0.075537
0.012158    -0.058737    0.187562
0.01628    -0.043235    0.187019
0.034066    -0.058623    0.184677
0.023319    -0.070541    0.186092
0.034585    -0.059556    0.184609
-0.028374    -0.422263    0.185427
-0.009729    -0.231542    0.187881
-0.0173    -0.444361    0.186885
-0.00564    -0.310752    0.188419
-0.010087    -0.140109    0.187834
-0.170168    -0.176296    -0.079253
-0.182024    -0.128853    -0.050633
-0.172986    -0.108344    -0.07245
-0.176637    -0.084817    -0.063637
-0.179711    -0.242277    -0.056215
-0.033203    -0.121574    0.184791
-0.026398    -0.232418    0.185687
-0.038469    -0.060288    0.184098
-0.04537    -0.25041    0.183189
-0.042509    -0.139926    0.183566
-0.182962    -0.419382    -0.047097
-0.184585    -0.201048    -0.034766
-0.182853    -0.125018    -0.047924
-0.186826    -0.376688    -0.017744
-0.185057    -0.225337    -0.031182
-0.049793    -0.317062    0.182372
-0.049822    -0.211127    0.18236
-0.088051    -0.432416    0.166524
-0.079319    -0.386724    0.170141
-0.073202    -0.43094    0.172675
-0.186768    -0.238466    -0.018184
-0.185733    -0.116122    -0.026047
-0.183463    -0.068449    -0.043291
-0.186272    -0.038694    -0.021954
-0.183078    -0.031251    -0.046217
-0.079279    -0.150008    0.170158
-0.084549    -0.11202    0.167974
-0.085589    -0.176107    0.167544
-0.07548    -0.240211    0.171731
-0.070377    -0.191386    0.173845
-0.186185    -0.326761    0.022615
-0.186737    -0.208665    0.01842
-0.18885    -0.061108    0.002373
-0.187893    -0.459691    0.009637
-0.188818    -0.225381    0.002612
-0.104041    -0.219319    0.15656
-0.114028    -0.448098    0.148897
-0.0975    -0.431596    0.16158
-0.130228    -0.469427    0.136467
-0.10663    -0.317772    0.154574
-0.183358    -0.167605    0.044091
-0.182891    -0.064391    0.047638
-0.183214    -0.176591    0.045182
-0.185363    -0.081595    0.028855
-0.183388    -0.272551    0.04386
-0.172194    -0.466844    0.074363
-0.177762    -0.306906    0.06092
-0.170549    -0.407561    0.078334
-0.172417    -0.380303    0.073824
-0.146746    -0.285069    0.116831
-0.147616    -0.364493    0.115698
-0.162992    -0.324631    0.095659
-0.140414    -0.397378    0.125084
-0.136651    -0.459108    0.129988
-0.130832    -0.157332    0.136003
-0.113208    -0.087487    0.149526
-0.103817    -0.121774    0.156732
-0.10742    -0.12014    0.153968
-0.128543    -0.236039    0.137759
-0.180696    -0.074405    0.053838
-0.1759    -0.040132    0.065416
-0.166352    -0.232064    0.088466
-0.169787    -0.07968    0.080173
-0.169759    -0.061865    0.080242
-0.135059    -0.156569    0.132063
-0.139115    -0.290778    0.126777
-0.14803    -0.154719    0.115158
-0.13488    -0.444552    0.132296
-0.157609    -0.097648    0.102674
0.060976    0.271603    -0.091984
-0.057372    0.269538    -0.094781
-0.020864    0.276224    -0.107912
0.103275    0.277475    -0.036982
0.078185    0.277903    -0.077992
0.04313    0.281843    0.099686
-0.109492    0.278595    0.006074
0.099775    0.282974    -0.04203
0.103363    0.285254    0.031293
-0.091104    0.285515    0.057661
-0.108569    0.284065    -0.001869
0.017688    0.290293    -0.103765
0.105056    0.290127    -0.008506
0.043662    0.293818    0.093264
-0.006676    0.293843    0.102865
-0.10502    0.291884    0.000284
-0.076052    0.295384    -0.067607
-0.04637    0.296969    -0.089064
0.03282    0.298307    -0.09288
0.089702    0.300385    -0.032044
0.092368    0.300838    -0.021069
0.065913    0.301118    -0.067365
-0.00325    0.301114    -0.09396
-0.087079    0.302116    -0.023403
-0.046757    0.302091    0.077128
0.029539    0.302299    0.011606
0.061667    0.302299    0.061948
0.046702    0.302299    -0.00429
0.080904    0.302299    0.011834
0.062021    0.302299    0.025381
0.039624    0.302299    -0.063216
0.040105    0.302299    0.013793
0.019496    0.302299    -0.073476
0.016146    0.302299    -0.061281
-0.003168    0.302299    0.058969
-0.033914    0.302299    -0.057225
-0.042766    0.302299    -0.067053
-0.044283    0.302299    0.014174
-0.071198    0.302299    -0.034627
-0.086182    0.302299    0.016048
0.004446    0.302299    0.083434
-0.001959    0.302299    0.082109
-0.01342    0.302299    0.067122
-0.037857    0.302299    0.046691
-0.042838    0.302299    0.035301
-0.061848    0.302299    0.024447
0.19017    0.071524    0.044331
-0.10514    0.268863    -0.03395
-0.018712    0.273578    0.108507
