0.131295    -0.496513    -0.057711
0.142986    -0.494424    -0.00037
0.118119    -0.490276    -0.079097
0.126356    -0.48824    0.033277
0.092599    -0.491804    -0.107781
0.112608    -0.48824    -0.062918
0.091186    -0.496513    -0.124854
0.073849    -0.489274    -0.12229
0.092166    -0.48824    -0.022418
0.092001    -0.48824    -0.091406
0.095924    -0.48824    -0.018292
0.113375    -0.48824    0.081316
0.109268    -0.48824    0.034652
0.143669    -0.496513    0.036352
0.082891    -0.48824    0.005917
0.085434    -0.48824    0.112375
0.093242    -0.48824    0.045137
0.084444    -0.48824    0.086169
0.061908    -0.496513    -0.138128
0.055776    -0.494927    -0.13051
0.069152    -0.48824    0.061367
0.069958    -0.48824    -0.060668
0.059369    -0.48824    -0.042851
0.058312    -0.48824    0.004635
0.043126    -0.496513    -0.149152
0.036388    -0.488794    -0.138305
0.047028    -0.48824    -0.061589
0.036938    -0.48824    0.0297
0.047493    -0.48824    0.128676
0.038037    -0.48824    -0.045884
0.086383    -0.496054    0.112599
0.157607    -0.49599    0.02704
0.014195    -0.48824    -0.09536
0.018164    -0.48824    -0.057288
0.031592    -0.48824    0.032059
0.025039    -0.48824    -0.007278
0.013548    -0.48824    -0.066549
0.091444    -0.496513    0.110903
0.000501    -0.496455    -0.157954
0.011202    -0.48824    0.096385
0.007752    -0.48824    0.027679
0.023281    -0.48824    0.041249
0.019201    -0.48824    0.011638
0.017244    -0.48824    0.032273
0.014707    -0.48824    0.094831
-0.02537    -0.496513    -0.143152
-0.00521    -0.48824    0.02295
-0.008316    -0.48824    -0.140888
-0.00629    -0.48824    0.034805
-0.004134    -0.48824    -0.067781
-0.00936    -0.48824    0.074583
-0.022413    -0.48824    -0.096659
-0.029996    -0.496513    -0.146138
-0.056917    -0.491037    -0.130116
-0.021985    -0.48824    0.043906
-0.024143    -0.48824    0.024881
-0.011677    -0.48824    0.063918
-0.013239    -0.48824    0.093689
-0.023423    -0.48824    0.076383
-0.039989    -0.496513    -0.146224
-0.053522    -0.48824    0.004574
-0.043537    -0.48824    -0.022831
-0.067171    -0.48824    -0.10703
-0.050131    -0.48824    -0.129889
-0.056023    -0.48824    -0.043484
-0.040316    -0.496513    0.149901
0.095701    -0.494064    0.133019
-0.067854    -0.48824    0.098552
-0.04835    -0.48824    0.114699
-0.051412    -0.48824    0.071951
-0.056074    -0.48824    0.079106
-0.04061    -0.495057    0.136932
0.122307    -0.493628    0.110624
-0.073102    -0.48824    -0.001931
-0.090013    -0.48824    -0.032182
-0.07303    -0.48824    0.054066
-0.072311    -0.48824    -0.120385
-0.089987    -0.496513    -0.12574
0.15563    -0.490869    -0.060508
-0.095543    -0.48824    0.095823
-0.080339    -0.48824    0.116172
-0.095452    -0.48824    -0.004924
-0.108024    -0.496513    -0.107988
-0.11463    -0.490793    -0.083913
-0.108774    -0.48824    0.036716
-0.101321    -0.48824    -0.056436
-0.122199    -0.496513    -0.085064
-0.030456    -0.48987    -0.165121
-0.121572    -0.48824    0.03633
-0.123418    -0.48824    0.069096
-0.065634    -0.494705    0.149157
-0.124183    -0.48824    0.004833
-0.115622    -0.494795    0.082575
-0.145308    -0.496513    -0.023866
0.099915    -0.487703    -0.135849
-0.138197    -0.48824    -0.015213
-0.155744    -0.496513    0.007918
-0.155682    -0.493532    -0.054323
-0.139932    -0.496513    0.060074
-0.052389    -0.489705    0.159921
-0.147102    -0.496076    0.061962
0.16569    -0.486346    -0.035992
0.111661    -0.487752    0.126822
0.110637    -0.476759    -0.128645
-0.157986    -0.490383    -0.056054
-0.126059    -0.492692    0.107683
0.10453    -0.474824    -0.133331
-0.050415    -0.484083    -0.162446
-0.050985    -0.48418    0.162204
-0.041812    -0.479172    -0.165429
0.1572    -0.478053    0.063127
0.019705    -0.481862    0.168326
-0.135908    -0.478565    0.101365
-0.167569    -0.487363    -0.020768
0.118086    -0.475262    0.122936
-0.044337    -0.482996    0.1651
-0.149414    -0.473446    0.082314
-0.170098    -0.487672    0.000773
0.159494    -0.469623    -0.064854
0.105647    -0.471017    0.134378
-0.081668    -0.471476    -0.150632
-0.168325    -0.480727    -0.020377
0.010611    -0.467825    -0.17353
0.137025    -0.469716    0.104135
-0.168389    -0.471971    -0.022233
-0.046172    -0.469262    -0.167643
0.116923    -0.465368    -0.130073
0.132262    -0.464008    -0.114603
-0.125451    -0.466988    0.122151
0.010861    -0.464454    0.174722
0.127654    -0.464433    0.120443
-0.109215    -0.466557    -0.135586
0.055914    -0.460541    -0.166043
0.153121    -0.459251    -0.086447
-0.168585    -0.46275    -0.05017
-0.129723    -0.460163    0.118199
0.003418    -0.458167    0.175401
-0.111323    -0.461245    -0.135085
0.129653    -0.457531    0.116962
0.166199    -0.454572    -0.049418
-0.161455    -0.456674    -0.064448
-0.154054    -0.455082    0.079992
-0.006191    -0.454842    0.173398
-0.04492    -0.454345    -0.167968
0.0889    -0.452427    -0.146631
0.128005    -0.446037    -0.111448
0.130384    -0.168117    -0.108348
0.130614    -0.195493    -0.108047
0.122883    -0.442088    -0.118124
0.137698    -0.312598    -0.098815
0.13171    -0.396305    -0.106619
0.138148    -0.427592    -0.09823
0.156036    -0.419649    -0.06593
0.15733    -0.308825    -0.062805
0.148913    -0.015438    -0.083125
0.149643    -0.165619    -0.081364
0.15914    -0.365443    -0.058436
0.150444    -0.083931    -0.07943
0.16674    -0.261482    -0.031188
0.165422    0.079435    -0.0412
0.166473    -0.369651    -0.033214
0.166402    -0.177654    -0.033751
0.170563    -0.434624    -0.002146
0.169709    -0.370808    -0.008636
0.165285    -0.06739    -0.042237
0.117794    -0.415644    -0.123153
0.118025    -0.154762    -0.122976
0.120678    -0.24383    -0.120941
0.106551    -0.359004    -0.13178
0.120508    -0.262104    -0.121071
0.101301    -0.375613    -0.135809
0.096359    -0.402571    -0.139601
0.077693    -0.128194    -0.151208
0.085258    -0.132682    -0.148075
0.077647    -0.038127    -0.151227
0.075518    -0.049187    -0.152109
0.063118    -0.442653    -0.157245
0.069917    -0.227322    -0.154429
0.043112    -0.294718    -0.165237
0.023068    -0.353415    -0.167875
0.017525    -0.380065    -0.168605
0.030866    -0.430354    -0.166849
0.012864    -0.308234    -0.169219
0.040602    -0.178637    -0.165567
0.037908    -0.173093    -0.165922
-0.011222    -0.046333    -0.169456
-0.000589    -0.413826    -0.170856
-0.013731    -0.385372    -0.169126
-0.019016    -0.375417    -0.16843
-0.027434    -0.387584    -0.167322
-0.025626    -0.441812    -0.16756
-0.171724    -0.452629    -0.00444
0.142917    -0.071153    -0.092014
0.139735    -0.103957    -0.096161
0.136957    -0.084993    -0.099782
0.135179    -0.145771    -0.102098
0.13622    -0.17585    -0.100741
0.143951    -0.364415    -0.090666
0.162846    -0.070107    -0.049489
0.16298    -0.195533    -0.049166
0.160666    0.047852    -0.054752
0.164009    -0.392221    -0.046681
0.162049    0.023788    -0.051413
0.16324    -0.14108    -0.048538
0.160386    0.117864    -0.055429
0.16616    0.109739    -0.035588
0.1691    0.013041    -0.013259
0.169524    0.009522    -0.010039
0.170463    0.067274    -0.002903
0.170266    -0.059823    -0.004405
0.170554    -0.230977    -0.002216
0.095705    -0.280426    -0.140103
0.097137    0.087337    -0.139004
0.086177    -0.349911    -0.147414
0.096748    -0.16727    -0.139303
0.094774    -0.204868    -0.140817
0.106515    -0.086654    -0.131808
0.089328    -0.047521    -0.144996
0.070056    0.067425    -0.154372
0.050224    -0.357072    -0.162586
0.049651    -0.133462    -0.162824
0.063286    -0.088314    -0.157176
0.044491    -0.099136    -0.164961
0.059665    -0.177056    -0.158676
0.057113    -0.1413    -0.159733
0.003906    -0.272667    -0.170398
0.012211    -0.18037    -0.169305
0.009186    0.024228    -0.169703
0.020627    -0.175831    -0.168197
0.019103    -0.048258    -0.168397
0.002819    -0.068637    -0.170541
-0.01945    -0.085475    -0.168373
-0.012475    0.036093    -0.169291
-0.031991    -0.179553    -0.166722
-0.015307    0.005884    -0.168918
-0.026747    -0.089411    -0.167413
-0.042462    -0.412476    -0.165344
-0.03761    -0.046694    -0.165982
-0.065256    -0.178938    -0.156427
-0.052305    -0.005757    -0.161791
-0.066746    -0.364939    -0.155809
-0.049629    -0.01511    -0.1629
-0.05041    -0.395151    -0.162577
-0.052764    -0.38176    -0.161601
-0.100132    -0.451841    -0.137207
0.166445    -0.416964    0.033434
0.169599    -0.273823    0.009474
0.170661    -0.397145    0.001413
0.166343    -0.350629    0.034209
0.167839    -0.322234    0.022842
0.165047    -0.44936    0.044055
0.153483    -0.389113    0.072101
0.1638    -0.251665    0.047192
0.157078    -0.240635    0.06342
0.16342    -0.062483    0.048111
0.155403    -0.228935    0.067464
0.163877    -0.278881    0.047008
0.164309    -0.260375    0.045965
0.142367    -0.205229    0.092737
0.139002    -0.3388    0.097124
0.146196    -0.293827    0.087747
0.139295    -0.119142    0.096741
0.138809    -0.227979    0.097375
0.142379    -0.413412    0.092723
0.088404    -0.334211    0.145712
0.105703    -0.297702    0.132438
0.104506    -0.22849    0.133357
0.089943    -0.100869    0.144531
0.098155    -0.351076    0.13823
0.093444    -0.41346    0.141844
0.107308    -0.28467    0.131206
0.059873    -0.373138    0.158597
0.051712    -0.137264    0.161978
0.051324    0.012679    0.162138
0.048259    -0.316851    0.163408
0.069639    -0.341015    0.154552
0.048766    -0.187489    0.163198
0.013587    -0.301505    0.169131
0.007038    0.000891    0.169993
0.003144    -0.204169    0.170506
0.011202    -0.095031    0.169445
0.018463    -0.245577    0.168489
0.010342    -0.391382    0.169558
0.022204    -0.43248    0.167997
-0.084704    0.018239    -0.148371
-0.070174    -0.190229    -0.15439
-0.072496    0.090957    -0.153428
-0.073197    -0.039765    -0.153137
-0.083724    0.021446    -0.148777
-0.081256    -0.213385    -0.149799
-0.02061    -0.328715    0.168228
-0.017297    -0.403212    0.168664
-0.021566    -0.354801    0.168102
-0.031558    -0.32834    0.166787
-0.026521    -0.222286    0.16745
-0.018339    -0.299607    0.168527
-0.01925    -0.315601    0.168407
-0.057742    -0.432552    0.159547
-0.073418    -0.099077    0.153053
-0.079508    -0.094701    0.150531
-0.062459    -0.351011    0.157593
-0.079877    -0.208558    0.150378
-0.063864    -0.251871    0.157011
-0.106528    -0.396788    0.131929
-0.112587    -0.152515    0.127279
-0.110281    -0.097236    0.129049
-0.104959    -0.306771    0.133132
-0.113965    -0.15658    0.126222
-0.108972    -0.298888    0.130054
-0.108997    -0.295978    0.130034
-0.135268    -0.302945    0.1022
-0.12827    -0.152492    0.11132
-0.12558    -0.332741    0.114825
-0.124029    -0.359691    0.116846
-0.124712    0.004442    0.115956
-0.125586    -0.147181    0.114818
-0.149812    -0.399978    0.081353
-0.15244    -0.081862    0.07501
-0.15566    -0.231227    0.067235
-0.158574    -0.340924    0.0602
-0.15018    -0.098275    0.080466
-0.161252    -0.410286    0.053735
-0.148584    0.094082    0.084318
-0.166398    -0.431638    0.035019
-0.168703    -0.406416    0.017515
-0.167645    -0.155374    0.025546
-0.167687    -0.296967    0.02523
-0.165351    -0.228471    0.042971
-0.166603    -0.30516    0.033463
-0.167727    -0.353755    -0.024916
-0.168246    -0.174664    -0.020974
-0.168839    -0.236707    -0.016474
-0.16745    -0.321103    -0.02702
-0.168665    -0.13361    -0.01779
-0.169079    -0.242682    -0.014646
-0.169142    -0.334952    -0.014167
-0.160319    -0.043557    -0.055981
-0.156624    -0.404249    -0.064901
-0.156875    -0.373986    -0.064295
-0.164336    -0.213009    -0.046282
-0.159054    -0.386087    -0.059034
-0.150355    -0.449426    -0.080036
-0.139903    -0.326024    -0.096152
-0.132595    -0.386121    -0.105677
-0.144146    -0.375872    -0.090623
-0.147903    -0.407206    -0.085727
-0.147206    -0.144701    -0.086636
-0.140611    -0.281483    -0.09523
-0.145603    -0.445746    -0.088725
-0.107346    -0.301699    -0.131294
-0.094247    -0.225439    -0.141345
-0.098709    -0.266115    -0.137921
-0.089676    -0.072949    -0.144852
-0.09946    -0.200445    -0.137345
-0.092897    -0.213031    -0.142381
0.168971    -0.026027    0.014248
0.165403    -0.029507    0.041348
0.16873    0.095549    0.016077
0.166325    -0.114365    0.034348
0.168118    -0.093709    0.020728
0.167036    -0.074589    0.028942
0.166351    -0.201219    0.034146
0.148078    0.029668    0.085148
0.154005    -0.043737    0.070839
0.156764    -0.043536    0.064178
0.15417    0.055933    0.070442
0.15665    0.112763    0.064454
0.151426    0.075134    0.077066
0.121371    0.03293    0.1201
0.138613    -0.033512    0.09763
0.123926    0.081767    0.116771
0.122433    0.097591    0.118716
0.124125    -0.168834    0.116511
0.137433    0.040229    0.099168
0.127763    -0.041382    0.111771
0.120014    -0.022593    0.121457
0.113315    -0.2187    0.126597
0.103476    0.087518    0.134147
0.110677    0.091929    0.128622
0.110655    -0.040175    0.128639
0.112265    -0.090942    0.127403
0.072012    -0.041535    0.153569
0.075782    -0.01769    0.152007
0.076407    -0.09695    0.151748
0.072444    -0.046643    0.15339
0.066118    -0.081913    0.15601
0.067718    0.09182    0.155348
0.073916    -0.156398    0.15278
0.017656    -0.068504    0.168595
0.030328    -0.06879    0.166927
0.032848    -0.230289    0.166596
0.041088    -0.125408    0.165511
0.024721    0.033579    0.167665
0.03796    -0.291685    0.165923
-0.006946    -0.276238    0.170026
-0.00457    -0.011636    0.170339
-0.024734    -0.131312    0.167685
-0.022517    -0.129429    0.167977
-0.003136    -0.004391    0.170528
-0.030259    0.117502    0.166958
-0.00284    0.054141    0.170567
-0.054131    -0.014918    0.161043
-0.053438    -0.081723    0.16133
-0.054601    -0.19924    0.160848
-0.045812    -0.254773    0.164489
-0.072804    0.002298    0.153308
-0.045512    -0.019322    0.164613
-0.073688    0.043316    0.152941
-0.086605    0.046967    0.147216
-0.099009    -0.114433    0.137698
-0.089506    0.036577    0.14499
-0.092467    -0.061872    0.142718
-0.108634    -0.001321    0.130313
-0.093049    -0.141644    0.142271
-0.129515    0.079826    0.109697
-0.145112    -0.264713    0.089371
-0.131252    0.019905    0.107434
-0.14303    0.117581    0.092085
-0.140174    -0.075696    0.095807
-0.144728    -0.318007    0.089872
-0.130029    0.041268    0.109028
-0.163321    -0.087843    0.04874
-0.153005    0.004603    0.073645
-0.149793    0.085622    0.0814
-0.154652    -0.010806    0.069668
-0.161203    -0.128865    0.053853
-0.160308    -0.123162    0.056015
-0.169148    -0.239501    0.014131
-0.170724    -0.40504    0.002164
-0.170773    -0.29393    0.001788
-0.169701    -0.012957    0.009935
-0.168255    -0.107574    0.020918
-0.170042    -0.331334    0.007345
-0.16821    0.000467    0.02126
-0.167681    0.060261    -0.025272
-0.168312    0.074436    -0.020479
-0.167696    0.042628    -0.025158
-0.166842    -0.110762    -0.031643
-0.165861    -0.378747    -0.03909
-0.166259    -0.27058    -0.036067
-0.155771    0.060756    -0.066959
-0.152962    -0.098219    -0.073742
-0.149265    -0.206745    -0.082666
-0.154445    0.026215    -0.070162
-0.154794    0.053267    -0.069319
-0.151932    0.018525    -0.076228
-0.152045    0.057137    -0.075957
-0.122643    -0.013243    -0.118645
-0.121691    -0.079085    -0.119887
-0.133965    -0.169168    -0.103891
-0.137848    -0.019485    -0.09883
-0.139443    -0.045061    -0.096753
-0.141707    0.117136    -0.093802
-0.115833    -0.287827    -0.124782
-0.119599    0.100982    -0.121892
-0.116703    -0.138102    -0.124114
-0.110571    -0.025603    -0.128819
-0.110585    0.016174    -0.128809
-0.112766    -0.220974    -0.127135
-0.110914    -0.252929    -0.128556
-0.006607    0.123044    0.170279
0.152844    0.124309    0.076206
-0.128402    0.124514    -0.112933
-0.01992    0.126471    -0.170092
-0.083834    0.127089    0.150762
0.159976    0.127739    0.061518
-0.136183    0.128071    -0.104234
-0.170346    0.128999    0.020109
0.028184    0.13034    0.169031
0.119944    0.131293    0.123485
-0.03144    0.13274    -0.167789
-0.142248    0.132617    0.094833
0.14566    0.133622    0.089238
-0.161366    0.134111    0.053826
-0.171175    0.13483    0.000191
-0.166144    0.135379    -0.039935
-0.170315    0.136341    -0.010738
0.072646    0.139159    -0.154861
0.083777    0.140904    -0.150569
0.000291    0.140037    -0.172486
0.014204    0.141622    -0.170878
0.001533    0.141793    -0.172562
0.043625    0.1431    -0.167131
-0.044617    0.143196    -0.167025
-0.014944    0.1456    -0.170946
-0.041753    0.145577    -0.167417
-0.07485    0.145353    -0.154586
-0.158386    0.145522    -0.065782
-0.130367    0.146547    -0.111737
-0.116897    0.147047    -0.126327
-0.100627    0.1482    -0.138666
0.139147    0.151674    -0.098693
0.160247    0.152804    -0.0577
-0.168079    0.152152    -0.029403
0.169306    0.15372    0.015073
0.108996    0.154058    0.130311
0.04352    0.293109    -0.069907
0.086083    0.298713    -0.008549
-0.046958    0.292944    0.067232
0.078381    0.299596    -0.043909
-0.003576    0.293418    0.08251
-0.063947    0.292457    -0.050609
-0.035624    0.29956    -0.08332
0.010296    0.3    -0.091291
0.086074    0.300214    0.033562
-0.071449    0.300567    -0.059975
0.095531    0.302002    -7.2e-05
0.093628    0.302882    0.019581
-0.094478    0.304131    0.01922
0.078401    0.31724    -0.0565
0.040952    0.322922    -0.087626
0.094432    0.335093    -0.022646
-0.012882    0.310722    -0.095807
0.079192    0.336239    -0.055469
0.059308    0.322513    -0.076265
0.094888    0.312105    0.019193
0.092837    0.344369    0.028266
0.055886    0.319946    0.078898
-0.018759    0.327624    0.09504
-0.086098    0.305122    -0.044196
-0.069789    0.325533    0.06794
-0.09687    0.307383    0.005365
-0.0495    0.324731    -0.083914
0.037236    0.341924    -0.089165
0.085168    0.319952    0.046782
0.065613    0.317794    0.071433
-0.001444    0.314759    0.09732
0.096937    0.350513    -0.003622
-0.070497    0.308561    -0.067012
-0.087367    0.339026    0.041863
-0.005177    0.338351    -0.096821
0.036711    0.345399    -0.089382
0.053475    0.348192    0.080748
-0.048342    0.344354    0.084638
-0.078102    0.341146    -0.0571
-0.094737    0.355836    0.020722
0.059066    0.348064    0.076458
-0.025446    0.337198    0.094122
-0.088367    0.352504    -0.039442
-0.054625    0.351486    -0.079982
0.01185    0.356794    -0.095669
-0.084511    0.3575    -0.047735
0.039544    0.35954    -0.087157
-0.090209    0.359604    -0.032402
0.017459    0.362668    -0.092662
-0.049382    0.362998    -0.08058
0.089737    0.36468    0.025267
-0.090405    0.366345    0.010697
0.047548    0.367739    0.075668
0.078547    0.368217    -0.040516
-0.082169    0.369368    0.024846
0.083787    0.369778    0.003004
-0.034247    0.369846    -0.075899
0.07438    0.370034    -0.023616
0.047098    0.370034    -0.065595
0.062816    0.370034    -0.021248
0.058072    0.370034    0.017805
0.042046    0.370034    0.037072
0.020577    0.370034    -0.032541
0.034661    0.370034    0.055003
0.004929    0.370034    0.038366
-0.018988    0.370034    0.036746
-0.013654    0.370034    -0.000562
-0.052612    0.370034    -0.019916
-0.029957    0.370034    0.00997
-0.067648    0.370034    -0.021141
0.048544    0.370034    -0.040205
0.033674    0.370034    -0.067724
0.005365    0.370034    -0.015931
0.006726    0.370034    -0.002438
-0.017064    0.370034    -0.052889
-0.048968    0.370034    -0.043276
-0.024258    0.370034    0.004584
-0.027794    0.370034    -0.008008
-0.068822    0.370034    -0.011664
0.12649    -0.197724    -0.113423
0.126138    -0.169515    -0.113881
0.127848    -0.231958    -0.111652
0.12288    0.066979    -0.118127
0.122793    -0.243469    -0.11824
0.12192    0.012743    -0.119378
0.14821    -0.245994    -0.084823
0.157691    -0.268364    -0.061935
0.15307    -0.387104    -0.07309
0.149526    -0.228468    -0.081646
0.148313    -0.251628    -0.084574
0.149485    -0.243946    -0.081746
0.155807    -0.189484    -0.066483
0.167629    -0.282911    -0.024432
0.166741    -0.164946    -0.031178
0.170092    -0.436559    -0.00572
0.170463    -0.422128    -0.002907
0.165035    0.06845    -0.044134
0.166584    -0.248404    -0.032373
0.089265    -0.398602    -0.145044
0.087933    -0.446872    -0.146066
0.112348    -0.021024    -0.127333
0.11122    -0.267986    -0.128198
0.115203    -0.426431    -0.125141
0.111531    -0.291377    -0.12796
0.107056    -0.321806    -0.131393
0.081796    -0.277957    -0.149509
0.051453    -0.445519    -0.162077
0.073668    -0.445432    -0.152876
0.083511    -0.157916    -0.148798
0.076638    -0.305154    -0.151645
0.065904    -0.309778    -0.156092
0.035919    -0.037723    -0.166184
0.02073    -0.443743    -0.168183
0.043746    -0.291211    -0.165153
0.037606    -0.381043    -0.165962
0.043705    -0.004967    -0.165159
0.031614    -0.373173    -0.16675
0.033284    -0.382126    -0.166531
-0.016729    -0.285781    -0.168731
-0.002371    -0.047653    -0.170622
-0.010632    -0.26357    -0.169534
-0.009506    -0.2276    -0.169682
-0.004165    -0.164035    -0.170385
-0.004981    -0.047582    -0.170278
0.134019    -0.046106    -0.10361
0.14471    -0.269059    -0.089677
0.132296    0.06455    -0.105856
0.134855    0.030281    -0.10252
0.144951    0.10087    -0.089363
0.136868    -0.022617    -0.099898
0.144524    -0.054168    -0.08992
0.164763    0.02161    -0.04486
0.159046    0.113926    -0.058664
0.160686    0.022503    -0.054703
0.16462    0.055668    -0.045207
0.154005    -0.066803    -0.070832
0.149345    0.079587    -0.082083
0.168028    0.070227    -0.021401
0.169109    -0.142308    -0.013192
0.165791    0.097908    -0.038393
0.170824    0.003231    -0.000161
0.16889    0.054999    -0.014851
0.169394    -0.196717    -0.011023
0.168734    -0.174698    -0.016039
0.093229    0.016234    -0.142002
0.116871    0.096956    -0.123862
0.086953    -0.364479    -0.146818
0.104156    -0.101709    -0.133618
0.092432    0.075312    -0.142614
0.097099    -0.216716    -0.139033
0.048465    -0.208901    -0.163315
0.044958    -0.048403    -0.164768
0.068059    0.093713    -0.155199
0.054555    -0.131086    -0.160792
0.074386    0.03408    -0.152578
0.076269    0.056787    -0.151798
0.067044    -0.060954    -0.155619
0.023833    0.030899    -0.167775
0.00283    -0.089105    -0.17054
0.014361    -0.196295    -0.169022
0.021145    -0.037553    -0.168129
0.016565    -0.011399    -0.168732
0.019014    -0.041591    -0.168409
-0.027026    -0.074549    -0.167376
-0.031653    0.02387    -0.166767
-0.009166    0.072277    -0.169727
-0.025775    0.03608    -0.16754
-0.012235    0.036843    -0.169323
-0.034992    -0.240152    -0.166327
-0.039732    -0.018783    -0.165703
-0.052493    -0.058698    -0.161713
-0.075695    -0.366504    -0.152103
-0.052067    -0.354601    -0.16189
-0.054168    -0.412221    -0.16102
-0.045506    -0.197973    -0.164608
-0.058324    -0.439953    -0.159298
0.166006    -0.387523    0.036771
0.165457    -0.425216    0.040939
0.170376    -0.272712    0.003575
0.168082    -0.287335    0.020999
0.168955    -0.369083    0.014367
0.165888    -0.442227    0.037662
0.168403    -0.173022    0.018558
0.161187    -0.057979    0.053501
0.158405    -0.203306    0.060218
0.158787    -0.391984    0.059294
0.152853    -0.433486    0.073622
0.163858    -0.196549    0.047054
0.163771    -0.070805    0.047263
0.13839    -0.274757    0.097921
0.127364    -0.368121    0.11229
0.143129    -0.202632    0.091745
0.129746    -0.273674    0.109186
0.136661    -0.381763    0.100174
0.133415    -0.197051    0.104405
0.127799    -0.30371    0.111723
0.087853    -0.268486    0.146135
0.088815    -0.210468    0.145396
0.098144    -0.367655    0.138238
0.112117    -0.384285    0.127517
0.09029    -0.122782    0.144265
0.113303    -0.335533    0.126607
0.06678    -0.391041    0.155736
0.054567    -0.083448    0.160795
0.054205    -0.081473    0.160945
0.075328    -0.356389    0.152195
0.048998    -0.053263    0.163102
0.062228    -0.447571    0.157622
0.05418    -0.19321    0.160956
0.01689    -0.432089    0.168696
0.025232    -0.357743    0.167598
0.011852    -0.184468    0.169359
0.017441    -0.359449    0.168624
0.000411    -0.021414    0.170865
0.002674    -0.165137    0.170567
-0.058031    0.120529    -0.15942
-0.071816    -0.001241    -0.153709
-0.058146    0.121665    -0.159372
-0.059086    0.114294    -0.158982
-0.063987    -0.055493    -0.156952
-0.050447    0.092373    -0.162561
-0.076037    -0.190498    -0.151961
-0.027602    -0.164031    0.167308
-0.040892    -0.297027    0.165558
-0.018796    -0.38124    0.168467
-0.030948    -0.09863    0.166867
-0.036692    -0.3    0.166111
-0.021261    -0.382977    0.168142
-0.050553    -0.397363    0.162525
-0.05516    -0.305777    0.160617
-0.068689    -0.196953    0.155012
-0.080919    -0.413615    0.149946
-0.083905    0.046788    0.148709
-0.069357    -0.323361    0.154735
-0.0801    -0.317757    0.150285
-0.095914    -0.350676    0.140073
-0.115343    -0.066922    0.125165
-0.120393    -0.180439    0.12129
-0.114408    -0.375423    0.125882
-0.097759    -0.340937    0.138657
-0.106963    -0.373001    0.131595
-0.124158    -0.38077    0.116678
-0.127567    -0.04108    0.112236
-0.136548    -0.302367    0.100532
-0.136043    -0.289905    0.10119
-0.130109    -0.211849    0.108923
-0.121741    -0.289459    0.119828
-0.129453    -0.165614    0.109778
-0.150174    -0.177068    0.08048
-0.155325    -0.425186    0.068045
-0.157458    -0.430382    0.062895
-0.154857    -0.175673    0.069174
-0.148916    -0.110761    0.083517
-0.150087    -0.201158    0.08069
-0.166835    -0.407013    0.031702
-0.167833    -0.421564    0.024124
-0.166995    -0.263099    0.030484
-0.168954    -0.331384    0.015609
-0.167498    -0.131734    0.026665
-0.166616    -0.224587    0.033367
-0.167972    -0.318796    0.023067
-0.16794    -0.316141    -0.023302
-0.170071    -0.426969    -0.007117
-0.166362    -0.355419    -0.035286
-0.170629    -0.348398    -0.002878
-0.169984    -0.434066    -0.007771
-0.170576    -0.210174    -0.003279
-0.164185    -0.293497    -0.046647
-0.162298    -0.160758    -0.051203
-0.164682    0.032926    -0.045448
-0.159258    -0.205433    -0.058542
-0.154985    -0.437387    -0.068857
-0.164516    -0.383439    -0.045849
-0.161905    -0.184854    -0.052151
-0.138988    -0.170839    -0.097345
-0.139318    -0.304374    -0.096915
-0.142535    -0.365569    -0.092723
-0.139878    -0.078822    -0.096186
-0.133534    -0.430211    -0.104452
-0.126582    -0.363054    -0.113513
-0.104702    -0.446552    -0.133323
-0.108328    -0.437282    -0.13054
-0.096515    -0.243547    -0.139605
-0.112242    -0.366446    -0.127537
-0.086776    -0.117123    -0.147078
-0.098156    -0.44365    -0.138345
-0.086587    -0.127254    -0.147223
0.166184    -0.16663    0.035415
0.16626    -0.29446    0.034843
0.167619    -0.102134    0.024518
0.166664    0.1133    0.031772
0.168265    -0.045909    0.019608
0.168853    0.084162    0.01514
0.153477    0.09355    0.072113
0.158614    -0.043556    0.059712
0.153741    -0.207998    0.071477
0.161845    0.09573    0.051913
0.151214    0.02485    0.077577
0.153782    -0.148156    0.071378
0.149378    0.0845    0.082009
0.123161    -0.23274    0.117768
0.131645    -0.007394    0.106711
0.128064    -0.249437    0.111378
0.135877    -0.054277    0.101196
0.130538    0.113724    0.108154
0.133598    -0.056689    0.104165
0.112627    -0.150657    0.127125
0.119926    -0.193962    0.121525
0.115079    -0.306558    0.125244
0.096449    -0.006719    0.139539
0.090498    0.083546    0.144105
0.118448    -0.270938    0.122658
0.116601    0.05349    0.124076
0.079679    -0.042457    0.150393
0.066623    0.087143    0.155801
0.079972    -0.291743    0.150272
0.083869    -0.26076    0.148657
0.076912    -0.247821    0.151539
0.063047    -0.065504    0.157282
0.063721    -0.020707    0.157003
0.03331    -0.002793    0.166535
0.028925    0.078493    0.167112
0.020529    0.111966    0.168217
0.037384    -0.039972    0.165999
0.031627    0.081526    0.166756
0.028919    0.106831    0.167113
-9.9e-05    -0.0896    0.170928
-0.000426    0.085338    0.170885
-0.004716    -0.316435    0.17032
-0.011008    -0.038142    0.169492
-0.021791    -0.067241    0.168072
-0.02443    0.010272    0.167725
-0.008847    -0.13059    0.169776
-0.062772    -0.066504    0.157463
-0.074085    -0.030779    0.152777
-0.048771    -0.236496    0.163263
-0.057994    -0.226041    0.159443
-0.04846    -0.241626    0.163392
-0.057179    -0.097267    0.15978
-0.09004    -0.086689    0.14458
-0.088437    0.122194    0.14581
-0.101111    0.081403    0.136085
-0.106378    0.087064    0.132043
-0.092609    -0.140617    0.142609
-0.087331    -0.035235    0.146658
-0.092003    -0.319069    0.143074
-0.140553    -0.123514    0.095312
-0.124136    0.090304    0.116707
-0.142386    -0.154174    0.092924
-0.145562    -0.11364    0.088785
-0.139953    -0.063829    0.096094
-0.138079    -0.122268    0.098537
-0.159705    0.072638    0.05747
-0.162945    -0.107678    0.049648
-0.162825    -0.079467    0.049937
-0.150508    0.055093    0.079672
-0.157088    0.085892    0.063787
-0.148531    0.117605    0.084445
-0.1603    -0.047792    0.056034
-0.170682    0.104597    0.002479
-0.165631    0.101128    0.040844
-0.169385    -0.149059    0.012332
-0.170122    -0.185907    0.006736
-0.170376    -0.094329    0.004805
-0.168281    -0.172086    0.020721
-0.168855    -0.035351    -0.016351
-0.169261    0.103583    -0.013263
-0.167849    0.121287    -0.023993
-0.165695    -0.204156    -0.040354
-0.166966    -0.228012    -0.0307
-0.165764    -0.054535    -0.039829
-0.167893    -0.007938    -0.023658
-0.158932    0.004808    -0.05933
-0.161364    -0.00317    -0.053459
-0.150229    -0.140069    -0.080339
-0.162371    0.071905    -0.051026
-0.157349    0.02282    -0.063151
-0.157035    0.10284    -0.06391
-0.135877    -0.126584    -0.1014
-0.127696    0.106488    -0.112061
-0.13158    -0.087816    -0.106999
-0.122539    -0.249858    -0.118782
-0.129857    0.096181    -0.109245
-0.138001    -0.089667    -0.098632
-0.136347    0.033822    -0.100787
-0.104598    0.103826    -0.133403
-0.100164    0.062574    -0.136805
-0.111666    -0.294742    -0.127979
-0.117927    -0.237102    -0.123175
-0.120774    -0.39254    -0.12099
-0.095687    -0.036843    -0.14024
0.097587    0.220876    -0.092921
0.125421    0.170561    -0.101024
0.149374    0.159922    -0.075002
0.145008    0.17701    -0.061567
0.161695    0.161684    -0.041702
0.149728    0.190402    -0.014471
0.167781    0.158765    -0.00748
0.096036    0.180389    -0.122615
0.103162    0.160885    -0.130348
0.075245    0.18941    -0.132181
0.049936    0.175514    -0.150741
0.033302    0.2002    -0.14201
0.014082    0.177785    -0.156679
-0.015423    0.186086    -0.152029
-0.000789    0.159375    -0.16842
0.127525    0.193918    -0.077683
0.099965    0.237028    -0.075578
0.145051    0.187525    -0.046712
0.148328    0.188361    0.033506
0.129895    0.222415    0.033441
0.13904    0.190538    0.057002
0.148757    0.178547    0.050367
0.127422    0.205576    0.063953
0.125727    0.160643    0.109381
0.113619    0.175324    0.112212
0.079615    0.181973    0.134151
0.071956    0.216296    0.116799
0.053143    0.172531    0.151153
0.048573    0.167134    0.156183
0.03654    0.161453    0.162575
0.027822    0.172137    0.157936
-0.033583    0.230469    0.125609
-0.04421    0.154941    0.165113
-0.069653    0.209079    0.123141
-0.051804    0.172543    0.151768
-0.051613    0.161906    0.158029
-0.10015    0.161593    0.13231
-0.094011    0.208609    0.105203
-0.112592    0.181941    0.107925
-0.108714    0.196982    0.099714
-0.135451    0.192852    0.062812
-0.11859    0.219781    0.065733
-0.144968    0.195411    0.031263
-0.126188    0.230151    0.031004
0.132733    0.221783    -0.014476
0.128318    0.23038    -0.012644
0.079314    0.20239    -0.120557
0.044364    0.232469    -0.119949
0.057073    0.223301    -0.120012
0.006183    0.187694    -0.152352
-0.038931    0.166955    -0.159293
-0.031532    0.224275    -0.129226
-0.079161    0.160796    -0.147255
-0.064915    0.166624    -0.149769
0.09682    0.246447    -0.058065
0.100384    0.250525    -0.034158
-0.132819    0.224965    -0.001965
-0.165528    0.164802    -0.000989
0.128211    0.229603    0.016666
0.139598    0.212268    0.001477
0.119968    0.236108    0.03911
0.100643    0.236484    0.075181
0.121637    0.199954    0.080039
0.096667    0.195349    0.112015
0.067615    0.218048    0.118705
0.060688    0.235903    0.111198
0.012436    0.228886    0.12923
0.021367    0.238166    0.123028
-0.022969    0.214799    0.135493
-0.052297    0.212133    0.128555
-0.05602    0.216943    0.124217
-0.073893    0.233199    0.103998
-0.128388    0.183897    0.085614
-0.142633    0.162882    0.085584
-0.114798    0.234372    0.054416
-0.135619    0.218309    0.008078
-0.143947    0.200964    0.016172
0.114503    0.243325    -0.026625
0.066164    0.242179    -0.098983
0.040133    0.264563    -0.074341
-0.014703    0.249737    -0.10611
-0.053952    0.208498    -0.129975
-0.058414    0.200498    -0.132776
-0.124294    0.208173    -0.068242
-0.124277    0.20987    -0.065903
-0.124615    0.181488    -0.092649
-0.125324    0.166779    -0.104697
-0.083945    0.195544    -0.121761
-0.092655    0.170586    -0.131967
0.065663    0.261838    -0.059383
0.084123    0.258353    -0.041625
-0.133431    0.216301    -0.032958
-0.136608    0.20984    -0.035405
0.113927    0.244588    0.015973
0.084794    0.248343    0.068908
0.067493    0.242362    0.097613
0.053472    0.24925    0.094581
0.008195    0.246796    0.111563
-0.024663    0.244183    0.113512
-0.049942    0.253841    0.088388
-0.092123    0.248688    0.058685
-0.113928    0.239285    0.047497
-0.112747    0.246394    0.004664
0.05474    0.261797    -0.069323
0.023067    0.247732    -0.10813
-0.032559    0.260621    -0.084176
-0.043344    0.240426    -0.113678
-0.148028    0.181175    -0.048823
-0.110643    0.21872    -0.078018
-0.114557    0.207846    -0.082508
-0.084841    0.230284    -0.097563
0.060773    0.271238    -0.053585
-0.121793    0.239832    -0.01406
0.092085    0.258349    0.018043
0.082878    0.245903    0.077633
0.036686    0.260683    0.082304
0.004281    0.247101    0.1116
-0.02735    0.251866    0.101068
-0.078877    0.250557    0.071178
-0.082475    0.264387    0.020381
0.001474    0.26677    -0.08139
-0.058504    0.249389    -0.090863
-0.099225    0.250094    -0.039095
-0.079449    0.258933    -0.049042
0.063083    0.284551    -0.050574
-0.084083    0.264711    -0.004304
0.064499    0.273714    0.048736
-0.008052    0.271846    0.080553
-0.065121    0.267916    0.048137
0.036881    0.287178    -0.072253
-0.050878    0.274381    -0.062992
-0.061388    0.266123    -0.054227
0.071948    0.28126    0.037515
0.012779    0.285903    0.079909
-0.041769    0.282113    0.069988
-0.045286    0.286891    -0.067282
-0.060275    0.275744    -0.054444
