-0.109759    -0.360604    0.058415
0.094306    -0.361266    -0.038047
-0.076559    -0.361266    0.037079
-0.028785    -0.361266    0.027913
-0.114565    -0.360747    0.0451
-0.059453    -0.361266    0.07805
0.000405    -0.361266    0.042548
-0.049639    -0.361266    0.059396
0.037519    -0.361266    0.006051
0.107951    -0.361266    -0.029155
-0.004219    -0.361266    0.02789
0.035615    -0.361266    0.011089
0.045535    -0.361266    -0.023876
0.084053    -0.361266    -0.062861
-0.090863    -0.361266    0.035482
-0.115865    -0.360836    0.033294
-0.018271    -0.361266    -0.021812
-0.05179    -0.361266    0.000283
-0.091593    -0.361266    0.019541
-0.084167    -0.360295    0.094475
0.045427    -0.361266    0.027028
-0.048295    -0.361266    0.080029
0.029315    -0.361266    0.039642
0.065864    -0.361266    -0.076833
-0.006615    -0.361266    -0.041456
0.014864    -0.361266    -0.054911
0.023074    -0.361266    -0.053923
-0.125335    -0.360443    -0.007543
-0.031668    -0.361266    0.089282
-0.041754    -0.361266    0.08183
0.116324    -0.360949    -0.022861
-0.10572    -0.361266    0.010325
-0.037857    -0.361266    -0.040919
-0.087644    -0.361266    -0.000211
-0.10747    -0.358181    0.088299
-0.041626    -0.361186    0.106361
0.092235    -0.361266    0.038129
-0.001211    -0.361266    0.082159
-0.10893    -0.361157    -0.034256
-0.001026    -0.361266    -0.072542
0.00353    -0.361266    -0.074918
-0.145745    -0.352664    0.059813
-0.128031    -0.359918    -0.019931
-0.015905    -0.361266    0.098588
0.12853    -0.359963    -0.002819
0.069327    -0.360835    -0.09919
-0.093839    -0.361266    -0.036435
-0.043059    -0.361266    -0.061661
-0.152677    -0.352008    0.040937
0.000866    -0.361188    0.113476
0.06503    -0.361266    0.067356
0.118846    -0.357055    -0.079886
0.037892    -0.361266    -0.105606
-0.045537    -0.361266    -0.071948
-0.107935    -0.352571    0.113415
-0.031086    -0.359087    0.130768
0.005793    -0.361266    0.108416
0.144447    -0.356209    -0.025812
0.036378    -0.360998    -0.111681
-0.030912    -0.361266    -0.089631
-0.163559    -0.347649    0.035735
-0.135181    -0.356731    -0.052433
0.057886    -0.361266    0.089105
0.146304    -0.354724    -0.03577
0.039478    -0.360759    -0.11581
-0.143734    -0.344882    0.095407
-0.158928    -0.351628    -0.007308
-0.127148    -0.357658    -0.060749
0.088139    -0.361053    0.076166
0.153944    -0.352342    -0.032658
-0.006206    -0.361166    -0.113916
-0.158816    -0.34034    0.0841
-0.167777    -0.347389    -0.006271
-0.116074    -0.356925    -0.085715
0.066385    -0.361042    0.096083
0.155694    -0.352869    -0.004357
0.071202    -0.357196    -0.123219
-0.166651    -0.333839    0.087824
-0.169577    -0.346464    -0.009328
-0.134681    -0.354708    -0.067967
-0.061547    -0.360149    -0.11145
0.164275    -0.349066    -0.019031
0.115907    -0.350958    -0.110827
-0.048558    -0.360849    -0.11084
-0.105238    -0.344777    0.13826
-0.007831    -0.354807    0.150349
0.065852    -0.359462    0.114245
0.152646    -0.352031    0.040814
0.138152    -0.344865    -0.105127
-0.013035    -0.360399    -0.125623
-0.08943    -0.342105    0.152464
-0.137512    -0.351817    -0.078888
-0.080401    -0.357366    -0.117135
0.157726    -0.35134    0.027722
0.157813    -0.344469    -0.072384
0.004566    -0.358775    -0.136087
-0.186362    -0.335248    -0.017854
-0.147493    -0.348236    -0.076551
-0.054004    -0.358412    -0.127615
0.163329    -0.347228    0.039989
0.150644    -0.335736    -0.110497
0.037612    -0.353822    -0.148388
-0.029143    -0.3444    0.171265
-0.115402    -0.351464    -0.109837
-0.045915    -0.358222    -0.130839
0.179676    -0.340273    -0.020302
0.144917    -0.33573    -0.117733
-0.052913    -0.337879    0.175134
-0.150627    -0.343753    -0.087187
-0.079408    -0.352712    -0.134435
0.141712    -0.347422    0.089964
0.118255    -0.337374    -0.141299
-0.033283    -0.335253    0.184008
-0.139365    -0.342383    -0.10995
-0.048011    -0.352884    -0.148279
0.182737    -0.336046    0.033958
-0.011931    -0.340212    0.179759
-0.116465    -0.341503    -0.134904
0.112755    -0.347685    0.123645
0.086869    -0.335822    -0.164155
0.001352    -0.336712    0.184413
-0.080643    -0.345583    -0.150926
0.151969    -0.339828    0.09732
0.061614    -0.340156    0.169665
-0.069276    -0.345796    -0.157085
0.027341    -0.337396    -0.18265
-0.110815    -0.334519    -0.152331
0.113087    -0.340366    0.140841
-0.103673    -0.333896    -0.157411
-0.003366    -0.333964    -0.188069
-0.086739    -0.078987    0.014148
-0.087514    -0.079809    0.00932
-0.06233    -0.071989    0.060495
-0.051668    -0.061478    0.069426
-0.080895    -0.059848    0.029673
-0.083884    -0.044497    -0.013481
-0.074802    -0.069082    -0.043646
-0.039177    -0.057568    0.076253
-0.044397    -0.064574    -0.073926
-0.069812    -0.031583    0.04688
-0.08415    -0.028629    -0.001957
-0.081674    -0.008375    -0.026967
-0.029836    -0.069946    0.08174
-0.047771    -0.00494    0.071911
-0.064201    -0.041049    -0.054906
0.001691    -0.074458    -0.08706
0.043637    -0.065139    -0.074421
-0.04754    -0.044592    -0.070152
-0.082417    0.006718    0.029143
-0.085901    -0.007995    0.010691
-0.077816    0.003468    -0.03897
-0.025808    -0.034443    0.079698
-0.059621    -0.006128    0.062087
-0.05666    -0.019414    -0.063453
0.010419    -0.035293    -0.083735
0.014862    -0.070507    -0.085801
0.054971    -0.043978    -0.064489
-0.062454    0.013607    -0.061625
-0.009823    -0.072213    0.08687
-0.031251    -0.020187    0.079488
-0.030402    -0.000848    -0.081414
0.012146    -0.002685    -0.086144
0.063207    -0.065633    -0.058856
0.05235    -0.031938    -0.066257
0.086047    -0.069343    -0.013566
0.082302    -0.06668    0.026669
0.078687    -0.050968    0.033838
0.042519    -0.071396    0.07568
0.07901    -0.055997    -0.034137
0.031269    -0.073024    0.081626
-0.025586    0.009428    -0.083608
0.009535    0.003982    -0.08692
0.045625    0.011891    -0.074801
0.065061    0.014482    -0.059123
0.075077    0.009518    -0.044742
0.087429    -0.078818    -0.010637
0.08322    -0.041672    0.015029
0.058222    -0.036122    0.060295
0.003407    -0.004189    0.086225
0.013462    -0.041723    0.083647
0.084203    -0.004479    -0.018807
0.081276    -0.023069    0.023627
0.069406    -0.027459    0.048285
0.034735    0.01011    0.080913
0.030248    -0.002143    0.081342
0.08346    0.011982    -0.026977
0.085206    -0.002105    0.015838
0.080327    6.9e-05    0.034043
0.043878    -0.011094    0.073554
-0.042392    0.331169    0.07395
0.024936    0.331221    0.081386
-0.077547    0.330268    -0.042123
-0.051051    0.3355    0.049238
0.024275    0.336688    0.062845
-0.069303    0.333507    -0.034975
0.061063    0.331278    0.058973
-0.019163    0.33751    0.060162
-0.04969    0.340273    -0.003482
-0.023311    0.335828    -0.06605
0.065267    0.332467    0.04885
0.068365    0.332837    -0.041034
-0.046497    0.33954    0.025947
0.022115    0.340123    0.045445
-0.014197    0.337602    -0.061034
0.049833    0.332142    -0.06594
0.071565    0.335304    0.002338
-0.036913    0.341555    -0.020852
0.055182    0.337937    0.026428
0.05734    0.338694    0.004503
-0.016807    0.342377    -0.030919
0.041529    0.3408    -0.022348
-0.007361    0.364057    0.036819
-0.034876    0.353615    -0.010097
0.0331    0.341826    0.022692
-0.02551    0.373213    0.02893
0.014698    0.357439    0.033926
-0.014533    0.357984    -0.034091
0.021638    0.344447    0.028238
0.028542    0.347767    0.021856
0.036148    0.352261    -0.001622
0.023156    0.378024    -0.031704
0.036898    0.361446    0.005937
-0.190177    -0.330513    0.031947
-0.187759    -0.312404    0.091804
0.183909    -0.329311    -0.060383
-0.093193    -0.326753    0.172578
0.176798    -0.326038    -0.087443
-0.20325    -0.301049    0.076003
0.19312    -0.322996    -0.050821
-0.21281    -0.306464    -0.027942
-0.201559    -0.314445    -0.047613
0.160367    -0.322442    -0.122608
-0.037786    -0.324053    0.195634
-0.16498    -0.326498    -0.106909
0.203393    -0.313505    -0.043425
-0.150973    -0.297888    0.157126
-0.212762    -0.28614    0.069486
-0.18436    -0.295931    -0.118595
0.166977    -0.314306    -0.125015
-0.190721    -0.277183    0.094708
-0.077477    -0.313001    0.19465
-0.21829    -0.282559    0.03466
0.044988    -0.333157    0.183703
0.175539    -0.326059    0.089574
0.205092    -0.302079    0.066795
-0.156023    -0.258045    0.10284
-0.17021    -0.280712    0.137118
-0.207483    -0.273471    -0.015813
-0.216666    -0.284418    -0.050463
-0.170788    -0.26796    -0.10419
-0.192106    -0.263628    0.033077
-0.150551    -0.305284    -0.151388
-0.132884    -0.272663    -0.158991
0.213967    -0.304493    -0.019506
0.117308    -0.315121    -0.170743
-0.143766    -0.269986    0.142967
-0.096652    -0.225169    0.121341
-0.021079    -0.297652    0.218
-0.183977    -0.256156    -0.022592
-0.16773    -0.265681    -0.1033
-0.176454    -0.251137    0.03333
0.106239    -0.326272    0.16565
-0.12836    -0.291625    -0.181025
-0.045221    -0.331731    -0.185248
0.212586    -0.291643    0.060285
0.032252    -0.318285    -0.202448
-0.113653    -0.266491    0.163021
-0.077989    -0.223884    0.131541
0.01633    -0.29599    0.218929
-0.18101    -0.253162    -0.005562
-0.15271    -0.249959    -0.091371
-0.109603    -0.242479    -0.131888
-0.068989    -0.329248    -0.181673
-0.093275    -0.270563    -0.181169
-0.091157    -0.24398    -0.146207
0.211001    -0.291522    -0.066417
0.179478    -0.28594    -0.136311
0.015746    -0.323277    -0.199443
-0.087217    -0.27407    0.190162
-0.07445    -0.243827    0.155682
-0.077826    -0.219873    0.127201
0.083567    -0.301511    0.200853
-0.164414    -0.238574    -0.031673
-0.108358    -0.223734    -0.107689
0.110518    -0.319656    0.17022
-0.062474    -0.263297    -0.183761
-0.064679    -0.227717    -0.143475
0.218368    -0.282291    -0.03296
0.212788    -0.277378    0.026937
0.174071    -0.274766    0.116983
0.146062    -0.281642    0.16305
0.178148    -0.281534    -0.128293
-0.024227    -0.306755    -0.212626
-0.114883    -0.179901    0.042866
-0.036405    -0.225206    0.149865
-0.04881    -0.181367    0.113909
-0.072686    -0.284317    0.210572
0.075443    -0.283578    0.208791
0.122854    -0.299289    0.179677
-0.134785    -0.204533    -0.032896
-0.100788    -0.194261    -0.085556
-0.065503    -0.296498    -0.20884
-0.059399    -0.232497    -0.150947
0.130528    -0.293504    0.178766
0.199195    -0.267366    0.001127
0.184502    -0.257496    0.02928
0.173906    -0.281842    0.135587
0.131895    -0.279139    0.172312
0.132816    -0.258706    -0.132261
0.140554    -0.268717    -0.143742
-0.096444    -0.157589    0.056297
-0.033082    -0.248299    0.173698
-0.051515    -0.206604    0.131246
-0.009144    -0.27268    0.206409
0.031465    -0.27099    0.202886
-0.126184    -0.192334    -0.033152
-0.083425    -0.193841    -0.102521
-0.001083    -0.27756    -0.213033
-0.049682    -0.24294    -0.163927
-0.056183    -0.190536    -0.116808
0.15734    -0.228497    0.009831
0.171071    -0.251543    0.054925
0.144648    -0.255411    0.11439
0.090958    -0.246106    0.148679
0.106949    -0.232846    -0.121464
0.111165    -0.266933    -0.165151
-0.096272    -0.135    0.032771
0.003659    -0.223185    0.152242
-0.049647    -0.160649    0.101878
-0.005074    -0.251618    0.179528
-0.106954    -0.160438    -0.037281
-0.118538    -0.173672    -0.017127
0.020256    -0.267661    -0.199596
-0.047047    -0.182923    -0.115876
-0.071891    -0.176286    -0.097186
0.167454    -0.239036    -0.005164
0.140514    -0.221858    0.058554
0.066628    -0.238508    0.154308
0.12122    -0.23181    -0.105789
0.090715    -0.279931    -0.19733
0.09847    -0.249928    -0.148577
-0.092652    -0.105804    0.015379
-0.008595    -0.192623    0.130661
-0.056409    -0.129188    0.082385
-0.085236    -0.145923    -0.065178
0.029745    -0.277873    -0.213017
-0.005912    -0.223654    -0.152692
0.012231    -0.213984    -0.145094
0.137491    -0.203783    -0.020848
0.145944    -0.215246    -0.014554
0.126179    -0.207928    0.06345
0.077583    -0.203512    0.114575
0.100044    -0.196472    -0.088417
0.066781    -0.26624    -0.186746
-0.075283    -0.100199    0.05364
-0.09448    -0.114746    -0.017527
-0.026862    -0.150975    0.105322
0.0347    -0.2121    0.139595
0.037509    -0.240274    -0.16454
-0.014563    -0.172063    -0.118204
0.026312    -0.154103    -0.106931
0.136593    -0.201406    -0.017729
0.108576    -0.199052    0.08195
0.066145    -0.178695    0.101816
0.070175    -0.179703    -0.100277
-0.00329    -0.167366    0.116086
-0.032585    -0.120181    0.091909
-0.012459    -0.108087    -0.094048
0.026708    -0.130253    -0.096194
0.112773    -0.160027    0.013685
0.098128    -0.146248    0.04314
0.068038    -0.16073    0.091302
0.058182    -0.16225    -0.097785
0.028099    -0.175664    0.11653
-0.009886    -0.100793    -0.092171
0.044681    -0.108495    -0.082946
0.113266    -0.163641    0.019304
0.051756    -0.13851    0.08912
0.069494    -0.160146    -0.090064
0.055128    -0.128095    -0.082797
0.096201    -0.123302    0.019698
0.048195    -0.104786    0.079804
0.006759    -0.119163    0.096946
0.082315    -0.085719    -0.033782
0.080114    -0.09037    0.040164
0.07699    -0.115952    -0.058872
-0.098794    0.057447    -0.011261
0.015428    -0.12243    0.097112
-0.080719    0.04248    0.049997
-0.099646    0.063735    -0.016133
-0.059819    0.033654    -0.071152
-0.02089    0.024013    0.087684
-0.104846    0.088534    0.039766
-0.086856    0.073111    -0.058769
-0.084061    0.092709    0.076384
-0.029613    0.059395    0.094868
-0.009552    0.036633    -0.093383
0.085745    0.042052    -0.041071
-0.105129    0.107546    0.058211
-0.111729    0.093781    -0.02323
-0.08246    0.087692    -0.074781
-0.069015    0.073706    0.079296
-0.023595    0.081085    0.105697
0.006369    0.049116    -0.096628
0.073813    0.05295    -0.06425
0.09447    0.050891    -0.02256
-0.136672    0.132697    -0.017729
-0.105468    0.110664    -0.06089
-0.066652    0.107283    -0.100117
-0.09758    0.114126    0.077958
-0.036908    0.105033    0.113324
-0.035056    0.084154    -0.104061
0.030786    0.068739    -0.098001
0.099387    0.086264    -0.048941
0.092453    0.033051    0.007129
0.060011    0.022034    0.066689
-0.135813    0.1424    0.04652
-0.138389    0.142526    -0.037237
-0.132979    0.149408    -0.065594
0.047785    0.064818    0.088875
-0.065527    0.137053    0.12338
0.000518    0.110443    0.121634
-0.018673    0.107689    -0.119452
0.049512    0.095141    -0.103684
0.094481    0.088332    -0.059305
0.09763    0.052973    -0.010955
0.085065    0.063797    0.053552
-0.153326    0.167217    0.063589
-0.149213    0.157846    0.04426
-0.147874    0.151967    -0.027456
-0.124205    0.1677    -0.109196
0.063177    0.109353    0.103203
-0.087728    0.154623    0.125433
-0.012798    0.125135    0.131562
0.063788    0.120699    0.111625
-0.006099    0.127202    -0.132957
0.105685    0.131906    -0.086842
0.137416    0.134966    -0.021138
0.129067    0.121445    -0.002873
0.07577    0.082033    0.077858
-0.177856    0.184504    0.036215
-0.169759    0.172616    -0.004343
-0.1381    0.171413    -0.098016
-0.129946    0.184773    -0.126629
-0.119252    0.18428    0.136652
-0.04786    0.16308    0.153449
0.040539    0.152215    0.144616
-0.029108    0.124349    -0.127853
0.005041    0.140767    -0.142124
0.061545    0.150729    -0.136347
0.121011    0.139607    -0.073082
0.139167    0.136393    -0.004423
0.129434    0.12816    0.033156
0.087365    0.090061    0.071387
-0.187475    0.194989    0.051318
-0.188794    0.190884    0.021912
-0.1601    0.188926    -0.094973
-0.135469    0.190792    -0.131352
-0.161533    0.20065    0.124218
-0.026105    0.158461    0.154688
0.018633    0.180288    0.177119
0.078238    0.166104    0.143634
-0.067845    0.178866    -0.163776
0.060876    0.174461    -0.16127
0.086504    0.163494    -0.135969
0.159916    0.177138    -0.071217
0.166434    0.169153    -0.015924
0.145545    0.155037    0.047534
-0.159693    0.194382    0.11049
-0.203694    0.208102    0.059568
-0.196473    0.206622    -0.078763
-0.158218    0.196503    -0.118809
-0.147137    0.213455    -0.163197
-0.149994    0.208905    0.151604
-0.091107    0.216418    0.205429
-0.046419    0.197125    0.191789
0.051333    0.191481    0.18254
0.09517    0.175266    0.14401
-0.05605    0.178339    -0.166414
-0.01081    0.159224    -0.156907
0.108774    0.186187    -0.14826
0.144097    0.176645    -0.097664
0.154652    0.166347    -0.055479
0.133048    0.143469    0.057448
0.147609    0.158522    0.052756
-0.222917    0.218074    -0.009057
-0.158349    0.217991    -0.156976
-0.091575    0.216192    -0.204808
-0.058184    0.216556    0.215949
0.001686    0.210683    0.215674
0.064997    0.20794    0.202012
0.109806    0.166765    0.122329
0.139169    0.180855    0.112085
0.009429    0.205276    -0.208335
0.069407    0.187344    -0.171884
0.167501    0.208666    -0.13364
0.189334    0.200563    -0.073612
0.184482    0.187707    0.003037
0.200916    0.20021    0.028529
-0.203844    0.233606    0.062861
-0.178681    0.230804    -0.120371
-0.059912    0.196124    -0.186766
-0.133941    0.231004    0.169831
0.008046    0.2192    0.222209
0.080527    0.197092    0.181244
0.132456    0.196657    0.145627
0.149569    0.176735    0.088363
-0.004225    0.205044    -0.208018
0.091446    0.202259    -0.183036
0.133445    0.19858    -0.148327
0.17822    0.20953    -0.119532
0.214202    0.21038    -0.032312
0.21347    0.211474    0.040765
-0.179482    0.243774    0.100605
-0.195247    0.242708    -0.069374
-0.042915    0.219376    -0.218436
-0.102324    0.243154    0.179033
0.057744    0.230081    0.207506
0.146267    0.219315    0.167884
0.170338    0.201569    0.111572
0.025947    0.227045    -0.217288
0.166536    0.221397    -0.145767
0.219394    0.223689    0.009831
-0.199149    0.244223    0.050359
-0.175226    0.245963    -0.10465
-0.001343    0.231335    -0.214594
-0.096751    0.249432    0.176744
0.068694    0.249251    0.190281
0.17884    0.234555    0.115387
0.113626    0.231582    -0.182011
0.209065    0.235132    -0.039681
-0.167172    0.264181    0.087791
-0.190072    0.254529    -0.05358
-0.057763    0.241781    -0.199085
-0.13203    0.25671    0.144415
0.020006    0.245583    0.204363
0.134024    0.242534    0.158267
0.038691    0.238405    -0.206849
0.170998    0.236555    -0.126262
0.202139    0.239213    0.053904
-0.184187    0.269102    0.004189
-0.11932    0.267997    -0.142586
-0.080176    0.254691    -0.181552
-0.04601    0.267653    0.179723
0.046942    0.254306    0.192061
0.161747    0.251419    0.119712
0.167802    0.244724    -0.119389
0.195523    0.250855    0.044427
-0.177312    0.273029    -0.034354
-0.036094    0.261996    -0.187716
-0.079099    0.26149    -0.175023
0.002122    0.267396    0.185741
0.121767    0.264416    0.144753
0.151598    0.255157    -0.12685
0.193821    0.258527    -0.003526
-0.166652    0.280198    0.043959
-0.121853    0.281022    -0.120618
0.002713    0.269581    -0.183751
-0.04891    0.277634    0.168218
0.041652    0.275285    0.172813
0.083917    0.270525    -0.162733
0.17684    0.265571    -0.064092
-0.112175    0.288498    0.117941
-0.15824    0.286504    -0.048206
-0.052341    0.275428    -0.169787
-0.040493    0.286667    0.160086
0.110379    0.272163    0.145393
0.115706    0.273191    -0.13883
0.177133    0.27581    0.010974
-0.08985    0.291836    0.130977
-0.142569    0.293384    -0.06572
-0.04758    0.281003    -0.164774
0.004481    0.297727    0.150652
0.117829    0.289552    0.110337
0.146111    0.284971    -0.081229
0.165518    0.283711    0.033402
-0.138626    0.30563    -0.001455
-0.076971    0.302488    -0.121376
-0.043737    0.301754    0.138149
0.11293    0.296411    0.102556
0.136521    0.288673    -0.088514
0.154278    0.289277    0.048985
-0.134034    0.307572    0.023509
-0.074065    0.304976    -0.118504
-0.009346    0.305478    0.138867
0.069563    0.298495    -0.132634
0.157963    0.292133    -0.01669
-0.017422    0.320637    0.110775
-0.104054    0.311578    -0.078154
0.02817    0.305141    -0.136769
0.13334    0.301052    0.060793
0.138142    0.300766    -0.049806
-0.062977    0.316686    0.101303
-0.127155    0.312583    -0.017018
0.033833    0.311244    -0.125248
0.085424    0.30234    -0.116767
0.129425    0.311441    0.00617
-0.001385    0.323369    0.105351
-0.048303    0.325238    -0.088413
0.070858    0.31648    0.097216
0.113034    0.312149    -0.060366
-0.057903    0.329991    0.067883
-0.087699    0.328685    -0.028863
0.042282    0.323127    0.09793
0.092458    0.321555    -0.059295
0.025837    0.323815    -0.101
0.09078    0.323162    -0.054489
0.05337    0.326733    -0.081211
-0.027789    0.379622    0.033372
-0.052407    0.379855    0.020584
-0.015468    0.379622    -0.039203
0.006322    0.379622    0.048166
0.001405    0.379622    -0.052734
-0.036291    0.412881    0.005526
-0.013738    0.405018    0.054243
-0.013205    0.412881    -0.031602
0.03794    0.381137    -0.041184
0.031022    0.412881    -0.016144
0.019463    0.412881    0.037082
-0.048734    0.412881    -0.009899
-0.008759    0.412881    -0.053125
0.020471    0.412881    0.050559
-0.030841    0.39742    -0.046799
-0.128976    -0.332857    0.138894
-0.197083    -0.324272    0.031635
-0.19686    -0.326013    -0.016092
-0.206368    -0.311278    0.038604
0.191414    -0.326368    -0.044746
-0.211976    -0.307651    -0.021251
0.196179    -0.326639    0.012555
-0.087544    -0.320457    0.182658
-0.192813    -0.318252    -0.068337
0.204004    -0.318168    0.002904
-0.127423    -0.308514    0.170474
-0.01423    -0.329726    0.192821
0.19505    -0.322076    0.046787
-0.196154    -0.286751    0.106681
-0.208634    -0.288857    -0.080033
-0.173557    -0.303181    -0.128878
0.207689    -0.310708    0.035274
-0.183039    -0.274287    0.100146
-0.122559    -0.305124    0.175883
-0.189157    -0.287685    -0.117935
-0.006069    -0.324373    0.198463
-0.168289    -0.289323    -0.145695
0.216719    -0.299826    0.024471
-0.186053    -0.272019    0.088773
-0.141033    -0.267335    0.140611
-0.005266    -0.31566    0.206127
-0.216599    -0.284344    -0.050322
-0.181275    -0.277365    -0.111561
-0.194245    -0.268396    0.050099
-0.134895    -0.313821    -0.158513
-0.168549    -0.284812    -0.146648
0.207684    -0.300504    -0.0607
0.163617    -0.301042    -0.141856
-0.145917    -0.250769    0.104689
-0.122266    -0.247542    0.126094
-0.078456    -0.299392    0.203607
-0.192641    -0.26254    0.00617
-0.1647    -0.263533    -0.102715
-0.147165    -0.268798    -0.137287
0.062606    -0.323364    0.189621
-0.117205    -0.301627    -0.18135
0.125473    -0.328313    0.149391
0.219013    -0.295812    0.015984
0.094132    -0.308331    -0.189845
-0.114956    -0.262763    0.156425
-0.114448    -0.225116    0.103476
-0.071742    -0.295082    0.207866
-0.183405    -0.255658    -0.006565
-0.146748    -0.253574    -0.10864
-0.10707    -0.234328    -0.123356
0.088203    -0.308563    0.193075
-0.097242    -0.268879    -0.176239
-0.089466    -0.241974    -0.144961
0.170401    -0.304495    0.132191
0.16067    -0.28938    0.153278
0.047772    -0.314173    -0.201721
-0.091524    -0.267018    0.176622
-0.077017    -0.249516    0.160504
-0.07719    -0.203626    0.114892
0.07732    -0.291938    0.207879
-0.150275    -0.222492    -0.024812
-0.119093    -0.225631    -0.099527
-0.122462    -0.181164    0.017885
-0.069029    -0.295159    -0.208554
-0.070189    -0.248281    -0.163082
0.220851    -0.285006    -0.037935
0.219106    -0.282032    0.021055
0.178955    -0.261803    0.072586
0.134733    -0.277722    0.166855
0.175161    -0.278858    -0.126199
0.05174    -0.304105    -0.20789
-0.108379    -0.186861    0.065815
-0.073286    -0.271835    0.192867
-0.090824    -0.202459    0.103354
-0.083669    -0.284964    0.208538
0.011762    -0.277501    0.212952
0.093225    -0.293551    0.200283
-0.143756    -0.219453    -0.038368
-0.10373    -0.213574    -0.101071
-0.033115    -0.314527    -0.205384
-0.03554    -0.280218    -0.214764
-0.066368    -0.213925    -0.129176
0.186563    -0.262929    -0.05009
0.215954    -0.279877    0.029296
0.164095    -0.275315    0.132868
0.130418    -0.277144    0.170039
0.161109    -0.269225    -0.124166
0.137564    -0.269792    -0.148795
-0.002408    -0.306115    -0.213013
-0.11705    -0.176135    0.02698
-0.025068    -0.211654    0.141864
-0.069988    -0.173842    0.097013
0.049051    -0.257847    0.179699
0.122811    -0.285081    0.186874
-0.106982    -0.186062    -0.067155
-0.006557    -0.293669    -0.220006
-0.032255    -0.255306    -0.180883
-0.030468    -0.208575    -0.138264
0.172046    -0.244294    -0.02441
0.145768    -0.226213    0.055433
0.13486    -0.233426    0.090556
0.096048    -0.249848    0.149886
0.151309    -0.250598    -0.095022
0.09968    -0.267983    -0.173427
-0.094505    -0.160698    0.062462
-0.01731    -0.238207    0.166659
-0.068473    -0.152022    0.085898
0.010293    -0.228731    0.157562
-0.109234    -0.159986    -0.02798
-0.082264    -0.154686    -0.073809
0.016674    -0.269569    -0.202186
-0.036086    -0.193905    -0.126496
-0.061021    -0.176711    -0.103684
0.154986    -0.226046    -0.018543
0.1574    -0.245091    0.073902
0.084796    -0.22839    0.132603
0.13403    -0.220603    -0.067383
0.104651    -0.246629    -0.141354
0.08526    -0.250471    -0.156805
-0.083904    -0.102206    0.039754
-0.011966    -0.206187    0.139826
-0.073124    -0.124281    0.065861
0.028005    -0.224497    0.151413
-0.088314    -0.110126    -0.035907
0.004206    -0.233656    -0.162291
-0.004902    -0.219547    -0.148852
-0.051236    -0.136494    -0.08837
0.135527    -0.199825    0.005833
0.136668    -0.217186    0.057792
0.066909    -0.207562    0.123899
0.106271    -0.208681    -0.093855
0.069428    -0.257123    -0.173224
0.064298    -0.243576    -0.160644
-0.093418    -0.105588    0.011344
-0.016207    -0.173533    0.118719
0.045954    -0.21741    0.140293
-0.072857    -0.115514    -0.062905
-0.044304    -0.16651    -0.107908
0.026235    -0.154462    -0.107119
0.131828    -0.205802    -0.047245
0.11678    -0.210415    0.083095
0.054164    -0.19018    0.117696
0.088982    -0.211922    -0.114238
0.046242    -0.193146    -0.123246
-0.026971    -0.101681    0.088435
-0.0134    -0.090083    -0.088952
0.034109    -0.157059    -0.106224
0.113673    -0.164554    -0.019386
0.106923    -0.161136    0.038615
0.072186    -0.172486    0.095035
0.077421    -0.178303    -0.093729
0.041102    -0.149414    0.100775
-0.025427    -0.101998    -0.088934
0.050162    -0.158266    -0.100339
0.112887    -0.160282    -0.007495
0.071506    -0.161064    0.088641
0.069673    -0.156141    -0.087329
0.050332    -0.125851    -0.084892
0.098997    -0.127054    -0.008743
0.066069    -0.116984    0.070234
0.070701    -0.122707    -0.067705
0.063551    -0.086063    -0.061386
0.085832    -0.091053    0.026018
0.048871    -0.09083    0.075225
-0.088682    0.018542    -0.00115
0.019226    -0.103969    0.091127
-0.087662    0.057695    0.04588
-0.092616    0.051796    -0.030386
-0.074522    0.043606    -0.060105
-0.04548    0.050051    0.085599
-0.092021    0.073977    0.050605
-0.099757    0.073701    -0.032889
0.006266    0.042088    0.094801
-0.019976    0.057838    0.09703
-0.003551    0.043053    -0.095052
0.056944    0.018203    -0.068346
-0.090739    0.085106    0.062873
-0.120148    0.107542    -0.009302
-0.100422    0.090866    -0.051301
0.03724    0.063376    0.093894
-0.050863    0.080104    0.095065
-0.01626    0.062114    -0.099178
0.037319    0.026301    -0.083183
0.086818    0.030767    -0.030905
-0.12941    0.134687    0.05028
-0.116935    0.139059    -0.079403
-0.049961    0.108922    -0.11061
-0.092426    0.121313    0.089977
-0.04185    0.088398    0.104226
0.020607    0.101409    0.115999
0.01534    0.098741    -0.116161
0.098989    0.089651    -0.052688
0.090983    0.027395    -0.001226
0.059122    0.038243    0.073536
-0.108809    0.130987    0.082565
-0.137366    0.133728    0.013814
-0.118867    0.130982    -0.065139
-0.075474    0.13291    -0.114404
-0.090775    0.131489    0.10135
-0.021722    0.142181    0.142304
-0.028572    0.099348    -0.1129
0.04171    0.106453    -0.112702
0.074014    0.087018    -0.082796
0.097613    0.052909    -0.012137
0.094714    0.060831    0.031632
0.04312    0.060518    0.090104
-0.165399    0.169584    0.027385
-0.14909    0.155723    -0.036847
-0.114023    0.157361    -0.105347
0.066333    0.086322    0.089374
-0.105728    0.176598    0.139393
-0.013548    0.112644    0.123122
0.069508    0.118187    0.106361
-0.011665    0.132811    -0.136747
0.069332    0.109744    -0.099877
0.121932    0.118377    -0.035613
0.136633    0.132641    0.009503
0.07191    0.093028    0.088739
-0.163086    0.172781    0.047863
-0.176097    0.179221    0.001243
-0.159564    0.18621    -0.089236
-0.107386    0.175235    -0.136245
-0.121877    0.18284    0.132073
-0.109532    0.186266    0.147909
-0.019577    0.151901    0.149881
0.070586    0.143891    0.125794
0.009597    0.147874    -0.146926
0.052829    0.132227    -0.126945
0.11512    0.137633    -0.080616
0.148301    0.14991    0.010096
0.127194    0.123296    0.028815
0.082032    0.088819    0.075928
-0.180665    0.1899    0.050036
-0.205261    0.203013    0.012381
-0.156282    0.188858    -0.101403
-0.1611    0.204478    -0.131995
-0.142534    0.189609    0.122016
-0.130081    0.208803    0.170993
-0.016649    0.183859    0.180549
0.026448    0.17018    0.166241
0.093983    0.127478    0.09431
0.00259    0.168758    -0.166057
0.091337    0.171264    -0.141788
0.131955    0.15739    -0.08174
0.162898    0.165468    -0.013236
0.174344    0.178804    0.028173
-0.15436    0.193793    0.118125
-0.206157    0.208115    0.050451
-0.21036    0.206768    -0.001016
-0.173407    0.206827    -0.120533
-0.120895    0.196272    -0.156449
-0.107141    0.200127    -0.170634
-0.091585    0.197125    0.174908
-0.04505    0.189768    0.181815
-0.00506    0.191075    0.189055
0.090988    0.16129    0.130936
-0.02676    0.15987    -0.155915
0.000105    0.167581    -0.164927
0.07419    0.179618    -0.160945
0.112159    0.186006    -0.146086
0.166626    0.176269    -0.047585
0.178698    0.181931    0.000693
0.171001    0.184505    0.061802
-0.210809    0.222457    0.063903
-0.197188    0.224308    -0.096466
-0.091188    0.205026    -0.187526
-0.114622    0.221921    0.188438
-0.014491    0.213419    0.219391
0.056008    0.208704    0.205494
0.075976    0.189121    0.171376
0.139845    0.177849    0.10733
0.009458    0.201394    -0.203064
0.054031    0.190233    -0.180063
0.151704    0.195757    -0.124651
0.159836    0.191692    -0.102939
0.197782    0.197504    -0.012757
0.155304    0.169467    0.064475
-0.175952    0.231022    0.124818
-0.199618    0.23548    -0.074096
-0.081925    0.211722    -0.20279
-0.157671    0.232972    0.144358
-0.004858    0.21859    0.222593
0.08051    0.204597    0.193019
0.123758    0.19858    0.158019
0.141773    0.166747    0.082694
-0.015642    0.216103    -0.223032
0.049508    0.206366    -0.20395
0.127328    0.194031    -0.145709
0.183025    0.205267    -0.099637
0.20964    0.208722    -0.040638
0.200743    0.199684    0.018417
-0.180765    0.239551    0.104797
-0.205074    0.236846    -0.049895
-0.082692    0.217815    -0.208789
-0.142038    0.238547    0.154534
0.017799    0.220936    0.221119
0.128438    0.229859    0.174705
0.180841    0.207767    0.110207
0.018206    0.225791    -0.218075
0.146843    0.219955    -0.166737
0.2193    0.220706    -0.036467
-0.167132    0.253055    0.107895
-0.190633    0.252476    -0.057921
-0.071062    0.227705    -0.20548
-0.14252    0.253301    0.138204
-0.024937    0.246981    0.203305
0.143641    0.222016    0.168113
0.062684    0.231991    -0.204942
0.178873    0.235471    -0.114178
0.20105    0.235783    0.068015
-0.189725    0.263024    -0.017917
-0.146064    0.258193    -0.12847
-0.084663    0.239853    -0.192127
-0.040245    0.248684    0.19835
0.090515    0.244517    0.184657
0.176885    0.242819    0.106553
0.140318    0.239863    -0.15484
0.210066    0.238075    -0.008887
-0.184177    0.265839    0.035777
-0.113439    0.270119    -0.145734
0.046488    0.244295    -0.200129
-0.095504    0.26434    0.16255
0.064989    0.267803    0.174494
0.17257    0.246482    0.108463
0.170763    0.245204    -0.113532
0.195502    0.248037    0.052778
-0.178518    0.274538    0.002416
-0.045778    0.258631    -0.188294
-0.083628    0.268406    -0.165131
-0.03544    0.275036    0.174757
0.120119    0.263298    0.147841
0.157338    0.254745    -0.121642
0.197706    0.254261    -0.007799
-0.10859    0.285175    0.12748
-0.164975    0.274172    -0.072085
-0.024385    0.264706    -0.18819
-0.088764    0.284026    0.14295
0.058795    0.280747    0.162056
0.17369    0.265262    0.074527
0.180591    0.262901    -0.059493
-0.128928    0.294701    0.085905
-0.153706    0.287947    -0.057839
-0.094172    0.2876    -0.134874
-0.089365    0.287512    0.137784
0.101094    0.282012    0.138363
0.071369    0.273774    -0.16589
0.172654    0.279922    0.018498
-0.102699    0.29773    0.11035
-0.145918    0.296003    -0.046212
-0.026688    0.279026    -0.172604
-0.050079    0.296259    0.144535
0.070725    0.291219    0.14295
0.134104    0.283635    -0.104343
0.15937    0.285692    0.048009
-0.127978    0.308133    0.042676
-0.103501    0.301644    -0.101469
0.029751    0.296258    -0.149982
0.091655    0.294985    0.125178
0.102096    0.288747    -0.127558
0.159171    0.286269    0.045917
-0.047314    0.308409    0.126284
-0.10253    0.306331    -0.091945
-0.003755    0.310978    0.130159
0.142481    0.292193    0.068988
0.148984    0.297789    -0.025748
-0.047312    0.32004    0.10279
-0.112932    0.31638    -0.041473
-0.009858    0.300631    -0.146539
0.089222    0.309955    0.09714
0.117322    0.304041    -0.079075
-0.083413    0.318752    0.079488
-0.121897    0.315314    0.006816
0.011074    0.311173    -0.12985
0.121212    0.308654    0.057729
0.130184    0.306636    -0.0436
-0.015697    0.327476    0.094326
-0.086475    0.323954    -0.058026
0.034785    0.326476    0.091777
0.081088    0.313762    -0.095583
-0.076277    0.328875    0.051304
-0.095968    0.327156    0.008411
0.038071    0.317459    -0.111664
0.095163    0.314509    -0.079448
-0.001599    0.324123    -0.103481
0.058882    0.328541    -0.071983
0.024975    0.326837    -0.09348
0.099553    0.324983    0.020057
-0.012687    0.379622    0.0506
-0.029922    0.379622    -0.037172
-0.053438    0.397355    0.01674
-0.022034    0.39339    0.051884
-0.017884    0.396899    0.053132
0.05595    0.385917    -0.000804
0.022555    0.386163    -0.051583
-0.036946    0.403772    -0.042179
-0.01631    0.388875    -0.053553
-0.012428    0.412881    0.000742
-0.053982    0.412881    -0.005826
0.038618    0.412881    -0.03049
0.036924    0.412881    0.03415
-0.037217    0.412881    -0.035756
