-0.070339    0.122392    0.132273
-0.068941    0.12934    0.132853
-0.059209    -0.009328    0.136883
-0.074066    0.176276    0.13073
-0.054614    0.112391    0.138787
-0.047316    0.077309    0.141809
-0.053237    0.014668    0.139357
-0.084333    0.048355    0.123254
-0.098606    0.02399    0.112303
-0.093356    0.005846    0.116331
-0.033993    0.121094    0.145934
-0.013368    0.183609    0.148649
-0.012614    0.154228    0.148748
-0.10363    0.088333    0.108448
-0.088894    0.109105    0.119755
-0.103531    0.092099    0.108524
-0.090771    0.159539    0.118314
-0.000406    -0.021772    0.150356
-0.018741    0.005419    0.147942
-0.003182    0.008498    0.14999
-0.10864    0.044202    0.10338
-0.11002    0.196872    0.101582
-0.117643    0.15301    0.091647
-0.081938    0.116336    0.127462
-0.106235    0.20234    0.108818
-0.095676    0.194559    0.116921
-0.084733    0.18592    0.125318
-0.044835    0.039664    0.144873
-0.05815    0.163742    0.139358
-0.047574    0.156697    0.143739
0.031836    0.165155    0.146218
0.009305    0.143795    0.149184
0.005849    0.028508    0.149639
-0.111547    0.000669    0.099592
-0.11783    0.070837    0.091403
-0.122717    -0.020184    0.085033
-0.117648    -0.02415    0.091639
-0.103251    0.121627    0.111108
-0.103115    -0.013716    0.111213
-0.104839    0.04687    0.10989
-0.068182    0.094025    0.135202
-0.069521    0.106137    0.134648
-0.061137    0.047656    0.138121
-0.073213    0.123953    0.133119
-0.003339    -0.017659    0.151866
-0.032264    0.154206    0.148058
-0.028844    -0.016196    0.148508
0.0192    0.083259    0.147881
0.021146    0.092743    0.147625
0.004306    -0.027755    0.149842
-0.019952    0.15061    0.149679
-0.021738    0.128096    0.149444
-0.003841    0.162416    0.151799
-0.028986    0.176468    0.14849
-0.135787    0.09816    0.061854
-0.139196    0.19119    0.053626
-0.130673    0.058911    0.0742
-0.131261    0.187277    0.076986
-0.124251    0.052978    0.086122
-0.128837    0.199568    0.080146
-0.118039    -0.005273    0.094219
-0.108113    0.176226    0.107155
-0.118874    0.078383    0.093131
-0.108631    0.160122    0.10648
0.045861    0.104259    0.142413
0.045256    0.126783    0.142664
0.041768    0.114383    0.144109
0.008632    0.035394    0.151169
0.013636    0.062399    0.15051
0.011872    0.037842    0.150742
0.01996    0.138781    0.149677
0.037108    0.063668    0.14742
0.0158    0.131274    0.150225
0.007338    0.1951    0.151339
-0.14443    0.036139    0.04099
-0.140762    0.092355    0.049845
-0.141314    0.027093    0.048514
-0.140748    0.084734    0.054795
-0.135765    0.154375    0.066824
-0.144114    0.026405    0.04667
-0.136003    0.107682    0.066251
-0.134786    0.102593    0.069189
-0.133592    -0.008902    0.072072
-0.132086    0.004922    0.075707
0.063617    0.049116    0.135058
0.070468    0.118759    0.13222
0.074566    0.120338    0.130522
0.069542    0.042127    0.134638
0.074619    0.024486    0.132536
0.06731    0.0511    0.135563
0.073735    0.114114    0.132902
0.044965    0.047904    0.144818
0.040002    0.002741    0.146874
0.041942    0.151423    0.146071
-0.146614    0.202781    0.028831
-0.146334    0.189929    0.030953
-0.148187    0.179533    0.016881
-0.147306    0.065604    0.037988
-0.148894    0.091339    0.025921
-0.149441    0.026086    0.021765
-0.149602    0.065935    0.020538
0.085127    0.11944    0.122644
0.100726    0.191973    0.110674
0.088705    0.123356    0.119899
0.081319    -0.025362    0.127935
0.104159    -0.030085    0.11041
0.09528    -0.007581    0.117223
-0.146875    -0.012829    0.026848
-0.149799    0.030041    0.004641
-0.150221    0.047147    0.001438
-0.150018    0.133729    0.002974
-0.150192    0.140768    0.016052
-0.152258    0.134182    0.000354
-0.148847    0.143323    0.026274
0.105989    0.002486    0.106636
0.105388    0.095393    0.107097
0.094183    0.046174    0.115695
0.079455    0.182352    0.129366
0.100064    0.048597    0.113552
0.103883    0.061902    0.110622
0.09075    0.18303    0.120699
-0.150385    0.050467    -0.000186
-0.147774    0.202018    -0.020019
-0.149785    0.17367    -0.004746
-0.149051    0.045238    -0.024727
-0.148493    -0.030907    -0.028966
-0.150678    0.001763    -0.012366
0.120983    -0.020423    0.087291
0.124077    -0.026616    0.08326
0.116561    0.021585    0.093054
0.111448    0.003992    0.099718
0.119493    0.127897    0.092322
0.119668    0.180054    0.092094
0.10785    0.02226    0.107495
-0.146813    -0.03203    -0.027315
-0.148525    0.013457    -0.014313
-0.146312    0.050266    -0.031126
-0.150496    0.160061    -0.013744
-0.147218    0.065771    -0.038651
-0.148573    0.051899    -0.028359
-0.149681    0.206426    -0.019939
0.113136    0.171566    0.097518
0.117646    0.164213    0.091641
0.129481    -0.015658    0.076218
0.115831    -0.014816    0.097095
0.116502    -0.01966    0.09622
0.12684    0.156571    0.082747
0.12047    0.018782    0.091048
-0.140892    0.182328    -0.049532
-0.14093    0.055216    -0.049439
-0.143201    0.135254    -0.043958
-0.146909    0.027708    -0.039922
-0.140987    0.011821    -0.05422
-0.145832    0.094942    -0.042523
0.130998    0.194149    0.073419
0.135136    0.113259    0.063428
0.131754    0.109942    0.071593
0.135524    0.07335    0.062493
0.13608    0.149895    0.066061
0.140878    0.13814    0.05448
0.137674    0.133346    0.062214
-0.137271    0.072547    -0.058273
-0.135087    0.066201    -0.063544
-0.132406    0.006987    -0.070017
-0.135544    0.204364    -0.067357
-0.142039    0.142369    -0.05168
-0.141983    0.146118    -0.051813
-0.144787    0.202456    -0.045045
0.140886    0.045664    0.049546
0.144387    0.076876    0.041096
0.145087    0.093622    0.039404
0.143288    -0.024833    0.04866
0.142016    0.014436    0.051733
0.140922    0.036043    0.054372
-0.124802    0.115302    -0.082315
-0.12205    0.082928    -0.085902
-0.11916    0.191161    -0.089669
-0.129964    0.136195    -0.075587
-0.114165    0.005252    -0.099268
-0.127724    0.03251    -0.081597
-0.118331    0.004916    -0.093838
0.146985    -0.007031    0.026006
0.147817    0.054272    0.019685
0.14574    0.115773    0.035468
0.149835    0.165566    0.018765
0.149197    0.106589    0.023608
0.14975    0.180784    0.019408
0.150888    0.199146    0.010765
-0.107689    0.179299    -0.10462
-0.123784    0.010974    -0.083642
-0.124549    0.019029    -0.082645
-0.126239    0.168071    -0.083532
-0.112004    0.154983    -0.102084
-0.112814    0.079515    -0.101029
-0.110523    0.154415    -0.104014
0.150004    0.112084    0.003075
0.148645    0.156256    0.013402
0.150021    0.078814    0.002948
0.15097    0.065422    0.010141
0.150621    -0.023376    0.01279
0.149485    0.030591    0.021422
-0.089297    0.021603    -0.119446
-0.075358    -0.033361    -0.130141
-0.093306    0.032383    -0.116369
-0.090009    0.062571    -0.118899
-0.086049    0.132239    -0.124308
-0.094822    0.129353    -0.117576
-0.0816    0.173774    -0.127721
0.147608    0.000372    -0.021272
0.149582    0.070495    -0.006279
0.147694    -0.029221    -0.020626
0.152126    0.187282    -0.001357
0.148894    0.181881    -0.025915
0.151757    0.142963    -0.004159
0.148283    0.162477    -0.030556
-0.099613    0.190767    -0.111531
-0.07737    0.148673    -0.128597
-0.088025    0.171692    -0.120421
-0.092501    0.001346    -0.119357
-0.076717    0.072748    -0.131468
-0.081063    0.113113    -0.128134
0.146652    0.191409    -0.028534
0.148341    0.116455    -0.015709
0.148437    0.178296    -0.014981
0.145387    0.006073    -0.03815
0.149671    0.021724    -0.020012
0.14771    0.152198    -0.034904
0.147915    0.00999    -0.033347
-0.054396    -0.00245    -0.138877
-0.065161    0.021128    -0.134418
-0.071051    0.042114    -0.131979
-0.072014    0.16113    -0.133615
-0.061189    0.135636    -0.138099
-0.041994    0.204476    -0.14605
-0.06265    0.190197    -0.137494
0.143443    0.093805    -0.043373
0.142613    0.151662    -0.045377
0.135559    0.018362    -0.062407
0.146666    0.096107    -0.040506
0.145264    -0.003235    -0.043892
0.146745    0.111514    -0.040314
-0.054366    0.141711    -0.138889
-0.053025    0.106518    -0.139445
-0.057162    0.194569    -0.137731
-0.055252    0.199495    -0.138522
-0.051105    0.016365    -0.142276
-0.056569    0.033456    -0.140013
-0.044372    0.034576    -0.145065
0.137396    0.16545    -0.057972
0.136553    0.152189    -0.060006
0.142385    0.205582    -0.045928
0.134527    0.207289    -0.067174
0.137734    0.041904    -0.062069
0.133641    0.151826    -0.07195
0.1424    0.023644    -0.050804
-0.02978    -0.000107    -0.146488
-0.03748    0.020514    -0.145475
-0.016128    0.034239    -0.148286
-0.039243    0.065202    -0.147139
-0.017492    0.147189    -0.150003
-0.005177    0.18055    -0.151624
-0.004406    0.202074    -0.151725
0.112521    -0.023091    -0.09832
0.122204    0.03366    -0.085701
0.108201    -0.031735    -0.103949
0.126328    0.166269    -0.083415
0.116093    0.131938    -0.096753
0.120877    0.125627    -0.090518
-0.00681    0.196071    -0.149513
-0.00059    0.129766    -0.150331
-0.013182    0.079904    -0.148674
-0.018376    0.111157    -0.14799
-0.007515    0.021533    -0.151316
-0.012393    -0.025826    -0.150674
-0.009225    0.091662    -0.151091
0.106357    0.115076    -0.106352
0.126548    0.188094    -0.080039
0.121876    0.162308    -0.086128
0.112019    0.061722    -0.102062
0.112105    0.147763    -0.101951
0.108367    0.134425    -0.106822
0.109285    0.069108    -0.105625
0.008159    0.012534    -0.149335
0.002498    0.076175    -0.15008
0.001858    0.172483    -0.150164
0.025652    0.198588    -0.148928
0.001824    0.13991    -0.152065
0.003995    0.178164    -0.151779
0.101072    0.203345    -0.110409
0.083078    0.18774    -0.124216
0.1053    0.003384    -0.107164
0.094673    0.167209    -0.115319
0.092249    -0.010579    -0.119548
0.091332    0.023053    -0.120252
0.103595    0.039622    -0.110843
0.016409    0.201563    -0.148249
0.026156    0.080613    -0.146966
0.026958    0.176783    -0.14686
0.024796    0.038512    -0.149041
0.030252    0.104351    -0.148323
0.026087    0.110348    -0.148871
0.028262    0.088332    -0.148585
0.075728    0.083691    -0.129856
0.078252    0.095065    -0.127919
0.083654    -0.004562    -0.123774
0.077457    0.123245    -0.130899
0.077331    0.027311    -0.130996
0.079969    0.155497    -0.128971
0.102831    0.184865    -0.111429
0.045837    0.028075    -0.142423
0.057151    0.0784    -0.137736
0.040826    0.157783    -0.144499
0.041379    0.197083    -0.146304
0.053562    0.151026    -0.141258
0.045719    0.166339    -0.144506
0.056109    0.170175    -0.138168
0.050545    0.152542    -0.140473
0.074994    -0.018757    -0.130345
0.050182    0.150273    -0.140623
0.05598    -0.029623    -0.140256
0.067218    -0.019735    -0.135601
0.052332    0.023195    -0.141767
0.148439    -0.382198    -0.014962
0.15015    -0.387245    -0.00197
0.138064    -0.374645    -0.056358
0.147656    -0.40061    0.020915
0.138916    -0.445885    -0.009498
0.139091    -0.403825    -0.053881
0.146284    -0.408791    0.031334
0.11875    -0.470767    -0.044773
0.116176    -0.473682    0.004468
0.115697    -0.464491    -0.060343
0.111849    -0.378166    -0.099195
0.143637    -0.395283    0.042906
0.120002    -0.47868    0.029975
0.001062    -0.486375    -0.059642
0.074583    -0.486375    -0.046578
0.091424    -0.486375    -0.023894
0.08861    -0.486375    -0.021069
0.110253    -0.457403    -0.075658
0.106509    -0.357629    -0.095277
0.132131    -0.382081    0.070682
0.137399    -0.431883    0.050553
0.115889    -0.42897    -0.031286
-0.063702    -0.486375    -0.06275
-0.102424    -0.486375    -0.031974
-0.077464    -0.486375    -0.032928
0.10015    -0.486375    0.017481
0.092555    -0.473807    -0.07542
0.095097    -0.40937    -0.114994
0.147828    -0.3492    -0.019606
0.130321    -0.305554    -0.075053
0.122271    -0.415841    0.085613
0.119598    -0.469585    0.044268
-0.098038    -0.466424    -0.078618
-0.107276    -0.480862    -0.05928
0.069715    -0.486375    -0.002261
0.090632    -0.37473    -0.11842
0.084674    -0.436079    -0.116773
0.128165    -0.347526    -0.077932
0.15016    -0.340338    -0.001888
0.146511    -0.347761    0.029607
0.116023    -0.311852    -0.093756
0.118972    -0.366967    0.089913
0.107492    -0.433553    0.098843
0.097624    -0.486375    0.049975
-0.056441    -0.486375    0.036618
-5.1e-05    -0.486375    0.040227
0.006997    -0.486375    -0.079651
0.034361    -0.486375    -0.096995
-0.109614    -0.455567    -0.077997
-0.128857    -0.457259    -0.038018
0.038725    -0.486375    -0.008589
0.090869    -0.448014    -0.10278
0.075807    -0.435595    -0.123881
0.101256    -0.346368    -0.110267
0.145926    -0.321694    0.034049
0.113913    -0.357316    0.086142
0.094752    -0.382412    0.115258
0.090859    -0.455728    0.090493
0.004028    -0.486375    0.030265
-0.035345    -0.486375    0.041719
-0.058674    -0.486375    0.052647
-0.016173    -0.486375    -0.09672
0.073776    -0.476634    -0.091334
-0.116636    -0.429663    -0.090123
-0.079007    -0.486375    -0.009174
-0.143164    -0.419356    -0.044048
-0.005312    -0.486375    -0.005704
0.059263    -0.369979    -0.136861
0.062801    -0.470123    -0.111631
0.085531    -0.325142    -0.122334
0.146324    -0.290256    0.026536
0.134343    -0.309279    0.065342
0.096511    -0.41041    0.113909
-0.069178    -0.486375    0.062581
-0.105816    -0.44822    0.055602
-0.116846    -0.472498    0.047105
0.045493    -0.486375    -0.104178
-0.110853    -0.42373    -0.100496
-0.11106    -0.483063    -0.010036
-0.14652    -0.382367    -0.029543
-0.135947    -0.451367    -0.013498
-0.082891    -0.486375    0.000793
0.018311    -0.410688    -0.147998
0.043132    -0.467476    -0.121211
0.068073    -0.342355    -0.133212
0.130319    -0.285466    0.061008
0.127811    -0.332373    0.078394
0.043339    -0.370151    0.143458
0.076978    -0.465908    0.102315
-0.115335    -0.428119    0.032618
-0.117542    -0.466254    0.053583
0.046856    -0.486375    0.08447
0.06486    -0.486375    0.08466
-0.06497    -0.473493    -0.108313
-0.099644    -0.42466    -0.111507
-0.110897    -0.387994    -0.100439
-0.149002    -0.390531    -0.010694
-0.057299    -0.486375    0.015305
0.01528    -0.395233    -0.148397
0.034483    -0.431074    -0.143417
0.035212    -0.441312    -0.114264
0.057867    -0.291632    -0.13744
0.13541    -0.27706    -0.059479
0.119969    -0.306412    0.088614
0.053231    -0.419906    0.13936
0.079667    -0.446827    0.113841
-0.097643    -0.453856    0.088722
-0.132693    -0.384405    0.069324
-0.118761    -0.477886    0.02081
-0.00225    -0.486375    0.098911
0.030755    -0.444466    -0.115864
-0.055698    -0.483593    -0.105778
-0.010977    -0.469161    -0.121879
-0.055709    -0.471916    -0.113598
-0.08632    -0.375917    -0.12173
-0.07282    -0.420181    -0.131246
-0.14765    -0.430287    0.000894
-0.147213    -0.375736    0.024277
-0.030785    -0.424708    -0.146356
0.059458    -0.433768    -0.104221
0.038192    -0.324858    -0.145381
0.146042    -0.273316    -0.033171
0.13573    -0.25717    -0.061994
0.125462    -0.269058    -0.081455
0.104442    -0.242917    -0.107823
0.085653    -0.313067    0.12224
0.106187    -0.331331    0.106484
0.035882    -0.399861    0.145685
0.045017    -0.440716    0.134913
-0.120726    -0.436421    0.079242
-0.13626    -0.366969    0.060715
-0.122526    -0.380367    0.085282
0.005911    -0.486375    0.104274
0.014349    -0.434885    -0.11601
-0.028976    -0.42873    -0.145324
-0.009088    -0.444213    -0.140032
-0.048392    -0.402309    -0.141364
-0.100541    -0.361323    -0.104861
-0.02857    -0.391305    -0.146648
0.014118    -0.291137    -0.14855
0.147653    -0.241681    -0.020932
0.140005    -0.237401    -0.051675
0.149514    -0.236883    0.006795
0.118476    -0.232733    -0.09056
0.140281    -0.26898    0.051006
0.058181    -0.296203    0.13731
0.115211    -0.277079    0.092716
0.005227    -0.363562    0.147214
0.048841    -0.344201    0.141179
-0.123046    -0.416985    0.084604
-0.086661    -0.447751    0.107893
-0.07563    -0.435911    0.123818
-0.115787    -0.352109    -0.092252
-0.016849    -0.329964    -0.148191
0.06427    -0.275339    -0.134787
0.147089    -0.2219    0.02522
0.133921    -0.243072    0.066362
0.090058    -0.281459    0.111731
0.127223    -0.270382    0.079161
0.024346    -0.432479    0.144043
0.036147    -0.46398    0.113877
0.018321    -0.301563    0.147997
-0.094644    -0.390447    0.115343
0.01863    -0.481491    0.115276
-0.058207    -0.469123    0.104738
-0.044075    -0.46454    0.122409
-0.049504    -0.453486    0.126142
-0.142257    -0.325427    -0.046236
-0.118372    -0.324903    -0.090696
-0.147236    -0.341709    0.024104
-0.029406    -0.296763    -0.146537
0.008941    -0.277    -0.148024
0.105797    -0.211495    -0.100276
0.110501    -0.252707    0.100953
-0.036819    -0.397129    0.145562
0.058299    -0.442904    0.104701
0.022037    -0.341767    0.147508
-0.077478    -0.398047    0.128514
-0.076618    -0.358302    0.119977
-0.035296    -0.444183    0.114229
-0.021572    -0.458219    0.131427
-0.076483    -0.346286    -0.129278
-0.139116    -0.291501    -0.053819
-0.145689    -0.342    -0.03585
-0.150152    -0.322477    0.001956
-0.112582    -0.334125    -0.098243
-0.056225    -0.349707    -0.138119
0.025638    -0.266795    -0.147034
0.144338    -0.211301    -0.01289
0.124484    -0.203324    -0.069492
0.099094    -0.205503    -0.102448
0.080673    -0.229698    0.126061
0.110272    -0.214392    0.099204
-0.049471    -0.395926    0.140917
-0.034588    -0.336792    0.145855
-0.024884    -0.292627    0.147133
-0.083255    -0.302811    -0.124081
-0.074718    -0.30504    -0.13046
-0.143881    -0.284615    0.001888
-0.136113    -0.345772    0.061068
0.015003    -0.233609    -0.148434
-0.027598    -0.260945    -0.146776
0.139826    -0.186349    -0.022773
0.138707    -0.201185    0.031273
0.133922    -0.17914    -0.046708
0.122581    -0.200875    -0.072856
0.105794    -0.161983    -0.094733
0.128447    -0.202771    0.059926
0.048422    -0.201615    -0.133212
0.075523    -0.13866    -0.120536
0.071881    -0.263259    0.131635
0.041527    -0.26078    0.144209
-0.049253    -0.353871    0.137907
-0.124083    -0.34767    0.083252
-0.098225    -0.341408    0.112595
-0.131064    -0.285147    -0.058379
-0.128385    -0.308567    0.077644
-0.043169    -0.279991    -0.138993
-0.029903    -0.226248    -0.146472
0.139271    -0.151435    -0.026989
0.138722    -0.194302    0.031153
0.142908    -0.138754    -0.000131
0.129827    -0.17245    0.056593
0.12073    -0.146534    0.075269
0.060979    -0.14542    -0.128011
0.022554    -0.257855    0.14744
0.028159    -0.220031    0.146702
0.072818    -0.191287    0.122612
-0.059729    -0.316597    0.136668
-0.092654    -0.299411    0.11687
-0.128072    -0.2904    0.077325
-0.068262    -0.272503    -0.133134
0.000718    -0.159532    -0.142729
0.127724    -0.129408    -0.070831
0.106514    -0.144358    0.093795
0.105205    -0.154919    -0.09996
0.016721    -0.236753    0.148208
-0.002544    -0.24177    0.150074
0.095176    -0.168099    0.105454
0.064254    -0.143788    0.126655
-0.138178    -0.277759    -0.050972
-0.126839    -0.276341    0.078774
-0.037565    -0.214662    -0.144479
0.035322    -0.131251    -0.139849
0.132448    -0.118171    -0.069917
0.10835    -0.115515    -0.103755
0.117172    -0.129971    0.084738
0.076059    -0.125361    -0.129602
0.055207    -0.200442    0.130401
0.028968    -0.215611    0.146568
0.007145    -0.148205    0.141883
-0.058078    -0.257507    0.137352
-0.139191    -0.261103    -0.053638
-0.126128    -0.247185    -0.080587
-0.147778    -0.274375    0.019988
-0.097103    -0.252839    -0.113456
-0.132228    -0.263672    0.070448
-0.109592    -0.252797    0.102139
-0.017052    -0.152691    -0.140579
0.039537    -0.194405    -0.138782
0.147692    -0.114342    0.020641
0.14133    -0.096439    -0.048476
0.123255    -0.096735    -0.084331
0.139372    -0.17299    0.042223
0.063995    -0.113884    -0.1349
0.09387    -0.088349    -0.115935
0.013011    -0.144513    0.141111
-0.026414    -0.140444    0.139346
0.058061    -0.125835    0.136881
-0.081442    -0.245634    0.125473
-0.13315    -0.244883    -0.068222
-0.148644    -0.25104    0.013409
-0.108208    -0.244851    -0.103944
-0.142653    -0.24767    0.04528
-0.118737    -0.233806    0.09022
-0.09926    -0.26792    0.111801
-0.038651    -0.170365    -0.137259
0.019708    -0.110345    -0.147815
0.041213    -0.128561    -0.139186
0.147595    -0.082141    0.021376
0.13224    -0.063177    -0.065057
0.129562    -0.118004    0.076111
0.050693    -0.089263    -0.140412
0.109694    -0.214419    -0.098046
-0.031897    -0.171871    0.138624
0.066193    -0.081156    0.133991
0.078437    -0.111914    0.127777
-0.088204    -0.211227    -0.114722
-0.054998    -0.143626    -0.130488
0.000729    -0.078488    -0.150313
0.146103    -0.064867    -0.029929
0.132579    -0.115156    0.069602
0.109674    -0.108986    0.10203
0.056121    -0.064493    -0.137367
-0.041636    -0.184959    0.136023
-0.039131    -0.126053    0.144485
0.042301    -0.101159    0.143888
-0.097641    -0.211701    0.10808
-0.119017    -0.213696    0.086662
-0.099283    -0.2051    -0.102302
-0.046528    -0.086279    -0.142136
0.143405    -0.059935    -0.012645
0.092164    -0.056204    -0.109662
0.067441    -0.056991    -0.12611
-0.06746    -0.158922    0.125325
-0.021083    -0.112528    0.147633
0.079211    -0.059599    0.120089
-0.08261    -0.189169    0.115095
-0.139669    -0.204284    -0.023953
-0.122257    -0.157013    -0.07328
-0.123925    -0.181676    0.070847
-0.104817    -0.153645    0.096006
-0.09141    -0.150979    -0.108343
-0.032131    -0.182755    -0.142654
-0.065393    -0.097142    -0.134322
-0.031338    -0.064233    -0.145279
0.146081    -0.051001    -0.026646
0.098224    -0.172181    0.109341
-0.075082    -0.147257    0.120872
0.00918    -0.110636    0.149201
-0.008208    -0.073756    0.149328
0.036616    -0.057772    0.138068
-0.136033    -0.192871    -0.041607
-0.139232    -0.154978    -0.027271
-0.142447    -0.172739    0.002871
-0.14304    -0.194104    0.000334
-0.142191    -0.20248    0.004813
-0.119848    -0.140733    -0.076419
-0.130894    -0.144284    0.054017
-0.122556    -0.145745    0.072891
-0.123726    -0.17399    0.072138
-0.046655    -0.060451    -0.136912
0.134087    -0.038756    -0.065961
0.149695    -0.045141    -0.005421
0.120683    -0.036752    -0.087683
0.101121    -0.02598    -0.110371
0.008042    -0.055187    -0.144308
0.052965    -0.042753    -0.13947
-0.084176    -0.115328    0.123375
-0.070326    -0.098052    0.132279
-0.13816    -0.133494    -0.037604
-0.100812    -0.197497    -0.101817
-0.009107    -0.192744    -0.147179
0.149631    -0.02339    0.005912
0.131325    -0.050045    0.072628
0.109681    0.005569    -0.102021
0.14665    0.006995    -0.028551
0.076061    -0.025173    -0.129601
0.09822    -0.050855    0.111756
0.035499    -0.015384    -0.145736
0.043342    -0.026781    -0.143457
-0.102819    -0.115207    0.10907
0.007509    -0.052845    0.146741
-0.120009    -0.126264    -0.087131
-0.103308    -0.099895    -0.108695
-0.05566    -0.05672    -0.131283
0.148009    0.002485    0.018231
0.1303    -0.048145    0.075104
0.121869    -0.031196    0.086137
0.138772    -0.166593    0.054132
0.027157    -0.006454    -0.146834
-0.028625    -0.041243    -0.14664
0.117093    -0.155491    -0.092169
-0.035538    -0.052701    0.143195
0.051357    -0.047011    0.140137
0.034555    -0.028343    0.14586
-0.148148    -0.111337    -0.017179
-0.146669    -0.108261    0.028408
-0.118555    -0.121436    -0.090457
-0.125287    -0.16787    -0.070591
-0.122025    -0.120471    0.085933
-0.124428    -0.077694    -0.082802
-0.062834    -0.04738    -0.135382
0.14681    -0.136769    -0.023944
0.067559    0.01449    -0.128537
0.119728    0.009322    0.088927
0.090802    -0.002623    0.118289
0.093406    -0.213724    0.116
-0.03589    0.009961    -0.145684
-0.062489    -0.054649    0.130696
0.00077    0.003728    0.150308
-0.10468    -0.171028    0.100146
-0.148528    -0.077712    0.014294
-0.144869    -0.065645    0.03993
-0.130736    -0.072701    -0.074049
-0.13013    -0.123852    0.07537
-0.117093    -0.064364    -0.090942
-0.088095    -0.037825    -0.120368
-0.073566    -0.019074    -0.130937
0.126147    0.023027    -0.077293
0.075305    0.016381    0.122106
-0.118876    -0.06334    0.086934
-0.068166    -0.038132    0.133173
-0.016961    -0.001498    0.148176
-0.039146    -0.036084    0.145193
-0.146982    -0.12789    0.008502
-0.023202    -0.1768    -0.147058
-0.015567    -0.147518    -0.148048
0.127548    0.021914    -0.07364
0.004166    0.016978    0.142796
-0.04785    -0.148059    0.139755
-0.098923    -0.038414    0.11206
-0.015192    0.013601    0.144751
-0.125881    -0.058006    0.066903
-0.127326    -0.034405    -0.079025
-0.119831    0.006455    -0.088794
-0.045405    0.017484    -0.134473
0.137889    0.033517    -0.056783
0.146003    0.064042    -0.033471
0.102454    0.046786    -0.109348
0.049327    0.029756    -0.140977
0.036317    0.024149    0.144753
0.036185    0.047198    -0.145645
-0.112285    -0.035887    0.09863
-0.10889    -0.201154    0.098453
-0.131246    -0.134519    -0.066392
-0.141306    0.003014    -0.048531
-0.065374    0.017954    -0.126687
0.13917    0.029681    0.053689
0.122477    0.030234    0.085346
0.133442    0.077908    -0.067518
0.116476    0.061099    -0.093166
0.145937    0.083599    -0.033966
0.066214    0.080453    -0.133982
0.02235    0.024235    0.146678
0.013014    0.069566    -0.148696
-0.064872    -0.146243    0.132756
-0.116033    -0.000635    0.093745
-0.146016    -0.052244    -0.017617
-0.138129    -0.023985    -0.056202
-0.115209    0.014494    -0.087391
0.14588    0.074956    0.034402
0.113068    0.071472    0.097607
0.118482    0.085784    -0.089559
0.088093    0.058159    0.120368
0.061746    0.038268    0.135833
0.035708    0.027097    0.145708
-0.041479    0.027671    -0.144227
-0.061332    -0.203825    0.135473
-0.102533    0.016819    0.10009
-0.148737    -0.011311    -0.012709
-0.145484    -0.040909    0.037413
-0.093411    -0.141745    -0.115994
-0.139773    0.012043    -0.04683
-0.087908    0.050171    -0.120511
0.086321    0.075583    0.121728
0.144344    0.090492    -0.005358
0.071389    0.04515    0.131839
-0.029851    0.05802    0.146479
-0.020041    0.073593    0.14777
-0.064928    0.044312    -0.134514
-0.133071    0.008787    0.068413
-0.068629    0.036138    0.132982
-0.102021    0.072988    0.109683
-0.150367    -0.007635    0.000327
-0.135716    -0.134403    -0.060967
-0.125263    0.060308    -0.081714
-0.102065    0.03368    -0.109649
0.073864    0.088806    0.126716
0.051857    0.086538    0.138459
-0.039831    0.063443    0.14491
-0.056039    -0.191987    0.138122
-0.077196    0.072463    0.12873
-0.143323    0.016744    0.001965
-0.144116    0.057243    -0.041749
-0.115734    0.059417    -0.094135
-0.137152    0.084663    -0.058559
0.097366    0.097397    0.109694
0.01122    0.096104    -0.144781
-0.134962    0.017414    0.044403
-0.121895    0.04891    0.086103
-0.142508    0.019178    -0.015299
-0.146128    0.049159    -0.032516
-0.136688    0.087062    -0.054762
0.134347    0.130868    -0.065333
0.146712    0.131268    -0.028085
0.107878    0.147214    -0.104371
0.10614    0.108505    -0.10652
0.073359    0.141839    -0.131022
-0.005114    0.099523    -0.149032
-0.140688    0.037636    0.050025
-0.117158    -0.15281    0.092095
-0.148564    0.061586    0.014021
-0.082438    0.093536    -0.116284
0.14268    0.128829    0.045216
0.12449    0.129082    0.082721
0.082628    0.106278    0.124562
0.139242    0.152907    -0.053515
0.129712    0.147448    -0.075916
0.146179    0.155882    -0.032128
0.051182    0.127408    -0.140209
0.002262    0.153902    -0.150111
-0.002566    0.109176    -0.150071
-0.075262    0.094477    -0.122976
-0.144223    0.053347    0.041492
-0.091779    0.093779    0.109423
-0.145424    0.08791    0.016942
0.148191    0.156938    0.016847
0.136197    0.139785    0.060867
0.116403    0.129339    0.093261
0.072894    0.118141    0.131215
0.069319    0.106672    0.132696
0.145111    0.162466    -0.024306
-0.026992    0.118806    -0.146855
0.016001    0.109165    0.148302
-0.035733    0.135848    0.145704
-0.083087    0.124771    -0.12421
-0.054389    0.143901    -0.13888
-0.116498    0.098043    0.089559
-0.127716    0.109546    -0.078517
0.082864    0.163737    0.120157
0.137115    0.165035    -0.046504
-0.014552    0.141042    0.148493
-0.105884    0.144134    0.106719
-0.047234    0.122448    0.141843
-0.080646    0.130211    0.126083
-0.094163    0.12877    -0.115712
-0.119214    0.119633    0.089598
-0.14429    0.110162    -0.041328
-0.14903    0.12666    -0.010482
-0.111687    0.142671    -0.099409
0.143326    0.165696    0.013129
0.141407    0.17196    -0.039229
-0.018086    0.164375    0.144005
-0.136604    0.131156    0.059884
-0.128092    0.137153    0.078026
-0.147409    0.127221    0.022788
-0.146521    0.159065    -0.029531
-0.119284    0.16241    -0.086179
0.032885    0.173238    0.143872
-0.028067    0.169273    -0.140506
-0.143906    0.122132    0.042254
-0.146699    0.162873    0.009133
0.06266    0.173695    0.13358
0.139488    0.188681    -0.052922
0.113051    0.213238    -0.097628
0.096359    0.178612    -0.114025
0.053826    0.184749    -0.139114
0.030877    0.183633    -0.146344
-0.090938    0.168013    -0.108838
-0.126407    0.168116    -0.065397
0.139635    0.194425    0.052566
0.116732    0.186034    0.092832
0.075581    0.209821    0.129969
0.039567    0.219569    0.14502
0.001565    0.230878    0.150203
0.138618    0.227306    -0.055021
0.148962    0.208412    -0.010988
0.08825    0.229119    -0.120247
0.057296    0.224908    -0.137676
0.002873    0.191627    -0.150031
-0.040069    0.1767    -0.144811
-0.075031    0.173226    0.127618
-0.085174    0.197363    -0.122609
-0.146237    0.174573    -0.025149
0.138114    0.231467    0.056239
0.11934    0.230623    0.089433
0.096389    0.228812    0.114002
0.065877    0.197512    0.134122
0.037947    0.209263    0.145414
-0.023185    0.233786    0.147357
0.106748    0.241762    -0.101198
-0.037017    0.180171    -0.145535
-0.062848    0.210012    -0.135376
-0.063761    0.181711    0.134998
-0.123805    0.189171    0.083614
-0.128072    0.220209    -0.078053
-0.096874    0.206549    -0.113632
-0.142567    0.198378    -0.045488
-0.150298    0.229336    -0.000848
0.08553    0.23598    0.122109
-0.059325    0.220358    0.136835
0.060769    0.244498    -0.131822
-0.078235    0.231706    0.127933
-0.111411    0.233199    0.099769
-0.116616    0.219328    -0.092985
-0.100598    0.241602    -0.107302
-0.146872    0.195258    0.026866
-0.146775    0.193926    -0.027603
-0.147701    0.22125    0.02057
0.047479    0.24516    0.136998
0.138422    0.25108    -0.033281
-0.103309    0.238031    0.107284
-0.139882    0.208644    0.051969
0.144909    0.246106    0.004493
-0.023017    0.249136    0.140828
-0.031096    0.245706    -0.141624
-0.121532    0.248822    -0.076182
0.076475    0.2499    0.12058
0.12606    0.256074    -0.058397
0.013287    0.256405    -0.138052
-0.140295    0.247562    0.033549
0.011945    0.258031    0.137207
0.04202    0.260249    -0.130028
-0.139912    0.251457    -0.020414
0.06926    0.263503    0.115988
0.096462    0.270302    -0.086837
0.008039    0.265627    -0.132823
0.132948    0.266871    0.000273
-0.075486    0.267255    0.107921
-0.043623    0.265107    -0.126006
-0.126673    0.263925    0.044134
-0.019997    0.27017    0.12797
0.052141    0.276457    -0.113323
-0.127232    0.272229    -0.014324
0.060638    0.280282    0.106419
0.076317    0.278476    -0.096478
-0.04528    0.280478    -0.112607
0.07663    0.280326    0.094331
0.098406    0.282727    -0.067879
-0.112339    0.277209    -0.052911
0.073995    0.283606    0.092683
0.092467    0.288273    -0.067152
-0.105904    0.282067    -0.057917
0.05097    0.28909    0.101715
0.040706    0.290448    -0.10447
-0.113282    0.288865    0.010537
-0.000325    0.291628    0.111762
-0.064873    0.290091    -0.09199
0.107256    0.294834    0.008572
0.091125    0.298996    -0.048527
-0.098626    0.29432    -0.044114
0.046897    0.298157    0.092894
0.098598    0.302975    -0.00166
0.102927    0.299284    0.002805
0.078414    0.304598    -0.055341
-0.098098    0.303317    0.002328
-0.031207    0.306747    0.087678
-0.041207    0.306088    -0.084515
0.006827    0.308589    0.090297
-0.081968    0.305836    -0.047911
0.04232    0.314628    0.069916
-0.05503    0.311708    -0.065971
0.050274    0.313977    0.065107
-0.069335    0.313491    -0.046022
0.035596    0.316087    0.070682
-0.035336    0.31854    -0.065935
-0.045359    0.319219    0.057456
-0.070065    0.319715    0.019754
0.015729    0.324911    -0.060092
0.013814    0.322382    0.065818
0.030402    0.325835    -0.033313
0.009911    0.325835    -0.055259
0.036429    0.325835    -0.01105
-0.048619    0.325291    0.036537
-0.009615    0.325835    0.029041
0.048796    0.344818    0.034393
-0.012885    0.328894    0.058468
-0.044207    0.325835    -0.031961
0.054144    0.347452    -0.025157
0.010178    0.325835    -0.014941
0.010057    0.325835    0.002868
-0.02763    0.350261    -0.053119
0.017999    0.325835    0.019246
0.058155    0.33203    0.015243
-0.006338    0.350216    0.05933
0.038122    0.355917    -0.033221
0.033802    0.355917    -0.002242
-0.043283    0.340746    -0.041576
-0.035022    0.355917    0.015515
-0.009514    0.355917    0.026955
0.044225    0.355917    0.046844
-0.027253    0.355917    -0.039161
0.046401    0.355917    -0.040664
-0.005462    0.355917    -0.010474
0.000753    0.355917    -0.063075
-0.025995    0.355917    0.041447
0.052567    0.359678    -0.029433
0.041076    0.359678    0.046061
0.006174    0.355917    -0.0656
-0.056127    0.359678    0.03588
0.037736    0.36359    -0.046228
0.033813    0.370221    0.049239
0.007572    0.3736    -0.059167
-0.044418    0.365945    0.040097
-0.032391    0.373036    0.050331
0.027119    0.37848    -0.038321
0.02587    0.383283    -0.053847
0.00199    0.37848    -0.005295
0.000171    0.37848    -0.056825
-0.017513    0.37848    0.012886
0.057314    0.387034    0.0175
0.032754    0.405142    0.050052
-0.027533    0.385855    0.053159
0.006303    0.37848    -0.033078
0.047169    0.400741    -0.036512
-0.057145    0.37848    -0.010024
-0.044207    0.37848    0.006266
-0.056308    0.400493    -0.019928
-0.008945    0.37848    0.022486
-0.042811    0.37848    0.041653
0.040516    0.412974    0.044095
-0.032174    0.402669    0.050498
0.004872    0.41608    -0.039125
0.043465    0.41608    -0.005748
-0.059695    0.400573    0.003557
0.057612    0.41608    0.005642
-0.013416    0.41608    0.034669
-0.023675    0.41608    -0.037681
-0.009377    0.41608    -0.024414
-0.027274    0.41608    0.005851
0.001851    0.41608    0.022166
